0.002059 -0.001855 -0.000710 34
0.002058 -0.001854 -0.000690 33


0.002058 -0.001854 -0.000690 33
0.001942 -0.001908 -0.000690 32


0.000073 -0.001855 -0.000710 16
0.000071 -0.001858 -0.000729 15


0.000190 -0.001908 -0.000690 18
0.000073 -0.001854 -0.000690 17


0.000073 -0.001854 -0.000690 17
0.000073 -0.001855 -0.000710 16


0.000051 -0.001894 -0.000817 10
0.000044 -0.001905 -0.000832 9


0.000037 -0.001918 -0.000845 8
0.000029 -0.001932 -0.000857 7


0.000044 -0.001905 -0.000832 9
0.000037 -0.001918 -0.000845 8


0.000069 -0.001862 -0.000748 14
0.000066 -0.001868 -0.000767 13


0.000071 -0.001858 -0.000729 15
0.000069 -0.001862 -0.000748 14


0.000066 -0.001868 -0.000767 13
0.000061 -0.001875 -0.000785 12


-0.000017 -0.002011 -0.000889 2
-0.000027 -0.002028 -0.000890 1


-0.000027 -0.002028 -0.000890 1
0.000116 -0.002094 -0.000890 68


-0.000007 -0.001994 -0.000887 3
-0.000017 -0.002011 -0.000889 2


0.002095 -0.001918 -0.000845 42
0.002088 -0.001905 -0.000832 41


0.002103 -0.001932 -0.000857 43
0.002095 -0.001918 -0.000845 42


0.002149 -0.002011 -0.000889 48
0.002139 -0.001994 -0.000887 47


0.001994 -0.002103 -0.000890 50
0.002159 -0.002028 -0.000890 49


0.002159 -0.002028 -0.000890 49
0.002149 -0.002011 -0.000889 48


0.002130 -0.001978 -0.000882 46
0.002120 -0.001962 -0.000875 45


0.002139 -0.001994 -0.000887 47
0.002130 -0.001978 -0.000882 46


0.000011 -0.001962 -0.000875 5
0.000002 -0.001977 -0.000882 4


0.000002 -0.001977 -0.000882 4
-0.000007 -0.001994 -0.000887 3


0.002111 -0.001946 -0.000867 44
0.002103 -0.001932 -0.000857 43


0.002120 -0.001962 -0.000875 45
0.002111 -0.001946 -0.000867 44


0.002088 -0.001905 -0.000832 41
0.002081 -0.001894 -0.000818 40


0.000750 -0.002265 -0.000890 57
0.000930 -0.002281 -0.000890 56


0.002081 -0.001894 -0.000818 40
0.002075 -0.001884 -0.000802 39


0.000310 -0.001954 -0.000690 19
0.000190 -0.001908 -0.000690 18


0.000413 -0.002197 -0.000890 66
0.000566 -0.002234 -0.000890 65


0.000056 -0.001884 -0.000802 11
0.000051 -0.001894 -0.000817 10


0.001575 -0.002027 -0.000690 29
0.001449 -0.002052 -0.000690 28


0.001649 -0.002215 -0.000890 52
0.001824 -0.002165 -0.000890 51


0.001824 -0.002165 -0.000890 51
0.001994 -0.002103 -0.000890 50


0.000029 -0.001932 -0.000857 7
0.000020 -0.001946 -0.000867 6


0.000020 -0.001946 -0.000867 6
0.000011 -0.001962 -0.000875 5


0.001449 -0.002052 -0.000690 28
0.001322 -0.002071 -0.000690 27


0.000809 -0.002071 -0.000690 23
0.000682 -0.002052 -0.000690 22


0.000708 -0.002240 -0.000890 59
0.000730 -0.002251 -0.000890 58


0.001822 -0.001954 -0.000690 31
0.001700 -0.001994 -0.000690 30


0.000116 -0.002094 -0.000890 68
0.000263 -0.002150 -0.000890 67


0.002070 -0.001875 -0.000785 38
0.002066 -0.001868 -0.000767 37


0.000937 -0.002082 -0.000690 24
0.000809 -0.002071 -0.000690 23


0.002075 -0.001884 -0.000802 39
0.002070 -0.001875 -0.000785 38


0.001066 -0.002085 -0.000690 25
0.000937 -0.002082 -0.000690 24


0.000556 -0.002027 -0.000690 21
0.000432 -0.001994 -0.000690 20


0.000685 -0.002232 -0.000889 60
0.000708 -0.002240 -0.000890 59


0.000662 -0.002226 -0.000889 61
0.000685 -0.002232 -0.000889 60


0.000638 -0.002224 -0.000889 62
0.000662 -0.002226 -0.000889 61


0.000613 -0.002224 -0.000890 63
0.000638 -0.002224 -0.000889 62


0.001472 -0.002251 -0.000890 53
0.001649 -0.002215 -0.000890 52


0.001112 -0.002285 -0.000890 55
0.001292 -0.002275 -0.000890 54


0.000432 -0.001994 -0.000690 20
0.000310 -0.001954 -0.000690 19


0.000263 -0.002150 -0.000890 67
0.000413 -0.002197 -0.000890 66


0.001322 -0.002071 -0.000690 27
0.001194 -0.002082 -0.000690 26


0.001942 -0.001908 -0.000690 32
0.001822 -0.001954 -0.000690 31


0.002066 -0.001868 -0.000767 37
0.002063 -0.001862 -0.000749 36


0.002063 -0.001862 -0.000749 36
0.002060 -0.001858 -0.000730 35


0.000589 -0.002227 -0.000890 64
0.000613 -0.002224 -0.000890 63


0.002060 -0.001858 -0.000730 35
0.002059 -0.001855 -0.000710 34


0.001194 -0.002082 -0.000690 26
0.001066 -0.002085 -0.000690 25


0.000730 -0.002251 -0.000890 58
0.000750 -0.002265 -0.000890 57


0.001292 -0.002275 -0.000890 54
0.001472 -0.002251 -0.000890 53


0.000566 -0.002234 -0.000890 65
0.000589 -0.002227 -0.000890 64


0.000682 -0.002052 -0.000690 22
0.000556 -0.002027 -0.000690 21


0.000930 -0.002281 -0.000890 56
0.001112 -0.002285 -0.000890 55


0.001700 -0.001994 -0.000690 30
0.001575 -0.002027 -0.000690 29


0.000061 -0.001875 -0.000785 12
0.000056 -0.001884 -0.000802 11


