0.000761 0.002903 -0.001265 291
0.000751 0.002911 -0.001265 292


0.000751 0.002911 -0.001265 292
0.000740 0.002919 -0.001265 293


0.000566 0.003123 -0.001265 677
0.000696 0.003142 -0.001265 678


0.000826 0.003155 -0.001265 679
0.000957 0.003163 -0.001265 680


-0.002458 -0.002280 -0.001265 598
-0.002565 -0.002254 -0.001265 599


0.000740 0.002919 -0.001265 293
0.000728 0.002926 -0.001265 294


0.000728 0.002926 -0.001265 294
0.000716 0.002933 -0.001265 295


0.000716 0.002933 -0.001265 295
0.000704 0.002938 -0.001265 296


0.000704 0.002938 -0.001265 296
0.000691 0.002943 -0.001265 297


0.000796 0.002862 -0.001265 287
0.000789 0.002873 -0.001265 288


0.000789 0.002873 -0.001265 288
0.000780 0.002883 -0.001265 289


0.000809 0.002838 -0.001265 285
0.000803 0.002850 -0.001265 286


0.000803 0.002850 -0.001265 286
0.000796 0.002862 -0.001265 287


0.000780 0.002883 -0.001265 289
0.000771 0.002893 -0.001265 290


0.000771 0.002893 -0.001265 290
0.000761 0.002903 -0.001265 291


-0.002430 -0.002072 -0.001265 15
-0.002420 -0.002081 -0.001265 16


-0.002420 -0.002081 -0.001265 16
-0.002409 -0.002090 -0.001265 17


-0.002448 -0.002051 -0.001265 13
-0.002439 -0.002062 -0.001265 14


-0.002439 -0.002062 -0.001265 14
-0.002430 -0.002072 -0.001265 15


-0.002483 -0.001978 -0.001265 7
-0.002479 -0.001991 -0.001265 8


-0.002479 -0.001991 -0.001265 8
-0.002474 -0.002004 -0.001265 9


-0.002565 -0.002254 -0.001265 599
-0.002671 -0.002224 -0.001265 600


-0.002775 -0.002190 -0.001265 601
-0.002877 -0.002151 -0.001265 602


-0.002488 -0.001924 -0.001265 3
-0.002488 -0.001938 -0.001265 4


-0.002488 -0.001938 -0.001265 4
-0.002487 -0.001951 -0.001265 5


-0.002463 -0.002029 -0.001265 11
-0.002455 -0.002040 -0.001265 12


-0.002455 -0.002040 -0.001265 12
-0.002448 -0.002051 -0.001265 13


-0.002671 -0.002224 -0.001265 600
-0.002775 -0.002190 -0.001265 601


-0.002474 -0.002004 -0.001265 9
-0.002469 -0.002017 -0.001265 10


-0.002469 -0.002017 -0.001265 10
-0.002463 -0.002029 -0.001265 11


-0.002148 0.002402 -0.001265 211
-0.002159 0.002413 -0.001265 212


-0.002159 0.002413 -0.001265 212
-0.002171 0.002422 -0.001265 213


-0.002198 0.002438 -0.001265 215
-0.002212 0.002445 -0.001265 216


-0.002212 0.002445 -0.001265 216
-0.002226 0.002450 -0.001265 217


-0.002171 0.002422 -0.001265 213
-0.002184 0.002431 -0.001265 214


-0.002184 0.002431 -0.001265 214
-0.002198 0.002438 -0.001265 215


-0.002351 0.002630 -0.001265 661
-0.002169 0.002661 -0.001265 662


-0.004008 -0.000701 -0.001265 67
-0.004015 -0.000715 -0.001265 68


-0.004015 -0.000715 -0.001265 68
-0.004020 -0.000730 -0.001265 69


-0.004020 -0.000730 -0.001265 69
-0.004025 -0.000744 -0.001265 70


-0.004025 -0.000744 -0.001265 70
-0.004028 -0.000760 -0.001265 71


-0.004028 -0.000760 -0.001265 71
-0.004030 -0.000775 -0.001265 72


-0.004030 -0.000775 -0.001265 72
-0.004031 -0.000791 -0.001265 73


-0.004317 -0.000591 -0.001265 622
-0.004348 -0.000485 -0.001265 623


-0.004282 -0.000694 -0.001265 621
-0.004317 -0.000591 -0.001265 622


-0.003846 0.001322 -0.001265 138
-0.003862 0.001321 -0.001265 139


-0.004096 0.001421 -0.001265 641
-0.004039 0.001514 -0.001265 642


-0.003907 0.001308 -0.001265 142
-0.003921 0.001302 -0.001265 143


-0.003862 0.001321 -0.001265 139
-0.003877 0.001318 -0.001265 140


-0.003877 0.001318 -0.001265 140
-0.003892 0.001313 -0.001265 141


-0.003892 0.001313 -0.001265 141
-0.003907 0.001308 -0.001265 142


-0.003921 0.001302 -0.001265 143
-0.003934 0.001294 -0.001265 144


-0.003934 0.001294 -0.001265 144
-0.003947 0.001286 -0.001265 145


-0.003678 0.001252 -0.001265 198
-0.003689 0.001264 -0.001265 199


-0.003669 0.001240 -0.001265 197
-0.003678 0.001252 -0.001265 198


-0.003978 0.001605 -0.001265 643
-0.003912 0.001693 -0.001265 644


-0.003646 0.001199 -0.001265 194
-0.003652 0.001213 -0.001265 195


-0.003640 0.001184 -0.001265 193
-0.003646 0.001199 -0.001265 194


-0.003641 0.001060 -0.001265 185
-0.003637 0.001075 -0.001265 186


-0.003330 0.001135 -0.001265 771
-0.003387 0.001048 -0.001265 772


-0.003670 0.001004 -0.001265 181
-0.003661 0.001017 -0.001265 182


-0.003661 0.001017 -0.001265 182
-0.003653 0.001031 -0.001265 183


-0.003653 0.001031 -0.001265 183
-0.003647 0.001045 -0.001265 184


-0.003647 0.001045 -0.001265 184
-0.003641 0.001060 -0.001265 185


-0.003632 0.001106 -0.001265 188
-0.003631 0.001122 -0.001265 189


-0.003633 0.001091 -0.001265 187
-0.003632 0.001106 -0.001265 188


-0.003636 0.001169 -0.001265 192
-0.003640 0.001184 -0.001265 193


-0.003269 0.001218 -0.001265 770
-0.003330 0.001135 -0.001265 771


-0.003633 0.001153 -0.001265 191
-0.003636 0.001169 -0.001265 192


-0.003715 0.000960 -0.001265 177
-0.003702 0.000970 -0.001265 178


-0.003702 0.000970 -0.001265 178
-0.003690 0.000981 -0.001265 179


-0.003631 0.001122 -0.001265 189
-0.003631 0.001138 -0.001265 190


-0.003631 0.001138 -0.001265 190
-0.003633 0.001153 -0.001265 191


-0.003387 0.001048 -0.001265 772
-0.003438 0.000958 -0.001265 773


-0.003637 0.001075 -0.001265 186
-0.003633 0.001091 -0.001265 187


-0.003690 0.000981 -0.001265 179
-0.003680 0.000992 -0.001265 180


-0.003483 0.000866 -0.001265 774
-0.003523 0.000770 -0.001265 775


-0.003680 0.000992 -0.001265 180
-0.003670 0.001004 -0.001265 181


-0.003438 0.000958 -0.001265 773
-0.003483 0.000866 -0.001265 774


-0.003726 0.001293 -0.001265 202
-0.003740 0.001301 -0.001265 203


-0.003713 0.001285 -0.001265 201
-0.003726 0.001293 -0.001265 202


-0.003799 0.001320 -0.001265 207
-0.003815 0.001322 -0.001265 208


-0.003815 0.001322 -0.001265 208
-0.003831 0.001323 -0.001265 137


-0.003831 0.001323 -0.001265 137
-0.003846 0.001322 -0.001265 138


-0.003652 0.001213 -0.001265 195
-0.003660 0.001227 -0.001265 196


-0.003660 0.001227 -0.001265 196
-0.003669 0.001240 -0.001265 197


-0.003860 -0.000596 -0.001265 127
-0.003876 -0.000599 -0.001265 128


-0.003876 -0.000599 -0.001265 128
-0.003891 -0.000603 -0.001265 129


-0.003652 -0.000705 -0.001265 111
-0.003659 -0.000691 -0.001265 112


-0.003523 -0.000441 -0.001265 787
-0.003483 -0.000536 -0.001265 788


-0.003992 -0.000675 -0.001265 65
-0.004001 -0.000688 -0.001265 66


-0.004001 -0.000688 -0.001265 66
-0.004008 -0.000701 -0.001265 67


-0.003711 -0.000633 -0.001265 117
-0.003724 -0.000624 -0.001265 118


-0.003688 -0.000654 -0.001265 115
-0.003699 -0.000643 -0.001265 116


-0.003699 -0.000643 -0.001265 116
-0.003711 -0.000633 -0.001265 117


-0.003971 -0.000651 -0.001265 135
-0.003982 -0.000662 -0.001265 136


-0.003982 -0.000662 -0.001265 136
-0.003992 -0.000675 -0.001265 65


-0.003767 -0.000604 -0.001265 121
-0.003782 -0.000599 -0.001265 122


-0.003829 -0.000593 -0.001265 125
-0.003845 -0.000594 -0.001265 126


-0.003845 -0.000594 -0.001265 126
-0.003860 -0.000596 -0.001265 127


-0.004396 -0.000272 -0.001265 625
-0.004413 -0.000163 -0.001265 626


-0.003387 -0.000719 -0.001265 790
-0.003330 -0.000805 -0.001265 791


-0.003438 -0.000629 -0.001265 789
-0.003387 -0.000719 -0.001265 790


-0.003631 -0.000781 -0.001265 106
-0.003633 -0.000765 -0.001265 107


-0.004374 -0.000379 -0.001265 624
-0.004396 -0.000272 -0.001265 625


-0.004348 -0.000485 -0.001265 623
-0.004374 -0.000379 -0.001265 624


-0.003947 -0.000631 -0.001265 133
-0.003960 -0.000640 -0.001265 134


-0.003960 -0.000640 -0.001265 134
-0.003971 -0.000651 -0.001265 135


-0.003633 -0.000765 -0.001265 107
-0.003636 -0.000749 -0.001265 108


-0.003636 -0.000749 -0.001265 108
-0.003640 -0.000734 -0.001265 109


-0.003640 -0.000734 -0.001265 109
-0.003645 -0.000719 -0.001265 110


-0.003645 -0.000719 -0.001265 110
-0.003652 -0.000705 -0.001265 111


-0.003752 -0.000609 -0.001265 120
-0.003767 -0.000604 -0.001265 121


-0.003738 -0.000616 -0.001265 119
-0.003752 -0.000609 -0.001265 120


-0.003724 -0.000624 -0.001265 118
-0.003738 -0.000616 -0.001265 119


-0.003668 -0.000678 -0.001265 113
-0.003677 -0.000665 -0.001265 114


-0.003677 -0.000665 -0.001265 114
-0.003688 -0.000654 -0.001265 115


-0.003483 -0.000536 -0.001265 788
-0.003438 -0.000629 -0.001265 789


-0.003659 -0.000691 -0.001265 112
-0.003668 -0.000678 -0.001265 113


-0.001804 0.002722 -0.001265 664
-0.001622 0.002753 -0.001265 665


-0.001986 0.002691 -0.001265 663
-0.001804 0.002722 -0.001265 664


-0.002127 0.002379 -0.001265 209
-0.002137 0.002391 -0.001265 210


-0.002137 0.002391 -0.001265 210
-0.002148 0.002402 -0.001265 211


-0.002094 0.002308 -0.001265 276
-0.002098 0.002323 -0.001265 277


-0.002136 0.002131 -0.001265 264
-0.002126 0.002143 -0.001265 265


-0.002147 0.002119 -0.001265 263
-0.002136 0.002131 -0.001265 264


-0.002091 0.002230 -0.001265 271
-0.002089 0.002245 -0.001265 272


-0.002089 0.002245 -0.001265 272
-0.002088 0.002261 -0.001265 273


-0.002197 0.002082 -0.001265 259
-0.002183 0.002090 -0.001265 260


-0.001921 0.001865 -0.001265 755
-0.002024 0.001862 -0.001265 756


-0.002320 0.002063 -0.001265 251
-0.002304 0.002061 -0.001265 252


-0.002304 0.002061 -0.001265 252
-0.002288 0.002060 -0.001265 253


-0.002226 0.002070 -0.001265 257
-0.002211 0.002075 -0.001265 258


-0.002211 0.002075 -0.001265 258
-0.002197 0.002082 -0.001265 259


-0.002110 0.002170 -0.001265 267
-0.002103 0.002184 -0.001265 268


-0.002117 0.002156 -0.001265 266
-0.002110 0.002170 -0.001265 267


-0.002126 0.002143 -0.001265 265
-0.002117 0.002156 -0.001265 266


-0.002288 0.002060 -0.001265 253
-0.002272 0.002061 -0.001265 254


-0.002335 0.002066 -0.001265 250
-0.002320 0.002063 -0.001265 251


-0.002158 0.002108 -0.001265 262
-0.002147 0.002119 -0.001265 263


-0.002170 0.002099 -0.001265 261
-0.002158 0.002108 -0.001265 262


-0.002024 0.001862 -0.001265 756
-0.002127 0.001854 -0.001265 757


-0.002183 0.002090 -0.001265 260
-0.002170 0.002099 -0.001265 261


-0.002257 0.002063 -0.001265 255
-0.002241 0.002066 -0.001265 256


-0.002241 0.002066 -0.001265 256
-0.002226 0.002070 -0.001265 257


-0.002272 0.002061 -0.001265 254
-0.002257 0.002063 -0.001265 255


-0.002127 0.001854 -0.001265 757
-0.002229 0.001839 -0.001265 758


-0.004242 -0.000797 -0.001265 620
-0.004282 -0.000694 -0.001265 621


-0.002098 0.002323 -0.001265 277
-0.002104 0.002338 -0.001265 278


-0.002104 0.002338 -0.001265 278
-0.002111 0.002352 -0.001265 279


-0.002088 0.002261 -0.001265 273
-0.002089 0.002277 -0.001265 274


-0.002089 0.002277 -0.001265 274
-0.002091 0.002292 -0.001265 275


0.000429 -0.002407 -0.001265 543
0.000428 -0.002424 -0.001265 544


0.000439 -0.002488 -0.001265 548
0.000445 -0.002504 -0.001265 481


0.000452 -0.002329 -0.001265 538
0.000445 -0.002343 -0.001265 539


0.000461 -0.002314 -0.001265 537
0.000452 -0.002329 -0.001265 538


0.000660 -0.002226 -0.001265 523
0.000644 -0.002224 -0.001265 524


0.000644 -0.002224 -0.001265 524
0.000627 -0.002224 -0.001265 525


0.000492 -0.002277 -0.001265 534
0.000481 -0.002288 -0.001265 535


0.000505 -0.002266 -0.001265 533
0.000492 -0.002277 -0.001265 534


0.000481 -0.002288 -0.001265 535
0.000470 -0.002301 -0.001265 536


0.000470 -0.002301 -0.001265 536
0.000461 -0.002314 -0.001265 537


0.000518 -0.002256 -0.001265 532
0.000505 -0.002266 -0.001265 533


0.000533 -0.002248 -0.001265 531
0.000518 -0.002256 -0.001265 532


0.000387 -0.001928 -0.001265 826
0.000534 -0.001970 -0.001265 827


0.000201 -0.002732 -0.001265 583
0.000019 -0.002701 -0.001265 584


0.000595 -0.002226 -0.001265 527
0.000578 -0.002230 -0.001265 528


0.000578 -0.002230 -0.001265 528
0.000563 -0.002235 -0.001265 529


0.000627 -0.002224 -0.001265 525
0.000611 -0.002224 -0.001265 526


0.000611 -0.002224 -0.001265 526
0.000595 -0.002226 -0.001265 527


0.000563 -0.002235 -0.001265 529
0.000547 -0.002241 -0.001265 530


0.000547 -0.002241 -0.001265 530
0.000533 -0.002248 -0.001265 531


0.000692 -0.002234 -0.001265 521
0.000676 -0.002229 -0.001265 522


0.000676 -0.002229 -0.001265 522
0.000660 -0.002226 -0.001265 523


0.000534 -0.001970 -0.001265 827
0.000684 -0.002002 -0.001265 828


0.000722 -0.002247 -0.001265 519
0.000707 -0.002240 -0.001265 520


0.000707 -0.002240 -0.001265 520
0.000692 -0.002234 -0.001265 521


0.000750 -0.002265 -0.001265 517
0.000737 -0.002255 -0.001265 518


0.000737 -0.002255 -0.001265 518
0.000722 -0.002247 -0.001265 519


0.000431 -0.002391 -0.001265 542
0.000429 -0.002407 -0.001265 543


0.000434 -0.002375 -0.001265 541
0.000431 -0.002391 -0.001265 542


0.000434 -0.002472 -0.001265 547
0.000439 -0.002488 -0.001265 548


0.000019 -0.002701 -0.001265 584
-0.000163 -0.002670 -0.001265 585


0.002932 -0.001001 -0.001265 845
0.003008 -0.000868 -0.001265 846


0.003127 -0.001420 -0.001265 472
0.003140 -0.001431 -0.001265 473


0.003116 -0.001408 -0.001265 471
0.003127 -0.001420 -0.001265 472


0.003114 -0.001138 -0.001265 453
0.003104 -0.001151 -0.001265 454


0.003104 -0.001151 -0.001265 454
0.003094 -0.001164 -0.001265 455


0.003138 -0.001116 -0.001265 451
0.003126 -0.001126 -0.001265 452


0.003126 -0.001126 -0.001265 452
0.003114 -0.001138 -0.001265 453


0.003068 -0.001225 -0.001265 459
0.003065 -0.001241 -0.001265 460


0.003065 -0.001241 -0.001265 460
0.003063 -0.001257 -0.001265 461


0.003094 -0.001164 -0.001265 455
0.003086 -0.001179 -0.001265 456


0.003198 -0.001462 -0.001265 477
0.003213 -0.001466 -0.001265 478


0.003213 -0.001466 -0.001265 478
0.003230 -0.001470 -0.001265 479


0.003063 -0.001257 -0.001265 461
0.003062 -0.001274 -0.001265 462


0.003080 -0.001354 -0.001265 467
0.003087 -0.001368 -0.001265 468


0.003087 -0.001368 -0.001265 468
0.003095 -0.001382 -0.001265 469


0.003065 -0.001306 -0.001265 464
0.003069 -0.001322 -0.001265 465


0.003063 -0.001290 -0.001265 463
0.003065 -0.001306 -0.001265 464


0.003074 -0.001338 -0.001265 466
0.003080 -0.001354 -0.001265 467


0.003069 -0.001322 -0.001265 465
0.003074 -0.001338 -0.001265 466


0.003246 -0.001472 -0.001265 480
0.003262 -0.001473 -0.001265 413


0.003230 -0.001470 -0.001265 479
0.003246 -0.001472 -0.001265 480


0.003381 -0.001744 -0.001265 557
0.003295 -0.001843 -0.001265 558


0.003105 -0.001396 -0.001265 470
0.003116 -0.001408 -0.001265 471


0.003095 -0.001382 -0.001265 469
0.003105 -0.001396 -0.001265 470


0.003062 -0.001274 -0.001265 462
0.003063 -0.001290 -0.001265 463


0.003205 -0.001938 -0.001265 559
0.003111 -0.002030 -0.001265 560


0.003073 -0.001209 -0.001265 458
0.003068 -0.001225 -0.001265 459


0.003079 -0.001193 -0.001265 457
0.003073 -0.001209 -0.001265 458


0.003086 -0.001179 -0.001265 456
0.003079 -0.001193 -0.001265 457


0.002751 -0.001249 -0.001265 843
0.002846 -0.001128 -0.001265 844


0.003096 0.001491 -0.001265 387
0.003106 0.001478 -0.001265 388


0.003106 0.001478 -0.001265 388
0.003116 0.001465 -0.001265 389


0.003430 0.001493 -0.001265 411
0.003438 0.001507 -0.001265 412


0.003231 0.001405 -0.001265 397
0.003247 0.001403 -0.001265 398


0.002932 0.001330 -0.001265 861
0.002846 0.001458 -0.001265 862


0.003080 0.001520 -0.001265 385
0.003087 0.001505 -0.001265 386


0.003087 0.001505 -0.001265 386
0.003096 0.001491 -0.001265 387


0.003328 0.001413 -0.001265 403
0.003343 0.001419 -0.001265 404


0.003343 0.001419 -0.001265 404
0.003358 0.001426 -0.001265 405


0.003214 0.001408 -0.001265 396
0.003231 0.001405 -0.001265 397


0.002846 0.001458 -0.001265 862
0.002751 0.001579 -0.001265 863


0.003199 0.001412 -0.001265 395
0.003214 0.001408 -0.001265 396


0.003183 0.001418 -0.001265 394
0.003199 0.001412 -0.001265 395


0.003168 0.001425 -0.001265 393
0.003183 0.001418 -0.001265 394


0.003796 0.001408 -0.001265 707
0.003848 0.001287 -0.001265 708


0.003739 0.001526 -0.001265 706
0.003796 0.001408 -0.001265 707


0.003438 0.001507 -0.001265 412
0.003446 0.001522 -0.001265 345


0.003116 0.001465 -0.001265 389
0.003128 0.001454 -0.001265 390


0.003128 0.001454 -0.001265 390
0.003141 0.001443 -0.001265 391


0.003154 0.001434 -0.001265 392
0.003168 0.001425 -0.001265 393


0.003141 0.001443 -0.001265 391
0.003154 0.001434 -0.001265 392


0.003063 0.001584 -0.001265 381
0.003065 0.001567 -0.001265 382


0.003065 0.001567 -0.001265 382
0.003069 0.001551 -0.001265 383


0.003069 0.001551 -0.001265 383
0.003074 0.001535 -0.001265 384


0.003074 0.001535 -0.001265 384
0.003080 0.001520 -0.001265 385


0.003358 0.001426 -0.001265 405
0.003372 0.001435 -0.001265 406


0.003372 0.001435 -0.001265 406
0.003386 0.001445 -0.001265 407


0.003283 0.001801 -0.001265 363
0.003263 0.001802 -0.001265 364


0.003295 0.002172 -0.001265 700
0.003381 0.002073 -0.001265 701


0.003133 -0.000588 -0.001265 848
0.003181 -0.000442 -0.001265 849


-0.002623 0.001719 -0.001265 762
-0.002716 0.001674 -0.001265 763


0.003336 -0.001087 -0.001265 440
0.003318 -0.001080 -0.001265 441


0.003354 -0.001095 -0.001265 439
0.003336 -0.001087 -0.001265 440


0.003359 -0.001448 -0.001265 417
0.003376 -0.001437 -0.001265 418


0.003376 -0.001437 -0.001265 418
0.003391 -0.001425 -0.001265 419


0.000728 -0.002597 -0.001265 497
0.000745 -0.002586 -0.001265 498


0.000957 -0.002833 -0.001265 578
0.000826 -0.002826 -0.001265 579


0.003358 0.001778 -0.001265 359
0.003340 0.001786 -0.001265 360


0.003340 0.001786 -0.001265 360
0.003321 0.001793 -0.001265 361


0.003321 0.001793 -0.001265 361
0.003302 0.001798 -0.001265 362


0.003302 0.001798 -0.001265 362
0.003283 0.001801 -0.001265 363


-0.003748 0.000941 -0.001265 175
-0.003731 0.000950 -0.001265 176


-0.003731 0.000950 -0.001265 176
-0.003715 0.000960 -0.001265 177


0.003453 -0.001212 -0.001265 431
0.003446 -0.001193 -0.001265 432


0.003848 -0.000958 -0.001265 550
0.003796 -0.001078 -0.001265 551


0.000446 0.002834 -0.001265 312
0.000438 0.002816 -0.001265 313


0.000454 0.002852 -0.001265 311
0.000446 0.002834 -0.001265 312


-0.002339 -0.002124 -0.001265 21
-0.002320 -0.002128 -0.001265 22


-0.002320 -0.002128 -0.001265 22
-0.002300 -0.002130 -0.001265 23


-0.004004 0.001023 -0.001265 160
-0.003994 0.001007 -0.001265 161


-0.004013 0.001041 -0.001265 159
-0.004004 0.001023 -0.001265 160


-0.003873 -0.000989 -0.001265 87
-0.003853 -0.000992 -0.001265 88


-0.003912 -0.001364 -0.001265 614
-0.003978 -0.001276 -0.001265 615


-0.002343 0.002453 -0.001265 223
-0.002361 0.002446 -0.001265 224


-0.002458 0.002609 -0.001265 660
-0.002351 0.002630 -0.001265 661


-0.003947 0.001286 -0.001265 145
-0.003963 0.001273 -0.001265 146


-0.003963 0.001273 -0.001265 146
-0.003977 0.001260 -0.001265 147


0.003066 0.001642 -0.001265 378
0.003063 0.001623 -0.001265 379


0.003063 0.001623 -0.001265 379
0.003062 0.001603 -0.001265 380


0.003062 0.001603 -0.001265 380
0.003063 0.001584 -0.001265 381


-0.004028 0.001156 -0.001265 153
-0.004030 0.001136 -0.001265 154


-0.004282 0.001024 -0.001265 637
-0.004242 0.001126 -0.001265 638


0.003418 0.001728 -0.001265 355
0.003405 0.001743 -0.001265 356


0.003405 0.001743 -0.001265 356
0.003390 0.001756 -0.001265 357


-0.002223 -0.002120 -0.001265 27
-0.002205 -0.002112 -0.001265 28


-0.002205 -0.002112 -0.001265 28
-0.002187 -0.002103 -0.001265 29


-0.003994 0.001007 -0.001265 161
-0.003981 0.000991 -0.001265 162


0.000566 -0.002793 -0.001265 581
0.000384 -0.002762 -0.001265 582


0.000523 -0.002593 -0.001265 486
0.000540 -0.002603 -0.001265 487


-0.002265 0.002459 -0.001265 219
-0.002284 0.002460 -0.001265 220


-0.002284 0.002460 -0.001265 220
-0.002304 0.002459 -0.001265 221


-0.002304 0.002459 -0.001265 221
-0.002323 0.002457 -0.001265 222


-0.002323 0.002457 -0.001265 222
-0.002343 0.002453 -0.001265 223


-0.002487 0.002284 -0.001265 235
-0.002488 0.002264 -0.001265 236


0.000822 -0.002475 -0.001265 505
0.000826 -0.002456 -0.001265 506


0.000826 -0.002456 -0.001265 506
0.000828 -0.002437 -0.001265 507


0.000498 0.002602 -0.001265 325
0.000513 0.002590 -0.001265 326


0.003152 0.001769 -0.001265 370
0.003136 0.001757 -0.001265 371


-0.003901 0.000936 -0.001265 167
-0.003883 0.000930 -0.001265 168


-0.003937 0.000953 -0.001265 165
-0.003919 0.000944 -0.001265 166


-0.003919 0.000944 -0.001265 166
-0.003901 0.000936 -0.001265 167


0.000653 0.002952 -0.001265 299
0.000633 0.002953 -0.001265 300


0.000633 0.002953 -0.001265 300
0.000614 0.002953 -0.001265 301


-0.004001 0.001229 -0.001265 149
-0.004010 0.001212 -0.001265 150


-0.004010 0.001212 -0.001265 150
-0.004018 0.001194 -0.001265 151


-0.004018 0.001194 -0.001265 151
-0.004024 0.001175 -0.001265 152


-0.004024 0.001175 -0.001265 152
-0.004028 0.001156 -0.001265 153


0.003462 0.001621 -0.001265 349
0.003459 0.001640 -0.001265 350


0.003459 0.001640 -0.001265 350
0.003454 0.001659 -0.001265 351


-0.002107 -0.001847 -0.001265 44
-0.002116 -0.001830 -0.001265 45


-0.002412 0.002417 -0.001265 227
-0.002427 0.002404 -0.001265 228


-0.002775 0.002519 -0.001265 657
-0.002671 0.002554 -0.001265 658


-0.003824 0.000923 -0.001265 171
-0.003805 0.000925 -0.001265 172


-0.003805 0.000925 -0.001265 172
-0.003786 0.000928 -0.001265 173


-0.004031 -0.000791 -0.001265 73
-0.004030 -0.000810 -0.001265 74


-0.004030 -0.000810 -0.001265 74
-0.004028 -0.000830 -0.001265 75


-0.004198 -0.000897 -0.001265 619
-0.004242 -0.000797 -0.001265 620


-0.003814 -0.000993 -0.001265 90
-0.003795 -0.000990 -0.001265 91


-0.003834 -0.000993 -0.001265 89
-0.003814 -0.000993 -0.001265 90


0.003455 -0.001328 -0.001265 425
0.003459 -0.001309 -0.001265 426


0.003459 -0.001309 -0.001265 426
0.003462 -0.001289 -0.001265 427


-0.003999 -0.000902 -0.001265 79
-0.003987 -0.000918 -0.001265 80


-0.003987 -0.000918 -0.001265 80
-0.003974 -0.000933 -0.001265 81


-0.002463 0.002358 -0.001265 231
-0.002472 0.002340 -0.001265 232


-0.002472 0.002340 -0.001265 232
-0.002478 0.002322 -0.001265 233


-0.002484 0.002303 -0.001265 234
-0.002487 0.002284 -0.001265 235


-0.002478 0.002322 -0.001265 233
-0.002484 0.002303 -0.001265 234


-0.002330 0.001818 -0.001265 759
-0.002430 0.001791 -0.001265 760


-0.002350 0.002070 -0.001265 249
-0.002335 0.002066 -0.001265 250


0.000614 0.002953 -0.001265 301
0.000594 0.002950 -0.001265 302


0.000594 0.002950 -0.001265 302
0.000575 0.002946 -0.001265 303


-0.003584 0.000574 -0.001265 777
-0.003606 0.000473 -0.001265 778


-0.003606 0.000473 -0.001265 778
-0.003622 0.000371 -0.001265 779


0.000802 -0.002323 -0.001265 513
0.000791 -0.002307 -0.001265 514


0.000791 -0.002307 -0.001265 514
0.000779 -0.002292 -0.001265 515


-0.002094 -0.001884 -0.001265 42
-0.002099 -0.001865 -0.001265 43


-0.002090 -0.001903 -0.001265 41
-0.002094 -0.001884 -0.001265 42


-0.004028 -0.000830 -0.001265 75
-0.004023 -0.000849 -0.001265 76


-0.004023 -0.000849 -0.001265 76
-0.004017 -0.000867 -0.001265 77


-0.003722 -0.000961 -0.001265 95
-0.003706 -0.000950 -0.001265 96


-0.003706 -0.000950 -0.001265 96
-0.003691 -0.000937 -0.001265 97


0.000828 -0.002437 -0.001265 507
0.000828 -0.002417 -0.001265 508


0.000836 -0.002023 -0.001265 829
0.000990 -0.002034 -0.001265 830


0.000431 0.002719 -0.001265 318
0.000436 0.002700 -0.001265 319


0.000429 0.002738 -0.001265 317
0.000431 0.002719 -0.001265 318


-0.003203 -0.000967 -0.001265 793
-0.003131 -0.001042 -0.001265 794


-0.002452 0.002374 -0.001265 230
-0.002463 0.002358 -0.001265 231


-0.002440 0.002390 -0.001265 229
-0.002452 0.002374 -0.001265 230


-0.002877 0.002480 -0.001265 656
-0.002775 0.002519 -0.001265 657


-0.002427 0.002404 -0.001265 228
-0.002440 0.002390 -0.001265 229


0.003240 -0.001074 -0.001265 445
0.003221 -0.001077 -0.001265 446


0.003221 -0.001077 -0.001265 446
0.003202 -0.001082 -0.001265 447


0.002751 0.001579 -0.001265 863
0.002649 0.001693 -0.001265 864


0.000990 -0.002034 -0.001265 830
0.001143 -0.002034 -0.001265 831


0.003462 -0.001289 -0.001265 427
0.003462 -0.001270 -0.001265 428


0.003415 -0.001143 -0.001265 435
0.003402 -0.001129 -0.001265 436


0.003427 -0.001159 -0.001265 434
0.003415 -0.001143 -0.001265 435


0.003437 -0.001176 -0.001265 433
0.003427 -0.001159 -0.001265 434


0.003446 -0.001193 -0.001265 432
0.003437 -0.001176 -0.001265 433


0.000450 0.002663 -0.001265 321
0.000459 0.002646 -0.001265 322


0.000459 0.002646 -0.001265 322
0.000471 0.002630 -0.001265 323


0.000387 0.002257 -0.001265 880
0.000242 0.002205 -0.001265 881


0.003202 -0.001082 -0.001265 447
0.003183 -0.001089 -0.001265 448


0.002846 -0.001128 -0.001265 844
0.002932 -0.001001 -0.001265 845


0.000615 -0.002623 -0.001265 491
0.000635 -0.002623 -0.001265 492


0.003169 0.001779 -0.001265 369
0.003152 0.001769 -0.001265 370


0.000828 -0.002417 -0.001265 508
0.000827 -0.002397 -0.001265 509


-0.002142 -0.002067 -0.001265 32
-0.002129 -0.002051 -0.001265 33


-0.002156 -0.002080 -0.001265 31
-0.002142 -0.002067 -0.001265 32


-0.002187 -0.002103 -0.001265 29
-0.002171 -0.002093 -0.001265 30


-0.002127 -0.001524 -0.001265 805
-0.002024 -0.001533 -0.001265 806


-0.002152 -0.001784 -0.001265 48
-0.002167 -0.001771 -0.001265 49


-0.003795 -0.000990 -0.001265 91
-0.003776 -0.000986 -0.001265 92


-0.003853 -0.000992 -0.001265 88
-0.003834 -0.000993 -0.001265 89


-0.003928 -0.000968 -0.001265 84
-0.003910 -0.000977 -0.001265 85


-0.003944 -0.000958 -0.001265 83
-0.003928 -0.000968 -0.001265 84


-0.003974 -0.000933 -0.001265 81
-0.003960 -0.000946 -0.001265 82


-0.004031 0.001117 -0.001265 155
-0.004029 0.001097 -0.001265 156


-0.004029 0.001097 -0.001265 156
-0.004026 0.001078 -0.001265 157


-0.004026 0.001078 -0.001265 157
-0.004020 0.001059 -0.001265 158


-0.004020 0.001059 -0.001265 158
-0.004013 0.001041 -0.001265 159


-0.004242 0.001126 -0.001265 638
-0.004198 0.001226 -0.001265 639


-0.004030 0.001136 -0.001265 154
-0.004031 0.001117 -0.001265 155


0.000505 0.002911 -0.001265 307
0.000490 0.002898 -0.001265 308


0.000490 0.002898 -0.001265 308
0.000477 0.002884 -0.001265 309


0.000477 0.002884 -0.001265 309
0.000465 0.002868 -0.001265 310


0.000465 0.002868 -0.001265 310
0.000454 0.002852 -0.001265 311


0.000655 -0.002622 -0.001265 493
0.000674 -0.002618 -0.001265 494


0.000674 -0.002618 -0.001265 494
0.000693 -0.002613 -0.001265 495


0.000693 -0.002613 -0.001265 495
0.000711 -0.002606 -0.001265 496


0.000711 -0.002606 -0.001265 496
0.000728 -0.002597 -0.001265 497


0.000696 -0.002812 -0.001265 580
0.000566 -0.002793 -0.001265 581


0.000635 -0.002623 -0.001265 492
0.000655 -0.002622 -0.001265 493


0.000826 -0.002826 -0.001265 579
0.000696 -0.002812 -0.001265 580


0.003454 0.001659 -0.001265 351
0.003448 0.001678 -0.001265 352


0.003448 0.001678 -0.001265 352
0.003439 0.001695 -0.001265 353


-0.002118 -0.002035 -0.001265 34
-0.002109 -0.002018 -0.001265 35


-0.002129 -0.002051 -0.001265 33
-0.002118 -0.002035 -0.001265 34


0.000540 -0.002603 -0.001265 487
0.000558 -0.002611 -0.001265 488


0.000558 -0.002611 -0.001265 488
0.000577 -0.002617 -0.001265 489


0.000577 -0.002617 -0.001265 489
0.000596 -0.002621 -0.001265 490


0.000596 -0.002621 -0.001265 490
0.000615 -0.002623 -0.001265 491


-0.003910 -0.000977 -0.001265 85
-0.003892 -0.000984 -0.001265 86


-0.003892 -0.000984 -0.001265 86
-0.003873 -0.000989 -0.001265 87


-0.003960 -0.000946 -0.001265 82
-0.003944 -0.000958 -0.001265 83


-0.003978 -0.001276 -0.001265 615
-0.004039 -0.001185 -0.001265 616


-0.003640 -0.000854 -0.001265 102
-0.003635 -0.000835 -0.001265 103


0.003419 -0.001397 -0.001265 421
0.003430 -0.001381 -0.001265 422


0.003610 -0.001425 -0.001265 554
0.003538 -0.001534 -0.001265 555


0.003391 -0.001425 -0.001265 419
0.003406 -0.001412 -0.001265 420


0.003406 -0.001412 -0.001265 420
0.003419 -0.001397 -0.001265 421


-0.003556 0.000673 -0.001265 776
-0.003584 0.000574 -0.001265 777


-0.003523 0.000770 -0.001265 775
-0.003556 0.000673 -0.001265 776


0.003440 -0.001364 -0.001265 423
0.003448 -0.001346 -0.001265 424


0.003448 -0.001346 -0.001265 424
0.003455 -0.001328 -0.001265 425


0.003430 -0.001381 -0.001265 422
0.003440 -0.001364 -0.001265 423


0.003677 -0.001312 -0.001265 553
0.003610 -0.001425 -0.001265 554


0.000575 0.002946 -0.001265 303
0.000556 0.002940 -0.001265 304


0.000556 0.002940 -0.001265 304
0.000538 0.002932 -0.001265 305


-0.002242 -0.002125 -0.001265 26
-0.002223 -0.002120 -0.001265 27


-0.002261 -0.002129 -0.001265 25
-0.002242 -0.002125 -0.001265 26


-0.002300 -0.002130 -0.001265 23
-0.002281 -0.002130 -0.001265 24


-0.002281 -0.002130 -0.001265 24
-0.002261 -0.002129 -0.001265 25


-0.001986 -0.002362 -0.001265 595
-0.002169 -0.002331 -0.001265 596


0.000530 0.002579 -0.001265 327
0.000547 0.002570 -0.001265 328


0.000547 0.002570 -0.001265 328
0.000566 0.002563 -0.001265 329


-0.002457 0.002152 -0.001265 242
-0.002445 0.002136 -0.001265 243


-0.002467 0.002169 -0.001265 241
-0.002457 0.002152 -0.001265 242


-0.002445 0.002136 -0.001265 243
-0.002433 0.002121 -0.001265 244


-0.002116 -0.001830 -0.001265 45
-0.002126 -0.001813 -0.001265 46


-0.002126 -0.001813 -0.001265 46
-0.002139 -0.001798 -0.001265 47


-0.002139 -0.001798 -0.001265 47
-0.002152 -0.001784 -0.001265 48


0.003071 0.001661 -0.001265 377
0.003066 0.001642 -0.001265 378


0.000521 0.002922 -0.001265 306
0.000505 0.002911 -0.001265 307


0.000538 0.002932 -0.001265 305
0.000521 0.002922 -0.001265 306


0.000384 0.003092 -0.001265 676
0.000566 0.003123 -0.001265 677


0.000201 0.003061 -0.001265 675
0.000384 0.003092 -0.001265 676


-0.002418 0.002108 -0.001265 245
-0.002403 0.002096 -0.001265 246


-0.002403 0.002096 -0.001265 246
-0.002386 0.002086 -0.001265 247


-0.002386 0.002086 -0.001265 247
-0.002369 0.002077 -0.001265 248


-0.002369 0.002077 -0.001265 248
-0.002350 0.002070 -0.001265 249


-0.002433 0.002121 -0.001265 244
-0.002418 0.002108 -0.001265 245


-0.003678 -0.000922 -0.001265 98
-0.003666 -0.000907 -0.001265 99


-0.002245 0.002455 -0.001265 218
-0.002265 0.002459 -0.001265 219


-0.002226 0.002450 -0.001265 217
-0.002245 0.002455 -0.001265 218


0.000430 0.002778 -0.001265 315
0.000428 0.002758 -0.001265 316


0.000428 0.002758 -0.001265 316
0.000429 0.002738 -0.001265 317


0.000433 0.002797 -0.001265 314
0.000430 0.002778 -0.001265 315


0.000438 0.002816 -0.001265 313
0.000433 0.002797 -0.001265 314


0.003224 0.001798 -0.001265 366
0.003205 0.001794 -0.001265 367


0.003244 0.001801 -0.001265 365
0.003224 0.001798 -0.001265 366


0.003263 0.001802 -0.001265 364
0.003244 0.001801 -0.001265 365


-0.002376 -0.002110 -0.001265 19
-0.002358 -0.002118 -0.001265 20


-0.002358 -0.002118 -0.001265 20
-0.002339 -0.002124 -0.001265 21


-0.002351 -0.002300 -0.001265 597
-0.002458 -0.002280 -0.001265 598


-0.002109 -0.002018 -0.001265 35
-0.002101 -0.002000 -0.001265 36


-0.002481 0.002206 -0.001265 239
-0.002475 0.002187 -0.001265 240


0.000774 -0.002560 -0.001265 500
0.000787 -0.002545 -0.001265 501


0.000760 -0.002574 -0.001265 499
0.000774 -0.002560 -0.001265 500


-0.003786 0.000928 -0.001265 173
-0.003767 0.000934 -0.001265 174


-0.003767 0.000934 -0.001265 174
-0.003748 0.000941 -0.001265 175


0.003458 -0.001231 -0.001265 430
0.003453 -0.001212 -0.001265 431


0.003461 -0.001250 -0.001265 429
0.003458 -0.001231 -0.001265 430


0.003739 -0.001196 -0.001265 552
0.003677 -0.001312 -0.001265 553


0.003462 -0.001270 -0.001265 428
0.003461 -0.001250 -0.001265 429


0.003796 -0.001078 -0.001265 551
0.003739 -0.001196 -0.001265 552


-0.003330 -0.000805 -0.001265 791
-0.003269 -0.000888 -0.001265 792


-0.003666 -0.000907 -0.001265 99
-0.003656 -0.000890 -0.001265 100


-0.003656 -0.000890 -0.001265 100
-0.003647 -0.000873 -0.001265 101


-0.003635 -0.000835 -0.001265 103
-0.003632 -0.000816 -0.001265 104


-0.003632 -0.000816 -0.001265 104
-0.003631 -0.000796 -0.001265 105


-0.003631 -0.000796 -0.001265 105
-0.003631 -0.000781 -0.001265 106


-0.003977 0.001260 -0.001265 147
-0.003989 0.001245 -0.001265 148


-0.003989 0.001245 -0.001265 148
-0.004001 0.001229 -0.001265 149


-0.004198 0.001226 -0.001265 639
-0.004149 0.001325 -0.001265 640


0.000779 -0.002292 -0.001265 515
0.000765 -0.002277 -0.001265 516


0.000765 -0.002277 -0.001265 516
0.000750 -0.002265 -0.001265 517


0.003390 0.001756 -0.001265 357
0.003374 0.001768 -0.001265 358


0.003374 0.001768 -0.001265 358
0.003358 0.001778 -0.001265 359


-0.001804 -0.002393 -0.001265 594
-0.001986 -0.002362 -0.001265 595


0.003381 0.002073 -0.001265 701
0.003462 0.001970 -0.001265 702


0.003462 0.001970 -0.001265 702
0.003538 0.001864 -0.001265 703


-0.002379 0.002438 -0.001265 225
-0.002396 0.002429 -0.001265 226


-0.002396 0.002429 -0.001265 226
-0.002412 0.002417 -0.001265 227


-0.002671 0.002554 -0.001265 658
-0.002565 0.002584 -0.001265 659


-0.002361 0.002446 -0.001265 224
-0.002379 0.002438 -0.001265 225


-0.002565 0.002584 -0.001265 659
-0.002458 0.002609 -0.001265 660


0.003439 0.001695 -0.001265 353
0.003429 0.001712 -0.001265 354


0.003429 0.001712 -0.001265 354
0.003418 0.001728 -0.001265 355


0.003610 0.001754 -0.001265 704
0.003677 0.001641 -0.001265 705


0.003538 0.001864 -0.001265 703
0.003610 0.001754 -0.001265 704


0.000691 0.002943 -0.001265 297
0.000672 0.002948 -0.001265 298


0.000672 0.002948 -0.001265 298
0.000653 0.002952 -0.001265 299


0.000787 -0.002545 -0.001265 501
0.000798 -0.002529 -0.001265 502


0.000745 -0.002586 -0.001265 498
0.000760 -0.002574 -0.001265 499


0.000534 0.002300 -0.001265 879
0.000387 0.002257 -0.001265 880


0.000513 0.002590 -0.001265 326
0.000530 0.002579 -0.001265 327


0.000684 0.002331 -0.001265 878
0.000534 0.002300 -0.001265 879


-0.002409 -0.002090 -0.001265 17
-0.002393 -0.002101 -0.001265 18


-0.002393 -0.002101 -0.001265 18
-0.002376 -0.002110 -0.001265 19


-0.002099 -0.001865 -0.001265 43
-0.002107 -0.001847 -0.001265 44


-0.002091 -0.001962 -0.001265 38
-0.002089 -0.001943 -0.001265 39


-0.002095 -0.001981 -0.001265 37
-0.002091 -0.001962 -0.001265 38


-0.002171 -0.002093 -0.001265 30
-0.002156 -0.002080 -0.001265 31


-0.004017 -0.000867 -0.001265 77
-0.004009 -0.000885 -0.001265 78


-0.004009 -0.000885 -0.001265 78
-0.003999 -0.000902 -0.001265 79


-0.004096 -0.001091 -0.001265 617
-0.004149 -0.000995 -0.001265 618


0.003152 -0.001106 -0.001265 450
0.003138 -0.001116 -0.001265 451


0.003166 -0.001097 -0.001265 449
0.003152 -0.001106 -0.001265 450


0.003183 -0.001089 -0.001265 448
0.003166 -0.001097 -0.001265 449


0.003460 0.001570 -0.001265 347
0.003462 0.001595 -0.001265 348


0.003462 0.001595 -0.001265 348
0.003462 0.001621 -0.001265 349


0.003454 0.001546 -0.001265 346
0.003460 0.001570 -0.001265 347


0.003446 0.001522 -0.001265 345
0.003454 0.001546 -0.001265 346


0.003312 -0.001466 -0.001265 415
0.003336 -0.001458 -0.001265 416


0.003336 -0.001458 -0.001265 416
0.003359 -0.001448 -0.001265 417


0.003538 -0.001534 -0.001265 555
0.003462 -0.001641 -0.001265 556


0.003262 -0.001473 -0.001265 413
0.003288 -0.001471 -0.001265 414


0.003288 -0.001471 -0.001265 414
0.003312 -0.001466 -0.001265 415


0.000445 -0.002504 -0.001265 481
0.000457 -0.002526 -0.001265 482


0.000457 -0.002526 -0.001265 482
0.000471 -0.002547 -0.001265 483


0.000471 -0.002547 -0.001265 483
0.000488 -0.002566 -0.001265 484


0.000488 -0.002566 -0.001265 484
0.000507 -0.002582 -0.001265 485


0.000507 -0.002582 -0.001265 485
0.000523 -0.002593 -0.001265 486


-0.002312 -0.001732 -0.001265 55
-0.002338 -0.001737 -0.001265 56


-0.002212 -0.001746 -0.001265 51
-0.002236 -0.001737 -0.001265 52


-0.002236 -0.001737 -0.001265 52
-0.002261 -0.001732 -0.001265 53


-0.002167 -0.001771 -0.001265 49
-0.002189 -0.001757 -0.001265 50


-0.002189 -0.001757 -0.001265 50
-0.002212 -0.001746 -0.001265 51


-0.002459 -0.001826 -0.001265 62
-0.002471 -0.001848 -0.001265 63


-0.002261 -0.001732 -0.001265 53
-0.002287 -0.001731 -0.001265 54


-0.002287 -0.001731 -0.001265 54
-0.002312 -0.001732 -0.001265 55


-0.002430 -0.001461 -0.001265 802
-0.002330 -0.001489 -0.001265 803


-0.002623 -0.001389 -0.001265 800
-0.002527 -0.001428 -0.001265 801


-0.002330 -0.001489 -0.001265 803
-0.002229 -0.001509 -0.001265 804


-0.002426 -0.001786 -0.001265 60
-0.002444 -0.001805 -0.001265 61


-0.002407 -0.001769 -0.001265 59
-0.002426 -0.001786 -0.001265 60


-0.002385 -0.001756 -0.001265 58
-0.002407 -0.001769 -0.001265 59


-0.002362 -0.001745 -0.001265 57
-0.002385 -0.001756 -0.001265 58


-0.002338 -0.001737 -0.001265 56
-0.002362 -0.001745 -0.001265 57


-0.002527 -0.001428 -0.001265 801
-0.002430 -0.001461 -0.001265 802


0.000777 0.002619 -0.001265 338
0.000793 0.002639 -0.001265 339


0.000826 0.002786 -0.001265 281
0.000823 0.002800 -0.001265 282


0.000957 0.003163 -0.001265 680
0.001088 0.003165 -0.001265 681


0.000616 0.002553 -0.001265 331
0.000642 0.002553 -0.001265 332


0.000566 0.002563 -0.001265 329
0.000590 0.002557 -0.001265 330


0.000590 0.002557 -0.001265 330
0.000616 0.002553 -0.001265 331


0.000667 0.002557 -0.001265 333
0.000692 0.002563 -0.001265 334


0.000692 0.002563 -0.001265 334
0.000716 0.002573 -0.001265 335


0.000642 0.002553 -0.001265 332
0.000667 0.002557 -0.001265 333


0.000716 0.002573 -0.001265 335
0.000738 0.002586 -0.001265 336


0.000738 0.002586 -0.001265 336
0.000759 0.002601 -0.001265 337


0.000806 0.002661 -0.001265 340
0.000816 0.002685 -0.001265 341


0.000793 0.002639 -0.001265 339
0.000806 0.002661 -0.001265 340


0.001143 0.002363 -0.001265 875
0.000990 0.002363 -0.001265 876


0.000990 0.002363 -0.001265 876
0.000836 0.002353 -0.001265 877


-0.003891 -0.000603 -0.001265 129
-0.003906 -0.000608 -0.001265 130


-0.003906 -0.000608 -0.001265 130
-0.003920 -0.000614 -0.001265 131


-0.002444 -0.001805 -0.001265 61
-0.002459 -0.001826 -0.001265 62


-0.003131 -0.001042 -0.001265 794
-0.003056 -0.001112 -0.001265 795


-0.001715 -0.001521 -0.001265 809
-0.001613 -0.001505 -0.001265 810


-0.002088 -0.001923 -0.001265 40
-0.002090 -0.001903 -0.001265 41


-0.002089 -0.001943 -0.001265 39
-0.002088 -0.001923 -0.001265 40


-0.003056 -0.001112 -0.001265 795
-0.002976 -0.001178 -0.001265 796


-0.002091 0.002292 -0.001265 275
-0.002094 0.002308 -0.001265 276


-0.003606 -0.000143 -0.001265 784
-0.003584 -0.000244 -0.001265 785


-0.003622 -0.000041 -0.001265 783
-0.003606 -0.000143 -0.001265 784


-0.004425 -0.000054 -0.001265 627
-0.004432 0.000055 -0.001265 628


-0.003695 0.001940 -0.001265 647
-0.003615 0.002015 -0.001265 648


-0.003615 0.002015 -0.001265 648
-0.003533 0.002087 -0.001265 649


-0.002101 -0.002000 -0.001265 36
-0.002095 -0.001981 -0.001265 37


-0.002893 -0.001239 -0.001265 797
-0.002806 -0.001295 -0.001265 798


-0.002806 -0.001295 -0.001265 798
-0.002716 -0.001345 -0.001265 799


-0.003358 -0.001890 -0.001265 607
-0.003447 -0.001826 -0.001265 608


-0.003076 0.002389 -0.001265 654
-0.002978 0.002437 -0.001265 655


-0.004413 0.000493 -0.001265 632
-0.004396 0.000601 -0.001265 633


-0.003447 0.002155 -0.001265 650
-0.003358 0.002220 -0.001265 651


-0.003533 0.002087 -0.001265 649
-0.003447 0.002155 -0.001265 650


-0.004396 0.000601 -0.001265 633
-0.004374 0.000709 -0.001265 634


-0.004374 0.000709 -0.001265 634
-0.004348 0.000815 -0.001265 635


-0.004432 0.000055 -0.001265 628
-0.004434 0.000165 -0.001265 629


-0.003691 -0.000937 -0.001265 97
-0.003678 -0.000922 -0.001265 98


-0.003701 0.001275 -0.001265 200
-0.003713 0.001285 -0.001265 201


-0.003689 0.001264 -0.001265 199
-0.003701 0.001275 -0.001265 200


0.004240 0.001165 -0.001265 712
0.004355 0.001165 -0.001265 713


0.004470 0.001165 -0.001265 714
0.004585 0.001165 -0.001265 715


0.004355 0.001165 -0.001265 713
0.004470 0.001165 -0.001265 714


0.004816 0.001040 -0.001265 718
0.004816 0.000915 -0.001265 719


0.004816 0.000665 -0.001265 721
0.004816 0.000540 -0.001265 722


0.004701 0.001165 -0.001265 716
0.004816 0.001165 -0.001265 717


0.004816 0.001165 -0.001265 717
0.004816 0.001040 -0.001265 718


0.004816 -0.000710 -0.001265 732
0.004816 -0.000835 -0.001265 733


0.004816 -0.000835 -0.001265 733
0.004701 -0.000835 -0.001265 734


0.004816 -0.000585 -0.001265 731
0.004816 -0.000710 -0.001265 732


0.004355 -0.000835 -0.001265 737
0.004240 -0.000835 -0.001265 738


0.004240 -0.000835 -0.001265 738
0.004125 -0.000835 -0.001265 739


0.004816 0.000415 -0.001265 723
0.004816 0.000290 -0.001265 724


0.004816 0.000290 -0.001265 724
0.004816 0.000165 -0.001265 725


0.004816 0.000165 -0.001265 725
0.004816 0.000040 -0.001265 726


0.004816 0.000040 -0.001265 726
0.004816 -0.000085 -0.001265 727


0.001738 0.003089 -0.001265 686
0.001865 0.003056 -0.001265 687


0.002587 -0.002421 -0.001265 565
0.002473 -0.002485 -0.001265 566


0.002236 -0.002598 -0.001265 568
0.002114 -0.002646 -0.001265 569


0.001219 -0.002831 -0.001265 576
0.001088 -0.002835 -0.001265 577


0.001350 -0.002822 -0.001265 575
0.001219 -0.002831 -0.001265 576


0.002473 0.002815 -0.001265 692
0.002587 0.002751 -0.001265 693


0.002031 0.002142 -0.001265 869
0.001890 0.002204 -0.001265 870


0.003111 -0.002030 -0.001265 560
0.003014 -0.002117 -0.001265 561


0.001143 -0.002034 -0.001265 831
0.001296 -0.002023 -0.001265 832


0.002114 -0.002646 -0.001265 569
0.001990 -0.002689 -0.001265 570


0.001448 -0.002002 -0.001265 833
0.001599 -0.001970 -0.001265 834


0.003122 0.001744 -0.001265 372
0.003108 0.001730 -0.001265 373


0.003136 0.001757 -0.001265 371
0.003122 0.001744 -0.001265 372


0.003014 0.002447 -0.001265 697
0.003111 0.002359 -0.001265 698


0.003111 0.002359 -0.001265 698
0.003205 0.002268 -0.001265 699


-0.000521 0.001761 -0.001265 743
-0.000649 0.001716 -0.001265 744


-0.000782 0.001688 -0.001265 745
-0.000917 0.001677 -0.001265 746


-0.000917 0.001677 -0.001265 746
-0.001053 0.001683 -0.001265 747


-0.000649 -0.001386 -0.001265 818
-0.000521 -0.001432 -0.001265 819


-0.000034 0.002070 -0.001265 883
-0.000164 0.001989 -0.001265 884


0.004125 -0.000835 -0.001265 739
0.004009 -0.000835 -0.001265 740


0.003260 0.000318 -0.001265 854
0.003244 0.000471 -0.001265 855


0.000442 0.002681 -0.001265 320
0.000450 0.002663 -0.001265 321


0.000436 0.002700 -0.001265 319
0.000442 0.002681 -0.001265 320


0.003894 0.001165 -0.001265 709
0.004009 0.001165 -0.001265 710


0.004009 0.001165 -0.001265 710
0.004125 0.001165 -0.001265 711


0.003181 -0.000442 -0.001265 849
0.003218 -0.000293 -0.001265 850


0.001296 -0.002023 -0.001265 832
0.001448 -0.002002 -0.001265 833


0.000823 -0.002378 -0.001265 510
0.000818 -0.002359 -0.001265 511


0.000827 -0.002397 -0.001265 509
0.000823 -0.002378 -0.001265 510


0.000439 -0.002359 -0.001265 540
0.000434 -0.002375 -0.001265 541


0.000445 -0.002343 -0.001265 539
0.000439 -0.002359 -0.001265 540


0.004816 -0.000335 -0.001265 729
0.004816 -0.000460 -0.001265 730


0.004816 -0.000460 -0.001265 730
0.004816 -0.000585 -0.001265 731


0.004816 0.000540 -0.001265 722
0.004816 0.000415 -0.001265 723


-0.001316 -0.001419 -0.001265 813
-0.001187 -0.001378 -0.001265 814


-0.000710 0.002907 -0.001265 670
-0.000528 0.002938 -0.001265 671


0.003181 0.000771 -0.001265 857
0.003133 0.000917 -0.001265 858


-0.000034 -0.001741 -0.001265 823
0.000102 -0.001813 -0.001265 824


0.000102 -0.001813 -0.001265 824
0.000242 -0.001875 -0.001265 825


0.004585 -0.000835 -0.001265 735
0.004470 -0.000835 -0.001265 736


0.004470 -0.000835 -0.001265 736
0.004355 -0.000835 -0.001265 737


0.003296 0.001405 -0.001265 401
0.003312 0.001408 -0.001265 402


0.003312 0.001408 -0.001265 402
0.003328 0.001413 -0.001265 403


0.003133 0.000917 -0.001265 858
0.003076 0.001059 -0.001265 859


0.003014 -0.002117 -0.001265 561
0.002912 -0.002200 -0.001265 562


0.002538 0.001799 -0.001265 865
0.002421 0.001898 -0.001265 866


0.001890 -0.001875 -0.001265 836
0.002031 -0.001812 -0.001265 837


0.002114 0.002976 -0.001265 689
0.002236 0.002927 -0.001265 690


0.001890 0.002204 -0.001265 870
0.001746 0.002257 -0.001265 871


-0.002893 0.001568 -0.001265 765
-0.002976 0.001508 -0.001265 766


0.003371 -0.001105 -0.001265 438
0.003354 -0.001095 -0.001265 439


0.003387 -0.001116 -0.001265 437
0.003371 -0.001105 -0.001265 438


0.003402 -0.001129 -0.001265 436
0.003387 -0.001116 -0.001265 437


0.001448 0.002331 -0.001265 873
0.001296 0.002353 -0.001265 874


0.001746 0.002257 -0.001265 871
0.001599 0.002299 -0.001265 872


0.001990 -0.002689 -0.001265 570
0.001865 -0.002727 -0.001265 571


-0.003447 -0.001826 -0.001265 608
-0.003533 -0.001757 -0.001265 609


0.001088 0.003165 -0.001265 681
0.001219 0.003161 -0.001265 682


0.001219 0.003161 -0.001265 682
0.001350 0.003151 -0.001265 683


0.000828 0.002761 -0.001265 344
0.000826 0.002786 -0.001265 281


0.000828 0.002735 -0.001265 343
0.000828 0.002761 -0.001265 344


-0.003844 0.000923 -0.001265 170
-0.003824 0.000923 -0.001265 171


-0.003864 0.000926 -0.001265 169
-0.003844 0.000923 -0.001265 170


-0.002978 -0.002107 -0.001265 603
-0.003076 -0.002059 -0.001265 604


-0.002480 -0.001872 -0.001265 64
-0.002486 -0.001897 -0.001265 1


-0.002471 -0.001848 -0.001265 63
-0.002480 -0.001872 -0.001265 64


-0.002527 0.001758 -0.001265 761
-0.002623 0.001719 -0.001265 762


-0.002475 0.002187 -0.001265 240
-0.002467 0.002169 -0.001265 241


-0.000521 -0.001432 -0.001265 819
-0.000400 -0.001493 -0.001265 820


-0.003912 0.001693 -0.001265 644
-0.003844 0.001779 -0.001265 645


-0.003740 0.001301 -0.001265 203
-0.003754 0.001308 -0.001265 204


-0.003757 -0.000979 -0.001265 93
-0.003739 -0.000971 -0.001265 94


-0.003739 -0.000971 -0.001265 94
-0.003722 -0.000961 -0.001265 95


-0.003776 -0.000986 -0.001265 92
-0.003757 -0.000979 -0.001265 93


0.004816 0.000915 -0.001265 719
0.004816 0.000790 -0.001265 720


0.004816 0.000790 -0.001265 720
0.004816 0.000665 -0.001265 721


-0.001921 -0.001535 -0.001265 807
-0.001818 -0.001531 -0.001265 808


-0.001818 -0.001531 -0.001265 808
-0.001715 -0.001521 -0.001265 809


-0.002098 0.002199 -0.001265 269
-0.002094 0.002214 -0.001265 270


-0.002094 0.002214 -0.001265 270
-0.002091 0.002230 -0.001265 271


-0.002103 0.002184 -0.001265 268
-0.002098 0.002199 -0.001265 269


-0.003798 -0.000596 -0.001265 123
-0.003813 -0.000594 -0.001265 124


-0.003813 -0.000594 -0.001265 124
-0.003829 -0.000593 -0.001265 125


-0.003782 -0.000599 -0.001265 122
-0.003798 -0.000596 -0.001265 123


0.002649 0.001693 -0.001265 864
0.002538 0.001799 -0.001265 865


0.003108 0.001730 -0.001265 373
0.003097 0.001714 -0.001265 374


0.002166 0.002070 -0.001265 868
0.002031 0.002142 -0.001265 869


-0.000892 0.002876 -0.001265 669
-0.000710 0.002907 -0.001265 670


-0.002111 0.002352 -0.001265 279
-0.002118 0.002366 -0.001265 280


-0.002118 0.002366 -0.001265 280
-0.002127 0.002379 -0.001265 209


0.003295 -0.001843 -0.001265 558
0.003205 -0.001938 -0.001265 559


0.003140 -0.001431 -0.001265 473
0.003153 -0.001440 -0.001265 474


-0.000163 0.003000 -0.001265 673
0.000019 0.003030 -0.001265 674


0.000429 -0.002440 -0.001265 545
0.000431 -0.002456 -0.001265 546


0.000431 -0.002456 -0.001265 546
0.000434 -0.002472 -0.001265 547


0.000428 -0.002424 -0.001265 544
0.000429 -0.002440 -0.001265 545


-0.001053 -0.001354 -0.001265 815
-0.000917 -0.001347 -0.001265 816


-0.001187 0.001707 -0.001265 748
-0.001316 0.001748 -0.001265 749


-0.001053 0.001683 -0.001265 747
-0.001187 0.001707 -0.001265 748


-0.003920 -0.000614 -0.001265 131
-0.003934 -0.000622 -0.001265 132


-0.003934 -0.000622 -0.001265 132
-0.003947 -0.000631 -0.001265 133


-0.001257 0.002815 -0.001265 667
-0.001075 0.002845 -0.001265 668


-0.001075 0.002845 -0.001265 668
-0.000892 0.002876 -0.001265 669


-0.000346 0.002969 -0.001265 672
-0.000163 0.003000 -0.001265 673


0.003894 -0.000835 -0.001265 549
0.003848 -0.000958 -0.001265 550


0.003410 0.001467 -0.001265 409
0.003421 0.001480 -0.001265 410


0.003421 0.001480 -0.001265 410
0.003430 0.001493 -0.001265 411


0.003386 0.001445 -0.001265 407
0.003398 0.001455 -0.001265 408


0.003398 0.001455 -0.001265 408
0.003410 0.001467 -0.001265 409


0.002538 -0.001470 -0.001265 841
0.002649 -0.001363 -0.001265 842


-0.000528 0.002938 -0.001265 671
-0.000346 0.002969 -0.001265 672


-0.000163 -0.002670 -0.001265 585
-0.000346 -0.002639 -0.001265 586


-0.000346 -0.002639 -0.001265 586
-0.000528 -0.002608 -0.001265 587


-0.001613 0.001834 -0.001265 752
-0.001715 0.001851 -0.001265 753


-0.001512 0.001812 -0.001265 751
-0.001613 0.001834 -0.001265 752


0.003087 0.001697 -0.001265 375
0.003078 0.001680 -0.001265 376


0.003078 0.001680 -0.001265 376
0.003071 0.001661 -0.001265 377


0.003097 0.001714 -0.001265 374
0.003087 0.001697 -0.001265 375


0.004701 -0.000835 -0.001265 734
0.004585 -0.000835 -0.001265 735


0.001865 0.003056 -0.001265 687
0.001990 0.003019 -0.001265 688


0.001990 0.003019 -0.001265 688
0.002114 0.002976 -0.001265 689


0.001865 -0.002727 -0.001265 571
0.001738 -0.002759 -0.001265 572


-0.002978 0.002437 -0.001265 655
-0.002877 0.002480 -0.001265 656


-0.002877 -0.002151 -0.001265 602
-0.002978 -0.002107 -0.001265 603


-0.002487 -0.001951 -0.001265 5
-0.002485 -0.001965 -0.001265 6


-0.002485 -0.001965 -0.001265 6
-0.002483 -0.001978 -0.001265 7


0.003218 0.000622 -0.001265 856
0.003181 0.000771 -0.001265 857


0.003244 0.000471 -0.001265 855
0.003218 0.000622 -0.001265 856


-0.001257 -0.002485 -0.001265 591
-0.001439 -0.002454 -0.001265 592


-0.001439 -0.002454 -0.001265 592
-0.001622 -0.002424 -0.001265 593


-0.000288 -0.001569 -0.001265 821
-0.000164 -0.001660 -0.001265 822


-0.000400 -0.001493 -0.001265 820
-0.000288 -0.001569 -0.001265 821


-0.004434 0.000165 -0.001265 629
-0.004432 0.000274 -0.001265 630


-0.003173 -0.002007 -0.001265 605
-0.003267 -0.001951 -0.001265 606


-0.003267 -0.001951 -0.001265 606
-0.003358 -0.001890 -0.001265 607


-0.003076 -0.002059 -0.001265 604
-0.003173 -0.002007 -0.001265 605


-0.001622 0.002753 -0.001265 665
-0.001439 0.002784 -0.001265 666


0.003244 -0.000141 -0.001265 851
0.003260 0.000011 -0.001265 852


0.003260 0.000011 -0.001265 852
0.003266 0.000165 -0.001265 853


-0.003358 0.002220 -0.001265 651
-0.003267 0.002280 -0.001265 652


-0.003267 0.002280 -0.001265 652
-0.003173 0.002336 -0.001265 653


0.001350 0.003151 -0.001265 683
0.001480 0.003136 -0.001265 684


0.001480 0.003136 -0.001265 684
0.001609 0.003115 -0.001265 685


0.001609 -0.002786 -0.001265 573
0.001480 -0.002807 -0.001265 574


0.001480 -0.002807 -0.001265 574
0.001350 -0.002822 -0.001265 575


0.001738 -0.002759 -0.001265 572
0.001609 -0.002786 -0.001265 573


-0.003533 -0.001757 -0.001265 609
-0.003615 -0.001686 -0.001265 610


-0.003615 -0.001686 -0.001265 610
-0.003695 -0.001610 -0.001265 611


0.002807 -0.002278 -0.001265 563
0.002699 -0.002352 -0.001265 564


0.002699 -0.002352 -0.001265 564
0.002587 -0.002421 -0.001265 565


-0.003631 0.000268 -0.001265 780
-0.003634 0.000165 -0.001265 781


-0.003622 0.000371 -0.001265 779
-0.003631 0.000268 -0.001265 780


-0.000649 0.001716 -0.001265 744
-0.000782 0.001688 -0.001265 745


-0.001715 0.001851 -0.001265 753
-0.001818 0.001861 -0.001265 754


-0.001818 0.001861 -0.001265 754
-0.001921 0.001865 -0.001265 755


-0.000164 -0.001660 -0.001265 822
-0.000034 -0.001741 -0.001265 823


0.002699 0.002682 -0.001265 694
0.002807 0.002608 -0.001265 695


0.002587 0.002751 -0.001265 693
0.002699 0.002682 -0.001265 694


-0.003968 0.000977 -0.001265 163
-0.003953 0.000964 -0.001265 164


-0.003953 0.000964 -0.001265 164
-0.003937 0.000953 -0.001265 165


0.003168 -0.001449 -0.001265 475
0.003182 -0.001456 -0.001265 476


0.003182 -0.001456 -0.001265 476
0.003198 -0.001462 -0.001265 477


0.003153 -0.001440 -0.001265 474
0.003168 -0.001449 -0.001265 475


0.000242 -0.001875 -0.001265 825
0.000387 -0.001928 -0.001265 826


-0.002716 -0.001345 -0.001265 799
-0.002623 -0.001389 -0.001265 800


0.003205 0.001794 -0.001265 367
0.003187 0.001787 -0.001265 368


0.003187 0.001787 -0.001265 368
0.003169 0.001779 -0.001265 369


0.003205 0.002268 -0.001265 699
0.003295 0.002172 -0.001265 700


-0.002806 0.001624 -0.001265 764
-0.002893 0.001568 -0.001265 765


-0.002716 0.001674 -0.001265 763
-0.002806 0.001624 -0.001265 764


-0.001439 0.002784 -0.001265 666
-0.001257 0.002815 -0.001265 667


0.002355 0.002873 -0.001265 691
0.002473 0.002815 -0.001265 692


0.002236 0.002927 -0.001265 690
0.002355 0.002873 -0.001265 691


0.000471 0.002630 -0.001265 323
0.000483 0.002615 -0.001265 324


0.000483 0.002615 -0.001265 324
0.000498 0.002602 -0.001265 325


-0.003844 -0.001449 -0.001265 613
-0.003912 -0.001364 -0.001265 614


-0.000528 -0.002608 -0.001265 587
-0.000710 -0.002578 -0.001265 588


0.004816 -0.000085 -0.001265 727
0.004816 -0.000210 -0.001265 728


0.004816 -0.000210 -0.001265 728
0.004816 -0.000335 -0.001265 729


0.000242 0.002205 -0.001265 881
0.000102 0.002142 -0.001265 882


-0.003769 0.001313 -0.001265 205
-0.003784 0.001317 -0.001265 206


-0.003784 0.001317 -0.001265 206
-0.003799 0.001320 -0.001265 207


-0.003754 0.001308 -0.001265 204
-0.003769 0.001313 -0.001265 205


-0.003203 0.001297 -0.001265 769
-0.003269 0.001218 -0.001265 770


-0.003269 -0.000888 -0.001265 792
-0.003203 -0.000967 -0.001265 793


-0.003647 -0.000873 -0.001265 101
-0.003640 -0.000854 -0.001265 102


0.000818 -0.002359 -0.001265 511
0.000810 -0.002341 -0.001265 512


0.000810 -0.002341 -0.001265 512
0.000802 -0.002323 -0.001265 513


0.001746 -0.001927 -0.001265 835
0.001890 -0.001875 -0.001265 836


0.001599 -0.001970 -0.001265 834
0.001746 -0.001927 -0.001265 835


0.000816 0.002685 -0.001265 341
0.000824 0.002710 -0.001265 342


0.000824 0.002710 -0.001265 342
0.000828 0.002735 -0.001265 343


0.000384 -0.002762 -0.001265 582
0.000201 -0.002732 -0.001265 583


-0.003056 0.001442 -0.001265 767
-0.003131 0.001372 -0.001265 768


-0.003131 0.001372 -0.001265 768
-0.003203 0.001297 -0.001265 769


-0.002976 0.001508 -0.001265 766
-0.003056 0.001442 -0.001265 767


0.000808 -0.002512 -0.001265 503
0.000816 -0.002494 -0.001265 504


0.000816 -0.002494 -0.001265 504
0.000822 -0.002475 -0.001265 505


0.000798 -0.002529 -0.001265 502
0.000808 -0.002512 -0.001265 503


0.003848 0.001287 -0.001265 708
0.003894 0.001165 -0.001265 709


0.003008 -0.000868 -0.001265 846
0.003076 -0.000730 -0.001265 847


0.003318 -0.001080 -0.001265 441
0.003299 -0.001076 -0.001265 442


0.003299 -0.001076 -0.001265 442
0.003279 -0.001073 -0.001265 443


0.000759 0.002601 -0.001265 337
0.000777 0.002619 -0.001265 338


0.001599 0.002299 -0.001265 872
0.001448 0.002331 -0.001265 873


0.000819 0.002813 -0.001265 283
0.000815 0.002826 -0.001265 284


0.000815 0.002826 -0.001265 284
0.000809 0.002838 -0.001265 285


0.000823 0.002800 -0.001265 282
0.000819 0.002813 -0.001265 283


0.002421 0.001898 -0.001265 866
0.002296 0.001988 -0.001265 867


0.002421 -0.001569 -0.001265 840
0.002538 -0.001470 -0.001265 841


0.002296 -0.001659 -0.001265 839
0.002421 -0.001569 -0.001265 840


-0.003883 0.000930 -0.001265 168
-0.003864 0.000926 -0.001265 169


0.003263 0.001402 -0.001265 399
0.003280 0.001403 -0.001265 400


0.003280 0.001403 -0.001265 400
0.003296 0.001405 -0.001265 401


0.003247 0.001403 -0.001265 398
0.003263 0.001402 -0.001265 399


-0.003173 0.002336 -0.001265 653
-0.003076 0.002389 -0.001265 654


-0.000782 -0.001358 -0.001265 817
-0.000649 -0.001386 -0.001265 818


-0.001187 -0.001378 -0.001265 814
-0.001053 -0.001354 -0.001265 815


-0.004425 0.000384 -0.001265 631
-0.004413 0.000493 -0.001265 632


-0.004432 0.000274 -0.001265 630
-0.004425 0.000384 -0.001265 631


0.002296 0.001988 -0.001265 867
0.002166 0.002070 -0.001265 868


0.002166 -0.001740 -0.001265 838
0.002296 -0.001659 -0.001265 839


0.002031 -0.001812 -0.001265 837
0.002166 -0.001740 -0.001265 838


-0.003981 0.000991 -0.001265 162
-0.003968 0.000977 -0.001265 163


0.001088 -0.002835 -0.001265 577
0.000957 -0.002833 -0.001265 578


-0.003695 -0.001610 -0.001265 611
-0.003771 -0.001531 -0.001265 612


-0.003771 -0.001531 -0.001265 612
-0.003844 -0.001449 -0.001265 613


0.002912 -0.002200 -0.001265 562
0.002807 -0.002278 -0.001265 563


0.001609 0.003115 -0.001265 685
0.001738 0.003089 -0.001265 686


0.003076 -0.000730 -0.001265 847
0.003133 -0.000588 -0.001265 848


-0.003771 0.001861 -0.001265 646
-0.003695 0.001940 -0.001265 647


-0.003844 0.001779 -0.001265 645
-0.003771 0.001861 -0.001265 646


-0.001512 -0.001482 -0.001265 811
-0.001413 -0.001453 -0.001265 812


-0.001413 -0.001453 -0.001265 812
-0.001316 -0.001419 -0.001265 813


-0.001613 -0.001505 -0.001265 810
-0.001512 -0.001482 -0.001265 811


-0.001316 0.001748 -0.001265 749
-0.001413 0.001783 -0.001265 750


-0.001413 0.001783 -0.001265 750
-0.001512 0.001812 -0.001265 751


0.002912 0.002529 -0.001265 696
0.003014 0.002447 -0.001265 697


0.002807 0.002608 -0.001265 695
0.002912 0.002529 -0.001265 696


0.002355 -0.002544 -0.001265 567
0.002236 -0.002598 -0.001265 568


0.002473 -0.002485 -0.001265 566
0.002355 -0.002544 -0.001265 567


-0.004348 0.000815 -0.001265 635
-0.004317 0.000920 -0.001265 636


-0.004039 -0.001185 -0.001265 616
-0.004096 -0.001091 -0.001265 617


-0.003584 -0.000244 -0.001265 785
-0.003556 -0.000343 -0.001265 786


-0.003634 0.000165 -0.001265 781
-0.003631 0.000062 -0.001265 782


-0.003631 0.000062 -0.001265 782
-0.003622 -0.000041 -0.001265 783


-0.002976 -0.001178 -0.001265 796
-0.002893 -0.001239 -0.001265 797


0.004125 0.001165 -0.001265 711
0.004240 0.001165 -0.001265 712


-0.002486 -0.001897 -0.001265 1
-0.002487 -0.001911 -0.001265 2


-0.002487 -0.001911 -0.001265 2
-0.002488 -0.001924 -0.001265 3


-0.002488 0.002244 -0.001265 237
-0.002485 0.002225 -0.001265 238


-0.002485 0.002225 -0.001265 238
-0.002481 0.002206 -0.001265 239


-0.002488 0.002264 -0.001265 236
-0.002488 0.002244 -0.001265 237


0.003279 -0.001073 -0.001265 443
0.003260 -0.001073 -0.001265 444


0.003260 -0.001073 -0.001265 444
0.003240 -0.001074 -0.001265 445


-0.000892 -0.002547 -0.001265 589
-0.001075 -0.002516 -0.001265 590


-0.000710 -0.002578 -0.001265 588
-0.000892 -0.002547 -0.001265 589


-0.000917 -0.001347 -0.001265 816
-0.000782 -0.001358 -0.001265 817


-0.001075 -0.002516 -0.001265 590
-0.001257 -0.002485 -0.001265 591


0.003266 0.000165 -0.001265 853
0.003260 0.000318 -0.001265 854


0.003076 0.001059 -0.001265 859
0.003008 0.001197 -0.001265 860


0.003008 0.001197 -0.001265 860
0.002932 0.001330 -0.001265 861


-0.004413 -0.000163 -0.001265 626
-0.004425 -0.000054 -0.001265 627


0.004585 0.001165 -0.001265 715
0.004701 0.001165 -0.001265 716


-0.000288 0.001899 -0.001265 741
-0.000400 0.001822 -0.001265 742


-0.000400 0.001822 -0.001265 742
-0.000521 0.001761 -0.001265 743


-0.000164 0.001989 -0.001265 884
-0.000288 0.001899 -0.001265 741


0.004009 -0.000835 -0.001265 740
0.003894 -0.000835 -0.001265 549


0.003218 -0.000293 -0.001265 850
0.003244 -0.000141 -0.001265 851


0.000696 0.003142 -0.001265 678
0.000826 0.003155 -0.001265 679


-0.002169 0.002661 -0.001265 662
-0.001986 0.002691 -0.001265 663


-0.004039 0.001514 -0.001265 642
-0.003978 0.001605 -0.001265 643


-0.004149 0.001325 -0.001265 640
-0.004096 0.001421 -0.001265 641


-0.003556 -0.000343 -0.001265 786
-0.003523 -0.000441 -0.001265 787


-0.004149 -0.000995 -0.001265 618
-0.004198 -0.000897 -0.001265 619


-0.002229 0.001839 -0.001265 758
-0.002330 0.001818 -0.001265 759


-0.002430 0.001791 -0.001265 760
-0.002527 0.001758 -0.001265 761


0.000684 -0.002002 -0.001265 828
0.000836 -0.002023 -0.001265 829


0.002649 -0.001363 -0.001265 842
0.002751 -0.001249 -0.001265 843


0.003462 -0.001641 -0.001265 556
0.003381 -0.001744 -0.001265 557


0.003677 0.001641 -0.001265 705
0.003739 0.001526 -0.001265 706


-0.002169 -0.002331 -0.001265 596
-0.002351 -0.002300 -0.001265 597


-0.004317 0.000920 -0.001265 636
-0.004282 0.001024 -0.001265 637


-0.001622 -0.002424 -0.001265 593
-0.001804 -0.002393 -0.001265 594


-0.002024 -0.001533 -0.001265 806
-0.001921 -0.001535 -0.001265 807


0.000102 0.002142 -0.001265 882
-0.000034 0.002070 -0.001265 883


-0.002229 -0.001509 -0.001265 804
-0.002127 -0.001524 -0.001265 805


0.000019 0.003030 -0.001265 674
0.000201 0.003061 -0.001265 675


0.000836 0.002353 -0.001265 877
0.000684 0.002331 -0.001265 878


0.001296 0.002353 -0.001265 874
0.001143 0.002363 -0.001265 875


