0.000701 -0.000766 0.000910 62
0.000701 -0.000766 0.000810 63


0.000701 -0.000766 0.000810 63
0.000790 -0.000796 0.000810 64


0.000790 -0.000796 0.000810 64
0.000880 -0.000818 0.000810 65


0.000701 -0.000766 0.001010 61
0.000701 -0.000766 0.000910 62


0.001690 -0.000616 0.000910 108
0.001690 -0.000616 0.000810 109


0.001690 -0.000616 0.000810 109
0.001774 -0.000542 0.000810 110


0.001774 -0.000542 0.000810 110
0.001848 -0.000458 0.000810 111


0.001690 -0.000616 0.001010 107
0.001690 -0.000616 0.000910 108


0.001690 0.000946 0.001021 128
0.001688 0.000948 0.001033 129


0.001690 0.000946 0.001010 127
0.001690 0.000946 0.001021 128


0.001681 0.000953 0.001055 131
0.001681 0.000953 0.001208 132


0.001681 0.000953 0.001208 132
0.001681 0.000953 0.001360 1


0.000450 -0.000623 0.001360 33
0.000450 -0.000623 0.001208 34


0.000450 -0.000623 0.001208 34
0.000450 -0.000623 0.001055 35


0.000450 -0.000623 0.001055 35
0.000456 -0.000628 0.001067 36


0.000456 -0.000628 0.001067 36
0.000463 -0.000633 0.001078 37


0.001437 -0.000764 0.001048 77
0.001441 -0.000762 0.001057 78


0.001441 -0.000762 0.001057 78
0.001446 -0.000760 0.001065 79


0.000973 -0.000831 0.000810 66
0.001066 -0.000835 0.000810 67


0.000880 -0.000818 0.000810 65
0.000973 -0.000831 0.000810 66


0.001756 0.000889 0.001360 2
0.001823 0.000818 0.001360 3


0.001681 0.000953 0.001360 1
0.001756 0.000889 0.001360 2


0.001688 0.000948 0.001033 129
0.001685 0.000950 0.001045 130


0.001685 0.000950 0.001045 130
0.001681 0.000953 0.001055 131


0.001446 -0.000760 0.001065 79
0.001452 -0.000758 0.001073 80


0.001452 -0.000758 0.001073 80
0.001458 -0.000755 0.001080 81


0.001689 -0.000618 0.001029 105
0.001690 -0.000617 0.001019 106


0.001690 -0.000617 0.001019 106
0.001690 -0.000616 0.001010 107


0.000701 -0.000766 0.001019 60
0.000701 -0.000766 0.001010 61


0.000700 -0.000766 0.001029 59
0.000701 -0.000766 0.001019 60


0.001458 -0.000755 0.001080 81
0.001464 -0.000752 0.001087 82


0.001464 -0.000752 0.001087 82
0.001472 -0.000749 0.001093 83


0.000697 -0.000765 0.001039 58
0.000700 -0.000766 0.001029 59


0.000694 -0.000764 0.001048 57
0.000697 -0.000765 0.001039 58


0.001667 -0.000635 0.001080 99
0.001672 -0.000631 0.001073 100


0.001672 -0.000631 0.001073 100
0.001677 -0.000627 0.001065 101


0.000686 -0.000760 0.001065 55
0.000690 -0.000762 0.001057 56


0.000690 -0.000762 0.001057 56
0.000694 -0.000764 0.001048 57


0.000706 -0.000768 0.001360 30
0.000616 -0.000728 0.001360 31


0.000799 -0.000799 0.001360 29
0.000706 -0.000768 0.001360 30


0.001285 -0.000811 0.001360 24
0.001188 -0.000828 0.001360 25


0.001379 -0.000785 0.001360 23
0.001285 -0.000811 0.001360 24


0.000667 -0.000752 0.001087 52
0.000674 -0.000755 0.001080 53


0.000660 -0.000749 0.001093 51
0.000667 -0.000752 0.001087 52


0.001661 -0.000639 0.001087 98
0.001667 -0.000635 0.001080 99


0.001654 -0.000644 0.001093 97
0.001661 -0.000639 0.001087 98


0.000463 -0.000633 0.001078 37
0.000471 -0.000639 0.001087 38


0.000471 -0.000639 0.001087 38
0.000480 -0.000646 0.001095 39


0.001640 -0.000654 0.001102 95
0.001648 -0.000649 0.001098 96


0.001648 -0.000649 0.001098 96
0.001654 -0.000644 0.001093 97


0.000652 -0.000746 0.001098 50
0.000660 -0.000749 0.001093 51


0.000644 -0.000742 0.001102 49
0.000652 -0.000746 0.001098 50


0.001472 -0.000749 0.001093 83
0.001479 -0.000746 0.001098 84


0.001479 -0.000746 0.001098 84
0.001487 -0.000742 0.001102 85


0.001559 -0.000705 0.001360 21
0.001471 -0.000750 0.001360 22


0.001471 -0.000750 0.001360 22
0.001379 -0.000785 0.001360 23


0.001487 -0.000742 0.001102 85
0.001496 -0.000738 0.001105 86


0.001496 -0.000738 0.001105 86
0.001504 -0.000734 0.001108 87


0.000636 -0.000738 0.001105 48
0.000644 -0.000742 0.001102 49


0.000627 -0.000734 0.001108 47
0.000636 -0.000738 0.001105 48


0.000619 -0.000730 0.001109 46
0.000627 -0.000734 0.001108 47


0.000610 -0.000725 0.001110 45
0.000619 -0.000730 0.001109 46


0.000566 -0.000701 0.001110 44
0.000610 -0.000725 0.001110 45


0.000523 -0.000675 0.001110 43
0.000566 -0.000701 0.001110 44


0.001633 -0.000659 0.001105 94
0.001640 -0.000654 0.001102 95


0.001625 -0.000664 0.001108 93
0.001633 -0.000659 0.001105 94


0.001641 -0.000653 0.001360 20
0.001559 -0.000705 0.001360 21


0.001719 -0.000593 0.001360 19
0.001641 -0.000653 0.001360 20


0.001609 -0.000675 0.001110 91
0.001617 -0.000670 0.001109 92


0.001617 -0.000670 0.001109 92
0.001625 -0.000664 0.001108 93


0.001504 -0.000734 0.001108 87
0.001513 -0.000730 0.001109 88


0.001513 -0.000730 0.001109 88
0.001522 -0.000725 0.001110 89


0.001522 -0.000725 0.001110 89
0.001566 -0.000701 0.001110 90


0.001566 -0.000701 0.001110 90
0.001609 -0.000675 0.001110 91


0.000480 -0.000646 0.001095 39
0.000490 -0.000653 0.001101 40


0.000490 -0.000653 0.001101 40
0.000501 -0.000660 0.001106 41


0.000501 -0.000660 0.001106 41
0.000512 -0.000668 0.001109 42


0.000512 -0.000668 0.001109 42
0.000523 -0.000675 0.001110 43


0.000616 -0.000728 0.001360 31
0.000531 -0.000680 0.001360 32


0.000531 -0.000680 0.001360 32
0.000450 -0.000623 0.001360 33


0.001687 -0.000619 0.001039 104
0.001689 -0.000618 0.001029 105


0.001684 -0.000621 0.001048 103
0.001687 -0.000619 0.001039 104


0.001430 -0.000766 0.000910 72
0.001430 -0.000766 0.001010 73


0.001342 -0.000796 0.000810 70
0.001430 -0.000766 0.000810 71


0.001430 -0.000766 0.000810 71
0.001430 -0.000766 0.000910 72


0.000992 -0.000833 0.001360 27
0.000895 -0.000820 0.001360 28


0.000895 -0.000820 0.001360 28
0.000799 -0.000799 0.001360 29


0.001159 -0.000831 0.000810 68
0.001251 -0.000818 0.000810 69


0.001066 -0.000835 0.000810 67
0.001159 -0.000831 0.000810 68


0.001774 0.000871 0.000810 124
0.001690 0.000946 0.000810 125


0.001690 0.000946 0.000810 125
0.001690 0.000946 0.000910 126


0.001690 0.000946 0.000910 126
0.001690 0.000946 0.001010 127


0.001848 0.000788 0.000810 123
0.001774 0.000871 0.000810 124


0.001823 0.000818 0.001360 3
0.001884 0.000740 0.001360 4


0.001884 0.000740 0.001360 4
0.001936 0.000657 0.001360 5


0.001913 0.000696 0.000810 122
0.001848 0.000788 0.000810 123


0.001967 0.000598 0.000810 121
0.001913 0.000696 0.000810 122


0.001936 0.000657 0.001360 5
0.001980 0.000570 0.001360 6


0.001980 0.000570 0.001360 6
0.002015 0.000478 0.001360 7


0.002042 0.000384 0.001360 8
0.002058 0.000287 0.001360 9


0.002015 0.000478 0.001360 7
0.002042 0.000384 0.001360 8


0.002058 0.000287 0.001360 9
0.002066 0.000189 0.001360 10


0.002066 0.000189 0.001360 10
0.002063 0.000091 0.001360 11


0.001999 -0.000195 0.001360 14
0.001959 -0.000285 0.001360 15


0.002030 -0.000102 0.001360 13
0.001999 -0.000195 0.001360 14


0.001848 -0.000458 0.000810 111
0.001913 -0.000367 0.000810 112


0.001913 -0.000367 0.000810 112
0.001967 -0.000269 0.000810 113


0.001432 -0.000766 0.001029 75
0.001434 -0.000765 0.001039 76


0.001434 -0.000765 0.001039 76
0.001437 -0.000764 0.001048 77


0.001251 -0.000818 0.000810 69
0.001342 -0.000796 0.000810 70


0.001677 -0.000627 0.001065 101
0.001681 -0.000624 0.001057 102


0.001681 -0.000624 0.001057 102
0.001684 -0.000621 0.001048 103


0.001959 -0.000285 0.001360 15
0.001911 -0.000370 0.001360 16


0.001911 -0.000370 0.001360 16
0.001854 -0.000451 0.001360 17


0.000674 -0.000755 0.001080 53
0.000680 -0.000758 0.001073 54


0.000680 -0.000758 0.001073 54
0.000686 -0.000760 0.001065 55


0.002066 0.000165 0.000810 117
0.002060 0.000277 0.000810 118


0.002060 0.000277 0.000810 118
0.002041 0.000387 0.000810 119


0.002041 -0.000058 0.000810 115
0.002060 0.000053 0.000810 116


0.002060 0.000053 0.000810 116
0.002066 0.000165 0.000810 117


0.001854 -0.000451 0.001360 17
0.001790 -0.000525 0.001360 18


0.001790 -0.000525 0.001360 18
0.001719 -0.000593 0.001360 19


0.001188 -0.000828 0.001360 25
0.001090 -0.000835 0.001360 26


0.001090 -0.000835 0.001360 26
0.000992 -0.000833 0.001360 27


0.002041 0.000387 0.000810 119
0.002010 0.000495 0.000810 120


0.002010 0.000495 0.000810 120
0.001967 0.000598 0.000810 121


0.002063 0.000091 0.001360 11
0.002051 -0.000006 0.001360 12


0.002051 -0.000006 0.001360 12
0.002030 -0.000102 0.001360 13


0.001967 -0.000269 0.000810 113
0.002010 -0.000165 0.000810 114


0.002010 -0.000165 0.000810 114
0.002041 -0.000058 0.000810 115


0.001430 -0.000766 0.001010 73
0.001431 -0.000766 0.001019 74


0.001431 -0.000766 0.001019 74
0.001432 -0.000766 0.001029 75


