-0.002350 0.002070 -0.001078 10
-0.002350 0.002070 -0.000890 9


-0.002320 0.002063 -0.001265 13
-0.002335 0.002066 -0.001265 12


-0.002335 0.002066 -0.001265 12
-0.002350 0.002070 -0.001265 11


-0.002350 0.002070 -0.001265 11
-0.002350 0.002070 -0.001078 10


-0.002226 0.002450 -0.001078 52
-0.002226 0.002450 -0.001265 51


-0.002201 0.002440 -0.000890 55
-0.002214 0.002446 -0.000890 54


-0.002214 0.002446 -0.000890 54
-0.002226 0.002450 -0.000890 53


-0.002226 0.002450 -0.000890 53
-0.002226 0.002450 -0.001078 52


-0.002128 0.002380 -0.000890 62
-0.002137 0.002391 -0.000890 61


-0.002121 0.002369 -0.000890 63
-0.002128 0.002380 -0.000890 62


-0.002127 0.002379 -0.001265 43
-0.002118 0.002366 -0.001265 42


-0.002118 0.002366 -0.001265 42
-0.002111 0.002352 -0.001265 41


-0.002148 0.002402 -0.001265 45
-0.002137 0.002391 -0.001265 44


-0.002137 0.002391 -0.001265 44
-0.002127 0.002379 -0.001265 43


-0.002137 0.002391 -0.000890 61
-0.002146 0.002401 -0.000890 60


-0.002146 0.002401 -0.000890 60
-0.002156 0.002410 -0.000890 59


-0.002171 0.002422 -0.001265 47
-0.002159 0.002413 -0.001265 46


-0.002159 0.002413 -0.001265 46
-0.002148 0.002402 -0.001265 45


-0.002156 0.002410 -0.000890 59
-0.002167 0.002419 -0.000890 58


-0.002167 0.002419 -0.000890 58
-0.002178 0.002427 -0.000890 57


-0.002198 0.002438 -0.001265 49
-0.002184 0.002431 -0.001265 48


-0.002184 0.002431 -0.001265 48
-0.002171 0.002422 -0.001265 47


-0.002107 0.002345 -0.000890 65
-0.002114 0.002357 -0.000890 64


-0.002114 0.002357 -0.000890 64
-0.002121 0.002369 -0.000890 63


-0.002111 0.002352 -0.001265 41
-0.002104 0.002338 -0.001265 40


-0.002104 0.002338 -0.001265 40
-0.002098 0.002323 -0.001265 39


-0.002178 0.002427 -0.000890 57
-0.002189 0.002434 -0.000890 56


-0.002189 0.002434 -0.000890 56
-0.002201 0.002440 -0.000890 55


-0.002212 0.002445 -0.001265 50
-0.002198 0.002438 -0.001265 49


-0.002226 0.002450 -0.001265 51
-0.002212 0.002445 -0.001265 50


-0.002097 0.002320 -0.000890 67
-0.002102 0.002333 -0.000890 66


-0.002102 0.002333 -0.000890 66
-0.002107 0.002345 -0.000890 65


-0.002098 0.002323 -0.001265 39
-0.002094 0.002308 -0.001265 38


-0.002094 0.002308 -0.001265 38
-0.002091 0.002292 -0.001265 37


-0.002157 0.002109 -0.000890 84
-0.002147 0.002119 -0.000890 83


-0.002167 0.002101 -0.000890 1
-0.002157 0.002109 -0.000890 84


-0.002147 0.002119 -0.000890 83
-0.002138 0.002129 -0.000890 82


-0.002138 0.002129 -0.000890 82
-0.002129 0.002139 -0.000890 81


-0.002126 0.002143 -0.001265 27
-0.002136 0.002131 -0.001265 26


-0.002136 0.002131 -0.001265 26
-0.002147 0.002119 -0.001265 25


-0.002129 0.002139 -0.000890 81
-0.002121 0.002150 -0.000890 80


-0.002121 0.002150 -0.000890 80
-0.002114 0.002162 -0.000890 79


-0.002110 0.002170 -0.001265 29
-0.002117 0.002156 -0.001265 28


-0.002117 0.002156 -0.001265 28
-0.002126 0.002143 -0.001265 27


-0.002114 0.002162 -0.000890 79
-0.002108 0.002174 -0.000890 78


-0.002108 0.002174 -0.000890 78
-0.002102 0.002186 -0.000890 77


-0.002098 0.002199 -0.001265 31
-0.002103 0.002184 -0.001265 30


-0.002103 0.002184 -0.001265 30
-0.002110 0.002170 -0.001265 29


-0.002102 0.002186 -0.000890 77
-0.002098 0.002199 -0.000890 76


-0.002098 0.002199 -0.000890 76
-0.002094 0.002212 -0.000890 75


-0.002091 0.002230 -0.001265 33
-0.002094 0.002214 -0.001265 32


-0.002094 0.002214 -0.001265 32
-0.002098 0.002199 -0.001265 31


-0.002094 0.002212 -0.000890 75
-0.002091 0.002226 -0.000890 74


-0.002091 0.002226 -0.000890 74
-0.002089 0.002239 -0.000890 73


-0.002088 0.002261 -0.001265 35
-0.002089 0.002245 -0.001265 34


-0.002089 0.002245 -0.001265 34
-0.002091 0.002230 -0.001265 33


-0.002089 0.002239 -0.000890 73
-0.002088 0.002253 -0.000890 72


-0.002088 0.002253 -0.000890 72
-0.002088 0.002266 -0.000890 71


-0.002091 0.002292 -0.001265 37
-0.002089 0.002277 -0.001265 36


-0.002089 0.002277 -0.001265 36
-0.002088 0.002261 -0.001265 35


-0.002088 0.002266 -0.000890 71
-0.002089 0.002280 -0.000890 70


-0.002089 0.002280 -0.000890 70
-0.002091 0.002293 -0.000890 69


-0.002091 0.002293 -0.000890 69
-0.002094 0.002307 -0.000890 68


-0.002094 0.002307 -0.000890 68
-0.002097 0.002320 -0.000890 67


-0.002147 0.002119 -0.001265 25
-0.002158 0.002108 -0.001265 24


-0.002158 0.002108 -0.001265 24
-0.002170 0.002099 -0.001265 23


-0.002170 0.002099 -0.001265 23
-0.002183 0.002090 -0.001265 22


-0.002183 0.002090 -0.001265 22
-0.002197 0.002082 -0.001265 21


-0.002211 0.002075 -0.001265 20
-0.002226 0.002070 -0.001265 19


-0.002197 0.002082 -0.001265 21
-0.002211 0.002075 -0.001265 20


-0.002209 0.002077 -0.000890 3
-0.002187 0.002087 -0.000890 2


-0.002187 0.002087 -0.000890 2
-0.002167 0.002101 -0.000890 1


-0.002255 0.002063 -0.000889 5
-0.002232 0.002068 -0.000889 4


-0.002232 0.002068 -0.000889 4
-0.002209 0.002077 -0.000890 3


-0.002226 0.002070 -0.001265 19
-0.002241 0.002066 -0.001265 18


-0.002241 0.002066 -0.001265 18
-0.002257 0.002063 -0.001265 17


-0.002257 0.002063 -0.001265 17
-0.002272 0.002061 -0.001265 16


-0.002272 0.002061 -0.001265 16
-0.002288 0.002060 -0.001265 15


-0.002304 0.002061 -0.001265 14
-0.002320 0.002063 -0.001265 13


-0.002288 0.002060 -0.001265 15
-0.002304 0.002061 -0.001265 14


-0.002303 0.002061 -0.000890 7
-0.002279 0.002060 -0.000889 6


-0.002279 0.002060 -0.000889 6
-0.002255 0.002063 -0.000889 5


-0.002327 0.002064 -0.000890 8
-0.002303 0.002061 -0.000890 7


-0.002350 0.002070 -0.000890 9
-0.002327 0.002064 -0.000890 8


