0.003462 0.001621 -0.001078 48
0.003462 0.001621 -0.001265 47


0.003462 0.001594 -0.000890 51
0.003462 0.001607 -0.000890 50


0.003462 0.001607 -0.000890 50
0.003462 0.001621 -0.000890 49


0.003462 0.001621 -0.000890 49
0.003462 0.001621 -0.001078 48


0.003063 0.001584 -0.001078 10
0.003063 0.001584 -0.000890 9


0.003069 0.001551 -0.001265 13
0.003065 0.001567 -0.001265 12


0.003065 0.001567 -0.001265 12
0.003063 0.001584 -0.001265 11


0.003063 0.001584 -0.001265 11
0.003063 0.001584 -0.001078 10


0.003436 0.001503 -0.000890 58
0.003443 0.001515 -0.000890 57


0.003429 0.001492 -0.000890 59
0.003436 0.001503 -0.000890 58


0.003413 0.001470 -0.000890 61
0.003421 0.001481 -0.000890 60


0.003421 0.001481 -0.000890 60
0.003429 0.001492 -0.000890 59


0.003446 0.001522 -0.001265 43
0.003438 0.001507 -0.001265 42


0.003438 0.001507 -0.001265 42
0.003430 0.001493 -0.001265 41


0.003443 0.001515 -0.000890 57
0.003448 0.001528 -0.000890 56


0.003448 0.001528 -0.000890 56
0.003453 0.001540 -0.000890 55


0.003460 0.001570 -0.001265 45
0.003454 0.001546 -0.001265 44


0.003454 0.001546 -0.001265 44
0.003446 0.001522 -0.001265 43


0.003336 0.001416 -0.000890 68
0.003348 0.001421 -0.000890 67


0.003323 0.001411 -0.000890 69
0.003336 0.001416 -0.000890 68


0.003328 0.001413 -0.001265 33
0.003312 0.001408 -0.001265 32


0.003312 0.001408 -0.001265 32
0.003296 0.001405 -0.001265 31


0.003358 0.001426 -0.001265 35
0.003343 0.001419 -0.001265 34


0.003343 0.001419 -0.001265 34
0.003328 0.001413 -0.001265 33


0.003348 0.001421 -0.000890 67
0.003360 0.001428 -0.000890 66


0.003360 0.001428 -0.000890 66
0.003372 0.001435 -0.000890 65


0.003386 0.001445 -0.001265 37
0.003372 0.001435 -0.001265 36


0.003372 0.001435 -0.001265 36
0.003358 0.001426 -0.001265 35


0.003372 0.001435 -0.000890 65
0.003383 0.001442 -0.000890 64


0.003383 0.001442 -0.000890 64
0.003394 0.001451 -0.000890 63


0.003410 0.001467 -0.001265 39
0.003398 0.001455 -0.001265 38


0.003398 0.001455 -0.001265 38
0.003386 0.001445 -0.001265 37


0.003394 0.001451 -0.000890 63
0.003403 0.001460 -0.000890 62


0.003403 0.001460 -0.000890 62
0.003413 0.001470 -0.000890 61


0.003421 0.001480 -0.001265 40
0.003410 0.001467 -0.001265 39


0.003430 0.001493 -0.001265 41
0.003421 0.001480 -0.001265 40


0.003229 0.001405 -0.000890 76
0.003243 0.001403 -0.000890 75


0.003216 0.001407 -0.000890 77
0.003229 0.001405 -0.000890 76


0.003263 0.001402 -0.001265 29
0.003247 0.001403 -0.001265 28


0.003247 0.001403 -0.001265 28
0.003231 0.001405 -0.001265 27


0.003231 0.001405 -0.001265 27
0.003214 0.001408 -0.001265 26


0.003214 0.001408 -0.001265 26
0.003199 0.001412 -0.001265 25


0.003190 0.001416 -0.000890 79
0.003203 0.001411 -0.000890 78


0.003203 0.001411 -0.000890 78
0.003216 0.001407 -0.000890 77


0.003199 0.001412 -0.001265 25
0.003183 0.001418 -0.001265 24


0.003183 0.001418 -0.001265 24
0.003168 0.001425 -0.001265 23


0.003243 0.001403 -0.000890 75
0.003256 0.001402 -0.000890 74


0.003256 0.001402 -0.000890 74
0.003270 0.001402 -0.000890 73


0.003296 0.001405 -0.001265 31
0.003280 0.001403 -0.001265 30


0.003280 0.001403 -0.001265 30
0.003263 0.001402 -0.001265 29


0.003166 0.001427 -0.000890 1
0.003178 0.001421 -0.000890 80


0.003178 0.001421 -0.000890 80
0.003190 0.001416 -0.000890 79


0.003168 0.001425 -0.001265 23
0.003154 0.001434 -0.001265 22


0.003154 0.001434 -0.001265 22
0.003141 0.001443 -0.001265 21


0.003270 0.001402 -0.000890 73
0.003283 0.001403 -0.000890 72


0.003283 0.001403 -0.000890 72
0.003297 0.001405 -0.000890 71


0.003297 0.001405 -0.000890 71
0.003310 0.001408 -0.000890 70


0.003310 0.001408 -0.000890 70
0.003323 0.001411 -0.000890 69


0.003461 0.001580 -0.000890 52
0.003462 0.001594 -0.000890 51


0.003459 0.001567 -0.000890 53
0.003461 0.001580 -0.000890 52


0.003453 0.001540 -0.000890 55
0.003456 0.001553 -0.000890 54


0.003456 0.001553 -0.000890 54
0.003459 0.001567 -0.000890 53


0.003462 0.001595 -0.001265 46
0.003460 0.001570 -0.001265 45


0.003462 0.001621 -0.001265 47
0.003462 0.001595 -0.001265 46


0.003126 0.001455 -0.000890 3
0.003145 0.001440 -0.000890 2


0.003145 0.001440 -0.000890 2
0.003166 0.001427 -0.000890 1


0.003141 0.001443 -0.001265 21
0.003128 0.001454 -0.001265 20


0.003128 0.001454 -0.001265 20
0.003116 0.001465 -0.001265 19


0.003095 0.001493 -0.000889 5
0.003110 0.001473 -0.000889 4


0.003110 0.001473 -0.000889 4
0.003126 0.001455 -0.000890 3


0.003106 0.001478 -0.001265 18
0.003096 0.001491 -0.001265 17


0.003116 0.001465 -0.001265 19
0.003106 0.001478 -0.001265 18


0.003096 0.001491 -0.001265 17
0.003087 0.001505 -0.001265 16


0.003087 0.001505 -0.001265 16
0.003080 0.001520 -0.001265 15


0.003074 0.001536 -0.000890 7
0.003083 0.001514 -0.000889 6


0.003083 0.001514 -0.000889 6
0.003095 0.001493 -0.000889 5


0.003080 0.001520 -0.001265 15
0.003074 0.001535 -0.001265 14


0.003074 0.001535 -0.001265 14
0.003069 0.001551 -0.001265 13


0.003067 0.001559 -0.000890 8
0.003074 0.001536 -0.000890 7


0.003063 0.001584 -0.000890 9
0.003067 0.001559 -0.000890 8


