0.004471 -0.000081 -0.001065 18
0.004566 -0.000081 -0.001065 17


0.004566 -0.000081 -0.001065 17
0.004566 -0.000015 -0.001089 16


0.004566 -0.000015 -0.001089 16
0.004566 0.000054 -0.001106 15


0.004376 -0.000081 -0.001065 19
0.004471 -0.000081 -0.001065 18


0.004566 0.000123 -0.001114 14
0.004566 0.000194 -0.001115 13


0.004566 0.000054 -0.001106 15
0.004566 0.000123 -0.001114 14


0.003240 -0.000081 -0.001065 31
0.003335 -0.000081 -0.001065 30


0.003335 -0.000081 -0.001065 30
0.003429 -0.000081 -0.001065 29


0.003065 0.000039 -0.001103 35
0.003058 -0.000022 -0.001087 34


0.003058 -0.000022 -0.001087 34
0.003051 -0.000081 -0.001065 33


0.003051 -0.000081 -0.001065 33
0.003145 -0.000081 -0.001065 32


0.003145 -0.000081 -0.001065 32
0.003240 -0.000081 -0.001065 31


0.004092 -0.000081 -0.001065 22
0.004187 -0.000081 -0.001065 21


0.003998 -0.000081 -0.001065 23
0.004092 -0.000081 -0.001065 22


0.004282 -0.000081 -0.001065 20
0.004376 -0.000081 -0.001065 19


0.002979 0.000748 -0.000267 62
0.002974 0.000763 -0.000310 61


0.002984 0.000730 -0.000225 63
0.002979 0.000748 -0.000267 62


0.003032 0.000529 0.000017 70
0.003025 0.000565 -0.000011 69


0.003039 0.000491 0.000042 71
0.003032 0.000529 0.000017 70


0.003045 0.000452 0.000064 72
0.003039 0.000491 0.000042 71


0.003240 0.000410 0.000084 75
0.003145 0.000410 0.000084 74


0.003145 0.000410 0.000084 74
0.003051 0.000410 0.000084 73


0.003051 0.000410 0.000084 73
0.003045 0.000452 0.000064 72


0.003018 0.000599 -0.000041 68
0.003011 0.000630 -0.000074 67


0.003025 0.000565 -0.000011 69
0.003018 0.000599 -0.000041 68


0.003429 0.000410 0.000084 77
0.003335 0.000410 0.000084 76


0.003335 0.000410 0.000084 76
0.003240 0.000410 0.000084 75


0.004566 0.000764 -0.000668 2
0.004566 0.000780 -0.000599 1


0.004566 0.000741 -0.000734 3
0.004566 0.000764 -0.000668 2


0.003039 0.000491 -0.001024 43
0.003045 0.000452 -0.001046 42


0.003045 0.000452 -0.001046 42
0.003051 0.000410 -0.001065 41


0.004566 0.000586 -0.000029 93
0.004566 0.000546 0.000005 92


0.004566 0.000546 0.000005 92
0.004566 0.000503 0.000035 91


0.003903 0.000410 0.000084 82
0.003808 0.000410 0.000084 81


0.003998 0.000410 0.000084 83
0.003903 0.000410 0.000084 82


0.002974 0.000763 -0.000310 61
0.002971 0.000775 -0.000354 60


0.002971 0.000775 -0.000354 60
0.002968 0.000783 -0.000400 59


0.004566 0.000714 -0.000193 97
0.004566 0.000688 -0.000148 96


0.004566 0.000688 -0.000148 96
0.004566 0.000657 -0.000106 95


0.004566 0.000737 -0.000240 98
0.004566 0.000714 -0.000193 97


0.004566 0.000756 -0.000289 99
0.004566 0.000737 -0.000240 98


0.004282 0.000410 0.000084 86
0.004187 0.000410 0.000084 85


0.004376 0.000410 0.000084 87
0.004282 0.000410 0.000084 86


0.004566 0.000458 0.000061 90
0.004566 0.000410 0.000084 89


0.004566 0.000410 0.000084 89
0.004471 0.000410 0.000084 88


0.004471 0.000410 0.000084 88
0.004376 0.000410 0.000084 87


0.004566 0.000503 0.000035 91
0.004566 0.000458 0.000061 90


0.002966 0.000790 -0.000491 57
0.002966 0.000788 -0.000537 56


0.002966 0.000788 -0.000537 56
0.002968 0.000783 -0.000582 55


0.004566 0.000780 -0.000599 1
0.004566 0.000787 -0.000547 104


0.004566 0.000787 -0.000547 104
0.004566 0.000790 -0.000495 103


0.003011 0.000630 -0.000908 47
0.003018 0.000599 -0.000940 46


0.003018 0.000599 -0.000940 46
0.003025 0.000565 -0.000971 45


0.002971 0.000775 -0.000628 54
0.002974 0.000763 -0.000672 53


0.002968 0.000783 -0.000582 55
0.002971 0.000775 -0.000628 54


0.004566 0.000577 -0.000960 7
0.004566 0.000628 -0.000911 6


0.004566 0.000628 -0.000911 6
0.004566 0.000672 -0.000856 5


0.003070 0.000101 -0.001112 36
0.003065 0.000039 -0.001103 35


0.004566 0.000522 -0.001003 8
0.004566 0.000577 -0.000960 7


0.004566 0.000462 -0.001040 9
0.004566 0.000522 -0.001003 8


0.003072 0.000165 -0.001116 37
0.003070 0.000101 -0.001112 36


0.003619 -0.000081 -0.001065 27
0.003714 -0.000081 -0.001065 26


0.003714 -0.000081 -0.001065 26
0.003808 -0.000081 -0.001065 25


0.004187 -0.000081 -0.001065 21
0.004282 -0.000081 -0.001065 20


0.004566 0.000657 -0.000106 95
0.004566 0.000623 -0.000066 94


0.004566 0.000623 -0.000066 94
0.004566 0.000586 -0.000029 93


0.004566 0.000790 -0.000495 103
0.004566 0.000788 -0.000443 102


0.004566 0.000788 -0.000443 102
0.004566 0.000782 -0.000391 101


0.004566 0.000332 -0.001093 11
0.004566 0.000399 -0.001070 10


0.004566 0.000399 -0.001070 10
0.004566 0.000462 -0.001040 9


0.002997 0.000686 -0.000145 65
0.002990 0.000709 -0.000184 64


0.002990 0.000709 -0.000184 64
0.002984 0.000730 -0.000225 63


0.004566 0.000194 -0.001115 13
0.004566 0.000264 -0.001108 12


0.004566 0.000264 -0.001108 12
0.004566 0.000332 -0.001093 11


0.003808 0.000410 0.000084 81
0.003714 0.000410 0.000084 80


0.003714 0.000410 0.000084 80
0.003619 0.000410 0.000084 79


0.002968 0.000783 -0.000400 59
0.002966 0.000788 -0.000445 58


0.002966 0.000788 -0.000445 58
0.002966 0.000790 -0.000491 57


0.003025 0.000565 -0.000971 45
0.003032 0.000529 -0.000999 44


0.003032 0.000529 -0.000999 44
0.003039 0.000491 -0.001024 43


0.003011 0.000630 -0.000074 67
0.003004 0.000659 -0.000108 66


0.003004 0.000659 -0.000108 66
0.002997 0.000686 -0.000145 65


0.003808 -0.000081 -0.001065 25
0.003903 -0.000081 -0.001065 24


0.003903 -0.000081 -0.001065 24
0.003998 -0.000081 -0.001065 23


0.004566 0.000782 -0.000391 101
0.004566 0.000771 -0.000339 100


0.004566 0.000771 -0.000339 100
0.004566 0.000756 -0.000289 99


0.002997 0.000686 -0.000836 49
0.003004 0.000659 -0.000873 48


0.003004 0.000659 -0.000873 48
0.003011 0.000630 -0.000908 47


0.002984 0.000730 -0.000757 51
0.002990 0.000709 -0.000797 50


0.002990 0.000709 -0.000797 50
0.002997 0.000686 -0.000836 49


0.003066 0.000290 -0.001103 39
0.003070 0.000228 -0.001113 38


0.003070 0.000228 -0.001113 38
0.003072 0.000165 -0.001116 37


0.003051 0.000410 -0.001065 41
0.003058 0.000351 -0.001087 40


0.003058 0.000351 -0.001087 40
0.003066 0.000290 -0.001103 39


0.002974 0.000763 -0.000672 53
0.002979 0.000748 -0.000715 52


0.002979 0.000748 -0.000715 52
0.002984 0.000730 -0.000757 51


0.004566 0.000672 -0.000856 5
0.004566 0.000710 -0.000797 4


0.004566 0.000710 -0.000797 4
0.004566 0.000741 -0.000734 3


0.004187 0.000410 0.000084 85
0.004092 0.000410 0.000084 84


0.004092 0.000410 0.000084 84
0.003998 0.000410 0.000084 83


0.003619 0.000410 0.000084 79
0.003524 0.000410 0.000084 78


0.003524 0.000410 0.000084 78
0.003429 0.000410 0.000084 77


0.003429 -0.000081 -0.001065 29
0.003524 -0.000081 -0.001065 28


0.003524 -0.000081 -0.001065 28
0.003619 -0.000081 -0.001065 27


