0.003058 0.000351 -0.001087 8
0.003051 0.000410 -0.001065 9


0.003066 0.000290 -0.001103 7
0.003058 0.000351 -0.001087 8


-0.000166 0.001742 -0.001085 42
-0.000167 0.001744 -0.001104 43


-0.000165 0.001741 -0.001065 41
-0.000166 0.001742 -0.001085 42


-0.000193 0.001777 -0.001192 48
-0.000201 0.001787 -0.001207 49


-0.000186 0.001768 -0.001177 47
-0.000193 0.001777 -0.001192 48


-0.000170 0.001748 -0.001123 44
-0.000174 0.001753 -0.001142 45


-0.000167 0.001744 -0.001104 43
-0.000170 0.001748 -0.001123 44


-0.000179 0.001760 -0.001160 46
-0.000186 0.001768 -0.001177 47


-0.000174 0.001753 -0.001142 45
-0.000179 0.001760 -0.001160 46


-0.000058 -0.001489 -0.001065 138
0.000053 -0.001560 -0.001065 139


-0.000165 -0.001412 -0.001065 137
-0.000058 -0.001489 -0.001065 138


-0.000167 -0.001415 -0.001104 135
-0.000166 -0.001412 -0.001085 136


-0.000166 -0.001412 -0.001085 136
-0.000165 -0.001412 -0.001065 137


-0.000170 -0.001418 -0.001123 134
-0.000167 -0.001415 -0.001104 135


-0.000201 -0.001458 -0.001207 129
-0.000193 -0.001447 -0.001192 130


-0.000193 -0.001447 -0.001192 130
-0.000186 -0.001438 -0.001177 131


-0.000186 -0.001438 -0.001177 131
-0.000179 -0.001430 -0.001160 132


-0.000179 -0.001430 -0.001160 132
-0.000174 -0.001424 -0.001142 133


-0.000241 -0.001509 -0.001250 125
-0.000230 -0.001495 -0.001242 126


-0.000230 -0.001495 -0.001242 126
-0.000220 -0.001482 -0.001232 127


-0.000276 -0.001554 -0.001264 122
-0.000264 -0.001539 -0.001262 123


-0.000288 -0.001569 -0.001265 121
-0.000276 -0.001554 -0.001264 122


-0.000252 0.001853 -0.001257 54
-0.000264 0.001868 -0.001262 55


-0.000241 0.001839 -0.001250 53
-0.000252 0.001853 -0.001257 54


0.003051 -0.000081 -0.001065 1
0.003058 -0.000022 -0.001087 2


0.003058 -0.000022 -0.001087 2
0.003065 0.000039 -0.001103 3


0.000169 -0.001623 -0.001065 140
0.000289 -0.001678 -0.001065 141


0.000053 -0.001560 -0.001065 139
0.000169 -0.001623 -0.001065 140


-0.000174 -0.001424 -0.001142 133
-0.000170 -0.001418 -0.001123 134


0.000990 -0.002034 -0.001265 112
0.000836 -0.002023 -0.001265 113


0.001143 -0.002034 -0.001265 111
0.000990 -0.002034 -0.001265 112


0.001191 0.002161 -0.001065 30
0.001059 0.002165 -0.001065 31


0.001322 0.002148 -0.001065 29
0.001191 0.002161 -0.001065 30


0.001448 -0.002002 -0.001265 109
0.001296 -0.002023 -0.001265 110


0.001296 -0.002023 -0.001265 110
0.001143 -0.002034 -0.001265 111


0.001581 0.002097 -0.001065 27
0.001452 0.002127 -0.001065 28


0.001452 0.002127 -0.001065 28
0.001322 0.002148 -0.001065 29


0.001746 -0.001927 -0.001265 107
0.001599 -0.001970 -0.001265 108


0.001599 -0.001970 -0.001265 108
0.001448 -0.002002 -0.001265 109


0.001707 0.002059 -0.001065 26
0.001581 0.002097 -0.001065 27


0.001831 0.002013 -0.001065 25
0.001707 0.002059 -0.001065 26


0.001890 -0.001875 -0.001265 106
0.001746 -0.001927 -0.001265 107


0.002031 -0.001812 -0.001265 105
0.001890 -0.001875 -0.001265 106


0.001951 0.001958 -0.001065 24
0.001831 0.002013 -0.001065 25


0.002067 0.001896 -0.001065 23
0.001951 0.001958 -0.001065 24


0.002296 -0.001659 -0.001265 103
0.002166 -0.001740 -0.001265 104


0.002166 -0.001740 -0.001265 104
0.002031 -0.001812 -0.001265 105


0.002286 0.001749 -0.001065 21
0.002179 0.001826 -0.001065 22


0.002179 0.001826 -0.001065 22
0.002067 0.001896 -0.001065 23


0.002484 0.001575 -0.001065 19
0.002388 0.001665 -0.001065 20


0.002388 0.001665 -0.001065 20
0.002286 0.001749 -0.001065 21


0.002657 0.001376 -0.001065 17
0.002574 0.001479 -0.001065 18


0.002574 0.001479 -0.001065 18
0.002484 0.001575 -0.001065 19


0.002803 0.001157 -0.001065 15
0.002733 0.001269 -0.001065 16


0.002733 0.001269 -0.001065 16
0.002657 0.001376 -0.001065 17


0.002918 0.000919 -0.001065 13
0.002864 0.001040 -0.001065 14


0.002864 0.001040 -0.001065 14
0.002803 0.001157 -0.001065 15


0.003001 0.000669 -0.001065 11
0.002964 0.000796 -0.001065 12


0.002964 0.000796 -0.001065 12
0.002918 0.000919 -0.001065 13


0.003051 0.000410 -0.001065 9
0.003030 0.000541 -0.001065 10


0.003030 0.000541 -0.001065 10
0.003001 0.000669 -0.001065 11


0.003133 -0.000588 -0.001265 94
0.003076 -0.000730 -0.001265 95


0.003181 -0.000442 -0.001265 93
0.003133 -0.000588 -0.001265 94


0.003260 0.000011 -0.001265 90
0.003244 -0.000141 -0.001265 91


0.003266 0.000165 -0.001265 89
0.003260 0.000011 -0.001265 90


0.000242 -0.001875 -0.001265 117
0.000102 -0.001813 -0.001265 118


0.000102 -0.001813 -0.001265 118
-0.000034 -0.001741 -0.001265 119


0.000684 -0.002002 -0.001265 114
0.000534 -0.001970 -0.001265 115


0.000836 -0.002023 -0.001265 113
0.000684 -0.002002 -0.001265 114


0.000412 -0.001725 -0.001065 142
0.000538 -0.001764 -0.001065 143


0.000289 -0.001678 -0.001065 141
0.000412 -0.001725 -0.001065 142


-0.000210 0.001799 -0.001220 50
-0.000220 0.001811 -0.001232 51


-0.000201 0.001787 -0.001207 49
-0.000210 0.001799 -0.001220 50


0.002179 -0.001497 -0.001065 156
0.002286 -0.001420 -0.001065 157


0.002067 -0.001567 -0.001065 155
0.002179 -0.001497 -0.001065 156


0.002421 0.001898 -0.001265 76
0.002538 0.001799 -0.001265 77


0.002296 0.001988 -0.001265 75
0.002421 0.001898 -0.001265 76


0.002286 -0.001420 -0.001065 157
0.002388 -0.001336 -0.001065 158


0.002388 -0.001336 -0.001065 158
0.002484 -0.001246 -0.001065 159


0.002484 -0.001246 -0.001065 159
0.002574 -0.001149 -0.001065 160


0.002574 -0.001149 -0.001065 160
0.002657 -0.001047 -0.001065 161


0.002657 -0.001047 -0.001065 161
0.002733 -0.000939 -0.001065 162


0.002733 -0.000939 -0.001065 162
0.002803 -0.000827 -0.001065 163


0.002803 -0.000827 -0.001065 163
0.002864 -0.000710 -0.001065 164


0.002864 -0.000710 -0.001065 164
0.002918 -0.000590 -0.001065 165


0.003218 0.000622 -0.001265 86
0.003244 0.000471 -0.001265 87


0.003181 0.000771 -0.001265 85
0.003218 0.000622 -0.001265 86


0.003072 0.000165 -0.001116 5
0.003070 0.000228 -0.001113 6


0.002166 0.002070 -0.001265 74
0.002296 0.001988 -0.001265 75


0.002031 0.002142 -0.001265 73
0.002166 0.002070 -0.001265 74


0.003133 0.000917 -0.001265 84
0.003181 0.000771 -0.001265 85


0.003076 0.001059 -0.001265 83
0.003133 0.000917 -0.001265 84


0.003008 0.001197 -0.001265 82
0.003076 0.001059 -0.001265 83


0.002932 0.001330 -0.001265 81
0.003008 0.001197 -0.001265 82


0.000053 0.001889 -0.001065 39
-0.000058 0.001819 -0.001065 40


-0.000058 0.001819 -0.001065 40
-0.000165 0.001741 -0.001065 41


0.001322 -0.001819 -0.001065 149
0.001452 -0.001798 -0.001065 150


0.001452 -0.001798 -0.001065 150
0.001581 -0.001768 -0.001065 151


0.000836 0.002353 -0.001265 65
0.000990 0.002363 -0.001265 66


0.000990 0.002363 -0.001265 66
0.001143 0.002363 -0.001265 67


0.000534 0.002300 -0.001265 63
0.000684 0.002331 -0.001265 64


0.000684 0.002331 -0.001265 64
0.000836 0.002353 -0.001265 65


0.001059 -0.001835 -0.001065 147
0.001191 -0.001831 -0.001065 148


0.001191 -0.001831 -0.001065 148
0.001322 -0.001819 -0.001065 149


0.000169 0.001952 -0.001065 38
0.000053 0.001889 -0.001065 39


0.000289 0.002008 -0.001065 37
0.000169 0.001952 -0.001065 38


0.000666 -0.001795 -0.001065 144
0.000796 -0.001817 -0.001065 145


0.000538 -0.001764 -0.001065 143
0.000666 -0.001795 -0.001065 144


0.000927 -0.001830 -0.001065 146
0.001059 -0.001835 -0.001065 147


0.000796 -0.001817 -0.001065 145
0.000927 -0.001830 -0.001065 146


0.003030 -0.000211 -0.001065 168
0.003051 -0.000081 -0.001065 1


0.003001 -0.000340 -0.001065 167
0.003030 -0.000211 -0.001065 168


-0.000220 -0.001482 -0.001232 127
-0.000210 -0.001469 -0.001220 128


-0.000210 -0.001469 -0.001220 128
-0.000201 -0.001458 -0.001207 129


0.000538 0.002094 -0.001065 35
0.000412 0.002055 -0.001065 36


0.000412 0.002055 -0.001065 36
0.000289 0.002008 -0.001065 37


0.001581 -0.001768 -0.001065 151
0.001707 -0.001730 -0.001065 152


0.001707 -0.001730 -0.001065 152
0.001831 -0.001683 -0.001065 153


0.001831 -0.001683 -0.001065 153
0.001951 -0.001629 -0.001065 154


0.001951 -0.001629 -0.001065 154
0.002067 -0.001567 -0.001065 155


0.002538 0.001799 -0.001265 77
0.002649 0.001693 -0.001265 78


0.002649 0.001693 -0.001265 78
0.002751 0.001579 -0.001265 79


0.002751 0.001579 -0.001265 79
0.002846 0.001458 -0.001265 80


0.002846 0.001458 -0.001265 80
0.002932 0.001330 -0.001265 81


0.003244 -0.000141 -0.001265 91
0.003218 -0.000293 -0.001265 92


0.003218 -0.000293 -0.001265 92
0.003181 -0.000442 -0.001265 93


0.000242 0.002205 -0.001265 61
0.000387 0.002257 -0.001265 62


0.000387 0.002257 -0.001265 62
0.000534 0.002300 -0.001265 63


0.000102 0.002142 -0.001265 60
0.000242 0.002205 -0.001265 61


-0.000034 0.002070 -0.001265 59
0.000102 0.002142 -0.001265 60


-0.000230 0.001825 -0.001242 52
-0.000241 0.001839 -0.001250 53


-0.000220 0.001811 -0.001232 51
-0.000230 0.001825 -0.001242 52


-0.000288 0.001899 -0.001265 57
-0.000164 0.001989 -0.001265 58


-0.000164 0.001989 -0.001265 58
-0.000034 0.002070 -0.001265 59


0.000666 0.002124 -0.001065 34
0.000538 0.002094 -0.001065 35


0.000796 0.002147 -0.001065 33
0.000666 0.002124 -0.001065 34


0.001059 0.002165 -0.001065 31
0.000927 0.002160 -0.001065 32


0.000927 0.002160 -0.001065 32
0.000796 0.002147 -0.001065 33


0.003065 0.000039 -0.001103 3
0.003070 0.000101 -0.001112 4


0.003070 0.000101 -0.001112 4
0.003072 0.000165 -0.001116 5


-0.000264 0.001868 -0.001262 55
-0.000276 0.001883 -0.001264 56


-0.000276 0.001883 -0.001264 56
-0.000288 0.001899 -0.001265 57


0.000534 -0.001970 -0.001265 115
0.000387 -0.001928 -0.001265 116


0.000387 -0.001928 -0.001265 116
0.000242 -0.001875 -0.001265 117


-0.000264 -0.001539 -0.001262 123
-0.000252 -0.001524 -0.001257 124


-0.000252 -0.001524 -0.001257 124
-0.000241 -0.001509 -0.001250 125


0.003244 0.000471 -0.001265 87
0.003260 0.000318 -0.001265 88


0.003260 0.000318 -0.001265 88
0.003266 0.000165 -0.001265 89


-0.000034 -0.001741 -0.001265 119
-0.000164 -0.001660 -0.001265 120


-0.000164 -0.001660 -0.001265 120
-0.000288 -0.001569 -0.001265 121


0.001746 0.002257 -0.001265 71
0.001890 0.002204 -0.001265 72


0.001890 0.002204 -0.001265 72
0.002031 0.002142 -0.001265 73


0.002932 -0.001001 -0.001265 97
0.002846 -0.001128 -0.001265 98


0.002846 -0.001128 -0.001265 98
0.002751 -0.001249 -0.001265 99


0.002538 -0.001470 -0.001265 101
0.002421 -0.001569 -0.001265 102


0.002421 -0.001569 -0.001265 102
0.002296 -0.001659 -0.001265 103


0.002751 -0.001249 -0.001265 99
0.002649 -0.001363 -0.001265 100


0.002649 -0.001363 -0.001265 100
0.002538 -0.001470 -0.001265 101


0.001143 0.002363 -0.001265 67
0.001296 0.002353 -0.001265 68


0.001296 0.002353 -0.001265 68
0.001448 0.002331 -0.001265 69


0.002918 -0.000590 -0.001065 165
0.002964 -0.000466 -0.001065 166


0.002964 -0.000466 -0.001065 166
0.003001 -0.000340 -0.001065 167


0.003076 -0.000730 -0.001265 95
0.003008 -0.000868 -0.001265 96


0.003008 -0.000868 -0.001265 96
0.002932 -0.001001 -0.001265 97


0.001448 0.002331 -0.001265 69
0.001599 0.002299 -0.001265 70


0.001599 0.002299 -0.001265 70
0.001746 0.002257 -0.001265 71


0.003070 0.000228 -0.001113 6
0.003066 0.000290 -0.001103 7


