0.002330 -0.001725 -0.000785 50
0.002326 -0.001718 -0.000767 49


0.002335 -0.001734 -0.000802 51
0.002330 -0.001725 -0.000785 50


0.002355 -0.001768 -0.000845 54
0.002348 -0.001755 -0.000832 53


0.002363 -0.001782 -0.000857 55
0.002355 -0.001768 -0.000845 54


0.002341 -0.001744 -0.000817 52
0.002335 -0.001734 -0.000802 51


0.002348 -0.001755 -0.000832 53
0.002341 -0.001744 -0.000817 52


0.002319 -0.001705 -0.000710 46
0.002318 -0.001704 -0.000690 45


0.002320 -0.001708 -0.000729 47
0.002319 -0.001705 -0.000710 46


0.002323 -0.001712 -0.000748 48
0.002320 -0.001708 -0.000729 47


0.002326 -0.001718 -0.000767 49
0.002323 -0.001712 -0.000748 48


0.001698 -0.000630 0.000733 5
0.001694 -0.000624 0.000751 4


0.001694 -0.000624 0.000751 4
0.001692 -0.000620 0.000770 3


0.002389 -0.001827 -0.000882 58
0.002380 -0.001812 -0.000875 57


0.002399 -0.001844 -0.000887 59
0.002389 -0.001827 -0.000882 58


0.002371 -0.001796 -0.000867 56
0.002363 -0.001782 -0.000857 55


0.002380 -0.001812 -0.000875 57
0.002371 -0.001796 -0.000867 56


0.001720 -0.000668 0.000668 9
0.001713 -0.000656 0.000682 8


0.001713 -0.000656 0.000682 8
0.001707 -0.000646 0.000698 7


0.001707 -0.000646 0.000698 7
0.001702 -0.000637 0.000715 6


0.001702 -0.000637 0.000715 6
0.001698 -0.000630 0.000733 5


0.001692 -0.000620 0.000770 3
0.001691 -0.000617 0.000790 2


0.001691 -0.000617 0.000790 2
0.001690 -0.000616 0.000810 1


0.001738 -0.000699 0.001010 94
0.001785 -0.000781 0.001010 93


0.001690 -0.000616 0.000810 1
0.001690 -0.000616 0.000910 96


0.001690 -0.000616 0.000910 96
0.001690 -0.000616 0.001010 95


0.001690 -0.000616 0.001010 95
0.001738 -0.000699 0.001010 94


0.001735 -0.000694 0.000643 11
0.001727 -0.000681 0.000655 10


0.001727 -0.000681 0.000655 10
0.001720 -0.000668 0.000668 9


0.001752 -0.000725 0.000625 13
0.001744 -0.000709 0.000633 12


0.001744 -0.000709 0.000633 12
0.001735 -0.000694 0.000643 11


0.001771 -0.000757 0.000613 15
0.001762 -0.000741 0.000618 14


0.001762 -0.000741 0.000618 14
0.001752 -0.000725 0.000625 13


0.002245 -0.001577 0.000464 29
0.002226 -0.001545 0.000496 28


0.002226 -0.001545 0.000496 28
0.002207 -0.001511 0.000526 27


0.002299 -0.001671 0.000302 33
0.002289 -0.001653 0.000346 32


0.002289 -0.001653 0.000346 32
0.002276 -0.001631 0.000388 31


0.002389 -0.001827 0.000746 79
0.002419 -0.001878 0.000681 78


0.002419 -0.001878 0.000681 78
0.002445 -0.001924 0.000610 77


0.002468 -0.001963 0.000534 76
0.002486 -0.001996 0.000454 75


0.002445 -0.001924 0.000610 77
0.002468 -0.001963 0.000534 76


0.002140 -0.001396 0.000588 24
0.002116 -0.001355 0.000600 23


0.002163 -0.001436 0.000572 25
0.002140 -0.001396 0.000588 24


0.002201 -0.001502 0.000971 84
0.002243 -0.001574 0.000941 83


0.002159 -0.001428 0.000992 85
0.002201 -0.001502 0.000971 84


0.002243 -0.001574 0.000941 83
0.002283 -0.001643 0.000903 82


0.002283 -0.001643 0.000903 82
0.002321 -0.001709 0.000858 81


0.002356 -0.001770 0.000805 80
0.002389 -0.001827 0.000746 79


0.002321 -0.001709 0.000858 81
0.002356 -0.001770 0.000805 80


0.002317 -0.001702 0.000159 36
0.002313 -0.001696 0.000208 35


0.002318 -0.001704 0.000110 37
0.002317 -0.001702 0.000159 36


0.002486 -0.001996 0.000454 75
0.002501 -0.002022 0.000371 74


0.002501 -0.002022 0.000371 74
0.002512 -0.002040 0.000285 73


0.001785 -0.000781 0.001010 93
0.001833 -0.000864 0.001010 92


0.001833 -0.000864 0.001010 92
0.001880 -0.000946 0.001010 91


0.002115 -0.001352 0.001005 86
0.002159 -0.001428 0.000992 85


0.002071 -0.001276 0.001010 87
0.002115 -0.001352 0.001005 86


0.002068 -0.001270 0.000610 21
0.001998 -0.001150 0.000610 20


0.001998 -0.001150 0.000610 20
0.001929 -0.001031 0.000610 19


0.002318 -0.001704 -0.000690 45
0.002318 -0.001704 -0.000590 44


0.002318 -0.001704 -0.000590 44
0.002318 -0.001704 -0.000490 43


0.002521 -0.002055 0.000110 71
0.002521 -0.002055 -0.000015 70


0.002521 -0.002055 -0.000015 70
0.002521 -0.002055 -0.000140 69


0.002318 -0.001704 -0.000490 43
0.002318 -0.001704 -0.000390 42


0.002318 -0.001704 -0.000390 42
0.002318 -0.001704 -0.000290 41


0.002470 -0.001967 -0.000890 62
0.002418 -0.001878 -0.000890 61


0.002521 -0.002055 -0.000640 65
0.002521 -0.002055 -0.000765 64


0.002521 -0.002055 -0.000765 64
0.002521 -0.002055 -0.000890 63


0.002521 -0.002055 -0.000890 63
0.002470 -0.001967 -0.000890 62


0.002409 -0.001861 -0.000889 60
0.002399 -0.001844 -0.000887 59


0.002418 -0.001878 -0.000890 61
0.002409 -0.001861 -0.000889 60


0.002318 -0.001704 -0.000090 39
0.002318 -0.001704 0.000010 38


0.002318 -0.001704 0.000010 38
0.002318 -0.001704 0.000110 37


0.002318 -0.001704 -0.000290 41
0.002318 -0.001704 -0.000190 40


0.002318 -0.001704 -0.000190 40
0.002318 -0.001704 -0.000090 39


0.001976 -0.001111 0.001010 89
0.002023 -0.001193 0.001010 88


0.002023 -0.001193 0.001010 88
0.002071 -0.001276 0.001010 87


0.001791 -0.000791 0.000610 17
0.001781 -0.000774 0.000611 16


0.001781 -0.000774 0.000611 16
0.001771 -0.000757 0.000613 15


0.001929 -0.001031 0.000610 19
0.001860 -0.000911 0.000610 18


0.001860 -0.000911 0.000610 18
0.001791 -0.000791 0.000610 17


0.002521 -0.002055 -0.000390 67
0.002521 -0.002055 -0.000515 66


0.002521 -0.002055 -0.000515 66
0.002521 -0.002055 -0.000640 65


0.002521 -0.002055 -0.000140 69
0.002521 -0.002055 -0.000265 68


0.002521 -0.002055 -0.000265 68
0.002521 -0.002055 -0.000390 67


0.002313 -0.001696 0.000208 35
0.002307 -0.001686 0.000256 34


0.002307 -0.001686 0.000256 34
0.002299 -0.001671 0.000302 33


0.002512 -0.002040 0.000285 73
0.002519 -0.002051 0.000198 72


0.002519 -0.002051 0.000198 72
0.002521 -0.002055 0.000110 71


0.002116 -0.001355 0.000600 23
0.002092 -0.001313 0.000607 22


0.002092 -0.001313 0.000607 22
0.002068 -0.001270 0.000610 21


0.002276 -0.001631 0.000388 31
0.002261 -0.001605 0.000427 30


0.002261 -0.001605 0.000427 30
0.002245 -0.001577 0.000464 29


0.002207 -0.001511 0.000526 27
0.002186 -0.001475 0.000551 26


0.002186 -0.001475 0.000551 26
0.002163 -0.001436 0.000572 25


0.001880 -0.000946 0.001010 91
0.001928 -0.001029 0.001010 90


0.001928 -0.001029 0.001010 90
0.001976 -0.001111 0.001010 89


