0.002419 0.001962 -0.000048 51 5.470482 0.000093 
0.002406 0.001972 0.000032 50 5.477677 0.000172 
0.002484 0.001912 0.000054 72 5.433799 0.000194 
0.002509 0.001891 -0.000002 90 5.419346 0.000139 
0.002419 0.001962 -0.000048 51 5.470482 0.000093


0.002455 0.001935 0.000009 1 5.450326 0.000149


0.002400 0.001977 0.000110 28 5.481076 0.000250 
0.002406 0.001972 0.000032 50 5.477677 0.000172 
0.002318 0.002034 0.000010 26 5.525422 0.000150 
0.002318 0.002034 0.000110 27 5.525422 0.000250 
0.002400 0.001977 0.000110 28 5.481076 0.000250


0.002361 0.002005 0.000065 2 5.502399 0.000206


0.002318 0.002034 0.000010 26 5.525422 0.000150 
0.002406 0.001972 0.000032 50 5.477677 0.000172 
0.002419 0.001962 -0.000048 51 5.470482 0.000093 
0.002318 0.002034 -0.000090 25 5.525422 0.000050 
0.002318 0.002034 0.000010 26 5.525422 0.000150


0.002366 0.002001 -0.000024 3 5.499751 0.000116


0.002318 0.002034 -0.000390 22 5.525422 -0.000250 
0.002461 0.001930 -0.000349 77 5.446671 -0.000209 
0.002457 0.001933 -0.000466 53 5.448997 -0.000325 
0.002318 0.002034 -0.000490 21 5.525422 -0.000350 
0.002318 0.002034 -0.000390 22 5.525422 -0.000250


0.002390 0.001984 -0.000424 4 5.486628 -0.000283


0.002461 0.001930 -0.000349 77 5.446671 -0.000209 
0.002600 0.001810 -0.000309 63 5.365303 -0.000169 
0.002589 0.001821 -0.000444 49 5.372134 -0.000303 
0.002457 0.001933 -0.000466 53 5.448997 -0.000325 
0.002461 0.001930 -0.000349 77 5.446671 -0.000209


0.002528 0.001875 -0.000392 5 5.408276 -0.000251


0.003174 0.000951 -0.000009 79 4.901727 0.000132 
0.003150 0.001012 -0.000032 97 4.931192 0.000108 
0.003141 0.001034 0.000038 52 4.941432 0.000178 
0.003172 0.000956 0.000048 92 4.904439 0.000189 
0.003174 0.000951 -0.000009 79 4.901727 0.000132


0.003160 0.000988 0.000011 6 4.919697 0.000152


0.002725 0.001685 -0.000293 89 5.286801 -0.000152 
0.002710 0.001701 -0.000429 69 5.296561 -0.000288 
0.002589 0.001821 -0.000444 49 5.372134 -0.000303 
0.002600 0.001810 -0.000309 63 5.365303 -0.000169 
0.002725 0.001685 -0.000293 89 5.286801 -0.000152


0.002657 0.001756 -0.000369 7 5.330200 -0.000228


0.003144 0.001027 -0.000140 55 4.938389 0.000001 
0.003163 0.000979 -0.000094 78 4.915299 0.000047 
0.003176 0.000946 -0.000156 6 4.899726 -0.000016 
0.003167 0.000970 -0.000217 7 4.910779 -0.000076 
0.003144 0.001027 -0.000140 55 4.938389 0.000001


0.003163 0.000981 -0.000152 8 4.916048 -0.000011


0.003163 0.000979 -0.000094 78 4.915299 0.000047 
0.003180 0.000934 -0.000053 54 4.893992 0.000088 
0.003186 0.000918 -0.000097 5 4.886531 0.000043 
0.003176 0.000946 -0.000156 6 4.899726 -0.000016 
0.003163 0.000979 -0.000094 78 4.915299 0.000047


0.003176 0.000945 -0.000100 9 4.898887 0.000040


0.003180 0.000934 -0.000053 54 4.893992 0.000088 
0.003190 0.000907 -0.000031 67 4.881172 0.000110 
0.003197 0.000886 -0.000041 4 4.871469 0.000099 
0.003186 0.000918 -0.000097 5 4.886531 0.000043 
0.003180 0.000934 -0.000053 54 4.893992 0.000088


0.003188 0.000912 -0.000055 10 4.883291 0.000085


0.003197 0.000886 -0.000041 4 4.871469 0.000099 
0.003190 0.000907 -0.000031 67 4.881172 0.000110 
0.003192 0.000900 0.000002 56 4.878055 0.000142 
0.003209 0.000851 0.000012 3 4.854657 0.000152 
0.003197 0.000886 -0.000041 4 4.871469 0.000099


0.003197 0.000886 -0.000015 11 4.871338 0.000126


0.003198 0.000884 0.000055 80 4.870198 0.000196 
0.003172 0.000956 0.000048 92 4.904439 0.000189 
0.003172 0.000957 0.000110 41 4.904578 0.000250 
0.003205 0.000862 0.000110 42 4.860232 0.000250 
0.003198 0.000884 0.000055 80 4.870198 0.000196


0.003187 0.000915 0.000081 12 4.884862 0.000221


0.003221 0.000811 0.000062 2 4.836132 0.000203 
0.003198 0.000884 0.000055 80 4.870198 0.000196 
0.003205 0.000862 0.000110 42 4.860232 0.000250 
0.003234 0.000767 0.000110 1 4.815886 0.000250 
0.003221 0.000811 0.000062 2 4.836132 0.000203


0.003215 0.000831 0.000084 13 4.845613 0.000225


0.003192 0.000900 0.000002 56 4.878055 0.000142 
0.003198 0.000884 0.000055 80 4.870198 0.000196 
0.003221 0.000811 0.000062 2 4.836132 0.000203 
0.003209 0.000851 0.000012 3 4.854657 0.000152 
0.003192 0.000900 0.000002 56 4.878055 0.000142


0.003205 0.000861 0.000033 14 4.859761 0.000173


0.003174 0.000951 -0.000009 79 4.901727 0.000132 
0.003180 0.000934 -0.000053 54 4.893992 0.000088 
0.003163 0.000979 -0.000094 78 4.915299 0.000047 
0.003150 0.001012 -0.000032 97 4.931192 0.000108 
0.003174 0.000951 -0.000009 79 4.901727 0.000132


0.003167 0.000969 -0.000047 15 4.910552 0.000094


0.002904 0.001463 -0.000548 81 5.160003 -0.000408 
0.002915 0.001446 -0.000408 59 5.150982 -0.000267 
0.003004 0.001307 -0.000395 58 5.077500 -0.000255 
0.002993 0.001326 -0.000540 57 5.087398 -0.000400 
0.002904 0.001463 -0.000548 81 5.160003 -0.000408


0.002955 0.001387 -0.000473 16 5.118971 -0.000332


0.002993 0.001326 -0.000540 57 5.087398 -0.000400 
0.003072 0.001183 -0.000532 83 5.014515 -0.000392 
0.003059 0.001208 -0.000690 12 5.026989 -0.000550 
0.002980 0.001347 -0.000690 13 5.098194 -0.000550 
0.002993 0.001326 -0.000540 57 5.087398 -0.000400


0.003028 0.001267 -0.000613 17 5.056774 -0.000473


0.003135 0.001049 0.000110 40 4.948924 0.000250 
0.003141 0.001034 0.000038 52 4.941432 0.000178 
0.003104 0.001117 0.000023 87 4.982127 0.000163 
0.003093 0.001140 0.000110 39 4.993270 0.000250 
0.003135 0.001049 0.000110 40 4.948924 0.000250


0.003119 0.001085 0.000070 18 4.966438 0.000210


0.003172 0.000956 0.000048 92 4.904439 0.000189 
0.003141 0.001034 0.000038 52 4.941432 0.000178 
0.003135 0.001049 0.000110 40 4.948924 0.000250 
0.003172 0.000957 0.000110 41 4.904578 0.000250 
0.003172 0.000956 0.000048 92 4.904439 0.000189


0.003155 0.000999 0.000076 19 4.924843 0.000217


0.003104 0.001117 0.000023 87 4.982127 0.000163 
0.003141 0.001034 0.000038 52 4.941432 0.000178 
0.003150 0.001012 -0.000032 97 4.931192 0.000108 
0.003119 0.001086 -0.000064 96 4.966632 0.000076 
0.003104 0.001117 0.000023 87 4.982127 0.000163


0.003129 0.001062 -0.000009 20 4.955346 0.000131


0.002904 0.001463 -0.000548 81 5.160003 -0.000408 
0.002993 0.001326 -0.000540 57 5.087398 -0.000400 
0.002980 0.001347 -0.000690 13 5.098194 -0.000550 
0.002891 0.001480 -0.000690 14 5.169399 -0.000550 
0.002904 0.001463 -0.000548 81 5.160003 -0.000408


0.002943 0.001405 -0.000617 21 5.128749 -0.000477


0.002484 0.001912 0.000054 72 5.433799 0.000194 
0.002540 0.001865 0.000071 86 5.401498 0.000212 
0.002579 0.001830 0.000051 70 5.378315 0.000192 
0.002509 0.001891 -0.000002 90 5.419346 0.000139 
0.002484 0.001912 0.000054 72 5.433799 0.000194


0.002528 0.001875 0.000044 22 5.408240 0.000184


0.002915 0.001446 -0.000408 59 5.150982 -0.000267 
0.002904 0.001463 -0.000548 81 5.160003 -0.000408 
0.002805 0.001592 -0.000555 64 5.232121 -0.000414 
0.002818 0.001577 -0.000418 48 5.223206 -0.000278 
0.002915 0.001446 -0.000408 59 5.150982 -0.000267


0.002862 0.001520 -0.000482 23 5.191578 -0.000342


0.002931 0.001423 -0.000138 61 5.138288 0.000003 
0.002938 0.001412 -0.000012 95 5.132759 0.000129 
0.003002 0.001311 -0.000004 60 5.079338 0.000136 
0.003007 0.001303 -0.000125 45 5.075342 0.000016 
0.002931 0.001423 -0.000138 61 5.138288 0.000003


0.002970 0.001363 -0.000070 24 5.106432 0.000071


0.002747 0.001661 -0.000151 94 5.272174 -0.000011 
0.002789 0.001612 -0.000016 47 5.243579 0.000125 
0.002867 0.001513 -0.000016 91 5.187236 0.000125 
0.002846 0.001540 -0.000146 93 5.202698 -0.000006 
0.002747 0.001661 -0.000151 94 5.272174 -0.000011


0.002813 0.001582 -0.000082 25 5.226421 0.000058


0.002551 0.001855 -0.000065 62 5.394792 0.000075 
0.002509 0.001891 -0.000002 90 5.419346 0.000139 
0.002579 0.001830 0.000051 70 5.378315 0.000192 
0.002634 0.001778 0.000022 85 5.344396 0.000162 
0.002551 0.001855 -0.000065 62 5.394792 0.000075


0.002569 0.001839 0.000002 26 5.384213 0.000142


0.003118 0.001088 -0.000195 84 4.967715 -0.000055 
0.003010 0.001297 -0.000263 73 5.072465 -0.000123 
0.003007 0.001303 -0.000125 45 5.075342 0.000016 
0.003071 0.001185 -0.000111 75 5.015783 0.000030 
0.003118 0.001088 -0.000195 84 4.967715 -0.000055


0.003053 0.001219 -0.000173 27 5.032832 -0.000033


0.002686 0.001726 -0.000690 16 5.311808 -0.000550 
0.002697 0.001714 -0.000561 82 5.304572 -0.000420 
0.002805 0.001592 -0.000555 64 5.232121 -0.000414 
0.002793 0.001607 -0.000690 15 5.240604 -0.000550 
0.002686 0.001726 -0.000690 16 5.311808 -0.000550


0.002746 0.001661 -0.000624 28 5.272276 -0.000484


0.002846 0.001540 -0.000146 93 5.202698 -0.000006 
0.002867 0.001513 -0.000016 91 5.187236 0.000125 
0.002938 0.001412 -0.000012 95 5.132759 0.000129 
0.002931 0.001423 -0.000138 61 5.138288 0.000003 
0.002846 0.001540 -0.000146 93 5.202698 -0.000006


0.002897 0.001473 -0.000078 29 5.165245 0.000063


0.002457 0.001933 -0.000466 53 5.448997 -0.000325 
0.002453 0.001937 -0.000579 44 5.451651 -0.000439 
0.002318 0.002034 -0.000590 20 5.525422 -0.000450 
0.002318 0.002034 -0.000490 21 5.525422 -0.000350 
0.002457 0.001933 -0.000466 53 5.448997 -0.000325


0.002388 0.001986 -0.000531 30 5.487873 -0.000391


0.002453 0.001937 -0.000579 44 5.451651 -0.000439 
0.002448 0.001940 -0.000690 18 5.454218 -0.000550 
0.002318 0.002034 -0.000690 19 5.525422 -0.000550 
0.002318 0.002034 -0.000590 20 5.525422 -0.000450 
0.002453 0.001937 -0.000579 44 5.451651 -0.000439


0.002385 0.001987 -0.000638 31 5.489178 -0.000497


0.002318 0.002034 -0.000190 24 5.525422 -0.000050 
0.002439 0.001947 -0.000133 43 5.459469 0.000008 
0.002461 0.001930 -0.000231 65 5.446915 -0.000090 
0.002318 0.002034 -0.000290 23 5.525422 -0.000150 
0.002318 0.002034 -0.000190 24 5.525422 -0.000050


0.002385 0.001988 -0.000211 32 5.489307 -0.000071


0.002419 0.001962 -0.000048 51 5.470482 0.000093 
0.002439 0.001947 -0.000133 43 5.459469 0.000008 
0.002318 0.002034 -0.000190 24 5.525422 -0.000050 
0.002318 0.002034 -0.000090 25 5.525422 0.000050 
0.002419 0.001962 -0.000048 51 5.470482 0.000093


0.002374 0.001995 -0.000115 33 5.495199 0.000025


0.002461 0.001930 -0.000231 65 5.446915 -0.000090 
0.002439 0.001947 -0.000133 43 5.459469 0.000008 
0.002551 0.001855 -0.000065 62 5.394792 0.000075 
0.002616 0.001796 -0.000152 46 5.355928 -0.000012 
0.002461 0.001930 -0.000231 65 5.446915 -0.000090


0.002518 0.001884 -0.000145 34 5.414279 -0.000005


0.003048 0.001229 0.000110 38 5.037616 0.000250 
0.003058 0.001210 0.000007 68 5.028089 0.000147 
0.003002 0.001311 -0.000004 60 5.079338 0.000136 
0.002999 0.001316 0.000110 37 5.081962 0.000250 
0.003048 0.001229 0.000110 38 5.037616 0.000250


0.003028 0.001267 0.000055 35 5.056751 0.000196


0.003104 0.001117 0.000023 87 4.982127 0.000163 
0.003058 0.001210 0.000007 68 5.028089 0.000147 
0.003048 0.001229 0.000110 38 5.037616 0.000250 
0.003093 0.001140 0.000110 39 4.993270 0.000250 
0.003104 0.001117 0.000023 87 4.982127 0.000163


0.003077 0.001174 0.000062 36 5.010276 0.000203


0.003058 0.001210 0.000007 68 5.028089 0.000147 
0.003071 0.001185 -0.000111 75 5.015783 0.000030 
0.003007 0.001303 -0.000125 45 5.075342 0.000016 
0.003002 0.001311 -0.000004 60 5.079338 0.000136 
0.003058 0.001210 0.000007 68 5.028089 0.000147


0.003035 0.001253 -0.000058 37 5.049638 0.000082


0.002448 0.001940 -0.000690 18 5.454218 -0.000550 
0.002453 0.001937 -0.000579 44 5.451651 -0.000439 
0.002580 0.001829 -0.000569 66 5.377834 -0.000428 
0.002571 0.001837 -0.000690 17 5.383013 -0.000550 
0.002448 0.001940 -0.000690 18 5.454218 -0.000550


0.002514 0.001887 -0.000632 38 5.416679 -0.000492


0.002457 0.001933 -0.000466 53 5.448997 -0.000325 
0.002589 0.001821 -0.000444 49 5.372134 -0.000303 
0.002580 0.001829 -0.000569 66 5.377834 -0.000428 
0.002453 0.001937 -0.000579 44 5.451651 -0.000439 
0.002457 0.001933 -0.000466 53 5.448997 -0.000325


0.002521 0.001881 -0.000514 39 5.412654 -0.000374


0.003142 0.001033 -0.000517 10 4.940987 -0.000376 
0.003072 0.001183 -0.000532 83 5.014515 -0.000392 
0.003084 0.001160 -0.000383 76 5.002980 -0.000243 
0.003154 0.001002 -0.000343 9 4.926277 -0.000203 
0.003142 0.001033 -0.000517 10 4.940987 -0.000376


0.003115 0.001095 -0.000444 40 4.971190 -0.000303


0.003059 0.001208 -0.000690 12 5.026989 -0.000550 
0.003072 0.001183 -0.000532 83 5.014515 -0.000392 
0.003142 0.001033 -0.000517 10 4.940987 -0.000376 
0.003129 0.001063 -0.000690 11 4.955785 -0.000550 
0.003059 0.001208 -0.000690 12 5.026989 -0.000550


0.003102 0.001122 -0.000608 41 4.984569 -0.000467


0.003180 0.000934 -0.000053 54 4.893992 0.000088 
0.003174 0.000951 -0.000009 79 4.901727 0.000132 
0.003192 0.000900 0.000002 56 4.878055 0.000142 
0.003190 0.000907 -0.000031 67 4.881172 0.000110 
0.003180 0.000934 -0.000053 54 4.893992 0.000088


0.003184 0.000923 -0.000023 42 4.888736 0.000118


0.003160 0.000988 -0.000279 8 4.919648 -0.000139 
0.003118 0.001088 -0.000195 84 4.967715 -0.000055 
0.003144 0.001027 -0.000140 55 4.938389 0.000001 
0.003167 0.000970 -0.000217 7 4.910779 -0.000076 
0.003160 0.000988 -0.000279 8 4.919648 -0.000139


0.003148 0.001019 -0.000208 43 4.934132 -0.000067


0.002924 0.001433 -0.000272 88 5.143733 -0.000132 
0.003010 0.001297 -0.000263 73 5.072465 -0.000123 
0.003004 0.001307 -0.000395 58 5.077500 -0.000255 
0.002915 0.001446 -0.000408 59 5.150982 -0.000267 
0.002924 0.001433 -0.000272 88 5.143733 -0.000132


0.002965 0.001372 -0.000335 44 5.111170 -0.000194


0.002805 0.001592 -0.000555 64 5.232121 -0.000414 
0.002904 0.001463 -0.000548 81 5.160003 -0.000408 
0.002891 0.001480 -0.000690 14 5.169399 -0.000550 
0.002793 0.001607 -0.000690 15 5.240604 -0.000550 
0.002805 0.001592 -0.000555 64 5.232121 -0.000414


0.002849 0.001536 -0.000621 45 5.200532 -0.000481


0.002710 0.001701 -0.000429 69 5.296561 -0.000288 
0.002697 0.001714 -0.000561 82 5.304572 -0.000420 
0.002580 0.001829 -0.000569 66 5.377834 -0.000428 
0.002589 0.001821 -0.000444 49 5.372134 -0.000303 
0.002710 0.001701 -0.000429 69 5.296561 -0.000288


0.002645 0.001768 -0.000500 46 5.337775 -0.000360


0.002805 0.001592 -0.000555 64 5.232121 -0.000414 
0.002697 0.001714 -0.000561 82 5.304572 -0.000420 
0.002710 0.001701 -0.000429 69 5.296561 -0.000288 
0.002818 0.001577 -0.000418 48 5.223206 -0.000278 
0.002805 0.001592 -0.000555 64 5.232121 -0.000414


0.002759 0.001647 -0.000491 47 5.264115 -0.000350


0.002703 0.001708 -0.000009 71 5.300792 0.000132 
0.002634 0.001778 0.000022 85 5.344396 0.000162 
0.002699 0.001713 0.000110 32 5.303692 0.000250 
0.002766 0.001639 0.000110 33 5.259346 0.000250 
0.002703 0.001708 -0.000009 71 5.300792 0.000132


0.002701 0.001710 0.000058 48 5.302057 0.000199


0.002699 0.001713 0.000110 32 5.303692 0.000250 
0.002634 0.001778 0.000022 85 5.344396 0.000162 
0.002579 0.001830 0.000051 70 5.378315 0.000192 
0.002628 0.001784 0.000110 31 5.348038 0.000250 
0.002699 0.001713 0.000110 32 5.303692 0.000250


0.002636 0.001777 0.000073 49 5.343611 0.000214


0.002461 0.001930 -0.000349 77 5.446671 -0.000209 
0.002461 0.001930 -0.000231 65 5.446915 -0.000090 
0.002616 0.001796 -0.000152 46 5.355928 -0.000012 
0.002600 0.001810 -0.000309 63 5.365303 -0.000169 
0.002461 0.001930 -0.000349 77 5.446671 -0.000209


0.002536 0.001868 -0.000260 50 5.403704 -0.000120


0.002580 0.001829 -0.000569 66 5.377834 -0.000428 
0.002697 0.001714 -0.000561 82 5.304572 -0.000420 
0.002686 0.001726 -0.000690 16 5.311808 -0.000550 
0.002571 0.001837 -0.000690 17 5.383013 -0.000550 
0.002580 0.001829 -0.000569 66 5.377834 -0.000428


0.002634 0.001778 -0.000628 51 5.344307 -0.000487


0.002484 0.001912 0.000054 72 5.433799 0.000194 
0.002406 0.001972 0.000032 50 5.477677 0.000172 
0.002400 0.001977 0.000110 28 5.481076 0.000250 
0.002479 0.001916 0.000110 29 5.436730 0.000250 
0.002484 0.001912 0.000054 72 5.433799 0.000194


0.002443 0.001944 0.000076 52 5.457321 0.000217


0.002419 0.001962 -0.000048 51 5.470482 0.000093 
0.002509 0.001891 -0.000002 90 5.419346 0.000139 
0.002551 0.001855 -0.000065 62 5.394792 0.000075 
0.002439 0.001947 -0.000133 43 5.459469 0.000008 
0.002419 0.001962 -0.000048 51 5.470482 0.000093


0.002480 0.001915 -0.000062 53 5.436023 0.000079


0.002829 0.001562 0.000110 34 5.215000 0.000250 
0.002789 0.001612 -0.000016 47 5.243579 0.000125 
0.002703 0.001708 -0.000009 71 5.300792 0.000132 
0.002766 0.001639 0.000110 33 5.259346 0.000250 
0.002829 0.001562 0.000110 34 5.215000 0.000250


0.002773 0.001631 0.000049 54 5.254678 0.000189


0.002867 0.001513 -0.000016 91 5.187236 0.000125 
0.002789 0.001612 -0.000016 47 5.243579 0.000125 
0.002829 0.001562 0.000110 34 5.215000 0.000250 
0.002890 0.001483 0.000110 35 5.170654 0.000250 
0.002867 0.001513 -0.000016 91 5.187236 0.000125


0.002844 0.001543 0.000047 55 5.204117 0.000187


0.003071 0.001185 -0.000111 75 5.015783 0.000030 
0.003058 0.001210 0.000007 68 5.028089 0.000147 
0.003104 0.001117 0.000023 87 4.982127 0.000163 
0.003119 0.001086 -0.000064 96 4.966632 0.000076 
0.003071 0.001185 -0.000111 75 5.015783 0.000030


0.003089 0.001150 -0.000036 56 4.998158 0.000104


0.002931 0.001423 -0.000138 61 5.138288 0.000003 
0.002924 0.001433 -0.000272 88 5.143733 -0.000132 
0.002831 0.001560 -0.000282 74 5.213731 -0.000141 
0.002846 0.001540 -0.000146 93 5.202698 -0.000006 
0.002931 0.001423 -0.000138 61 5.138288 0.000003


0.002884 0.001490 -0.000209 57 5.174612 -0.000069


0.002915 0.001446 -0.000408 59 5.150982 -0.000267 
0.002818 0.001577 -0.000418 48 5.223206 -0.000278 
0.002831 0.001560 -0.000282 74 5.213731 -0.000141 
0.002924 0.001433 -0.000272 88 5.143733 -0.000132 
0.002915 0.001446 -0.000408 59 5.150982 -0.000267


0.002873 0.001505 -0.000345 58 5.182913 -0.000204


0.002831 0.001560 -0.000282 74 5.213731 -0.000141 
0.002725 0.001685 -0.000293 89 5.286801 -0.000152 
0.002747 0.001661 -0.000151 94 5.272174 -0.000011 
0.002846 0.001540 -0.000146 93 5.202698 -0.000006 
0.002831 0.001560 -0.000282 74 5.213731 -0.000141


0.002788 0.001612 -0.000218 59 5.243851 -0.000077


0.002710 0.001701 -0.000429 69 5.296561 -0.000288 
0.002725 0.001685 -0.000293 89 5.286801 -0.000152 
0.002831 0.001560 -0.000282 74 5.213731 -0.000141 
0.002818 0.001577 -0.000418 48 5.223206 -0.000278 
0.002710 0.001701 -0.000429 69 5.296561 -0.000288


0.002772 0.001632 -0.000355 60 5.255075 -0.000215


0.002725 0.001685 -0.000293 89 5.286801 -0.000152 
0.002600 0.001810 -0.000309 63 5.365303 -0.000169 
0.002616 0.001796 -0.000152 46 5.355928 -0.000012 
0.002747 0.001661 -0.000151 94 5.272174 -0.000011 
0.002725 0.001685 -0.000293 89 5.286801 -0.000152


0.002673 0.001739 -0.000226 61 5.320052 -0.000086


0.003002 0.001311 -0.000004 60 5.079338 0.000136 
0.002938 0.001412 -0.000012 95 5.132759 0.000129 
0.002946 0.001400 0.000110 36 5.126308 0.000250 
0.002999 0.001316 0.000110 37 5.081962 0.000250 
0.003002 0.001311 -0.000004 60 5.079338 0.000136


0.002972 0.001360 0.000051 62 5.105092 0.000191


0.002938 0.001412 -0.000012 95 5.132759 0.000129 
0.002867 0.001513 -0.000016 91 5.187236 0.000125 
0.002890 0.001483 0.000110 35 5.170654 0.000250 
0.002946 0.001400 0.000110 36 5.126308 0.000250 
0.002938 0.001412 -0.000012 95 5.132759 0.000129


0.002911 0.001452 0.000048 63 5.154239 0.000188


0.002579 0.001830 0.000051 70 5.378315 0.000192 
0.002540 0.001865 0.000071 86 5.401498 0.000212 
0.002555 0.001851 0.000110 30 5.392384 0.000250 
0.002628 0.001784 0.000110 31 5.348038 0.000250 
0.002579 0.001830 0.000051 70 5.378315 0.000192


0.002576 0.001833 0.000085 64 5.380060 0.000226


0.002616 0.001796 -0.000152 46 5.355928 -0.000012 
0.002703 0.001708 -0.000009 71 5.300792 0.000132 
0.002789 0.001612 -0.000016 47 5.243579 0.000125 
0.002747 0.001661 -0.000151 94 5.272174 -0.000011 
0.002616 0.001796 -0.000152 46 5.355928 -0.000012


0.002715 0.001695 -0.000082 65 5.293113 0.000058


0.002555 0.001851 0.000110 30 5.392384 0.000250 
0.002540 0.001865 0.000071 86 5.401498 0.000212 
0.002484 0.001912 0.000054 72 5.433799 0.000194 
0.002479 0.001916 0.000110 29 5.436730 0.000250 
0.002555 0.001851 0.000110 30 5.392384 0.000250


0.002515 0.001886 0.000086 66 5.416103 0.000226


0.003004 0.001307 -0.000395 58 5.077500 -0.000255 
0.003010 0.001297 -0.000263 73 5.072465 -0.000123 
0.003118 0.001088 -0.000195 84 4.967715 -0.000055 
0.003084 0.001160 -0.000383 76 5.002980 -0.000243 
0.003004 0.001307 -0.000395 58 5.077500 -0.000255


0.003056 0.001214 -0.000309 67 5.030168 -0.000169


0.003118 0.001088 -0.000195 84 4.967715 -0.000055 
0.003160 0.000988 -0.000279 8 4.919648 -0.000139 
0.003154 0.001002 -0.000343 9 4.926277 -0.000203 
0.003084 0.001160 -0.000383 76 5.002980 -0.000243 
0.003118 0.001088 -0.000195 84 4.967715 -0.000055


0.003130 0.001060 -0.000300 68 4.954152 -0.000160


0.003084 0.001160 -0.000383 76 5.002980 -0.000243 
0.003072 0.001183 -0.000532 83 5.014515 -0.000392 
0.002993 0.001326 -0.000540 57 5.087398 -0.000400 
0.003004 0.001307 -0.000395 58 5.077500 -0.000255 
0.003084 0.001160 -0.000383 76 5.002980 -0.000243


0.003040 0.001245 -0.000463 69 5.045598 -0.000322


0.003118 0.001088 -0.000195 84 4.967715 -0.000055 
0.003071 0.001185 -0.000111 75 5.015783 0.000030 
0.003119 0.001086 -0.000064 96 4.966632 0.000076 
0.003144 0.001027 -0.000140 55 4.938389 0.000001 
0.003118 0.001088 -0.000195 84 4.967715 -0.000055


0.003114 0.001097 -0.000127 70 4.972128 0.000013


0.003010 0.001297 -0.000263 73 5.072465 -0.000123 
0.002924 0.001433 -0.000272 88 5.143733 -0.000132 
0.002931 0.001423 -0.000138 61 5.138288 0.000003 
0.003007 0.001303 -0.000125 45 5.075342 0.000016 
0.003010 0.001297 -0.000263 73 5.072465 -0.000123


0.002969 0.001365 -0.000199 71 5.107457 -0.000059


0.002461 0.001930 -0.000231 65 5.446915 -0.000090 
0.002461 0.001930 -0.000349 77 5.446671 -0.000209 
0.002318 0.002034 -0.000390 22 5.525422 -0.000250 
0.002318 0.002034 -0.000290 23 5.525422 -0.000150 
0.002461 0.001930 -0.000231 65 5.446915 -0.000090


0.002391 0.001983 -0.000315 72 5.486108 -0.000175


0.002616 0.001796 -0.000152 46 5.355928 -0.000012 
0.002551 0.001855 -0.000065 62 5.394792 0.000075 
0.002634 0.001778 0.000022 85 5.344396 0.000162 
0.002703 0.001708 -0.000009 71 5.300792 0.000132 
0.002616 0.001796 -0.000152 46 5.355928 -0.000012


0.002627 0.001785 -0.000051 73 5.348978 0.000089


0.003163 0.000979 -0.000094 78 4.915299 0.000047 
0.003144 0.001027 -0.000140 55 4.938389 0.000001 
0.003119 0.001086 -0.000064 96 4.966632 0.000076 
0.003150 0.001012 -0.000032 97 4.931192 0.000108 
0.003163 0.000979 -0.000094 78 4.915299 0.000047


0.003144 0.001026 -0.000082 74 4.937878 0.000058


0.003198 0.000884 0.000055 80 4.870198 0.000196 
0.003192 0.000900 0.000002 56 4.878055 0.000142 
0.003174 0.000951 -0.000009 79 4.901727 0.000132 
0.003172 0.000956 0.000048 92 4.904439 0.000189 
0.003198 0.000884 0.000055 80 4.870198 0.000196


0.003184 0.000923 0.000024 75 4.888605 0.000165


