0.003462 0.001607 -0.000890 50 3.578613 0.000125 
0.003462 0.001601 -0.001078 110 3.549500 -0.000062 
0.003461 0.001582 -0.001078 85 3.452831 -0.000062 
0.003462 0.001594 -0.000890 51 3.510851 0.000125 
0.003462 0.001607 -0.000890 50 3.578613 0.000125


0.003462 0.001596 -0.000984 1 3.522955 0.000031


0.003462 0.001621 -0.001078 48 3.646376 -0.000063 
0.003462 0.001601 -0.001078 110 3.549500 -0.000062 
0.003462 0.001607 -0.000890 50 3.578613 0.000125 
0.003462 0.001621 -0.000890 49 3.646376 0.000125 
0.003462 0.001621 -0.001078 48 3.646376 -0.000063


0.003462 0.001612 -0.000984 2 3.605218 0.000031


0.003359 0.001427 -0.001139 142 2.487141 -0.000123 
0.003360 0.001427 -0.001014 118 2.491042 0.000002 
0.003372 0.001435 -0.001011 90 2.564878 0.000004 
0.003373 0.001435 -0.001136 119 2.566146 -0.000121 
0.003359 0.001427 -0.001139 142 2.487141 -0.000123


0.003366 0.001431 -0.001075 3 2.527302 -0.000059


0.003065 0.001567 -0.001265 12 0.587183 -0.000250 
0.003065 0.001568 -0.001082 111 0.581872 -0.000067 
0.003069 0.001552 -0.001167 109 0.666885 -0.000152 
0.003069 0.001551 -0.001265 13 0.669584 -0.000250 
0.003065 0.001567 -0.001265 12 0.587183 -0.000250


0.003067 0.001559 -0.001195 4 0.626381 -0.000180


0.003063 0.001584 -0.001078 10 0.504783 -0.000063 
0.003065 0.001568 -0.001082 111 0.581872 -0.000067 
0.003065 0.001567 -0.001265 12 0.587183 -0.000250 
0.003063 0.001584 -0.001265 11 0.504783 -0.000250 
0.003063 0.001584 -0.001078 10 0.504783 -0.000063


0.003064 0.001576 -0.001173 5 0.544655 -0.000157


0.003427 0.001488 -0.000925 81 2.948318 0.000090 
0.003424 0.001484 -0.000973 113 2.919697 0.000042 
0.003417 0.001475 -0.000938 144 2.865248 0.000077 
0.003422 0.001481 -0.000918 146 2.904851 0.000097 
0.003427 0.001488 -0.000925 81 2.948318 0.000090


0.003422 0.001482 -0.000939 6 2.909530 0.000077


0.003436 0.001503 -0.000890 58 3.036514 0.000125 
0.003432 0.001496 -0.000925 147 2.997323 0.000090 
0.003427 0.001488 -0.000925 81 2.948318 0.000090 
0.003429 0.001492 -0.000890 59 2.968752 0.000125 
0.003436 0.001503 -0.000890 58 3.036514 0.000125


0.003431 0.001495 -0.000908 7 2.987725 0.000108


0.003442 0.001515 -0.001070 83 3.101539 -0.000055 
0.003449 0.001530 -0.001076 112 3.183131 -0.000060 
0.003438 0.001507 -0.001265 42 3.059192 -0.000250 
0.003430 0.001493 -0.001265 41 2.976792 -0.000250 
0.003442 0.001515 -0.001070 83 3.101539 -0.000055


0.003440 0.001511 -0.001169 8 3.080164 -0.000154


0.003421 0.001481 -0.000890 60 2.900990 0.000125 
0.003422 0.001481 -0.000918 146 2.904851 0.000097 
0.003417 0.001475 -0.000938 144 2.865248 0.000077 
0.003413 0.001470 -0.000890 61 2.833227 0.000125 
0.003421 0.001481 -0.000890 60 2.900990 0.000125


0.003418 0.001477 -0.000909 9 2.876081 0.000106


0.003427 0.001488 -0.000925 81 2.948318 0.000090 
0.003422 0.001481 -0.000918 146 2.904851 0.000097 
0.003421 0.001481 -0.000890 60 2.900990 0.000125 
0.003429 0.001492 -0.000890 59 2.968752 0.000125 
0.003427 0.001488 -0.000925 81 2.948318 0.000090


0.003425 0.001485 -0.000906 10 2.930727 0.000109


0.003433 0.001498 -0.000960 145 3.007127 0.000056 
0.003432 0.001496 -0.000925 147 2.997323 0.000090 
0.003436 0.001503 -0.000890 58 3.036514 0.000125 
0.003443 0.001515 -0.000890 57 3.104277 0.000125 
0.003433 0.001498 -0.000960 145 3.007127 0.000056


0.003436 0.001503 -0.000916 11 3.036301 0.000099


0.003449 0.001530 -0.001076 112 3.183131 -0.000060 
0.003454 0.001545 -0.001077 84 3.264259 -0.000062 
0.003446 0.001522 -0.001265 43 3.141593 -0.000250 
0.003438 0.001507 -0.001265 42 3.059192 -0.000250 
0.003449 0.001530 -0.001076 112 3.183131 -0.000060


0.003447 0.001526 -0.001171 12 3.162045 -0.000156


0.003125 0.001457 -0.001141 105 1.224375 -0.000125 
0.003112 0.001470 -0.001141 138 1.131156 -0.000125 
0.003119 0.001463 -0.001016 104 1.182142 -0.000000 
0.003134 0.001448 -0.001016 135 1.287563 -0.000000 
0.003125 0.001457 -0.001141 105 1.224375 -0.000125


0.003122 0.001459 -0.001078 13 1.206305 -0.000063


0.003448 0.001528 -0.000890 56 3.172039 0.000125 
0.003433 0.001498 -0.001052 123 3.006356 -0.000036 
0.003433 0.001498 -0.000960 145 3.007127 0.000056 
0.003443 0.001515 -0.000890 57 3.104277 0.000125 
0.003448 0.001528 -0.000890 56 3.172039 0.000125


0.003440 0.001509 -0.000948 14 3.072431 0.000067


0.003427 0.001488 -0.000925 81 2.948318 0.000090 
0.003432 0.001496 -0.000925 147 2.997323 0.000090 
0.003433 0.001498 -0.000960 145 3.007127 0.000056 
0.003424 0.001484 -0.000973 113 2.919697 0.000042 
0.003427 0.001488 -0.000925 81 2.948318 0.000090


0.003429 0.001492 -0.000946 15 2.968118 0.000070


0.003433 0.001498 -0.001052 123 3.006356 -0.000036 
0.003448 0.001528 -0.000890 56 3.172039 0.000125 
0.003453 0.001540 -0.000890 55 3.239801 0.000125 
0.003442 0.001515 -0.001070 83 3.101539 -0.000055 
0.003433 0.001498 -0.001052 123 3.006356 -0.000036


0.003445 0.001520 -0.000976 16 3.129955 0.000040


0.003454 0.001546 -0.001265 44 3.267788 -0.000250 
0.003459 0.001563 -0.001078 114 3.356991 -0.000062 
0.003461 0.001582 -0.001078 85 3.452831 -0.000062 
0.003460 0.001570 -0.001265 45 3.393984 -0.000250 
0.003454 0.001546 -0.001265 44 3.267788 -0.000250


0.003459 0.001565 -0.001172 17 3.367914 -0.000156


0.003454 0.001545 -0.001077 84 3.264259 -0.000062 
0.003459 0.001563 -0.001078 114 3.356991 -0.000062 
0.003454 0.001546 -0.001265 44 3.267788 -0.000250 
0.003446 0.001522 -0.001265 43 3.141593 -0.000250 
0.003454 0.001545 -0.001077 84 3.264259 -0.000062


0.003454 0.001544 -0.001171 18 3.257682 -0.000156


0.003301 0.001406 -0.001140 88 2.176328 -0.000125 
0.003305 0.001407 -0.001015 134 2.199852 0.000000 
0.003320 0.001410 -0.001015 117 2.272503 0.000000 
0.003316 0.001409 -0.001140 116 2.253858 -0.000125 
0.003301 0.001406 -0.001140 88 2.176328 -0.000125


0.003311 0.001408 -0.001078 19 2.225636 -0.000062


0.003331 0.001414 -0.001140 86 2.331410 -0.000124 
0.003345 0.001420 -0.001139 115 2.409083 -0.000124 
0.003343 0.001419 -0.001265 34 2.399990 -0.000250 
0.003328 0.001413 -0.001265 33 2.317590 -0.000250 
0.003331 0.001414 -0.001140 86 2.331410 -0.000124


0.003337 0.001416 -0.001203 20 2.364519 -0.000187


0.003333 0.001415 -0.001015 87 2.345172 0.000001 
0.003320 0.001410 -0.001015 117 2.272503 0.000000 
0.003323 0.001411 -0.000890 69 2.291128 0.000125 
0.003336 0.001416 -0.000890 68 2.358891 0.000125 
0.003333 0.001415 -0.001015 87 2.345172 0.000001


0.003328 0.001413 -0.000953 21 2.316924 0.000063


0.003312 0.001408 -0.001265 32 2.235189 -0.000250 
0.003316 0.001409 -0.001140 116 2.253858 -0.000125 
0.003331 0.001414 -0.001140 86 2.331410 -0.000124 
0.003328 0.001413 -0.001265 33 2.317590 -0.000250 
0.003312 0.001408 -0.001265 32 2.235189 -0.000250


0.003322 0.001411 -0.001203 22 2.284512 -0.000187


0.003301 0.001406 -0.001140 88 2.176328 -0.000125 
0.003316 0.001409 -0.001140 116 2.253858 -0.000125 
0.003312 0.001408 -0.001265 32 2.235189 -0.000250 
0.003296 0.001405 -0.001265 31 2.152789 -0.000250 
0.003301 0.001406 -0.001140 88 2.176328 -0.000125


0.003306 0.001407 -0.001203 23 2.204542 -0.000187


0.003316 0.001409 -0.001140 116 2.253858 -0.000125 
0.003320 0.001410 -0.001015 117 2.272503 0.000000 
0.003333 0.001415 -0.001015 87 2.345172 0.000001 
0.003331 0.001414 -0.001140 86 2.331410 -0.000124 
0.003316 0.001409 -0.001140 116 2.253858 -0.000125


0.003325 0.001412 -0.001078 24 2.300736 -0.000062


0.003347 0.001421 -0.001014 89 2.417936 0.000001 
0.003333 0.001415 -0.001015 87 2.345172 0.000001 
0.003336 0.001416 -0.000890 68 2.358891 0.000125 
0.003348 0.001421 -0.000890 67 2.426653 0.000125 
0.003347 0.001421 -0.001014 89 2.417936 0.000001


0.003341 0.001418 -0.000953 25 2.387163 0.000063


0.003345 0.001420 -0.001139 115 2.409083 -0.000124 
0.003359 0.001427 -0.001139 142 2.487141 -0.000123 
0.003358 0.001426 -0.001265 35 2.482390 -0.000250 
0.003343 0.001419 -0.001265 34 2.399990 -0.000250 
0.003345 0.001420 -0.001139 115 2.409083 -0.000124


0.003352 0.001423 -0.001202 26 2.444651 -0.000187


0.003331 0.001414 -0.001140 86 2.331410 -0.000124 
0.003333 0.001415 -0.001015 87 2.345172 0.000001 
0.003347 0.001421 -0.001014 89 2.417936 0.000001 
0.003345 0.001420 -0.001139 115 2.409083 -0.000124 
0.003331 0.001414 -0.001140 86 2.331410 -0.000124


0.003339 0.001417 -0.001077 27 2.375901 -0.000062


0.003360 0.001428 -0.000890 66 2.494415 0.000125 
0.003360 0.001427 -0.001014 118 2.491042 0.000002 
0.003347 0.001421 -0.001014 89 2.417936 0.000001 
0.003348 0.001421 -0.000890 67 2.426653 0.000125 
0.003360 0.001428 -0.000890 66 2.494415 0.000125


0.003354 0.001424 -0.000952 28 2.457512 0.000063


0.003372 0.001435 -0.001011 90 2.564878 0.000004 
0.003360 0.001427 -0.001014 118 2.491042 0.000002 
0.003360 0.001428 -0.000890 66 2.494415 0.000125 
0.003372 0.001435 -0.000890 65 2.562178 0.000125 
0.003372 0.001435 -0.001011 90 2.564878 0.000004


0.003366 0.001431 -0.000951 29 2.528128 0.000064


0.003345 0.001420 -0.001139 115 2.409083 -0.000124 
0.003347 0.001421 -0.001014 89 2.417936 0.000001 
0.003360 0.001427 -0.001014 118 2.491042 0.000002 
0.003359 0.001427 -0.001139 142 2.487141 -0.000123 
0.003345 0.001420 -0.001139 115 2.409083 -0.000124


0.003353 0.001424 -0.001077 30 2.451301 -0.000061


0.003373 0.001435 -0.001136 119 2.566146 -0.000121 
0.003372 0.001435 -0.001011 90 2.564878 0.000004 
0.003385 0.001444 -0.001007 120 2.640684 0.000009 
0.003386 0.001445 -0.001130 91 2.648043 -0.000115 
0.003373 0.001435 -0.001136 119 2.566146 -0.000121


0.003379 0.001440 -0.001071 31 2.604938 -0.000056


0.003372 0.001435 -0.001265 36 2.564791 -0.000250 
0.003373 0.001435 -0.001136 119 2.566146 -0.000121 
0.003386 0.001445 -0.001130 91 2.648043 -0.000115 
0.003386 0.001445 -0.001265 37 2.647191 -0.000250 
0.003372 0.001435 -0.001265 36 2.564791 -0.000250


0.003379 0.001440 -0.001199 32 2.606543 -0.000184


0.003359 0.001427 -0.001139 142 2.487141 -0.000123 
0.003373 0.001435 -0.001136 119 2.566146 -0.000121 
0.003372 0.001435 -0.001265 36 2.564791 -0.000250 
0.003358 0.001426 -0.001265 35 2.482390 -0.000250 
0.003359 0.001427 -0.001139 142 2.487141 -0.000123


0.003366 0.001431 -0.001201 33 2.525117 -0.000186


0.003385 0.001444 -0.001007 120 2.640684 0.000009 
0.003372 0.001435 -0.001011 90 2.564878 0.000004 
0.003372 0.001435 -0.000890 65 2.562178 0.000125 
0.003383 0.001442 -0.000890 64 2.629940 0.000125 
0.003385 0.001444 -0.001007 120 2.640684 0.000009


0.003378 0.001439 -0.000950 34 2.599420 0.000066


0.003416 0.001474 -0.001075 93 2.856115 -0.000059 
0.003424 0.001484 -0.000973 113 2.919697 0.000042 
0.003433 0.001498 -0.000960 145 3.007127 0.000056 
0.003433 0.001498 -0.001052 123 3.006356 -0.000036 
0.003416 0.001474 -0.001075 93 2.856115 -0.000059


0.003427 0.001488 -0.001015 35 2.947339 0.000001


0.003152 0.001435 -0.001141 102 1.397441 -0.000125 
0.003164 0.001428 -0.001015 131 1.468842 -0.000000 
0.003178 0.001421 -0.001015 98 1.544630 -0.000000 
0.003166 0.001427 -0.001140 132 1.477292 -0.000125 
0.003152 0.001435 -0.001141 102 1.397441 -0.000125


0.003165 0.001428 -0.001078 36 1.472053 -0.000063


0.003397 0.001454 -0.000996 82 2.719941 0.000020 
0.003385 0.001444 -0.001007 120 2.640684 0.000009 
0.003383 0.001442 -0.000890 64 2.629940 0.000125 
0.003394 0.001451 -0.000890 63 2.697703 0.000125 
0.003397 0.001454 -0.000996 82 2.719941 0.000020


0.003390 0.001448 -0.000946 37 2.672066 0.000070


0.003398 0.001455 -0.001265 38 2.729591 -0.000250 
0.003400 0.001456 -0.001116 121 2.738425 -0.000101 
0.003416 0.001474 -0.001075 93 2.856115 -0.000059 
0.003410 0.001467 -0.001265 39 2.811991 -0.000250 
0.003398 0.001455 -0.001265 38 2.729591 -0.000250


0.003406 0.001463 -0.001180 38 2.784025 -0.000165


0.003386 0.001445 -0.001130 91 2.648043 -0.000115 
0.003400 0.001456 -0.001116 121 2.738425 -0.000101 
0.003398 0.001455 -0.001265 38 2.729591 -0.000250 
0.003386 0.001445 -0.001265 37 2.647191 -0.000250 
0.003386 0.001445 -0.001130 91 2.648043 -0.000115


0.003392 0.001450 -0.001194 39 2.690812 -0.000179


0.003403 0.001460 -0.000890 62 2.765465 0.000125 
0.003409 0.001465 -0.000974 122 2.802017 0.000041 
0.003397 0.001454 -0.000996 82 2.719941 0.000020 
0.003394 0.001451 -0.000890 63 2.697703 0.000125 
0.003403 0.001460 -0.000890 62 2.765465 0.000125


0.003401 0.001458 -0.000938 40 2.746279 0.000078


0.003417 0.001475 -0.000938 144 2.865248 0.000077 
0.003409 0.001465 -0.000974 122 2.802017 0.000041 
0.003403 0.001460 -0.000890 62 2.765465 0.000125 
0.003413 0.001470 -0.000890 61 2.833227 0.000125 
0.003417 0.001475 -0.000938 144 2.865248 0.000077


0.003410 0.001468 -0.000923 41 2.816490 0.000092


0.003416 0.001474 -0.001075 93 2.856115 -0.000059 
0.003433 0.001498 -0.001052 123 3.006356 -0.000036 
0.003421 0.001480 -0.001265 40 2.894392 -0.000250 
0.003410 0.001467 -0.001265 39 2.811991 -0.000250 
0.003416 0.001474 -0.001075 93 2.856115 -0.000059


0.003420 0.001479 -0.001164 42 2.892175 -0.000149


0.003409 0.001465 -0.000974 122 2.802017 0.000041 
0.003416 0.001474 -0.001075 93 2.856115 -0.000059 
0.003400 0.001456 -0.001116 121 2.738425 -0.000101 
0.003397 0.001454 -0.000996 82 2.719941 0.000020 
0.003409 0.001465 -0.000974 122 2.802017 0.000041


0.003405 0.001462 -0.001040 43 2.779116 -0.000025


0.003409 0.001465 -0.000974 122 2.802017 0.000041 
0.003417 0.001475 -0.000938 144 2.865248 0.000077 
0.003424 0.001484 -0.000973 113 2.919697 0.000042 
0.003416 0.001474 -0.001075 93 2.856115 -0.000059 
0.003409 0.001465 -0.000974 122 2.802017 0.000041


0.003416 0.001474 -0.000990 44 2.860769 0.000025


0.003421 0.001480 -0.001265 40 2.894392 -0.000250 
0.003433 0.001498 -0.001052 123 3.006356 -0.000036 
0.003442 0.001515 -0.001070 83 3.101539 -0.000055 
0.003430 0.001493 -0.001265 41 2.976792 -0.000250 
0.003421 0.001480 -0.001265 40 2.894392 -0.000250


0.003432 0.001496 -0.001163 45 2.994761 -0.000148


0.003194 0.001414 -0.001140 128 1.633545 -0.000125 
0.003205 0.001410 -0.001015 125 1.691235 -0.000000 
0.003219 0.001407 -0.001015 95 1.763970 0.000000 
0.003209 0.001409 -0.001140 97 1.711164 -0.000125 
0.003194 0.001414 -0.001140 128 1.633545 -0.000125


0.003207 0.001410 -0.001078 46 1.699980 -0.000062


0.003239 0.001403 -0.001140 94 1.866233 -0.000125 
0.003255 0.001402 -0.001140 124 1.943755 -0.000125 
0.003247 0.001403 -0.001265 28 1.905588 -0.000250 
0.003231 0.001405 -0.001265 27 1.823188 -0.000250 
0.003239 0.001403 -0.001140 94 1.866233 -0.000125


0.003243 0.001403 -0.001203 47 1.884692 -0.000187


0.003219 0.001407 -0.001015 95 1.763970 0.000000 
0.003205 0.001410 -0.001015 125 1.691235 -0.000000 
0.003216 0.001407 -0.000890 77 1.749030 0.000125 
0.003229 0.001405 -0.000890 76 1.816792 0.000125 
0.003219 0.001407 -0.001015 95 1.763970 0.000000


0.003217 0.001407 -0.000953 48 1.755258 0.000063


0.003233 0.001404 -0.001015 96 1.836628 0.000000 
0.003219 0.001407 -0.001015 95 1.763970 0.000000 
0.003229 0.001405 -0.000890 76 1.816792 0.000125 
0.003243 0.001403 -0.000890 75 1.884554 0.000125 
0.003233 0.001404 -0.001015 96 1.836628 0.000000


0.003231 0.001405 -0.000953 49 1.825487 0.000063


0.003255 0.001402 -0.001140 124 1.943755 -0.000125 
0.003270 0.001402 -0.001140 99 2.021279 -0.000125 
0.003263 0.001402 -0.001265 29 1.987988 -0.000250 
0.003247 0.001403 -0.001265 28 1.905588 -0.000250 
0.003255 0.001402 -0.001140 124 1.943755 -0.000125


0.003259 0.001402 -0.001203 50 1.964654 -0.000187


0.003224 0.001406 -0.001140 126 1.788704 -0.000125 
0.003233 0.001404 -0.001015 96 1.836628 0.000000 
0.003248 0.001403 -0.001015 129 1.909275 0.000000 
0.003239 0.001403 -0.001140 94 1.866233 -0.000125 
0.003224 0.001406 -0.001140 126 1.788704 -0.000125


0.003236 0.001404 -0.001078 51 1.850211 -0.000062


0.003214 0.001408 -0.001265 26 1.740788 -0.000250 
0.003224 0.001406 -0.001140 126 1.788704 -0.000125 
0.003239 0.001403 -0.001140 94 1.866233 -0.000125 
0.003231 0.001405 -0.001265 27 1.823188 -0.000250 
0.003214 0.001408 -0.001265 26 1.740788 -0.000250


0.003227 0.001405 -0.001203 52 1.804729 -0.000187


0.003209 0.001409 -0.001140 97 1.711164 -0.000125 
0.003224 0.001406 -0.001140 126 1.788704 -0.000125 
0.003214 0.001408 -0.001265 26 1.740788 -0.000250 
0.003199 0.001412 -0.001265 25 1.658387 -0.000250 
0.003209 0.001409 -0.001140 97 1.711164 -0.000125


0.003211 0.001409 -0.001203 53 1.724762 -0.000187


0.003209 0.001409 -0.001140 97 1.711164 -0.000125 
0.003219 0.001407 -0.001015 95 1.763970 0.000000 
0.003233 0.001404 -0.001015 96 1.836628 0.000000 
0.003224 0.001406 -0.001140 126 1.788704 -0.000125 
0.003209 0.001409 -0.001140 97 1.711164 -0.000125


0.003221 0.001406 -0.001078 54 1.775118 -0.000062


0.003180 0.001420 -0.001140 101 1.555758 -0.000125 
0.003191 0.001415 -0.001015 127 1.618243 -0.000000 
0.003205 0.001410 -0.001015 125 1.691235 -0.000000 
0.003194 0.001414 -0.001140 128 1.633545 -0.000125 
0.003180 0.001420 -0.001140 101 1.555758 -0.000125


0.003192 0.001415 -0.001078 55 1.624697 -0.000063


0.003203 0.001411 -0.000890 78 1.681267 0.000125 
0.003191 0.001415 -0.001015 127 1.618243 -0.000000 
0.003178 0.001421 -0.001015 98 1.544630 -0.000000 
0.003190 0.001416 -0.000890 79 1.613505 0.000125 
0.003203 0.001411 -0.000890 78 1.681267 0.000125


0.003190 0.001415 -0.000953 56 1.614413 0.000062


0.003205 0.001410 -0.001015 125 1.691235 -0.000000 
0.003191 0.001415 -0.001015 127 1.618243 -0.000000 
0.003203 0.001411 -0.000890 78 1.681267 0.000125 
0.003216 0.001407 -0.000890 77 1.749030 0.000125 
0.003205 0.001410 -0.001015 125 1.691235 -0.000000


0.003204 0.001411 -0.000953 57 1.684945 0.000062


0.003194 0.001414 -0.001140 128 1.633545 -0.000125 
0.003209 0.001409 -0.001140 97 1.711164 -0.000125 
0.003199 0.001412 -0.001265 25 1.658387 -0.000250 
0.003183 0.001418 -0.001265 24 1.575987 -0.000250 
0.003194 0.001414 -0.001140 128 1.633545 -0.000125


0.003196 0.001413 -0.001203 58 1.644772 -0.000188


0.003166 0.001427 -0.001140 132 1.477292 -0.000125 
0.003178 0.001421 -0.001015 98 1.544630 -0.000000 
0.003191 0.001415 -0.001015 127 1.618243 -0.000000 
0.003180 0.001420 -0.001140 101 1.555758 -0.000125 
0.003166 0.001427 -0.001140 132 1.477292 -0.000125


0.003178 0.001421 -0.001078 59 1.548982 -0.000063


0.003256 0.001402 -0.000890 74 1.952317 0.000125 
0.003248 0.001403 -0.001015 129 1.909275 0.000000 
0.003233 0.001404 -0.001015 96 1.836628 0.000000 
0.003243 0.001403 -0.000890 75 1.884554 0.000125 
0.003256 0.001402 -0.000890 74 1.952317 0.000125


0.003245 0.001403 -0.000953 60 1.895694 0.000063


0.003255 0.001402 -0.001140 124 1.943755 -0.000125 
0.003262 0.001402 -0.001015 100 1.981920 0.000000 
0.003277 0.001403 -0.001015 143 2.054562 0.000000 
0.003270 0.001402 -0.001140 99 2.021279 -0.000125 
0.003255 0.001402 -0.001140 124 1.943755 -0.000125


0.003266 0.001402 -0.001078 61 2.000380 -0.000062


0.003239 0.001403 -0.001140 94 1.866233 -0.000125 
0.003248 0.001403 -0.001015 129 1.909275 0.000000 
0.003262 0.001402 -0.001015 100 1.981920 0.000000 
0.003255 0.001402 -0.001140 124 1.943755 -0.000125 
0.003239 0.001403 -0.001140 94 1.866233 -0.000125


0.003251 0.001402 -0.001078 62 1.925297 -0.000062


0.003248 0.001403 -0.001015 129 1.909275 0.000000 
0.003256 0.001402 -0.000890 74 1.952317 0.000125 
0.003270 0.001402 -0.000890 73 2.020079 0.000125 
0.003262 0.001402 -0.001015 100 1.981920 0.000000 
0.003248 0.001403 -0.001015 129 1.909275 0.000000


0.003259 0.001402 -0.000953 63 1.965898 0.000063


0.003286 0.001403 -0.001140 130 2.098801 -0.000125 
0.003301 0.001406 -0.001140 88 2.176328 -0.000125 
0.003296 0.001405 -0.001265 31 2.152789 -0.000250 
0.003280 0.001403 -0.001265 30 2.070389 -0.000250 
0.003286 0.001403 -0.001140 130 2.098801 -0.000125


0.003291 0.001404 -0.001203 64 2.124577 -0.000187


0.003270 0.001402 -0.001140 99 2.021279 -0.000125 
0.003286 0.001403 -0.001140 130 2.098801 -0.000125 
0.003280 0.001403 -0.001265 30 2.070389 -0.000250 
0.003263 0.001402 -0.001265 29 1.987988 -0.000250 
0.003270 0.001402 -0.001140 99 2.021279 -0.000125


0.003275 0.001402 -0.001203 65 2.044615 -0.000187


0.003180 0.001420 -0.001140 101 1.555758 -0.000125 
0.003194 0.001414 -0.001140 128 1.633545 -0.000125 
0.003183 0.001418 -0.001265 24 1.575987 -0.000250 
0.003168 0.001425 -0.001265 23 1.493587 -0.000250 
0.003180 0.001420 -0.001140 101 1.555758 -0.000125


0.003181 0.001419 -0.001203 66 1.564720 -0.000188


0.003178 0.001421 -0.000890 80 1.545742 0.000125 
0.003164 0.001428 -0.001015 131 1.468842 -0.000000 
0.003150 0.001436 -0.001016 92 1.387331 -0.000000 
0.003166 0.001427 -0.000890 1 1.477980 0.000125 
0.003178 0.001421 -0.000890 80 1.545742 0.000125


0.003164 0.001428 -0.000953 67 1.469979 0.000062


0.003178 0.001421 -0.001015 98 1.544630 -0.000000 
0.003164 0.001428 -0.001015 131 1.468842 -0.000000 
0.003178 0.001421 -0.000890 80 1.545742 0.000125 
0.003190 0.001416 -0.000890 79 1.613505 0.000125 
0.003178 0.001421 -0.001015 98 1.544630 -0.000000


0.003177 0.001421 -0.000953 68 1.543182 0.000062


0.003154 0.001434 -0.001265 22 1.411186 -0.000250 
0.003166 0.001427 -0.001140 132 1.477292 -0.000125 
0.003180 0.001420 -0.001140 101 1.555758 -0.000125 
0.003168 0.001425 -0.001265 23 1.493587 -0.000250 
0.003154 0.001434 -0.001265 22 1.411186 -0.000250


0.003167 0.001426 -0.001203 69 1.484457 -0.000188


0.003152 0.001435 -0.001141 102 1.397441 -0.000125 
0.003166 0.001427 -0.001140 132 1.477292 -0.000125 
0.003154 0.001434 -0.001265 22 1.411186 -0.000250 
0.003141 0.001443 -0.001265 21 1.328786 -0.000250 
0.003152 0.001435 -0.001141 102 1.397441 -0.000125


0.003153 0.001435 -0.001203 70 1.403677 -0.000188


0.003150 0.001436 -0.001016 92 1.387331 -0.000000 
0.003134 0.001448 -0.001016 135 1.287563 -0.000000 
0.003145 0.001440 -0.000890 2 1.356180 0.000125 
0.003166 0.001427 -0.000890 1 1.477980 0.000125 
0.003150 0.001436 -0.001016 92 1.387331 -0.000000


0.003149 0.001438 -0.000953 71 1.377251 0.000063


0.003283 0.001403 -0.000890 72 2.087841 0.000125 
0.003277 0.001403 -0.001015 143 2.054562 0.000000 
0.003262 0.001402 -0.001015 100 1.981920 0.000000 
0.003270 0.001402 -0.000890 73 2.020079 0.000125 
0.003283 0.001403 -0.000890 72 2.087841 0.000125


0.003273 0.001402 -0.000953 72 2.036101 0.000063


0.003291 0.001404 -0.001015 103 2.127207 0.000000 
0.003277 0.001403 -0.001015 143 2.054562 0.000000 
0.003283 0.001403 -0.000890 72 2.087841 0.000125 
0.003297 0.001405 -0.000890 71 2.155604 0.000125 
0.003291 0.001404 -0.001015 103 2.127207 0.000000


0.003287 0.001404 -0.000953 73 2.106304 0.000063


0.003092 0.001497 -0.001018 133 0.964997 -0.000003 
0.003090 0.001501 -0.001143 139 0.940665 -0.000128 
0.003081 0.001518 -0.001147 107 0.844434 -0.000131 
0.003082 0.001517 -0.001023 140 0.853299 -0.000008 
0.003092 0.001497 -0.001018 133 0.964997 -0.000003


0.003086 0.001508 -0.001083 74 0.900847 -0.000067


0.003286 0.001403 -0.001140 130 2.098801 -0.000125 
0.003291 0.001404 -0.001015 103 2.127207 0.000000 
0.003305 0.001407 -0.001015 134 2.199852 0.000000 
0.003301 0.001406 -0.001140 88 2.176328 -0.000125 
0.003286 0.001403 -0.001140 130 2.098801 -0.000125


0.003296 0.001405 -0.001078 75 2.150548 -0.000062


0.003310 0.001408 -0.000890 70 2.223366 0.000125 
0.003305 0.001407 -0.001015 134 2.199852 0.000000 
0.003291 0.001404 -0.001015 103 2.127207 0.000000 
0.003297 0.001405 -0.000890 71 2.155604 0.000125 
0.003310 0.001408 -0.000890 70 2.223366 0.000125


0.003301 0.001406 -0.000953 76 2.176508 0.000063


0.003320 0.001410 -0.001015 117 2.272503 0.000000 
0.003305 0.001407 -0.001015 134 2.199852 0.000000 
0.003310 0.001408 -0.000890 70 2.223366 0.000125 
0.003323 0.001411 -0.000890 69 2.291128 0.000125 
0.003320 0.001410 -0.001015 117 2.272503 0.000000


0.003315 0.001409 -0.000953 77 2.246713 0.000063


0.003461 0.001582 -0.001078 85 3.452831 -0.000062 
0.003459 0.001563 -0.001078 114 3.356991 -0.000062 
0.003461 0.001580 -0.000890 52 3.443089 0.000125 
0.003462 0.001594 -0.000890 51 3.510851 0.000125 
0.003461 0.001582 -0.001078 85 3.452831 -0.000062


0.003461 0.001580 -0.000984 78 3.440951 0.000031


0.003461 0.001580 -0.000890 52 3.443089 0.000125 
0.003459 0.001563 -0.001078 114 3.356991 -0.000062 
0.003454 0.001545 -0.001077 84 3.264259 -0.000062 
0.003459 0.001567 -0.000890 53 3.375326 0.000125 
0.003461 0.001580 -0.000890 52 3.443089 0.000125


0.003459 0.001564 -0.000984 79 3.359929 0.000031


0.003456 0.001553 -0.000890 54 3.307564 0.000125 
0.003449 0.001530 -0.001076 112 3.183131 -0.000060 
0.003442 0.001515 -0.001070 83 3.101539 -0.000055 
0.003453 0.001540 -0.000890 55 3.239801 0.000125 
0.003456 0.001553 -0.000890 54 3.307564 0.000125


0.003451 0.001534 -0.000982 80 3.208017 0.000034


0.003454 0.001545 -0.001077 84 3.264259 -0.000062 
0.003449 0.001530 -0.001076 112 3.183131 -0.000060 
0.003456 0.001553 -0.000890 54 3.307564 0.000125 
0.003459 0.001567 -0.000890 53 3.375326 0.000125 
0.003454 0.001545 -0.001077 84 3.264259 -0.000062


0.003455 0.001549 -0.000984 81 3.282577 0.000032


0.003461 0.001582 -0.001078 85 3.452831 -0.000062 
0.003462 0.001601 -0.001078 110 3.549500 -0.000062 
0.003462 0.001595 -0.001265 46 3.520180 -0.000250 
0.003460 0.001570 -0.001265 45 3.393984 -0.000250 
0.003461 0.001582 -0.001078 85 3.452831 -0.000062


0.003462 0.001587 -0.001172 82 3.479133 -0.000156


0.003462 0.001601 -0.001078 110 3.549500 -0.000062 
0.003462 0.001621 -0.001078 48 3.646376 -0.000063 
0.003462 0.001621 -0.001265 47 3.646376 -0.000250 
0.003462 0.001595 -0.001265 46 3.520180 -0.000250 
0.003462 0.001601 -0.001078 110 3.549500 -0.000062


0.003462 0.001609 -0.001172 83 3.590611 -0.000156


0.003119 0.001463 -0.001016 104 1.182142 -0.000000 
0.003112 0.001470 -0.001141 138 1.131156 -0.000125 
0.003100 0.001485 -0.001142 106 1.036382 -0.000126 
0.003105 0.001479 -0.001016 137 1.074162 -0.000001 
0.003119 0.001463 -0.001016 104 1.182142 -0.000000


0.003109 0.001474 -0.001079 84 1.105957 -0.000063


0.003145 0.001440 -0.000890 2 1.356180 0.000125 
0.003134 0.001448 -0.001016 135 1.287563 -0.000000 
0.003119 0.001463 -0.001016 104 1.182142 -0.000000 
0.003126 0.001455 -0.000890 3 1.235102 0.000126 
0.003145 0.001440 -0.000890 2 1.356180 0.000125


0.003131 0.001451 -0.000953 85 1.265241 0.000063


0.003138 0.001445 -0.001141 136 1.313946 -0.000125 
0.003150 0.001436 -0.001016 92 1.387331 -0.000000 
0.003164 0.001428 -0.001015 131 1.468842 -0.000000 
0.003152 0.001435 -0.001141 102 1.397441 -0.000125 
0.003138 0.001445 -0.001141 136 1.313946 -0.000125


0.003151 0.001436 -0.001078 86 1.391891 -0.000063


0.003138 0.001445 -0.001141 136 1.313946 -0.000125 
0.003152 0.001435 -0.001141 102 1.397441 -0.000125 
0.003141 0.001443 -0.001265 21 1.328786 -0.000250 
0.003128 0.001454 -0.001265 20 1.246386 -0.000250 
0.003138 0.001445 -0.001141 136 1.313946 -0.000125


0.003140 0.001444 -0.001203 87 1.321639 -0.000188


0.003105 0.001479 -0.001016 137 1.074162 -0.000001 
0.003100 0.001485 -0.001142 106 1.036382 -0.000126 
0.003090 0.001501 -0.001143 139 0.940665 -0.000128 
0.003092 0.001497 -0.001018 133 0.964997 -0.000003 
0.003105 0.001479 -0.001016 137 1.074162 -0.000001


0.003096 0.001490 -0.001080 88 1.004049 -0.000064


0.003092 0.001497 -0.001018 133 0.964997 -0.000003 
0.003082 0.001517 -0.001023 140 0.853299 -0.000008 
0.003083 0.001514 -0.000889 6 0.870402 0.000126 
0.003095 0.001493 -0.000889 5 0.991582 0.000127 
0.003092 0.001497 -0.001018 133 0.964997 -0.000003


0.003088 0.001505 -0.000955 89 0.920068 0.000061


0.003125 0.001457 -0.001141 105 1.224375 -0.000125 
0.003138 0.001445 -0.001141 136 1.313946 -0.000125 
0.003128 0.001454 -0.001265 20 1.246386 -0.000250 
0.003116 0.001465 -0.001265 19 1.163985 -0.000250 
0.003125 0.001457 -0.001141 105 1.224375 -0.000125


0.003127 0.001455 -0.001203 90 1.237171 -0.000188


0.003110 0.001473 -0.000889 4 1.113042 0.000126 
0.003105 0.001479 -0.001016 137 1.074162 -0.000001 
0.003092 0.001497 -0.001018 133 0.964997 -0.000003 
0.003095 0.001493 -0.000889 5 0.991582 0.000127 
0.003110 0.001473 -0.000889 4 1.113042 0.000126


0.003100 0.001485 -0.000953 91 1.035942 0.000062


0.003119 0.001463 -0.001016 104 1.182142 -0.000000 
0.003105 0.001479 -0.001016 137 1.074162 -0.000001 
0.003110 0.001473 -0.000889 4 1.113042 0.000126 
0.003126 0.001455 -0.000890 3 1.235102 0.000126 
0.003119 0.001463 -0.001016 104 1.182142 -0.000000


0.003115 0.001467 -0.000953 92 1.151107 0.000063


0.003100 0.001485 -0.001142 106 1.036382 -0.000126 
0.003112 0.001470 -0.001141 138 1.131156 -0.000125 
0.003106 0.001478 -0.001265 18 1.081585 -0.000250 
0.003096 0.001491 -0.001265 17 0.999185 -0.000250 
0.003100 0.001485 -0.001142 106 1.036382 -0.000126


0.003103 0.001481 -0.001203 93 1.062074 -0.000188


0.003125 0.001457 -0.001141 105 1.224375 -0.000125 
0.003134 0.001448 -0.001016 135 1.287563 -0.000000 
0.003150 0.001436 -0.001016 92 1.387331 -0.000000 
0.003138 0.001445 -0.001141 136 1.313946 -0.000125 
0.003125 0.001457 -0.001141 105 1.224375 -0.000125


0.003137 0.001446 -0.001078 94 1.303300 -0.000063


0.003106 0.001478 -0.001265 18 1.081585 -0.000250 
0.003112 0.001470 -0.001141 138 1.131156 -0.000125 
0.003125 0.001457 -0.001141 105 1.224375 -0.000125 
0.003116 0.001465 -0.001265 19 1.163985 -0.000250 
0.003106 0.001478 -0.001265 18 1.081585 -0.000250


0.003114 0.001467 -0.001203 95 1.150272 -0.000188


0.003087 0.001505 -0.001265 16 0.916785 -0.000250 
0.003090 0.001501 -0.001143 139 0.940665 -0.000128 
0.003100 0.001485 -0.001142 106 1.036382 -0.000126 
0.003096 0.001491 -0.001265 17 0.999185 -0.000250 
0.003087 0.001505 -0.001265 16 0.916785 -0.000250


0.003093 0.001496 -0.001204 96 0.973252 -0.000188


0.003081 0.001518 -0.001147 107 0.844434 -0.000131 
0.003090 0.001501 -0.001143 139 0.940665 -0.000128 
0.003087 0.001505 -0.001265 16 0.916785 -0.000250 
0.003080 0.001520 -0.001265 15 0.834384 -0.000250 
0.003081 0.001518 -0.001147 107 0.844434 -0.000131


0.003084 0.001511 -0.001205 97 0.884066 -0.000190


0.003386 0.001445 -0.001130 91 2.648043 -0.000115 
0.003385 0.001444 -0.001007 120 2.640684 0.000009 
0.003397 0.001454 -0.000996 82 2.719941 0.000020 
0.003400 0.001456 -0.001116 121 2.738425 -0.000101 
0.003386 0.001445 -0.001130 91 2.648043 -0.000115


0.003392 0.001450 -0.001062 98 2.686773 -0.000047


0.003083 0.001514 -0.000889 6 0.870402 0.000126 
0.003082 0.001517 -0.001023 140 0.853299 -0.000008 
0.003073 0.001539 -0.001038 108 0.733244 -0.000022 
0.003074 0.001536 -0.000890 7 0.748205 0.000126 
0.003083 0.001514 -0.000889 6 0.870402 0.000126


0.003077 0.001526 -0.000960 99 0.801287 0.000056


0.003074 0.001536 -0.001154 141 0.749138 -0.000139 
0.003081 0.001518 -0.001147 107 0.844434 -0.000131 
0.003080 0.001520 -0.001265 15 0.834384 -0.000250 
0.003074 0.001535 -0.001265 14 0.751984 -0.000250 
0.003074 0.001536 -0.001154 141 0.749138 -0.000139


0.003077 0.001527 -0.001208 100 0.794985 -0.000193


0.003069 0.001552 -0.001167 109 0.666885 -0.000152 
0.003074 0.001536 -0.001154 141 0.749138 -0.000139 
0.003074 0.001535 -0.001265 14 0.751984 -0.000250 
0.003069 0.001551 -0.001265 13 0.669584 -0.000250 
0.003069 0.001552 -0.001167 109 0.666885 -0.000152


0.003071 0.001543 -0.001213 101 0.709398 -0.000198


0.003073 0.001539 -0.001038 108 0.733244 -0.000022 
0.003065 0.001568 -0.001082 111 0.581872 -0.000067 
0.003067 0.001559 -0.000890 8 0.626717 0.000125 
0.003074 0.001536 -0.000890 7 0.748205 0.000126 
0.003073 0.001539 -0.001038 108 0.733244 -0.000022


0.003069 0.001551 -0.000975 102 0.672517 0.000041


0.003073 0.001539 -0.001038 108 0.733244 -0.000022 
0.003074 0.001536 -0.001154 141 0.749138 -0.000139 
0.003069 0.001552 -0.001167 109 0.666885 -0.000152 
0.003065 0.001568 -0.001082 111 0.581872 -0.000067 
0.003073 0.001539 -0.001038 108 0.733244 -0.000022


0.003070 0.001549 -0.001110 103 0.682810 -0.000095


0.003074 0.001536 -0.001154 141 0.749138 -0.000139 
0.003073 0.001539 -0.001038 108 0.733244 -0.000022 
0.003082 0.001517 -0.001023 140 0.853299 -0.000008 
0.003081 0.001518 -0.001147 107 0.844434 -0.000131 
0.003074 0.001536 -0.001154 141 0.749138 -0.000139


0.003077 0.001527 -0.001090 104 0.795029 -0.000075


0.003065 0.001568 -0.001082 111 0.581872 -0.000067 
0.003063 0.001584 -0.001078 10 0.504783 -0.000063 
0.003063 0.001584 -0.000890 9 0.504783 0.000125 
0.003067 0.001559 -0.000890 8 0.626717 0.000125 
0.003065 0.001568 -0.001082 111 0.581872 -0.000067


0.003064 0.001574 -0.000985 105 0.554533 0.000030


0.003270 0.001402 -0.001140 99 2.021279 -0.000125 
0.003277 0.001403 -0.001015 143 2.054562 0.000000 
0.003291 0.001404 -0.001015 103 2.127207 0.000000 
0.003286 0.001403 -0.001140 130 2.098801 -0.000125 
0.003270 0.001402 -0.001140 99 2.021279 -0.000125


0.003281 0.001403 -0.001078 106 2.075463 -0.000062


