0.001342 0.001126 0.000810 30 3.524694 -0.000175 
0.001285 0.001141 0.000900 219 3.583924 -0.000084 
0.001430 0.001096 0.000910 28 3.431436 -0.000075 
0.001430 0.001096 0.000810 29 3.431436 -0.000175 
0.001342 0.001126 0.000810 30 3.524694 -0.000175


0.001372 0.001117 0.000857 1 3.492859 -0.000127


0.000753 0.001115 0.000899 141 4.122238 -0.000085 
0.000795 0.001127 0.000915 186 4.078571 -0.000069 
0.000880 0.001147 0.000810 35 3.990982 -0.000175 
0.000790 0.001126 0.000810 36 4.084239 -0.000175 
0.000753 0.001115 0.000899 141 4.122238 -0.000085


0.000804 0.001130 0.000858 2 4.069021 -0.000126


0.001430 0.001096 0.000910 28 3.431436 -0.000075 
0.001285 0.001141 0.000900 219 3.583924 -0.000084 
0.001218 0.001153 0.000982 160 3.652010 -0.000002 
0.001430 0.001096 0.001010 27 3.431436 0.000025 
0.001430 0.001096 0.000910 28 3.431436 -0.000075


0.001342 0.001126 0.000950 3 3.524675 -0.000034


0.000742 0.001111 0.000988 273 4.134346 0.000004 
0.000697 0.001094 0.001039 42 4.181854 0.000054 
0.000694 0.001093 0.001048 43 4.185219 0.000063 
0.000781 0.001123 0.000974 144 4.093222 -0.000011 
0.000742 0.001111 0.000988 273 4.134346 0.000004


0.000728 0.001106 0.001012 4 4.148664 0.000028


0.000358 0.000871 0.000810 76 4.590712 -0.000175 
0.000363 0.000876 0.000895 221 4.583346 -0.000090 
0.000442 0.000946 0.000910 74 4.478634 -0.000075 
0.000442 0.000946 0.000810 75 4.478634 -0.000175 
0.000358 0.000871 0.000810 76 4.590712 -0.000175


0.000400 0.000911 0.000856 5 4.532831 -0.000129


0.000176 -0.000291 0.001132 138 5.848124 0.000147 
0.000163 -0.000265 0.001021 200 5.819567 0.000036 
0.000236 -0.000394 0.001017 282 5.967581 0.000032 
0.000239 -0.000397 0.001132 274 5.971755 0.000147 
0.000176 -0.000291 0.001132 138 5.848124 0.000147


0.000201 -0.000338 0.001075 6 5.901760 0.000091


0.000442 0.000946 0.000910 74 4.478634 -0.000075 
0.000363 0.000876 0.000895 221 4.583346 -0.000090 
0.000370 0.000882 0.000970 151 4.574727 -0.000014 
0.000442 0.000946 0.001010 73 4.478634 0.000025 
0.000442 0.000946 0.000910 74 4.478634 -0.000075


0.000403 0.000914 0.000946 7 4.528835 -0.000039


0.000392 -0.000574 0.001021 147 6.206038 0.000037 
0.000400 -0.000582 0.001007 222 6.217706 0.000022 
0.000442 -0.000617 0.001021 94 6.272613 0.000037 
0.000444 -0.000618 0.001033 95 6.274753 0.000049 
0.000392 -0.000574 0.001021 147 6.206038 0.000037


0.000419 -0.000598 0.001021 8 6.242778 0.000036


0.000388 -0.000571 0.000985 193 6.201786 0.000000 
0.000339 -0.000522 0.000960 145 6.131681 -0.000024 
0.000311 -0.000491 0.000891 190 6.090205 -0.000093 
0.000373 -0.000557 0.000899 258 6.181160 -0.000086 
0.000388 -0.000571 0.000985 193 6.201786 0.000000


0.000352 -0.000536 0.000934 9 6.151211 -0.000051


0.000392 -0.000574 0.001021 147 6.206038 0.000037 
0.000340 -0.000523 0.001009 218 6.133336 0.000025 
0.000360 -0.000544 0.000992 171 6.162798 0.000008 
0.000400 -0.000582 0.001007 222 6.217706 0.000022 
0.000392 -0.000574 0.001021 147 6.206038 0.000037


0.000373 -0.000556 0.001007 10 6.179971 0.000023


0.001613 0.001002 0.001187 184 3.225946 0.000202 
0.001601 0.001010 0.001360 130 3.239767 0.000375 
0.001681 0.000953 0.001360 131 3.141593 0.000375 
0.001681 0.000953 0.001208 132 3.141593 0.000223 
0.001613 0.001002 0.001187 184 3.225946 0.000202


0.001645 0.000980 0.001278 11 3.187224 0.000294


0.001676 0.000957 0.001067 2 3.148723 0.000083 
0.001613 0.001002 0.001187 184 3.225946 0.000202 
0.001681 0.000953 0.001208 132 3.141593 0.000223 
0.001681 0.000953 0.001055 1 3.141593 0.000071 
0.001676 0.000957 0.001067 2 3.148723 0.000083


0.001663 0.000967 0.001129 12 3.164455 0.000145


0.001639 0.000985 0.001124 148 3.194624 0.000140 
0.001613 0.001002 0.001187 184 3.225946 0.000202 
0.001676 0.000957 0.001067 2 3.148723 0.000083 
0.001669 0.000963 0.001078 3 3.157430 0.000093 
0.001639 0.000985 0.001124 148 3.194624 0.000140


0.001649 0.000977 0.001114 13 3.181679 0.000129


0.001590 0.001016 0.001128 300 3.252654 0.000143 
0.001639 0.000985 0.001124 148 3.194624 0.000140 
0.001639 0.000984 0.001113 149 3.194361 0.000129 
0.001625 0.000994 0.001113 231 3.211177 0.000128 
0.001590 0.001016 0.001128 300 3.252654 0.000143


0.001623 0.000995 0.001120 14 3.213202 0.000135


0.000377 -0.000560 0.001231 227 6.185681 0.000247 
0.000377 -0.000560 0.001118 288 6.186091 0.000133 
0.000450 -0.000623 0.001055 97 6.283185 0.000071 
0.000450 -0.000623 0.001208 98 6.283185 0.000223 
0.000377 -0.000560 0.001231 227 6.185681 0.000247


0.000413 -0.000593 0.001153 15 6.234536 0.000168


0.000690 0.001092 0.001057 44 4.189450 0.000072 
0.000813 0.001132 0.000977 223 4.059592 -0.000007 
0.000781 0.001123 0.000974 144 4.093222 -0.000011 
0.000694 0.001093 0.001048 43 4.185219 0.000063 
0.000690 0.001092 0.001057 44 4.189450 0.000072


0.000744 0.001112 0.001014 16 4.131874 0.000029


0.000851 0.001142 0.000986 297 4.020584 0.000002 
0.000813 0.001132 0.000977 223 4.059592 -0.000007 
0.000690 0.001092 0.001057 44 4.189450 0.000072 
0.000686 0.001090 0.001065 45 4.194523 0.000081 
0.000851 0.001142 0.000986 297 4.020584 0.000002


0.000759 0.001117 0.001021 17 4.116044 0.000037


0.001590 0.001016 0.001128 300 3.252654 0.000143 
0.001560 0.001034 0.001147 163 3.288181 0.000163 
0.001613 0.001002 0.001187 184 3.225946 0.000202 
0.001639 0.000985 0.001124 148 3.194624 0.000140 
0.001590 0.001016 0.001128 300 3.252654 0.000143


0.001601 0.001010 0.001147 18 3.240351 0.000162


0.000941 0.001157 0.000898 164 3.929733 -0.000086 
0.001024 0.001164 0.000908 225 3.846644 -0.000077 
0.001159 0.001160 0.000810 32 3.711209 -0.000175 
0.001066 0.001165 0.000810 33 3.804466 -0.000175 
0.000941 0.001157 0.000898 164 3.929733 -0.000086


0.001047 0.001165 0.000856 19 3.823020 -0.000128


0.001035 0.001164 0.000986 182 3.835755 0.000001 
0.001218 0.001153 0.000982 160 3.652010 -0.000002 
0.001285 0.001141 0.000900 219 3.583924 -0.000084 
0.001145 0.001162 0.000900 150 3.724975 -0.000085 
0.001035 0.001164 0.000986 182 3.835755 0.000001


0.001171 0.001159 0.000942 20 3.699127 -0.000043


0.001159 0.001160 0.000810 32 3.711209 -0.000175 
0.001024 0.001164 0.000908 225 3.846644 -0.000077 
0.001145 0.001162 0.000900 150 3.724975 -0.000085 
0.001251 0.001147 0.000810 31 3.617951 -0.000175 
0.001159 0.001160 0.000810 32 3.711209 -0.000175


0.001145 0.001162 0.000857 21 3.725172 -0.000128


0.000291 0.000797 0.000889 152 4.690400 -0.000096 
0.000363 0.000876 0.000895 221 4.583346 -0.000090 
0.000358 0.000871 0.000810 76 4.590712 -0.000175 
0.000284 0.000788 0.000810 77 4.702791 -0.000175 
0.000291 0.000797 0.000889 152 4.690400 -0.000096


0.000323 0.000834 0.000851 22 4.641812 -0.000134


0.000370 0.000882 0.000970 151 4.574727 -0.000014 
0.000363 0.000876 0.000895 221 4.583346 -0.000090 
0.000291 0.000797 0.000889 152 4.690400 -0.000096 
0.000299 0.000806 0.000959 257 4.678901 -0.000026 
0.000370 0.000882 0.000970 151 4.574727 -0.000014


0.000330 0.000842 0.000928 23 4.631843 -0.000056


0.000290 -0.000466 0.000971 281 6.058336 -0.000014 
0.000340 -0.000523 0.001009 218 6.133336 0.000025 
0.000314 -0.000495 0.001052 226 6.095607 0.000068 
0.000236 -0.000394 0.001017 282 5.967581 0.000032 
0.000290 -0.000466 0.000971 281 6.058336 -0.000014


0.000294 -0.000471 0.001012 24 6.063737 0.000028


0.000308 -0.000488 0.001242 153 6.086292 0.000257 
0.000377 -0.000560 0.001231 227 6.185681 0.000247 
0.000376 -0.000559 0.001360 100 6.185011 0.000375 
0.000309 -0.000488 0.001360 101 6.086836 0.000375 
0.000308 -0.000488 0.001242 153 6.086292 0.000257


0.000341 -0.000525 0.001298 25 6.135955 0.000313


0.000378 -0.000561 0.001049 228 6.186957 0.000064 
0.000377 -0.000560 0.001118 288 6.186091 0.000133 
0.000309 -0.000489 0.001135 185 6.087193 0.000151 
0.000314 -0.000495 0.001052 226 6.095607 0.000068 
0.000378 -0.000561 0.001049 228 6.186957 0.000064


0.000344 -0.000527 0.001088 26 6.138962 0.000104


0.000377 -0.000560 0.001231 227 6.185681 0.000247 
0.000450 -0.000623 0.001208 98 6.283185 0.000223 
0.000450 -0.000623 0.001360 99 6.283185 0.000375 
0.000376 -0.000559 0.001360 100 6.185011 0.000375 
0.000377 -0.000560 0.001231 227 6.185681 0.000247


0.000413 -0.000592 0.001289 27 6.234265 0.000305


0.000447 -0.000620 0.001045 96 6.278306 0.000060 
0.000378 -0.000561 0.001049 228 6.186957 0.000064 
0.000392 -0.000574 0.001021 147 6.206038 0.000037 
0.000444 -0.000618 0.001033 95 6.274753 0.000049 
0.000447 -0.000620 0.001045 96 6.278306 0.000060


0.000414 -0.000594 0.001037 28 6.236514 0.000052


0.000377 -0.000560 0.001118 288 6.186091 0.000133 
0.000378 -0.000561 0.001049 228 6.186957 0.000064 
0.000447 -0.000620 0.001045 96 6.278306 0.000060 
0.000450 -0.000623 0.001055 97 6.283185 0.000071 
0.000377 -0.000560 0.001118 288 6.186091 0.000133


0.000412 -0.000592 0.001067 29 6.233635 0.000082


0.000290 -0.000466 0.000971 281 6.058336 -0.000014 
0.000252 -0.000416 0.000895 260 5.995005 -0.000089 
0.000311 -0.000491 0.000891 190 6.090205 -0.000093 
0.000339 -0.000522 0.000960 145 6.131681 -0.000024 
0.000290 -0.000466 0.000971 281 6.058336 -0.000014


0.000297 -0.000475 0.000929 30 6.068813 -0.000055


0.000680 0.001087 0.001073 46 4.200439 0.000088 
0.000798 0.001128 0.001056 229 4.075324 0.000071 
0.000851 0.001142 0.000986 297 4.020584 0.000002 
0.000686 0.001090 0.001065 45 4.194523 0.000081 
0.000680 0.001087 0.001073 46 4.200439 0.000088


0.000753 0.001115 0.001045 31 4.122731 0.000060


0.000722 0.001104 0.001078 154 4.155553 0.000093 
0.000798 0.001128 0.001056 229 4.075324 0.000071 
0.000680 0.001087 0.001073 46 4.200439 0.000088 
0.000674 0.001085 0.001080 47 4.207075 0.000096 
0.000722 0.001104 0.001078 154 4.155553 0.000093


0.000718 0.001102 0.001072 32 4.159615 0.000087


0.000442 0.000946 0.001019 72 4.478140 0.000035 
0.000375 0.000887 0.001016 230 4.567571 0.000032 
0.000385 0.000897 0.001039 155 4.553723 0.000054 
0.000443 0.000947 0.001029 71 4.476664 0.000045 
0.000442 0.000946 0.001019 72 4.478140 0.000035


0.000411 0.000920 0.001026 33 4.519024 0.000041


0.000370 0.000882 0.000970 151 4.574727 -0.000014 
0.000375 0.000887 0.001016 230 4.567571 0.000032 
0.000442 0.000946 0.001019 72 4.478140 0.000035 
0.000442 0.000946 0.001010 73 4.478634 0.000025 
0.000370 0.000882 0.000970 151 4.574727 -0.000014


0.000406 0.000916 0.001004 34 4.524768 0.000019


0.001218 0.001153 0.000982 160 3.652010 -0.000002 
0.001125 0.001163 0.001035 146 3.745386 0.000051 
0.001431 0.001096 0.001019 26 3.430943 0.000035 
0.001430 0.001096 0.001010 27 3.431436 0.000025 
0.001218 0.001153 0.000982 160 3.652010 -0.000002


0.001303 0.001136 0.001012 35 3.564871 0.000027


0.001431 0.001096 0.001019 26 3.430943 0.000035 
0.001125 0.001163 0.001035 146 3.745386 0.000051 
0.001220 0.001153 0.001049 156 3.649847 0.000064 
0.001432 0.001095 0.001029 25 3.429467 0.000045 
0.001431 0.001096 0.001019 26 3.430943 0.000035


0.001304 0.001136 0.001033 36 3.563834 0.000049


0.000667 0.001082 0.001087 48 4.214349 0.000102 
0.000706 0.001098 0.001084 239 4.172130 0.000099 
0.000722 0.001104 0.001078 154 4.155553 0.000093 
0.000674 0.001085 0.001080 47 4.207075 0.000096 
0.000667 0.001082 0.001087 48 4.214349 0.000102


0.000692 0.001092 0.001082 37 4.187277 0.000098


0.000793 0.001127 0.001168 142 4.080487 0.000183 
0.000850 0.001141 0.001126 224 4.021862 0.000141 
0.000717 0.001102 0.001117 294 4.160452 0.000133 
0.000669 0.001083 0.001141 249 4.212704 0.000156 
0.000793 0.001127 0.001168 142 4.080487 0.000183


0.000757 0.001116 0.001138 38 4.118879 0.000154


0.001220 0.001153 0.001049 156 3.649847 0.000064 
0.001241 0.001149 0.001058 232 3.627917 0.000073 
0.001434 0.001094 0.001039 24 3.427026 0.000054 
0.001432 0.001095 0.001029 25 3.429467 0.000045 
0.001220 0.001153 0.001049 156 3.649847 0.000064


0.001333 0.001128 0.001044 39 3.533561 0.000059


0.001241 0.001149 0.001058 232 3.627917 0.000073 
0.001244 0.001149 0.001069 166 3.625239 0.000085 
0.001438 0.001093 0.001048 23 3.423680 0.000063 
0.001434 0.001094 0.001039 24 3.427026 0.000054 
0.001241 0.001149 0.001058 232 3.627917 0.000073


0.001341 0.001126 0.001053 40 3.525966 0.000069


0.000381 0.000893 0.001181 169 4.558865 0.000196 
0.000295 0.000802 0.001269 296 4.684526 0.000285 
0.000341 0.000853 0.001271 214 4.615947 0.000287 
0.000409 0.000919 0.001184 188 4.520520 0.000200 
0.000381 0.000893 0.001181 169 4.558865 0.000196


0.000355 0.000868 0.001226 41 4.594953 0.000242


0.000377 0.000890 0.001077 276 4.564601 0.000092 
0.000328 0.000840 0.001106 269 4.634366 0.000122 
0.000393 0.000905 0.001090 234 4.542305 0.000105 
0.000417 0.000926 0.001071 157 4.510784 0.000086 
0.000377 0.000890 0.001077 276 4.564601 0.000092


0.000378 0.000891 0.001086 42 4.563005 0.000101


0.001125 0.001163 0.001035 146 3.745386 0.000051 
0.000930 0.001155 0.001038 293 3.940807 0.000053 
0.000771 0.001120 0.001076 256 4.104030 0.000091 
0.000960 0.001159 0.001066 176 3.910205 0.000082 
0.001125 0.001163 0.001035 146 3.745386 0.000051


0.000945 0.001157 0.001054 43 3.925110 0.000069


0.000460 0.000960 0.001073 66 4.455618 0.000089 
0.000393 0.000905 0.001090 234 4.542305 0.000105 
0.000329 0.000841 0.001165 161 4.633149 0.000181 
0.000465 0.000964 0.001080 65 4.449008 0.000096 
0.000460 0.000960 0.001073 66 4.455618 0.000089


0.000410 0.000920 0.001102 44 4.519985 0.000118


0.000417 0.000926 0.001071 157 4.510784 0.000086 
0.000393 0.000905 0.001090 234 4.542305 0.000105 
0.000460 0.000960 0.001073 66 4.455618 0.000089 
0.000455 0.000957 0.001065 67 4.461513 0.000081 
0.000417 0.000926 0.001071 157 4.510784 0.000086


0.000431 0.000937 0.001075 45 4.492553 0.000090


0.001441 0.001092 0.001057 22 3.419444 0.000072 
0.001236 0.001150 0.001087 235 3.633127 0.000102 
0.001229 0.001151 0.001157 192 3.640806 0.000172 
0.001446 0.001090 0.001065 21 3.414316 0.000081 
0.001441 0.001092 0.001057 22 3.419444 0.000072


0.001340 0.001126 0.001091 46 3.526923 0.000107


0.001244 0.001149 0.001069 166 3.625239 0.000085 
0.001236 0.001150 0.001087 235 3.633127 0.000102 
0.001441 0.001092 0.001057 22 3.419444 0.000072 
0.001438 0.001093 0.001048 23 3.423680 0.000063 
0.001244 0.001149 0.001069 166 3.625239 0.000085


0.001341 0.001126 0.001065 47 3.525372 0.000081


0.001510 0.001061 0.001176 244 3.344707 0.000191 
0.001469 0.001080 0.001183 173 3.389115 0.000198 
0.001451 0.001088 0.001264 271 3.408874 0.000280 
0.001523 0.001054 0.001247 292 3.329409 0.000262 
0.001510 0.001061 0.001176 244 3.344707 0.000191


0.001489 0.001071 0.001217 48 3.368026 0.000233


0.001560 0.001034 0.001147 163 3.288181 0.000163 
0.001547 0.001041 0.001121 253 3.301982 0.000137 
0.001513 0.001059 0.001109 12 3.340734 0.000125 
0.001504 0.001063 0.001108 13 3.350416 0.000123 
0.001560 0.001034 0.001147 163 3.288181 0.000163


0.001531 0.001050 0.001121 49 3.320329 0.000137


0.001451 0.001088 0.001264 271 3.408874 0.000280 
0.001384 0.001113 0.001269 208 3.480665 0.000284 
0.001333 0.001128 0.001360 127 3.534292 0.000375 
0.001426 0.001098 0.001360 128 3.436117 0.000375 
0.001451 0.001088 0.001264 271 3.408874 0.000280


0.001399 0.001108 0.001313 50 3.464981 0.000328


0.000706 0.001098 0.001084 239 4.172130 0.000099 
0.000667 0.001082 0.001087 48 4.214349 0.000102 
0.000660 0.001079 0.001093 49 4.222260 0.000108 
0.000691 0.001092 0.001089 165 4.189043 0.000104 
0.000706 0.001098 0.001084 239 4.172130 0.000099


0.000681 0.001088 0.001088 51 4.199446 0.000103


0.000310 0.000819 0.001013 254 4.662058 0.000028 
0.000375 0.000887 0.001016 230 4.567571 0.000032 
0.000370 0.000882 0.000970 151 4.574727 -0.000014 
0.000299 0.000806 0.000959 257 4.678901 -0.000026 
0.000310 0.000819 0.001013 254 4.662058 0.000028


0.000337 0.000850 0.000989 52 4.620813 0.000005


0.000853 0.001142 0.001254 175 4.018928 0.000269 
0.000752 0.001114 0.001360 121 4.123340 0.000375 
0.000847 0.001141 0.001360 122 4.025166 0.000375 
0.001006 0.001163 0.001255 251 3.864195 0.000271 
0.000853 0.001142 0.001254 175 4.018928 0.000269


0.000864 0.001144 0.001307 53 4.007967 0.000322


0.001321 0.001132 0.001173 168 3.546017 0.000188 
0.001359 0.001121 0.001177 237 3.506912 0.000193 
0.001464 0.001082 0.001087 18 3.394489 0.000102 
0.001458 0.001085 0.001080 19 3.401810 0.000096 
0.001321 0.001132 0.001173 168 3.546017 0.000188


0.001401 0.001107 0.001129 54 3.462301 0.000145


0.001359 0.001121 0.001177 237 3.506912 0.000193 
0.001250 0.001148 0.001267 215 3.619335 0.000283 
0.001318 0.001133 0.001269 135 3.550012 0.000284 
0.001396 0.001109 0.001181 167 3.468276 0.000196 
0.001359 0.001121 0.001177 237 3.506912 0.000193


0.001331 0.001129 0.001224 55 3.536124 0.000239


0.001464 0.001082 0.001087 18 3.394489 0.000102 
0.001359 0.001121 0.001177 237 3.506912 0.000193 
0.001396 0.001109 0.001181 167 3.468276 0.000196 
0.001472 0.001079 0.001093 17 3.386540 0.000108 
0.001464 0.001082 0.001087 18 3.394489 0.000102


0.001423 0.001099 0.001134 56 3.439050 0.000150


0.000329 0.000841 0.001165 161 4.633149 0.000181 
0.000354 0.000867 0.001175 238 4.596547 0.000191 
0.000471 0.000969 0.001087 64 4.441687 0.000102 
0.000465 0.000964 0.001080 65 4.449008 0.000096 
0.000329 0.000841 0.001165 161 4.633149 0.000181


0.000402 0.000913 0.001127 57 4.530091 0.000142


0.001469 0.001080 0.001183 173 3.389115 0.000198 
0.001432 0.001095 0.001183 240 3.429396 0.000199 
0.001384 0.001113 0.001269 208 3.480665 0.000284 
0.001451 0.001088 0.001264 271 3.408874 0.000280 
0.001469 0.001080 0.001183 173 3.389115 0.000198


0.001434 0.001094 0.001225 58 3.427009 0.000240


0.000471 0.000969 0.001087 64 4.441687 0.000102 
0.000354 0.000867 0.001175 238 4.596547 0.000191 
0.000381 0.000893 0.001181 169 4.558865 0.000196 
0.000477 0.000973 0.001093 63 4.433737 0.000108 
0.000471 0.000969 0.001087 64 4.441687 0.000102


0.000419 0.000928 0.001134 59 4.507703 0.000149


0.001590 0.001016 0.001128 300 3.252654 0.000143 
0.001578 0.001024 0.001119 220 3.266928 0.000134 
0.001547 0.001041 0.001121 253 3.301982 0.000137 
0.001560 0.001034 0.001147 163 3.288181 0.000163 
0.001590 0.001016 0.001128 300 3.252654 0.000143


0.001569 0.001029 0.001129 60 3.277436 0.000144


0.001661 0.000969 0.001087 4 3.167419 0.000102 
0.001639 0.000984 0.001113 149 3.194361 0.000129 
0.001639 0.000985 0.001124 148 3.194624 0.000140 
0.001669 0.000963 0.001078 3 3.157430 0.000093 
0.001661 0.000969 0.001087 4 3.167419 0.000102


0.001652 0.000975 0.001101 61 3.178458 0.000116


0.001642 0.000982 0.001105 170 3.190182 0.000120 
0.001639 0.000984 0.001113 149 3.194361 0.000129 
0.001661 0.000969 0.001087 4 3.167419 0.000102 
0.001652 0.000975 0.001095 5 3.178639 0.000110 
0.001642 0.000982 0.001105 170 3.190182 0.000120


0.001648 0.000978 0.001100 62 3.182650 0.000115


0.000484 0.000978 0.001098 62 4.425323 0.000113 
0.000409 0.000919 0.001184 188 4.520520 0.000200 
0.000439 0.000944 0.001187 172 4.481783 0.000203 
0.000491 0.000983 0.001102 61 4.416449 0.000117 
0.000484 0.000978 0.001098 62 4.425323 0.000113


0.000455 0.000957 0.001143 63 4.461015 0.000158


0.000381 0.000893 0.001181 169 4.558865 0.000196 
0.000409 0.000919 0.001184 188 4.520520 0.000200 
0.000484 0.000978 0.001098 62 4.425323 0.000113 
0.000477 0.000973 0.001093 63 4.433737 0.000108 
0.000381 0.000893 0.001181 169 4.558865 0.000196


0.000437 0.000942 0.001139 64 4.484607 0.000154


0.000253 0.000748 0.001168 284 4.752948 0.000184 
0.000329 0.000841 0.001165 161 4.633149 0.000181 
0.000393 0.000905 0.001090 234 4.542305 0.000105 
0.000328 0.000840 0.001106 269 4.634366 0.000122 
0.000253 0.000748 0.001168 284 4.752948 0.000184


0.000324 0.000835 0.001132 65 4.640673 0.000148


0.001396 0.001109 0.001181 167 3.468276 0.000196 
0.001432 0.001095 0.001183 240 3.429396 0.000199 
0.001479 0.001075 0.001098 16 3.378126 0.000113 
0.001472 0.001079 0.001093 17 3.386540 0.000108 
0.001396 0.001109 0.001181 167 3.468276 0.000196


0.001445 0.001090 0.001139 66 3.415581 0.000154


0.000857 0.001143 0.001084 181 4.014622 0.000099 
0.000744 0.001112 0.001094 243 4.131724 0.000110 
0.000740 0.001110 0.001099 277 4.136011 0.000114 
0.000876 0.001146 0.001090 133 3.995920 0.000106 
0.000857 0.001143 0.001084 181 4.014622 0.000099


0.000804 0.001130 0.001092 67 4.069570 0.000107


0.001479 0.001075 0.001098 16 3.378126 0.000113 
0.001432 0.001095 0.001183 240 3.429396 0.000199 
0.001469 0.001080 0.001183 173 3.389115 0.000198 
0.001487 0.001072 0.001102 15 3.369251 0.000117 
0.001479 0.001075 0.001098 16 3.378126 0.000113


0.001467 0.001081 0.001141 68 3.391470 0.000157


0.000652 0.001075 0.001098 50 4.230741 0.000113 
0.000706 0.001098 0.001089 241 4.172743 0.000105 
0.000691 0.001092 0.001089 165 4.189043 0.000104 
0.000660 0.001079 0.001093 49 4.222260 0.000108 
0.000652 0.001075 0.001098 50 4.230741 0.000113


0.000677 0.001086 0.001092 69 4.203697 0.000107


0.000724 0.001104 0.001092 174 4.153769 0.000107 
0.000706 0.001098 0.001089 241 4.172743 0.000105 
0.000652 0.001075 0.001098 50 4.230741 0.000113 
0.000644 0.001072 0.001102 51 4.239601 0.000117 
0.000724 0.001104 0.001092 174 4.153769 0.000107


0.000681 0.001088 0.001095 70 4.199214 0.000111


0.000282 0.000785 0.001101 299 4.705614 0.000117 
0.000255 0.000750 0.001074 207 4.749852 0.000089 
0.000178 0.000624 0.001122 139 4.897750 0.000137 
0.000207 0.000678 0.001156 203 4.836740 0.000172 
0.000282 0.000785 0.001101 299 4.705614 0.000117


0.000228 0.000711 0.001113 71 4.797481 0.000129


0.000696 0.001094 0.001243 242 4.183520 0.000259 
0.000578 0.001037 0.001265 134 4.314535 0.000280 
0.000573 0.001035 0.001360 119 4.319690 0.000375 
0.000661 0.001079 0.001360 120 4.221515 0.000375 
0.000696 0.001094 0.001243 242 4.183520 0.000259


0.000626 0.001063 0.001307 72 4.259820 0.000322


0.000853 0.001142 0.001254 175 4.018928 0.000269 
0.000696 0.001094 0.001243 242 4.183520 0.000259 
0.000661 0.001079 0.001360 120 4.221515 0.000375 
0.000752 0.001114 0.001360 121 4.123340 0.000375 
0.000853 0.001142 0.001254 175 4.018928 0.000269


0.000740 0.001110 0.001304 73 4.136865 0.000319


0.000740 0.001110 0.001099 277 4.136011 0.000114 
0.000744 0.001112 0.001094 243 4.131724 0.000110 
0.000636 0.001068 0.001105 52 4.248826 0.000121 
0.000627 0.001063 0.001108 53 4.258412 0.000123 
0.000740 0.001110 0.001099 277 4.136011 0.000114


0.000686 0.001090 0.001102 74 4.193743 0.000117


0.000636 0.001068 0.001105 52 4.248826 0.000121 
0.000744 0.001112 0.001094 243 4.131724 0.000110 
0.000724 0.001104 0.001092 174 4.153769 0.000107 
0.000644 0.001072 0.001102 51 4.239601 0.000117 
0.000636 0.001068 0.001105 52 4.248826 0.000121


0.000687 0.001090 0.001098 75 4.193481 0.000114


0.000471 0.000968 0.001189 246 4.442052 0.000205 
0.000443 0.000947 0.001273 301 4.476926 0.000289 
0.000503 0.000991 0.001272 270 4.402447 0.000287 
0.000505 0.000993 0.001189 179 4.400147 0.000205 
0.000471 0.000968 0.001189 246 4.442052 0.000205


0.000480 0.000975 0.001231 76 4.430391 0.000246


0.000724 0.001104 0.001092 174 4.153769 0.000107 
0.000805 0.001130 0.001082 236 4.067937 0.000097 
0.000761 0.001117 0.001079 302 4.114051 0.000095 
0.000706 0.001098 0.001089 241 4.172743 0.000105 
0.000724 0.001104 0.001092 174 4.153769 0.000107


0.000749 0.001113 0.001086 77 4.127129 0.000101


0.001469 0.001080 0.001183 173 3.389115 0.000198 
0.001510 0.001061 0.001176 244 3.344707 0.000191 
0.001496 0.001068 0.001105 14 3.359939 0.000121 
0.001487 0.001072 0.001102 15 3.369251 0.000117 
0.001469 0.001080 0.001183 173 3.389115 0.000198


0.001491 0.001070 0.001141 78 3.365753 0.000157


0.001547 0.001041 0.001121 253 3.301982 0.000137 
0.001578 0.001024 0.001119 220 3.266928 0.000134 
0.001563 0.001033 0.001114 245 3.284532 0.000130 
0.001544 0.001043 0.001115 177 3.305801 0.000131 
0.001547 0.001041 0.001121 253 3.301982 0.000137


0.001558 0.001035 0.001117 79 3.289811 0.000133


0.001496 0.001068 0.001105 14 3.359939 0.000121 
0.001510 0.001061 0.001176 244 3.344707 0.000191 
0.001560 0.001034 0.001147 163 3.288181 0.000163 
0.001504 0.001063 0.001108 13 3.350416 0.000123 
0.001496 0.001068 0.001105 14 3.359939 0.000121


0.001518 0.001057 0.001134 80 3.335815 0.000149


0.001024 0.001164 0.000908 225 3.846644 -0.000077 
0.000941 0.001157 0.000898 164 3.929733 -0.000086 
0.000813 0.001132 0.000977 223 4.059592 -0.000007 
0.000851 0.001142 0.000986 297 4.020584 0.000002 
0.001024 0.001164 0.000908 225 3.846644 -0.000077


0.000907 0.001152 0.000942 81 3.964164 -0.000042


0.001513 0.001059 0.001109 12 3.340734 0.000125 
0.001547 0.001041 0.001121 253 3.301982 0.000137 
0.001544 0.001043 0.001115 177 3.305801 0.000131 
0.001522 0.001055 0.001110 11 3.330889 0.000125 
0.001513 0.001059 0.001109 12 3.340734 0.000125


0.001532 0.001050 0.001114 82 3.319851 0.000129


0.001544 0.001043 0.001115 177 3.305801 0.000131 
0.001563 0.001033 0.001114 245 3.284532 0.000130 
0.001566 0.001031 0.001110 10 3.280868 0.000125 
0.001522 0.001055 0.001110 11 3.330889 0.000125 
0.001544 0.001043 0.001115 177 3.305801 0.000131


0.001549 0.001040 0.001112 83 3.300522 0.000128


0.001566 0.001031 0.001110 10 3.280868 0.000125 
0.001563 0.001033 0.001114 245 3.284532 0.000130 
0.001578 0.001024 0.001119 220 3.266928 0.000134 
0.001609 0.001005 0.001110 9 3.230847 0.000125 
0.001566 0.001031 0.001110 10 3.280868 0.000125


0.001579 0.001023 0.001113 84 3.265795 0.000129


0.000439 0.000944 0.001187 172 4.481783 0.000203 
0.000471 0.000968 0.001189 246 4.442052 0.000205 
0.000499 0.000989 0.001105 60 4.407137 0.000121 
0.000491 0.000983 0.001102 61 4.416449 0.000117 
0.000439 0.000944 0.001187 172 4.481783 0.000203


0.000475 0.000971 0.001146 85 4.436853 0.000161


0.001229 0.001151 0.001157 192 3.640806 0.000172 
0.000972 0.001160 0.001172 290 3.898049 0.000187 
0.000853 0.001142 0.001254 175 4.018928 0.000269 
0.001006 0.001163 0.001255 251 3.864195 0.000271 
0.001229 0.001151 0.001157 192 3.640806 0.000172


0.001015 0.001163 0.001209 86 3.855723 0.000225


0.000578 0.001037 0.001265 134 4.314535 0.000280 
0.000546 0.001019 0.001187 248 4.351233 0.000202 
0.000505 0.000993 0.001189 179 4.400147 0.000205 
0.000503 0.000991 0.001272 270 4.402447 0.000287 
0.000578 0.001037 0.001265 134 4.314535 0.000280


0.000532 0.001011 0.001228 87 4.367093 0.000244


0.000850 0.001141 0.001126 224 4.021862 0.000141 
0.001024 0.001164 0.001116 162 3.846811 0.000132 
0.001045 0.001165 0.001091 298 3.824903 0.000107 
0.000875 0.001146 0.001103 255 3.996375 0.000118 
0.000850 0.001141 0.001126 224 4.021862 0.000141


0.000948 0.001158 0.001109 88 3.922487 0.000125


0.000499 0.000989 0.001105 60 4.407137 0.000121 
0.000471 0.000968 0.001189 246 4.442052 0.000205 
0.000505 0.000993 0.001189 179 4.400147 0.000205 
0.000507 0.000994 0.001108 59 4.397614 0.000123 
0.000499 0.000989 0.001105 60 4.407137 0.000121


0.000495 0.000986 0.001148 89 4.411736 0.000163


0.000490 0.000982 0.001360 118 4.417865 0.000375 
0.000503 0.000991 0.001272 270 4.402447 0.000287 
0.000443 0.000947 0.001273 301 4.476926 0.000289 
0.000413 0.000922 0.001360 117 4.516039 0.000375 
0.000490 0.000982 0.001360 118 4.417865 0.000375


0.000462 0.000962 0.001316 90 4.453316 0.000331


0.000515 0.000999 0.001109 58 4.387931 0.000125 
0.000546 0.001019 0.001187 248 4.351233 0.000202 
0.000607 0.001053 0.001170 180 4.281574 0.000185 
0.000523 0.001005 0.001110 57 4.378086 0.000125 
0.000515 0.000999 0.001109 58 4.387931 0.000125


0.000547 0.001020 0.001144 91 4.349716 0.000159


0.000505 0.000993 0.001189 179 4.400147 0.000205 
0.000546 0.001019 0.001187 248 4.351233 0.000202 
0.000515 0.000999 0.001109 58 4.387931 0.000125 
0.000507 0.000994 0.001108 59 4.397614 0.000123 
0.000505 0.000993 0.001189 179 4.400147 0.000205


0.000518 0.001001 0.001148 92 4.384232 0.000164


0.000169 0.000608 0.001053 206 4.916550 0.000069 
0.000242 0.000731 0.001026 159 4.773079 0.000041 
0.000231 0.000716 0.000963 210 4.791894 -0.000022 
0.000168 0.000604 0.000976 140 4.920180 -0.000009 
0.000169 0.000608 0.001053 206 4.916550 0.000069


0.000200 0.000666 0.001004 93 4.850427 0.000020


0.000619 0.001059 0.001109 54 4.268173 0.000125 
0.000738 0.001109 0.001105 143 4.138806 0.000120 
0.000740 0.001110 0.001099 277 4.136011 0.000114 
0.000627 0.001063 0.001108 53 4.258412 0.000123 
0.000619 0.001059 0.001109 54 4.268173 0.000125


0.000680 0.001087 0.001105 94 4.200350 0.000121


0.000717 0.001102 0.001117 294 4.160452 0.000133 
0.000738 0.001109 0.001105 143 4.138806 0.000120 
0.000619 0.001059 0.001109 54 4.268173 0.000125 
0.000610 0.001055 0.001110 55 4.278044 0.000125 
0.000717 0.001102 0.001117 294 4.160452 0.000133


0.000670 0.001083 0.001110 95 4.211370 0.000126


0.001125 0.001163 0.001035 146 3.745386 0.000051 
0.000960 0.001159 0.001066 176 3.910205 0.000082 
0.001010 0.001163 0.001069 187 3.860830 0.000084 
0.001220 0.001153 0.001049 156 3.649847 0.000064 
0.001125 0.001163 0.001035 146 3.745386 0.000051


0.001079 0.001165 0.001055 96 3.791607 0.000070


0.000793 0.001127 0.001168 142 4.080487 0.000183 
0.000696 0.001094 0.001243 242 4.183520 0.000259 
0.000853 0.001142 0.001254 175 4.018928 0.000269 
0.000972 0.001160 0.001172 290 3.898049 0.000187 
0.000793 0.001127 0.001168 142 4.080487 0.000183


0.000827 0.001136 0.001209 97 4.045268 0.000224


0.000566 0.001031 0.001110 56 4.328065 0.000125 
0.000669 0.001083 0.001141 249 4.212704 0.000156 
0.000717 0.001102 0.001117 294 4.160452 0.000133 
0.000610 0.001055 0.001110 55 4.278044 0.000125 
0.000566 0.001031 0.001110 56 4.328065 0.000125


0.000640 0.001069 0.001119 98 4.244817 0.000135


0.000607 0.001053 0.001170 180 4.281574 0.000185 
0.000669 0.001083 0.001141 249 4.212704 0.000156 
0.000566 0.001031 0.001110 56 4.328065 0.000125 
0.000523 0.001005 0.001110 57 4.378086 0.000125 
0.000607 0.001053 0.001170 180 4.281574 0.000185


0.000590 0.001044 0.001132 99 4.300115 0.000148


0.001642 0.000982 0.001101 6 3.190792 0.000117 
0.001636 0.000986 0.001106 250 3.197383 0.000122 
0.001642 0.000982 0.001105 170 3.190182 0.000120 
0.001652 0.000975 0.001095 5 3.178639 0.000110 
0.001642 0.000982 0.001101 6 3.190792 0.000117


0.001643 0.000981 0.001102 100 3.189249 0.000117


0.001625 0.000994 0.001113 231 3.211177 0.000128 
0.001636 0.000986 0.001106 250 3.197383 0.000122 
0.001642 0.000982 0.001101 6 3.190792 0.000117 
0.001631 0.000990 0.001106 7 3.203653 0.000121 
0.001625 0.000994 0.001113 231 3.211177 0.000128


0.001634 0.000988 0.001107 101 3.200751 0.000122


0.000354 0.000867 0.001175 238 4.596547 0.000191 
0.000253 0.000747 0.001265 295 4.753264 0.000281 
0.000295 0.000802 0.001269 296 4.684526 0.000285 
0.000381 0.000893 0.001181 169 4.558865 0.000196 
0.000354 0.000867 0.001175 238 4.596547 0.000191


0.000319 0.000829 0.001223 102 4.648286 0.000238


0.001620 0.000997 0.001109 8 3.217127 0.000124 
0.001590 0.001016 0.001128 300 3.252654 0.000143 
0.001625 0.000994 0.001113 231 3.211177 0.000128 
0.001631 0.000990 0.001106 7 3.203653 0.000121 
0.001620 0.000997 0.001109 8 3.217127 0.000124


0.001617 0.000999 0.001114 103 3.221152 0.000129


0.000930 0.001155 0.001038 293 3.940807 0.000053 
0.001125 0.001163 0.001035 146 3.745386 0.000051 
0.001218 0.001153 0.000982 160 3.652010 -0.000002 
0.001035 0.001164 0.000986 182 3.835755 0.000001 
0.000930 0.001155 0.001038 293 3.940807 0.000053


0.001077 0.001165 0.001010 104 3.793476 0.000026


0.000857 0.001143 0.001084 181 4.014622 0.000099 
0.000805 0.001130 0.001082 236 4.067937 0.000097 
0.000724 0.001104 0.001092 174 4.153769 0.000107 
0.000744 0.001112 0.001094 243 4.131724 0.000110 
0.000857 0.001143 0.001084 181 4.014622 0.000099


0.000782 0.001124 0.001088 105 4.092020 0.000103


0.001578 0.001024 0.001119 220 3.266928 0.000134 
0.001590 0.001016 0.001128 300 3.252654 0.000143 
0.001620 0.000997 0.001109 8 3.217127 0.000124 
0.001609 0.001005 0.001110 9 3.230847 0.000125 
0.001578 0.001024 0.001119 220 3.266928 0.000134


0.001599 0.001011 0.001116 106 3.241889 0.000132


0.001639 0.000984 0.001113 149 3.194361 0.000129 
0.001642 0.000982 0.001105 170 3.190182 0.000120 
0.001636 0.000986 0.001106 250 3.197383 0.000122 
0.001625 0.000994 0.001113 231 3.211177 0.000128 
0.001639 0.000984 0.001113 149 3.194361 0.000129


0.001636 0.000987 0.001109 107 3.198276 0.000125


0.000385 0.000897 0.001039 155 4.553723 0.000054 
0.000396 0.000907 0.001054 252 4.538290 0.000069 
0.000445 0.000949 0.001039 70 4.474224 0.000054 
0.000443 0.000947 0.001029 71 4.476664 0.000045 
0.000385 0.000897 0.001039 155 4.553723 0.000054


0.000417 0.000926 0.001040 108 4.510725 0.000056


0.000346 0.000859 0.001070 291 4.608287 0.000085 
0.000396 0.000907 0.001054 252 4.538290 0.000069 
0.000385 0.000897 0.001039 155 4.553723 0.000054 
0.000326 0.000838 0.001048 178 4.637247 0.000064 
0.000346 0.000859 0.001070 291 4.608287 0.000085


0.000363 0.000876 0.001053 109 4.584385 0.000068


0.000445 0.000949 0.001039 70 4.474224 0.000054 
0.000396 0.000907 0.001054 252 4.538290 0.000069 
0.000413 0.000922 0.001062 211 4.515466 0.000077 
0.000448 0.000951 0.001048 69 4.470878 0.000063 
0.000445 0.000949 0.001039 70 4.474224 0.000054


0.000425 0.000933 0.001051 110 4.499713 0.000066


0.000729 0.001106 0.000963 183 4.147740 -0.000022 
0.000753 0.001115 0.000899 141 4.122238 -0.000085 
0.000701 0.001096 0.000910 38 4.177497 -0.000075 
0.000701 0.001096 0.001010 39 4.177497 0.000025 
0.000729 0.001106 0.000963 183 4.147740 -0.000022


0.000721 0.001104 0.000945 111 4.156244 -0.000039


0.000701 0.001096 0.000910 38 4.177497 -0.000075 
0.000753 0.001115 0.000899 141 4.122238 -0.000085 
0.000790 0.001126 0.000810 36 4.084239 -0.000175 
0.000701 0.001096 0.000810 37 4.177497 -0.000175 
0.000701 0.001096 0.000910 38 4.177497 -0.000075


0.000736 0.001109 0.000857 112 4.140371 -0.000128


0.001145 0.001162 0.000900 150 3.724975 -0.000085 
0.001285 0.001141 0.000900 219 3.583924 -0.000084 
0.001342 0.001126 0.000810 30 3.524694 -0.000175 
0.001251 0.001147 0.000810 31 3.617951 -0.000175 
0.001145 0.001162 0.000900 150 3.724975 -0.000085


0.001256 0.001146 0.000855 113 3.612857 -0.000130


0.000409 0.000919 0.001184 188 4.520520 0.000200 
0.000341 0.000853 0.001271 214 4.615947 0.000287 
0.000390 0.000901 0.001273 303 4.547198 0.000288 
0.000439 0.000944 0.001187 172 4.481783 0.000203 
0.000409 0.000919 0.001184 188 4.520520 0.000200


0.000394 0.000905 0.001229 114 4.541354 0.000244


0.001237 0.001150 0.001360 126 3.632467 0.000375 
0.001318 0.001133 0.001269 135 3.550012 0.000284 
0.001250 0.001148 0.001267 215 3.619335 0.000283 
0.001140 0.001162 0.001360 125 3.730641 0.000375 
0.001237 0.001150 0.001360 126 3.632467 0.000375


0.001236 0.001150 0.001314 115 3.633099 0.000329


0.001384 0.001113 0.001269 208 3.480665 0.000284 
0.001318 0.001133 0.001269 135 3.550012 0.000284 
0.001237 0.001150 0.001360 126 3.632467 0.000375 
0.001333 0.001128 0.001360 127 3.534292 0.000375 
0.001384 0.001113 0.001269 208 3.480665 0.000284


0.001318 0.001132 0.001314 116 3.549349 0.000330


0.001244 0.001149 0.001069 166 3.625239 0.000085 
0.001045 0.001165 0.001091 298 3.824903 0.000107 
0.001024 0.001164 0.001116 162 3.846811 0.000132 
0.001236 0.001150 0.001087 235 3.633127 0.000102 
0.001244 0.001149 0.001069 166 3.625239 0.000085


0.001138 0.001162 0.001091 117 3.732518 0.000106


0.001321 0.001132 0.001173 168 3.546017 0.000188 
0.001180 0.001158 0.001265 137 3.690224 0.000280 
0.001250 0.001148 0.001267 215 3.619335 0.000283 
0.001359 0.001121 0.001177 237 3.506912 0.000193 
0.001321 0.001132 0.001173 168 3.546017 0.000188


0.001278 0.001142 0.001221 118 3.590608 0.000236


0.000385 0.000897 0.001039 155 4.553723 0.000054 
0.000375 0.000887 0.001016 230 4.567571 0.000032 
0.000310 0.000819 0.001013 254 4.662058 0.000028 
0.000326 0.000838 0.001048 178 4.637247 0.000064 
0.000385 0.000897 0.001039 155 4.553723 0.000054


0.000348 0.000861 0.001029 119 4.605149 0.000044


0.000795 0.001127 0.000915 186 4.078571 -0.000069 
0.000871 0.001146 0.000899 289 4.000099 -0.000085 
0.000973 0.001160 0.000810 34 3.897724 -0.000175 
0.000880 0.001147 0.000810 35 3.990982 -0.000175 
0.000795 0.001127 0.000915 186 4.078571 -0.000069


0.000880 0.001147 0.000858 120 3.991852 -0.000126


0.000392 -0.000574 0.001021 147 6.206038 0.000037 
0.000378 -0.000561 0.001049 228 6.186957 0.000064 
0.000314 -0.000495 0.001052 226 6.095607 0.000068 
0.000340 -0.000523 0.001009 218 6.133336 0.000025 
0.000392 -0.000574 0.001021 147 6.206038 0.000037


0.000355 -0.000539 0.001033 121 6.155487 0.000048


0.000309 -0.000489 0.001135 185 6.087193 0.000151 
0.000377 -0.000560 0.001118 288 6.186091 0.000133 
0.000377 -0.000560 0.001231 227 6.185681 0.000247 
0.000308 -0.000488 0.001242 153 6.086292 0.000257 
0.000309 -0.000489 0.001135 185 6.087193 0.000151


0.000342 -0.000525 0.001181 122 6.136314 0.000197


0.000857 0.001143 0.001084 181 4.014622 0.000099 
0.000876 0.001146 0.001090 133 3.995920 0.000106 
0.001042 0.001164 0.001077 189 3.828807 0.000092 
0.001010 0.001163 0.001069 187 3.860830 0.000084 
0.000857 0.001143 0.001084 181 4.014622 0.000099


0.000946 0.001158 0.001080 123 3.925048 0.000095


0.000930 0.001155 0.001038 293 3.940807 0.000053 
0.001035 0.001164 0.000986 182 3.835755 0.000001 
0.000851 0.001142 0.000986 297 4.020584 0.000002 
0.000798 0.001128 0.001056 229 4.075324 0.000071 
0.000930 0.001155 0.001038 293 3.940807 0.000053


0.000903 0.001151 0.001016 124 3.968158 0.000032


0.000871 0.001146 0.000899 289 4.000099 -0.000085 
0.000941 0.001157 0.000898 164 3.929733 -0.000086 
0.001066 0.001165 0.000810 33 3.804466 -0.000175 
0.000973 0.001160 0.000810 34 3.897724 -0.000175 
0.000871 0.001146 0.000899 289 4.000099 -0.000085


0.000962 0.001159 0.000854 125 3.908019 -0.000130


0.001102 0.001164 0.001260 247 3.768092 0.000275 
0.001006 0.001163 0.001255 251 3.864195 0.000271 
0.000847 0.001141 0.001360 122 4.025166 0.000375 
0.000944 0.001157 0.001360 123 3.926991 0.000375 
0.001102 0.001164 0.001260 247 3.768092 0.000275


0.000974 0.001161 0.001309 126 3.896109 0.000324


0.000857 0.001143 0.001084 181 4.014622 0.000099 
0.001010 0.001163 0.001069 187 3.860830 0.000084 
0.000960 0.001159 0.001066 176 3.910205 0.000082 
0.000805 0.001130 0.001082 236 4.067937 0.000097 
0.000857 0.001143 0.001084 181 4.014622 0.000099


0.000908 0.001152 0.001075 127 3.963397 0.000091


0.001244 0.001149 0.001069 166 3.625239 0.000085 
0.001241 0.001149 0.001058 232 3.627917 0.000073 
0.001042 0.001164 0.001077 189 3.828807 0.000092 
0.001045 0.001165 0.001091 298 3.824903 0.000107 
0.001244 0.001149 0.001069 166 3.625239 0.000085


0.001144 0.001162 0.001074 128 3.726716 0.000089


0.000442 -0.000616 0.000910 92 6.271892 -0.000075 
0.000373 -0.000557 0.000899 258 6.181160 -0.000086 
0.000358 -0.000542 0.000810 90 6.159813 -0.000175 
0.000442 -0.000616 0.000810 91 6.271892 -0.000175 
0.000442 -0.000616 0.000910 92 6.271892 -0.000075


0.000403 -0.000584 0.000857 129 6.221191 -0.000128


0.000388 -0.000571 0.000985 193 6.201786 0.000000 
0.000373 -0.000557 0.000899 258 6.181160 -0.000086 
0.000442 -0.000616 0.000910 92 6.271892 -0.000075 
0.000442 -0.000616 0.001010 93 6.271892 0.000025 
0.000388 -0.000571 0.000985 193 6.201786 0.000000


0.000411 -0.000591 0.000951 130 6.231684 -0.000034


0.000358 -0.000542 0.000810 90 6.159813 -0.000175 
0.000373 -0.000557 0.000899 258 6.181160 -0.000086 
0.000311 -0.000491 0.000891 190 6.090205 -0.000093 
0.000284 -0.000458 0.000810 89 6.047735 -0.000175 
0.000358 -0.000542 0.000810 90 6.159813 -0.000175


0.000330 -0.000513 0.000852 131 6.119733 -0.000132


0.000248 -0.000411 0.001360 102 5.988661 0.000375 
0.000243 -0.000404 0.001244 259 5.979889 0.000260 
0.000308 -0.000488 0.001242 153 6.086292 0.000257 
0.000309 -0.000488 0.001360 101 6.086836 0.000375 
0.000248 -0.000411 0.001360 102 5.988661 0.000375


0.000276 -0.000448 0.001301 132 6.035420 0.000317


0.000067 0.000113 0.001238 198 5.427303 0.000253 
0.000069 0.000245 0.001229 286 5.295345 0.000244 
0.000075 0.000302 0.001111 266 5.237415 0.000127 
0.000066 0.000167 0.001122 136 5.373312 0.000137 
0.000067 0.000113 0.001238 198 5.427303 0.000253


0.000067 0.000207 0.001175 133 5.333345 0.000190


0.000308 -0.000488 0.001242 153 6.086292 0.000257 
0.000243 -0.000404 0.001244 259 5.979889 0.000260 
0.000239 -0.000397 0.001132 274 5.971755 0.000147 
0.000309 -0.000489 0.001135 185 6.087193 0.000151 
0.000308 -0.000488 0.001242 153 6.086292 0.000257


0.000273 -0.000445 0.001188 134 6.031282 0.000204


0.000400 -0.000582 0.001007 222 6.217706 0.000022 
0.000360 -0.000544 0.000992 171 6.162798 0.000008 
0.000339 -0.000522 0.000960 145 6.131681 -0.000024 
0.000388 -0.000571 0.000985 193 6.201786 0.000000 
0.000400 -0.000582 0.001007 222 6.217706 0.000022


0.000371 -0.000555 0.000986 135 6.178494 0.000002


0.001236 0.001150 0.001087 235 3.633127 0.000102 
0.001024 0.001164 0.001116 162 3.846811 0.000132 
0.000972 0.001160 0.001172 290 3.898049 0.000187 
0.001229 0.001151 0.001157 192 3.640806 0.000172 
0.001236 0.001150 0.001087 235 3.633127 0.000102


0.001116 0.001164 0.001133 136 3.754679 0.000148


0.000252 -0.000416 0.000895 260 5.995005 -0.000089 
0.000195 -0.000328 0.000909 216 5.890144 -0.000076 
0.000165 -0.000269 0.000810 87 5.823577 -0.000175 
0.000219 -0.000367 0.000810 88 5.935656 -0.000175 
0.000252 -0.000416 0.000895 260 5.995005 -0.000089


0.000206 -0.000346 0.000856 137 5.911099 -0.000129


0.000152 -0.000240 0.001360 104 5.792311 0.000375 
0.000139 -0.000211 0.001245 261 5.760682 0.000261 
0.000186 -0.000310 0.001245 262 5.869862 0.000261 
0.000196 -0.000328 0.001360 103 5.890486 0.000375 
0.000152 -0.000240 0.001360 104 5.792311 0.000375


0.000167 -0.000273 0.001302 138 5.828337 0.000318


0.000176 -0.000291 0.001132 138 5.848124 0.000147 
0.000239 -0.000397 0.001132 274 5.971755 0.000147 
0.000243 -0.000404 0.001244 259 5.979889 0.000260 
0.000186 -0.000310 0.001245 262 5.869862 0.000261 
0.000176 -0.000291 0.001132 138 5.848124 0.000147


0.000209 -0.000351 0.001188 139 5.917409 0.000204


0.000163 -0.000265 0.001021 200 5.819567 0.000036 
0.000142 -0.000217 0.000914 283 5.767248 -0.000071 
0.000195 -0.000328 0.000909 216 5.890144 -0.000076 
0.000236 -0.000394 0.001017 282 5.967581 0.000032 
0.000163 -0.000265 0.001021 200 5.819567 0.000036


0.000182 -0.000302 0.000965 140 5.861121 -0.000019


0.000104 -0.000109 0.001244 197 5.652398 0.000260 
0.000139 -0.000211 0.001245 261 5.760682 0.000261 
0.000152 -0.000240 0.001360 104 5.792311 0.000375 
0.000116 -0.000149 0.001360 105 5.694137 0.000375 
0.000104 -0.000109 0.001244 197 5.652398 0.000260


0.000126 -0.000178 0.001302 141 5.724884 0.000318


0.000127 -0.000181 0.001132 196 5.727995 0.000148 
0.000139 -0.000211 0.001245 261 5.760682 0.000261 
0.000104 -0.000109 0.001244 197 5.652398 0.000260 
0.000094 -0.000070 0.001131 194 5.611886 0.000146 
0.000127 -0.000181 0.001132 196 5.727995 0.000148


0.000114 -0.000143 0.001188 142 5.688242 0.000204


0.000069 0.000245 0.001229 286 5.295345 0.000244 
0.000099 0.000420 0.001209 205 5.117317 0.000224 
0.000108 0.000453 0.001091 268 5.082689 0.000107 
0.000075 0.000302 0.001111 266 5.237415 0.000127 
0.000069 0.000245 0.001229 286 5.295345 0.000244


0.000084 0.000356 0.001160 143 5.183180 0.000175


0.000067 0.000113 0.001238 198 5.427303 0.000253 
0.000080 -0.000002 0.001242 263 5.542847 0.000258 
0.000090 -0.000054 0.001360 106 5.595962 0.000375 
0.000073 0.000043 0.001360 107 5.497787 0.000375 
0.000067 0.000113 0.001238 198 5.427303 0.000253


0.000076 0.000025 0.001300 144 5.515982 0.000315


0.000104 -0.000109 0.001244 197 5.652398 0.000260 
0.000080 -0.000002 0.001242 263 5.542847 0.000258 
0.000073 0.000045 0.001128 213 5.495499 0.000144 
0.000094 -0.000070 0.001131 194 5.611886 0.000146 
0.000104 -0.000109 0.001244 197 5.652398 0.000260


0.000086 -0.000034 0.001186 145 5.575660 0.000202


0.000090 -0.000054 0.001360 106 5.595962 0.000375 
0.000080 -0.000002 0.001242 263 5.542847 0.000258 
0.000104 -0.000109 0.001244 197 5.652398 0.000260 
0.000116 -0.000149 0.001360 105 5.694137 0.000375 
0.000090 -0.000054 0.001360 106 5.595962 0.000375


0.000096 -0.000079 0.001301 146 5.621339 0.000317


0.000142 -0.000217 0.000914 283 5.767248 -0.000071 
0.000163 -0.000265 0.001021 200 5.819567 0.000036 
0.000115 -0.000146 0.001022 264 5.691581 0.000038 
0.000103 -0.000104 0.000915 199 5.647151 -0.000070 
0.000142 -0.000217 0.000914 283 5.767248 -0.000071


0.000129 -0.000184 0.000968 147 5.731384 -0.000017


0.000127 -0.000181 0.001132 196 5.727995 0.000148 
0.000115 -0.000146 0.001022 264 5.691581 0.000038 
0.000163 -0.000265 0.001021 200 5.819567 0.000036 
0.000176 -0.000291 0.001132 138 5.848124 0.000147 
0.000127 -0.000181 0.001132 196 5.727995 0.000148


0.000143 -0.000221 0.001077 148 5.771819 0.000092


0.000085 -0.000030 0.001021 191 5.571649 0.000036 
0.000115 -0.000146 0.001022 264 5.691581 0.000038 
0.000127 -0.000181 0.001132 196 5.727995 0.000148 
0.000094 -0.000070 0.001131 194 5.611886 0.000146 
0.000085 -0.000030 0.001021 191 5.571649 0.000036


0.000104 -0.000107 0.001077 149 5.650779 0.000092


0.000795 0.001127 0.000915 186 4.078571 -0.000069 
0.000733 0.001108 0.000979 265 4.143487 -0.000006 
0.000725 0.001105 0.000999 212 4.152425 0.000014 
0.000742 0.001111 0.000988 273 4.134346 0.000004 
0.000795 0.001127 0.000915 186 4.078571 -0.000069


0.000749 0.001113 0.000970 150 4.127211 -0.000014


0.000069 0.000244 0.000911 280 5.295671 -0.000074 
0.000086 0.000364 0.000906 204 5.174491 -0.000078 
0.000091 0.000387 0.000810 81 5.151105 -0.000175 
0.000072 0.000277 0.000810 82 5.263184 -0.000175 
0.000069 0.000244 0.000911 280 5.295671 -0.000074


0.000078 0.000318 0.000859 151 5.221111 -0.000126


0.000069 0.000087 0.001018 195 5.453334 0.000034 
0.000085 -0.000030 0.001021 191 5.571649 0.000036 
0.000094 -0.000070 0.001131 194 5.611886 0.000146 
0.000073 0.000045 0.001128 213 5.495499 0.000144 
0.000069 0.000087 0.001018 195 5.453334 0.000034


0.000078 0.000008 0.001075 152 5.533093 0.000090


0.000069 0.000087 0.001018 195 5.453334 0.000034 
0.000067 0.000209 0.001014 201 5.331136 0.000029 
0.000069 0.000244 0.000911 280 5.295671 -0.000074 
0.000067 0.000126 0.000913 202 5.413612 -0.000071 
0.000069 0.000087 0.001018 195 5.453334 0.000034


0.000066 0.000167 0.000964 153 5.373437 -0.000021


0.000066 0.000167 0.001122 136 5.373312 0.000137 
0.000075 0.000302 0.001111 266 5.237415 0.000127 
0.000081 0.000338 0.001006 285 5.201512 0.000021 
0.000067 0.000209 0.001014 201 5.331136 0.000029 
0.000066 0.000167 0.001122 136 5.373312 0.000137


0.000070 0.000254 0.001063 154 5.285842 0.000079


0.000067 0.000126 0.000913 202 5.413612 -0.000071 
0.000069 0.000244 0.000911 280 5.295671 -0.000074 
0.000072 0.000277 0.000810 82 5.263184 -0.000175 
0.000066 0.000165 0.000810 83 5.375263 -0.000175 
0.000067 0.000126 0.000913 202 5.413612 -0.000071


0.000067 0.000203 0.000861 155 5.336931 -0.000124


0.000253 0.000747 0.001265 295 4.753264 0.000281 
0.000213 0.000687 0.001258 267 4.825628 0.000274 
0.000133 0.000525 0.001360 112 5.006913 0.000375 
0.000173 0.000615 0.001360 113 4.908739 0.000375 
0.000253 0.000747 0.001265 295 4.753264 0.000281


0.000189 0.000646 0.001311 156 4.873613 0.000326


0.000328 0.000840 0.001106 269 4.634366 0.000122 
0.000377 0.000890 0.001077 276 4.564601 0.000092 
0.000346 0.000859 0.001070 291 4.608287 0.000085 
0.000282 0.000785 0.001101 299 4.705614 0.000117 
0.000328 0.000840 0.001106 269 4.634366 0.000122


0.000332 0.000844 0.001088 157 4.628209 0.000104


0.000213 0.000687 0.001258 267 4.825628 0.000274 
0.000168 0.000605 0.001254 217 4.919256 0.000269 
0.000102 0.000432 0.001360 111 5.105088 0.000375 
0.000133 0.000525 0.001360 112 5.006913 0.000375 
0.000213 0.000687 0.001258 267 4.825628 0.000274


0.000149 0.000564 0.001308 158 4.964216 0.000323


0.000169 0.000608 0.001053 206 4.916550 0.000069 
0.000108 0.000453 0.001091 268 5.082689 0.000107 
0.000099 0.000420 0.001209 205 5.117317 0.000224 
0.000178 0.000624 0.001122 139 4.897750 0.000137 
0.000169 0.000608 0.001053 206 4.916550 0.000069


0.000134 0.000528 0.001119 159 5.003571 0.000134


0.000114 0.000472 0.000993 275 5.063076 0.000009 
0.000108 0.000453 0.001091 268 5.082689 0.000107 
0.000169 0.000608 0.001053 206 4.916550 0.000069 
0.000168 0.000604 0.000976 140 4.920180 -0.000009 
0.000114 0.000472 0.000993 275 5.063076 0.000009


0.000137 0.000535 0.001028 160 4.995622 0.000044


0.000081 0.000338 0.001006 285 5.201512 0.000021 
0.000075 0.000302 0.001111 266 5.237415 0.000127 
0.000108 0.000453 0.001091 268 5.082689 0.000107 
0.000114 0.000472 0.000993 275 5.063076 0.000009 
0.000081 0.000338 0.001006 285 5.201512 0.000021


0.000092 0.000392 0.001050 161 5.146169 0.000066


0.000213 0.000687 0.001258 267 4.825628 0.000274 
0.000253 0.000747 0.001265 295 4.753264 0.000281 
0.000354 0.000867 0.001175 238 4.596547 0.000191 
0.000329 0.000841 0.001165 161 4.633149 0.000181 
0.000213 0.000687 0.001258 267 4.825628 0.000274


0.000284 0.000788 0.001216 162 4.702126 0.000231


0.000310 0.000819 0.001013 254 4.662058 0.000028 
0.000242 0.000731 0.001026 159 4.773079 0.000041 
0.000255 0.000750 0.001074 207 4.749852 0.000089 
0.000326 0.000838 0.001048 178 4.637247 0.000064 
0.000310 0.000819 0.001013 254 4.662058 0.000028


0.000282 0.000786 0.001040 163 4.705559 0.000055


0.000377 0.000890 0.001077 276 4.564601 0.000092 
0.000413 0.000922 0.001062 211 4.515466 0.000077 
0.000396 0.000907 0.001054 252 4.538290 0.000069 
0.000346 0.000859 0.001070 291 4.608287 0.000085 
0.000377 0.000890 0.001077 276 4.564601 0.000092


0.000383 0.000895 0.001066 164 4.556658 0.000081


0.000166 0.000600 0.000894 209 4.924508 -0.000091 
0.000224 0.000705 0.000889 272 4.804927 -0.000096 
0.000219 0.000696 0.000810 78 4.814870 -0.000175 
0.000165 0.000598 0.000810 79 4.926948 -0.000175 
0.000166 0.000600 0.000894 209 4.924508 -0.000091


0.000192 0.000651 0.000850 165 4.867814 -0.000134


0.000168 0.000604 0.000976 140 4.920180 -0.000009 
0.000231 0.000716 0.000963 210 4.791894 -0.000022 
0.000224 0.000705 0.000889 272 4.804927 -0.000096 
0.000166 0.000600 0.000894 209 4.924508 -0.000091 
0.000168 0.000604 0.000976 140 4.920180 -0.000009


0.000196 0.000657 0.000930 166 4.860378 -0.000054


0.000253 0.000748 0.001168 284 4.752948 0.000184 
0.000168 0.000605 0.001254 217 4.919256 0.000269 
0.000213 0.000687 0.001258 267 4.825628 0.000274 
0.000329 0.000841 0.001165 161 4.633149 0.000181 
0.000253 0.000748 0.001168 284 4.752948 0.000184


0.000236 0.000723 0.001211 167 4.782777 0.000227


0.000742 0.001111 0.000988 273 4.134346 0.000004 
0.000781 0.001123 0.000974 144 4.093222 -0.000011 
0.000871 0.001146 0.000899 289 4.000099 -0.000085 
0.000795 0.001127 0.000915 186 4.078571 -0.000069 
0.000742 0.001111 0.000988 273 4.134346 0.000004


0.000797 0.001128 0.000944 168 4.076570 -0.000040


0.000219 0.000696 0.000810 78 4.814870 -0.000175 
0.000224 0.000705 0.000889 272 4.804927 -0.000096 
0.000291 0.000797 0.000889 152 4.690400 -0.000096 
0.000284 0.000788 0.000810 77 4.702791 -0.000175 
0.000219 0.000696 0.000810 78 4.814870 -0.000175


0.000253 0.000747 0.000849 169 4.753247 -0.000135


0.000282 0.000785 0.001101 299 4.705614 0.000117 
0.000346 0.000859 0.001070 291 4.608287 0.000085 
0.000326 0.000838 0.001048 178 4.637247 0.000064 
0.000255 0.000750 0.001074 207 4.749852 0.000089 
0.000282 0.000785 0.001101 299 4.705614 0.000117


0.000301 0.000809 0.001073 170 4.675246 0.000089


0.000231 0.000716 0.000963 210 4.791894 -0.000022 
0.000299 0.000806 0.000959 257 4.678901 -0.000026 
0.000291 0.000797 0.000889 152 4.690400 -0.000096 
0.000224 0.000705 0.000889 272 4.804927 -0.000096 
0.000231 0.000716 0.000963 210 4.791894 -0.000022


0.000260 0.000757 0.000925 171 4.741530 -0.000060


0.000697 0.001094 0.001039 42 4.181854 0.000054 
0.000742 0.001111 0.000988 273 4.134346 0.000004 
0.000725 0.001105 0.000999 212 4.152425 0.000014 
0.000700 0.001095 0.001029 41 4.179443 0.000045 
0.000697 0.001094 0.001039 42 4.181854 0.000054


0.000716 0.001102 0.001014 172 4.162018 0.000029


0.000875 0.001146 0.001103 255 3.996375 0.000118 
0.000876 0.001146 0.001090 133 3.995920 0.000106 
0.000740 0.001110 0.001099 277 4.136011 0.000114 
0.000738 0.001109 0.001105 143 4.138806 0.000120 
0.000875 0.001146 0.001103 255 3.996375 0.000118


0.000807 0.001131 0.001099 173 4.066778 0.000115


0.000795 0.001127 0.000915 186 4.078571 -0.000069 
0.000753 0.001115 0.000899 141 4.122238 -0.000085 
0.000729 0.001106 0.000963 183 4.147740 -0.000022 
0.000733 0.001108 0.000979 265 4.143487 -0.000006 
0.000795 0.001127 0.000915 186 4.078571 -0.000069


0.000753 0.001114 0.000939 174 4.123012 -0.000046


0.000311 -0.000491 0.000891 190 6.090205 -0.000093 
0.000252 -0.000416 0.000895 260 5.995005 -0.000089 
0.000219 -0.000367 0.000810 88 5.935656 -0.000175 
0.000284 -0.000458 0.000810 89 6.047735 -0.000175 
0.000311 -0.000491 0.000891 190 6.090205 -0.000093


0.000265 -0.000434 0.000851 175 6.017156 -0.000133


0.000442 -0.000617 0.001021 94 6.272613 0.000037 
0.000400 -0.000582 0.001007 222 6.217706 0.000022 
0.000388 -0.000571 0.000985 193 6.201786 0.000000 
0.000442 -0.000616 0.001010 93 6.271892 0.000025 
0.000442 -0.000617 0.001021 94 6.272613 0.000037


0.000418 -0.000597 0.001006 176 6.241000 0.000021


0.000875 0.001146 0.001103 255 3.996375 0.000118 
0.000738 0.001109 0.001105 143 4.138806 0.000120 
0.000717 0.001102 0.001117 294 4.160452 0.000133 
0.000850 0.001141 0.001126 224 4.021862 0.000141 
0.000875 0.001146 0.001103 255 3.996375 0.000118


0.000794 0.001127 0.001113 177 4.079374 0.000128


0.000186 -0.000310 0.001245 262 5.869862 0.000261 
0.000243 -0.000404 0.001244 259 5.979889 0.000260 
0.000248 -0.000411 0.001360 102 5.988661 0.000375 
0.000196 -0.000328 0.001360 103 5.890486 0.000375 
0.000186 -0.000310 0.001245 262 5.869862 0.000261


0.000217 -0.000364 0.001302 178 5.932226 0.000318


0.000073 0.000045 0.001128 213 5.495499 0.000144 
0.000066 0.000167 0.001122 136 5.373312 0.000137 
0.000067 0.000209 0.001014 201 5.331136 0.000029 
0.000069 0.000087 0.001018 195 5.453334 0.000034 
0.000073 0.000045 0.001128 213 5.495499 0.000144


0.000067 0.000127 0.001071 179 5.413321 0.000086


0.000078 0.000011 0.000915 279 5.529912 -0.000070 
0.000103 -0.000104 0.000915 199 5.647151 -0.000070 
0.000115 -0.000146 0.001022 264 5.691581 0.000038 
0.000085 -0.000030 0.001021 191 5.571649 0.000036 
0.000078 0.000011 0.000915 279 5.529912 -0.000070


0.000093 -0.000068 0.000968 180 5.610072 -0.000016


0.000451 0.000953 0.001057 68 4.466641 0.000072 
0.000427 0.000934 0.001063 233 4.497632 0.000079 
0.000417 0.000926 0.001071 157 4.510784 0.000086 
0.000455 0.000957 0.001065 67 4.461513 0.000081 
0.000451 0.000953 0.001057 68 4.466641 0.000072


0.000437 0.000943 0.001064 181 4.484142 0.000079


0.000413 0.000922 0.001062 211 4.515466 0.000077 
0.000427 0.000934 0.001063 233 4.497632 0.000079 
0.000451 0.000953 0.001057 68 4.466641 0.000072 
0.000448 0.000951 0.001048 69 4.470878 0.000063 
0.000413 0.000922 0.001062 211 4.515466 0.000077


0.000435 0.000940 0.001057 182 4.487654 0.000073


0.000295 0.000802 0.001269 296 4.684526 0.000285 
0.000253 0.000747 0.001265 295 4.753264 0.000281 
0.000173 0.000615 0.001360 113 4.908739 0.000375 
0.000221 0.000700 0.001360 114 4.810564 0.000375 
0.000295 0.000802 0.001269 296 4.684526 0.000285


0.000233 0.000718 0.001313 183 4.789251 0.000329


0.000341 0.000853 0.001271 214 4.615947 0.000287 
0.000295 0.000802 0.001269 296 4.684526 0.000285 
0.000221 0.000700 0.001360 114 4.810564 0.000375 
0.000278 0.000780 0.001360 115 4.712389 0.000375 
0.000341 0.000853 0.001271 214 4.615947 0.000287


0.000282 0.000785 0.001315 184 4.705839 0.000330


0.001452 0.001087 0.001073 20 3.408420 0.000089 
0.001280 0.001141 0.001166 278 3.588256 0.000182 
0.001321 0.001132 0.001173 168 3.546017 0.000188 
0.001458 0.001085 0.001080 19 3.401810 0.000096 
0.001452 0.001087 0.001073 20 3.408420 0.000089


0.001379 0.001115 0.001123 185 3.486117 0.000139


0.001229 0.001151 0.001157 192 3.640806 0.000172 
0.001280 0.001141 0.001166 278 3.588256 0.000182 
0.001452 0.001087 0.001073 20 3.408420 0.000089 
0.001446 0.001090 0.001065 21 3.414316 0.000081 
0.001229 0.001151 0.001157 192 3.640806 0.000172


0.001353 0.001123 0.001115 186 3.512932 0.000131


0.001045 0.001165 0.001091 298 3.824903 0.000107 
0.001042 0.001164 0.001077 189 3.828807 0.000092 
0.000876 0.001146 0.001090 133 3.995920 0.000106 
0.000875 0.001146 0.001103 255 3.996375 0.000118 
0.001045 0.001165 0.001091 298 3.824903 0.000107


0.000959 0.001159 0.001090 187 3.911501 0.000106


0.000072 0.000053 0.000810 84 5.487341 -0.000175 
0.000078 0.000011 0.000915 279 5.529912 -0.000070 
0.000067 0.000126 0.000913 202 5.413612 -0.000071 
0.000066 0.000165 0.000810 83 5.375263 -0.000175 
0.000072 0.000053 0.000810 84 5.487341 -0.000175


0.000069 0.000089 0.000862 188 5.451531 -0.000123


0.000103 -0.000104 0.000915 199 5.647151 -0.000070 
0.000078 0.000011 0.000915 279 5.529912 -0.000070 
0.000072 0.000053 0.000810 84 5.487341 -0.000175 
0.000091 -0.000058 0.000810 85 5.599420 -0.000175 
0.000103 -0.000104 0.000915 199 5.647151 -0.000070


0.000084 -0.000025 0.000862 189 5.565955 -0.000122


0.000067 0.000126 0.000913 202 5.413612 -0.000071 
0.000078 0.000011 0.000915 279 5.529912 -0.000070 
0.000085 -0.000030 0.001021 191 5.571649 0.000036 
0.000069 0.000087 0.001018 195 5.453334 0.000034 
0.000067 0.000126 0.000913 202 5.413612 -0.000071


0.000073 0.000048 0.000967 190 5.492126 -0.000018


0.000069 0.000245 0.001229 286 5.295345 0.000244 
0.000067 0.000113 0.001238 198 5.427303 0.000253 
0.000073 0.000043 0.001360 107 5.497787 0.000375 
0.000066 0.000140 0.001360 108 5.399612 0.000375 
0.000069 0.000245 0.001229 286 5.295345 0.000244


0.000066 0.000135 0.001296 191 5.405033 0.000312


0.000118 0.000484 0.000901 287 5.050110 -0.000084 
0.000086 0.000364 0.000906 204 5.174491 -0.000078 
0.000081 0.000338 0.001006 285 5.201512 0.000021 
0.000114 0.000472 0.000993 275 5.063076 0.000009 
0.000118 0.000484 0.000901 287 5.050110 -0.000084


0.000098 0.000415 0.000952 192 5.122295 -0.000033


0.000067 0.000209 0.001014 201 5.331136 0.000029 
0.000081 0.000338 0.001006 285 5.201512 0.000021 
0.000086 0.000364 0.000906 204 5.174491 -0.000078 
0.000069 0.000244 0.000911 280 5.295671 -0.000074 
0.000067 0.000209 0.001014 201 5.331136 0.000029


0.000074 0.000289 0.000959 193 5.250701 -0.000025


0.000342 0.000854 0.001360 116 4.614214 0.000375 
0.000390 0.000901 0.001273 303 4.547198 0.000288 
0.000341 0.000853 0.001271 214 4.615947 0.000287 
0.000278 0.000780 0.001360 115 4.712389 0.000375 
0.000342 0.000854 0.001360 116 4.614214 0.000375


0.000336 0.000848 0.001316 194 4.622424 0.000331


0.000340 -0.000523 0.001009 218 6.133336 0.000025 
0.000290 -0.000466 0.000971 281 6.058336 -0.000014 
0.000339 -0.000522 0.000960 145 6.131681 -0.000024 
0.000360 -0.000544 0.000992 171 6.162798 0.000008 
0.000340 -0.000523 0.001009 218 6.133336 0.000025


0.000332 -0.000514 0.000983 195 6.121545 -0.000001


0.001432 0.001095 0.001183 240 3.429396 0.000199 
0.001396 0.001109 0.001181 167 3.468276 0.000196 
0.001318 0.001133 0.001269 135 3.550012 0.000284 
0.001384 0.001113 0.001269 208 3.480665 0.000284 
0.001432 0.001095 0.001183 240 3.429396 0.000199


0.001383 0.001113 0.001225 196 3.482080 0.000241


0.001280 0.001141 0.001166 278 3.588256 0.000182 
0.001102 0.001164 0.001260 247 3.768092 0.000275 
0.001180 0.001158 0.001265 137 3.690224 0.000280 
0.001321 0.001132 0.001173 168 3.546017 0.000188 
0.001280 0.001141 0.001166 278 3.588256 0.000182


0.001222 0.001153 0.001216 197 3.648126 0.000231


0.001042 0.001164 0.001360 124 3.828816 0.000375 
0.001180 0.001158 0.001265 137 3.690224 0.000280 
0.001102 0.001164 0.001260 247 3.768092 0.000275 
0.000944 0.001157 0.001360 123 3.926991 0.000375 
0.001042 0.001164 0.001360 124 3.828816 0.000375


0.001067 0.001165 0.001311 198 3.803514 0.000326


0.001250 0.001148 0.001267 215 3.619335 0.000283 
0.001180 0.001158 0.001265 137 3.690224 0.000280 
0.001042 0.001164 0.001360 124 3.828816 0.000375 
0.001140 0.001162 0.001360 125 3.730641 0.000375 
0.001250 0.001148 0.001267 215 3.619335 0.000283


0.001153 0.001161 0.001313 199 3.717236 0.000328


0.001560 0.001034 0.001147 163 3.288181 0.000163 
0.001510 0.001061 0.001176 244 3.344707 0.000191 
0.001523 0.001054 0.001247 292 3.329409 0.000262 
0.001613 0.001002 0.001187 184 3.225946 0.000202 
0.001560 0.001034 0.001147 163 3.288181 0.000163


0.001552 0.001039 0.001189 200 3.297070 0.000205


0.000236 -0.000394 0.001017 282 5.967581 0.000032 
0.000314 -0.000495 0.001052 226 6.095607 0.000068 
0.000309 -0.000489 0.001135 185 6.087193 0.000151 
0.000239 -0.000397 0.001132 274 5.971755 0.000147 
0.000236 -0.000394 0.001017 282 5.967581 0.000032


0.000273 -0.000445 0.001084 201 6.030534 0.000100


0.000290 -0.000466 0.000971 281 6.058336 -0.000014 
0.000236 -0.000394 0.001017 282 5.967581 0.000032 
0.000195 -0.000328 0.000909 216 5.890144 -0.000076 
0.000252 -0.000416 0.000895 260 5.995005 -0.000089 
0.000290 -0.000466 0.000971 281 6.058336 -0.000014


0.000242 -0.000402 0.000948 202 5.977773 -0.000037


0.000080 -0.000002 0.001242 263 5.542847 0.000258 
0.000067 0.000113 0.001238 198 5.427303 0.000253 
0.000066 0.000167 0.001122 136 5.373312 0.000137 
0.000073 0.000045 0.001128 213 5.495499 0.000144 
0.000080 -0.000002 0.001242 263 5.542847 0.000258


0.000069 0.000080 0.001182 203 5.459743 0.000198


0.000142 -0.000217 0.000914 283 5.767248 -0.000071 
0.000103 -0.000104 0.000915 199 5.647151 -0.000070 
0.000091 -0.000058 0.000810 85 5.599420 -0.000175 
0.000122 -0.000165 0.000810 86 5.711499 -0.000175 
0.000142 -0.000217 0.000914 283 5.767248 -0.000071


0.000112 -0.000137 0.000862 204 5.681327 -0.000123


0.000195 -0.000328 0.000909 216 5.890144 -0.000076 
0.000142 -0.000217 0.000914 283 5.767248 -0.000071 
0.000122 -0.000165 0.000810 86 5.711499 -0.000175 
0.000165 -0.000269 0.000810 87 5.823577 -0.000175 
0.000195 -0.000328 0.000909 216 5.890144 -0.000076


0.000154 -0.000246 0.000860 205 5.798112 -0.000124


0.000186 -0.000310 0.001245 262 5.869862 0.000261 
0.000139 -0.000211 0.001245 261 5.760682 0.000261 
0.000127 -0.000181 0.001132 196 5.727995 0.000148 
0.000176 -0.000291 0.001132 138 5.848124 0.000147 
0.000186 -0.000310 0.001245 262 5.869862 0.000261


0.000155 -0.000249 0.001189 206 5.801668 0.000204


0.000081 0.000336 0.001360 110 5.203263 0.000375 
0.000130 0.000517 0.001244 158 5.015294 0.000259 
0.000099 0.000420 0.001209 205 5.117317 0.000224 
0.000069 0.000239 0.001360 109 5.301438 0.000375 
0.000081 0.000336 0.001360 110 5.203263 0.000375


0.000089 0.000379 0.001293 207 5.159332 0.000308


0.000168 0.000605 0.001254 217 4.919256 0.000269 
0.000130 0.000517 0.001244 158 5.015294 0.000259 
0.000081 0.000336 0.001360 110 5.203263 0.000375 
0.000102 0.000432 0.001360 111 5.105088 0.000375 
0.000168 0.000605 0.001254 217 4.919256 0.000269


0.000115 0.000474 0.001304 208 5.060723 0.000320


0.000130 0.000517 0.001244 158 5.015294 0.000259 
0.000207 0.000678 0.001156 203 4.836740 0.000172 
0.000178 0.000624 0.001122 139 4.897750 0.000137 
0.000099 0.000420 0.001209 205 5.117317 0.000224 
0.000130 0.000517 0.001244 158 5.015294 0.000259


0.000148 0.000562 0.001183 209 4.966734 0.000198


0.000099 0.000420 0.001209 205 5.117317 0.000224 
0.000069 0.000245 0.001229 286 5.295345 0.000244 
0.000066 0.000140 0.001360 108 5.399612 0.000375 
0.000069 0.000239 0.001360 109 5.301438 0.000375 
0.000099 0.000420 0.001209 205 5.117317 0.000224


0.000071 0.000261 0.001289 210 5.278528 0.000305


0.000253 0.000748 0.001168 284 4.752948 0.000184 
0.000328 0.000840 0.001106 269 4.634366 0.000122 
0.000282 0.000785 0.001101 299 4.705614 0.000117 
0.000207 0.000678 0.001156 203 4.836740 0.000172 
0.000253 0.000748 0.001168 284 4.752948 0.000184


0.000265 0.000764 0.001133 211 4.732409 0.000148


0.000178 0.000624 0.001122 139 4.897750 0.000137 
0.000255 0.000750 0.001074 207 4.749852 0.000089 
0.000242 0.000731 0.001026 159 4.773079 0.000041 
0.000169 0.000608 0.001053 206 4.916550 0.000069 
0.000178 0.000624 0.001122 139 4.897750 0.000137


0.000209 0.000680 0.001069 212 4.834308 0.000084


0.000122 0.000495 0.000810 80 5.039027 -0.000175 
0.000118 0.000484 0.000901 287 5.050110 -0.000084 
0.000166 0.000600 0.000894 209 4.924508 -0.000091 
0.000165 0.000598 0.000810 79 4.926948 -0.000175 
0.000122 0.000495 0.000810 80 5.039027 -0.000175


0.000141 0.000545 0.000853 213 4.985148 -0.000131


0.000086 0.000364 0.000906 204 5.174491 -0.000078 
0.000118 0.000484 0.000901 287 5.050110 -0.000084 
0.000122 0.000495 0.000810 80 5.039027 -0.000175 
0.000091 0.000387 0.000810 81 5.151105 -0.000175 
0.000086 0.000364 0.000906 204 5.174491 -0.000078


0.000103 0.000433 0.000857 214 5.103682 -0.000128


0.000166 0.000600 0.000894 209 4.924508 -0.000091 
0.000118 0.000484 0.000901 287 5.050110 -0.000084 
0.000114 0.000472 0.000993 275 5.063076 0.000009 
0.000168 0.000604 0.000976 140 4.920180 -0.000009 
0.000166 0.000600 0.000894 209 4.924508 -0.000091


0.000139 0.000541 0.000941 215 4.989468 -0.000044


0.001241 0.001149 0.001058 232 3.627917 0.000073 
0.001220 0.001153 0.001049 156 3.649847 0.000064 
0.001010 0.001163 0.001069 187 3.860830 0.000084 
0.001042 0.001164 0.001077 189 3.828807 0.000092 
0.001241 0.001149 0.001058 232 3.627917 0.000073


0.001128 0.001163 0.001063 216 3.741847 0.000078


0.001006 0.001163 0.001255 251 3.864195 0.000271 
0.001102 0.001164 0.001260 247 3.768092 0.000275 
0.001280 0.001141 0.001166 278 3.588256 0.000182 
0.001229 0.001151 0.001157 192 3.640806 0.000172 
0.001006 0.001163 0.001255 251 3.864195 0.000271


0.001155 0.001161 0.001210 217 3.715296 0.000225


0.000701 0.001096 0.001019 40 4.177987 0.000035 
0.000733 0.001108 0.000979 265 4.143487 -0.000006 
0.000729 0.001106 0.000963 183 4.147740 -0.000022 
0.000701 0.001096 0.001010 39 4.177497 0.000025 
0.000701 0.001096 0.001019 40 4.177987 0.000035


0.000716 0.001102 0.000993 218 4.161678 0.000008


0.000725 0.001105 0.000999 212 4.152425 0.000014 
0.000733 0.001108 0.000979 265 4.143487 -0.000006 
0.000701 0.001096 0.001019 40 4.177987 0.000035 
0.000700 0.001095 0.001029 41 4.179443 0.000045 
0.000725 0.001105 0.000999 212 4.152425 0.000014


0.000715 0.001101 0.001006 219 4.163336 0.000022


0.000941 0.001157 0.000898 164 3.929733 -0.000086 
0.000871 0.001146 0.000899 289 4.000099 -0.000085 
0.000781 0.001123 0.000974 144 4.093222 -0.000011 
0.000813 0.001132 0.000977 223 4.059592 -0.000007 
0.000941 0.001157 0.000898 164 3.929733 -0.000086


0.000851 0.001141 0.000937 220 4.020675 -0.000047


0.001024 0.001164 0.001116 162 3.846811 0.000132 
0.000850 0.001141 0.001126 224 4.021862 0.000141 
0.000793 0.001127 0.001168 142 4.080487 0.000183 
0.000972 0.001160 0.001172 290 3.898049 0.000187 
0.001024 0.001164 0.001116 162 3.846811 0.000132


0.000909 0.001152 0.001145 221 3.961798 0.000161


0.000771 0.001120 0.001076 256 4.104030 0.000091 
0.000761 0.001117 0.001079 302 4.114051 0.000095 
0.000805 0.001130 0.001082 236 4.067937 0.000097 
0.000960 0.001159 0.001066 176 3.910205 0.000082 
0.000771 0.001120 0.001076 256 4.104030 0.000091


0.000824 0.001135 0.001076 222 4.049149 0.000091


0.000930 0.001155 0.001038 293 3.940807 0.000053 
0.000798 0.001128 0.001056 229 4.075324 0.000071 
0.000722 0.001104 0.001078 154 4.155553 0.000093 
0.000771 0.001120 0.001076 256 4.104030 0.000091 
0.000930 0.001155 0.001038 293 3.940807 0.000053


0.000804 0.001130 0.001062 223 4.068987 0.000077


0.001523 0.001054 0.001247 292 3.329409 0.000262 
0.001451 0.001088 0.001264 271 3.408874 0.000280 
0.001426 0.001098 0.001360 128 3.436117 0.000375 
0.001516 0.001058 0.001360 129 3.337942 0.000375 
0.001523 0.001054 0.001247 292 3.329409 0.000262


0.001479 0.001075 0.001307 224 3.378084 0.000323


0.001613 0.001002 0.001187 184 3.225946 0.000202 
0.001523 0.001054 0.001247 292 3.329409 0.000262 
0.001516 0.001058 0.001360 129 3.337942 0.000375 
0.001601 0.001010 0.001360 130 3.239767 0.000375 
0.001613 0.001002 0.001187 184 3.225946 0.000202


0.001564 0.001032 0.001288 225 3.283266 0.000304


0.000851 0.001142 0.000986 297 4.020584 0.000002 
0.001035 0.001164 0.000986 182 3.835755 0.000001 
0.001145 0.001162 0.000900 150 3.724975 -0.000085 
0.001024 0.001164 0.000908 225 3.846644 -0.000077 
0.000851 0.001142 0.000986 297 4.020584 0.000002


0.001013 0.001163 0.000945 226 3.856903 -0.000040


0.000706 0.001098 0.001084 239 4.172130 0.000099 
0.000691 0.001092 0.001089 165 4.189043 0.000104 
0.000706 0.001098 0.001089 241 4.172743 0.000105 
0.000761 0.001117 0.001079 302 4.114051 0.000095 
0.000706 0.001098 0.001084 239 4.172130 0.000099


0.000716 0.001102 0.001085 227 4.161995 0.000101


0.000771 0.001120 0.001076 256 4.104030 0.000091 
0.000722 0.001104 0.001078 154 4.155553 0.000093 
0.000706 0.001098 0.001084 239 4.172130 0.000099 
0.000761 0.001117 0.001079 302 4.114051 0.000095 
0.000771 0.001120 0.001076 256 4.104030 0.000091


0.000740 0.001110 0.001079 228 4.136441 0.000095


0.000168 0.000605 0.001254 217 4.919256 0.000269 
0.000253 0.000748 0.001168 284 4.752948 0.000184 
0.000207 0.000678 0.001156 203 4.836740 0.000172 
0.000130 0.000517 0.001244 158 5.015294 0.000259 
0.000168 0.000605 0.001254 217 4.919256 0.000269


0.000186 0.000639 0.001205 229 4.881048 0.000221


0.000231 0.000716 0.000963 210 4.791894 -0.000022 
0.000242 0.000731 0.001026 159 4.773079 0.000041 
0.000310 0.000819 0.001013 254 4.662058 0.000028 
0.000299 0.000806 0.000959 257 4.678901 -0.000026 
0.000231 0.000716 0.000963 210 4.791894 -0.000022


0.000269 0.000769 0.000990 230 4.726483 0.000005


0.000696 0.001094 0.001243 242 4.183520 0.000259 
0.000607 0.001053 0.001170 180 4.281574 0.000185 
0.000546 0.001019 0.001187 248 4.351233 0.000202 
0.000578 0.001037 0.001265 134 4.314535 0.000280 
0.000696 0.001094 0.001243 242 4.183520 0.000259


0.000606 0.001053 0.001216 231 4.282741 0.000232


0.000696 0.001094 0.001243 242 4.183520 0.000259 
0.000793 0.001127 0.001168 142 4.080487 0.000183 
0.000669 0.001083 0.001141 249 4.212704 0.000156 
0.000607 0.001053 0.001170 180 4.281574 0.000185 
0.000696 0.001094 0.001243 242 4.183520 0.000259


0.000690 0.001092 0.001180 232 4.189592 0.000196


0.000443 0.000947 0.001273 301 4.476926 0.000289 
0.000390 0.000901 0.001273 303 4.547198 0.000288 
0.000342 0.000854 0.001360 116 4.614214 0.000375 
0.000413 0.000922 0.001360 117 4.516039 0.000375 
0.000443 0.000947 0.001273 301 4.476926 0.000289


0.000396 0.000907 0.001316 233 4.538587 0.000332


0.000377 0.000890 0.001077 276 4.564601 0.000092 
0.000417 0.000926 0.001071 157 4.510784 0.000086 
0.000427 0.000934 0.001063 233 4.497632 0.000079 
0.000413 0.000922 0.001062 211 4.515466 0.000077 
0.000377 0.000890 0.001077 276 4.564601 0.000092


0.000408 0.000918 0.001068 234 4.522118 0.000084


0.000471 0.000968 0.001189 246 4.442052 0.000205 
0.000439 0.000944 0.001187 172 4.481783 0.000203 
0.000390 0.000901 0.001273 303 4.547198 0.000288 
0.000443 0.000947 0.001273 301 4.476926 0.000289 
0.000471 0.000968 0.001189 246 4.442052 0.000205


0.000435 0.000941 0.001231 235 4.486985 0.000246


0.000578 0.001037 0.001265 134 4.314535 0.000280 
0.000503 0.000991 0.001272 270 4.402447 0.000287 
0.000490 0.000982 0.001360 118 4.417865 0.000375 
0.000573 0.001035 0.001360 119 4.319690 0.000375 
0.000578 0.001037 0.001265 134 4.314535 0.000280


0.000535 0.001012 0.001314 236 4.363634 0.000329


