-0.000258 -0.001828 -0.000882 4 -0.002387 -0.000804 
-0.000242 -0.001801 -0.000829 153 -0.002357 -0.000751 
-0.000235 -0.001788 -0.000834 103 -0.002341 -0.000756 
-0.000248 -0.001812 -0.000875 5 -0.002369 -0.000797 
-0.000258 -0.001828 -0.000882 4 -0.002387 -0.000804


-0.000246 -0.001807 -0.000855 1 -0.002363 -0.000777


-0.000253 -0.001819 -0.000817 201 -0.002377 -0.000739 
-0.000242 -0.001801 -0.000829 153 -0.002357 -0.000751 
-0.000258 -0.001828 -0.000882 4 -0.002387 -0.000804 
-0.000267 -0.001844 -0.000887 3 -0.002406 -0.000809 
-0.000253 -0.001819 -0.000817 201 -0.002377 -0.000739


-0.000255 -0.001823 -0.000854 2 -0.002382 -0.000776


-0.000235 -0.001788 -0.000834 103 -0.002341 -0.000756 
-0.000242 -0.001801 -0.000829 153 -0.002357 -0.000751 
-0.000226 -0.001773 -0.000779 218 -0.002324 -0.000701 
-0.000220 -0.001763 -0.000795 175 -0.002312 -0.000717 
-0.000235 -0.001788 -0.000834 103 -0.002341 -0.000756


-0.000231 -0.001781 -0.000809 3 -0.002333 -0.000731


-0.000223 -0.001768 -0.000845 8 -0.002318 -0.000767 
-0.000218 -0.001759 -0.000829 154 -0.002308 -0.000751 
-0.000215 -0.001754 -0.000825 217 -0.002302 -0.000747 
-0.000216 -0.001755 -0.000832 9 -0.002304 -0.000754 
-0.000223 -0.001768 -0.000845 8 -0.002318 -0.000767


-0.000218 -0.001759 -0.000833 4 -0.002308 -0.000755


-0.000223 -0.001767 -0.000832 206 -0.002318 -0.000754 
-0.000218 -0.001759 -0.000829 154 -0.002308 -0.000751 
-0.000223 -0.001768 -0.000845 8 -0.002318 -0.000767 
-0.000231 -0.001782 -0.000857 7 -0.002334 -0.000779 
-0.000223 -0.001767 -0.000832 206 -0.002318 -0.000754


-0.000224 -0.001769 -0.000841 5 -0.002320 -0.000763


-0.000240 -0.001796 -0.000867 6 -0.002351 -0.000789 
-0.000228 -0.001777 -0.000834 109 -0.002328 -0.000756 
-0.000223 -0.001767 -0.000832 206 -0.002318 -0.000754 
-0.000231 -0.001782 -0.000857 7 -0.002334 -0.000779 
-0.000240 -0.001796 -0.000867 6 -0.002351 -0.000789


-0.000230 -0.001781 -0.000848 6 -0.002333 -0.000770


-0.000235 -0.001788 -0.000834 103 -0.002341 -0.000756 
-0.000228 -0.001777 -0.000834 109 -0.002328 -0.000756 
-0.000240 -0.001796 -0.000867 6 -0.002351 -0.000789 
-0.000248 -0.001812 -0.000875 5 -0.002369 -0.000797 
-0.000235 -0.001788 -0.000834 103 -0.002341 -0.000756


-0.000238 -0.001793 -0.000853 7 -0.002347 -0.000775


-0.000335 -0.001961 -0.000634 107 -0.002541 -0.000556 
-0.000338 -0.001967 -0.000765 205 -0.002549 -0.000687 
-0.000389 -0.002055 -0.000765 94 -0.002650 -0.000688 
-0.000389 -0.002055 -0.000640 93 -0.002650 -0.000563 
-0.000335 -0.001961 -0.000634 107 -0.002541 -0.000556


-0.000363 -0.002010 -0.000701 8 -0.002597 -0.000623


-0.000335 -0.001961 -0.000634 107 -0.002541 -0.000556 
-0.000277 -0.001861 -0.000628 204 -0.002426 -0.000550 
-0.000292 -0.001887 -0.000771 105 -0.002456 -0.000693 
-0.000338 -0.001967 -0.000765 205 -0.002549 -0.000687 
-0.000335 -0.001961 -0.000634 107 -0.002541 -0.000556


-0.000311 -0.001919 -0.000700 9 -0.002493 -0.000622


-0.000335 -0.001962 -0.000501 180 -0.002543 -0.000423 
-0.000336 -0.001964 -0.000373 139 -0.002544 -0.000295 
-0.000284 -0.001874 -0.000352 191 -0.002441 -0.000274 
-0.000282 -0.001870 -0.000479 106 -0.002436 -0.000401 
-0.000335 -0.001962 -0.000501 180 -0.002543 -0.000423


-0.000310 -0.001917 -0.000426 10 -0.002491 -0.000348


-0.000277 -0.001861 -0.000889 2 -0.002426 -0.000812 
-0.000267 -0.001845 -0.000796 203 -0.002407 -0.000718 
-0.000253 -0.001819 -0.000817 201 -0.002377 -0.000739 
-0.000267 -0.001844 -0.000887 3 -0.002406 -0.000809 
-0.000277 -0.001861 -0.000889 2 -0.002426 -0.000812


-0.000266 -0.001842 -0.000847 11 -0.002404 -0.000769


-0.000292 -0.001887 -0.000771 105 -0.002456 -0.000693 
-0.000267 -0.001845 -0.000796 203 -0.002407 -0.000718 
-0.000277 -0.001861 -0.000889 2 -0.002426 -0.000812 
-0.000287 -0.001878 -0.000890 1 -0.002445 -0.000813 
-0.000292 -0.001887 -0.000771 105 -0.002456 -0.000693


-0.000281 -0.001868 -0.000837 12 -0.002434 -0.000759


0.000339 -0.000795 0.000683 202 -0.001194 0.000761 
0.000331 -0.000808 0.000755 110 -0.001210 0.000833 
0.000385 -0.000714 0.000743 116 -0.001101 0.000821 
0.000387 -0.000711 0.000705 215 -0.001098 0.000783 
0.000339 -0.000795 0.000683 202 -0.001194 0.000761


0.000360 -0.000757 0.000721 13 -0.001151 0.000799


0.000387 -0.000712 0.000636 219 -0.001099 0.000714 
0.000390 -0.000707 0.000637 157 -0.001093 0.000715 
0.000388 -0.000709 0.000633 50 -0.001096 0.000711 
0.000379 -0.000725 0.000625 49 -0.001114 0.000703 
0.000387 -0.000712 0.000636 219 -0.001099 0.000714


0.000386 -0.000713 0.000633 14 -0.001100 0.000711


0.000388 -0.000709 0.000633 50 -0.001096 0.000711 
0.000390 -0.000707 0.000637 157 -0.001093 0.000715 
0.000394 -0.000699 0.000642 214 -0.001084 0.000720 
0.000396 -0.000695 0.000643 51 -0.001079 0.000721 
0.000388 -0.000709 0.000633 50 -0.001096 0.000711


0.000392 -0.000702 0.000639 15 -0.001088 0.000717


0.000397 -0.000695 0.000654 216 -0.001079 0.000732 
0.000396 -0.000695 0.000664 212 -0.001079 0.000742 
0.000418 -0.000657 0.000682 54 -0.001035 0.000760 
0.000412 -0.000668 0.000668 53 -0.001048 0.000746 
0.000397 -0.000695 0.000654 216 -0.001079 0.000732


0.000406 -0.000678 0.000667 16 -0.001060 0.000745


0.000418 -0.000657 0.000682 54 -0.001035 0.000760 
0.000396 -0.000695 0.000664 212 -0.001079 0.000742 
0.000394 -0.000700 0.000679 159 -0.001085 0.000757 
0.000424 -0.000646 0.000698 55 -0.001023 0.000776 
0.000418 -0.000657 0.000682 54 -0.001035 0.000760


0.000408 -0.000674 0.000681 17 -0.001055 0.000759


0.000394 -0.000699 0.000642 214 -0.001084 0.000720 
0.000395 -0.000696 0.000647 160 -0.001081 0.000725 
0.000404 -0.000681 0.000655 52 -0.001063 0.000733 
0.000396 -0.000695 0.000643 51 -0.001079 0.000721 
0.000394 -0.000699 0.000642 214 -0.001084 0.000720


0.000398 -0.000693 0.000647 18 -0.001077 0.000725


0.000404 -0.000681 0.000655 52 -0.001063 0.000733 
0.000395 -0.000696 0.000647 160 -0.001081 0.000725 
0.000397 -0.000695 0.000654 216 -0.001079 0.000732 
0.000412 -0.000668 0.000668 53 -0.001048 0.000746 
0.000404 -0.000681 0.000655 52 -0.001063 0.000733


0.000402 -0.000685 0.000656 19 -0.001068 0.000734


-0.000198 -0.001725 -0.000785 12 -0.002269 -0.000707 
-0.000205 -0.001737 -0.000797 184 -0.002282 -0.000719 
-0.000204 -0.001735 -0.000787 112 -0.002280 -0.000709 
-0.000194 -0.001718 -0.000767 13 -0.002260 -0.000689 
-0.000198 -0.001725 -0.000785 12 -0.002269 -0.000707


-0.000201 -0.001729 -0.000784 20 -0.002273 -0.000706


-0.000206 -0.001739 -0.000805 158 -0.002285 -0.000727 
-0.000205 -0.001737 -0.000797 184 -0.002282 -0.000719 
-0.000198 -0.001725 -0.000785 12 -0.002269 -0.000707 
-0.000204 -0.001734 -0.000802 11 -0.002279 -0.000724 
-0.000206 -0.001739 -0.000805 158 -0.002285 -0.000727


-0.000203 -0.001734 -0.000797 21 -0.002279 -0.000719


-0.000209 -0.001744 -0.000818 10 -0.002291 -0.000740 
-0.000211 -0.001746 -0.000815 190 -0.002293 -0.000737 
-0.000206 -0.001739 -0.000805 158 -0.002285 -0.000727 
-0.000204 -0.001734 -0.000802 11 -0.002279 -0.000724 
-0.000209 -0.001744 -0.000818 10 -0.002291 -0.000740


-0.000207 -0.001741 -0.000810 22 -0.002287 -0.000732


-0.000215 -0.001754 -0.000825 217 -0.002302 -0.000747 
-0.000211 -0.001746 -0.000815 190 -0.002293 -0.000737 
-0.000209 -0.001744 -0.000818 10 -0.002291 -0.000740 
-0.000216 -0.001755 -0.000832 9 -0.002304 -0.000754 
-0.000215 -0.001754 -0.000825 217 -0.002302 -0.000747


-0.000213 -0.001750 -0.000822 23 -0.002297 -0.000745


-0.000204 -0.001735 -0.000787 112 -0.002280 -0.000709 
-0.000205 -0.001737 -0.000797 184 -0.002282 -0.000719 
-0.000212 -0.001748 -0.000813 111 -0.002296 -0.000735 
-0.000214 -0.001752 -0.000809 161 -0.002299 -0.000731 
-0.000204 -0.001735 -0.000787 112 -0.002280 -0.000709


-0.000209 -0.001743 -0.000802 24 -0.002289 -0.000724


0.000339 -0.000795 0.000683 202 -0.001194 0.000761 
0.000365 -0.000749 0.000653 178 -0.001142 0.000731 
0.000351 -0.000774 0.000611 46 -0.001171 0.000688 
0.000341 -0.000791 0.000610 45 -0.001191 0.000687 
0.000339 -0.000795 0.000683 202 -0.001194 0.000761


0.000349 -0.000777 0.000639 25 -0.001174 0.000717


0.000351 -0.000774 0.000611 46 -0.001171 0.000688 
0.000365 -0.000749 0.000653 178 -0.001142 0.000731 
0.000376 -0.000730 0.000642 138 -0.001119 0.000719 
0.000360 -0.000757 0.000613 47 -0.001151 0.000691 
0.000351 -0.000774 0.000611 46 -0.001171 0.000688


0.000363 -0.000753 0.000630 26 -0.001146 0.000708


0.000376 -0.000730 0.000642 138 -0.001119 0.000719 
0.000382 -0.000719 0.000637 166 -0.001107 0.000715 
0.000370 -0.000741 0.000618 48 -0.001132 0.000696 
0.000360 -0.000757 0.000613 47 -0.001151 0.000691 
0.000376 -0.000730 0.000642 138 -0.001119 0.000719


0.000372 -0.000737 0.000628 27 -0.001128 0.000706


-0.000336 -0.001964 -0.000019 200 -0.002544 0.000059 
-0.000285 -0.001874 -0.000016 148 -0.002441 0.000062 
-0.000285 -0.001875 -0.000122 114 -0.002442 -0.000044 
-0.000337 -0.001965 -0.000133 213 -0.002545 -0.000055 
-0.000336 -0.001964 -0.000019 200 -0.002544 0.000059


-0.000311 -0.001919 -0.000072 28 -0.002493 0.000006


0.000370 -0.000741 0.000618 48 -0.001132 0.000696 
0.000382 -0.000719 0.000637 166 -0.001107 0.000715 
0.000387 -0.000712 0.000636 219 -0.001099 0.000714 
0.000379 -0.000725 0.000625 49 -0.001114 0.000703 
0.000370 -0.000741 0.000618 48 -0.001132 0.000696


0.000379 -0.000724 0.000629 29 -0.001113 0.000707


0.000385 -0.000714 0.000743 116 -0.001101 0.000821 
0.000388 -0.000710 0.000781 211 -0.001097 0.000859 
0.000437 -0.000624 0.000751 58 -0.000998 0.000829 
0.000434 -0.000630 0.000733 57 -0.001004 0.000811 
0.000385 -0.000714 0.000743 116 -0.001101 0.000821


0.000411 -0.000670 0.000752 30 -0.001050 0.000830


0.000272 -0.000911 0.000610 44 -0.001329 0.000687 
0.000202 -0.001031 0.000610 43 -0.001467 0.000687 
0.000201 -0.001034 0.000698 156 -0.001470 0.000776 
0.000269 -0.000916 0.000692 102 -0.001334 0.000770 
0.000272 -0.000911 0.000610 44 -0.001329 0.000687


0.000236 -0.000973 0.000652 31 -0.001400 0.000730


0.000437 -0.000624 0.000751 58 -0.000998 0.000829 
0.000388 -0.000710 0.000781 211 -0.001097 0.000859 
0.000395 -0.000697 0.000812 115 -0.001081 0.000890 
0.000440 -0.000620 0.000770 59 -0.000993 0.000848 
0.000437 -0.000624 0.000751 58 -0.000998 0.000829


0.000415 -0.000663 0.000779 32 -0.001042 0.000856


0.000394 -0.000700 0.000679 159 -0.001085 0.000757 
0.000387 -0.000711 0.000705 215 -0.001098 0.000783 
0.000430 -0.000637 0.000715 56 -0.001013 0.000793 
0.000424 -0.000646 0.000698 55 -0.001023 0.000776 
0.000394 -0.000700 0.000679 159 -0.001085 0.000757


0.000409 -0.000674 0.000699 33 -0.001055 0.000777


0.000365 -0.000749 0.000653 178 -0.001142 0.000731 
0.000394 -0.000700 0.000679 159 -0.001085 0.000757 
0.000396 -0.000695 0.000664 212 -0.001079 0.000742 
0.000376 -0.000730 0.000642 138 -0.001119 0.000719 
0.000365 -0.000749 0.000653 178 -0.001142 0.000731


0.000383 -0.000718 0.000660 34 -0.001106 0.000738


0.000430 -0.000637 0.000715 56 -0.001013 0.000793 
0.000387 -0.000711 0.000705 215 -0.001098 0.000783 
0.000385 -0.000714 0.000743 116 -0.001101 0.000821 
0.000434 -0.000630 0.000733 57 -0.001004 0.000811 
0.000430 -0.000637 0.000715 56 -0.001013 0.000793


0.000409 -0.000673 0.000724 35 -0.001054 0.000802


0.000395 -0.000697 0.000812 115 -0.001081 0.000890 
0.000403 -0.000683 0.000838 135 -0.001066 0.000916 
0.000441 -0.000617 0.000790 60 -0.000990 0.000868 
0.000440 -0.000620 0.000770 59 -0.000993 0.000848 
0.000395 -0.000697 0.000812 115 -0.001081 0.000890


0.000420 -0.000654 0.000803 36 -0.001032 0.000880


0.000403 -0.000683 0.000838 135 -0.001066 0.000916 
0.000407 -0.000677 0.000870 179 -0.001058 0.000948 
0.000442 -0.000616 0.000810 61 -0.000989 0.000887 
0.000441 -0.000617 0.000790 60 -0.000990 0.000868 
0.000403 -0.000683 0.000838 135 -0.001066 0.000916


0.000423 -0.000648 0.000827 37 -0.001026 0.000905


0.000394 -0.000699 0.001010 64 -0.001084 0.001088 
0.000402 -0.000685 0.000933 163 -0.001068 0.001011 
0.000365 -0.000748 0.000945 221 -0.001141 0.001023 
0.000346 -0.000781 0.001010 65 -0.001179 0.001088 
0.000394 -0.000699 0.001010 64 -0.001084 0.001088


0.000377 -0.000728 0.000974 38 -0.001118 0.001052


0.000442 -0.000616 0.000910 62 -0.000989 0.000988 
0.000402 -0.000685 0.000933 163 -0.001068 0.001011 
0.000394 -0.000699 0.001010 64 -0.001084 0.001088 
0.000442 -0.000616 0.001010 63 -0.000989 0.001088 
0.000442 -0.000616 0.000910 62 -0.000989 0.000988


0.000420 -0.000654 0.000966 39 -0.001032 0.001043


0.000407 -0.000677 0.000870 179 -0.001058 0.000948 
0.000402 -0.000685 0.000933 163 -0.001068 0.001011 
0.000442 -0.000616 0.000910 62 -0.000989 0.000988 
0.000442 -0.000616 0.000810 61 -0.000989 0.000887 
0.000407 -0.000677 0.000870 179 -0.001058 0.000948


0.000423 -0.000649 0.000881 40 -0.001026 0.000959


-0.000210 -0.001746 0.000336 118 -0.002293 0.000414 
-0.000198 -0.001724 0.000389 164 -0.002268 0.000467 
-0.000157 -0.001653 0.000345 30 -0.002186 0.000423 
-0.000167 -0.001671 0.000301 29 -0.002207 0.000379 
-0.000210 -0.001746 0.000336 118 -0.002293 0.000414


-0.000183 -0.001699 0.000343 41 -0.002238 0.000421


-0.000198 -0.001724 0.000389 164 -0.002268 0.000467 
-0.000239 -0.001796 0.000432 117 -0.002350 0.000510 
-0.000222 -0.001766 0.000490 171 -0.002316 0.000568 
-0.000183 -0.001699 0.000439 177 -0.002238 0.000516 
-0.000198 -0.001724 0.000389 164 -0.002268 0.000467


-0.000211 -0.001746 0.000437 42 -0.002293 0.000515


-0.000183 -0.001699 0.000439 177 -0.002238 0.000516 
-0.000144 -0.001631 0.000387 31 -0.002161 0.000465 
-0.000157 -0.001653 0.000345 30 -0.002186 0.000423 
-0.000198 -0.001724 0.000389 164 -0.002268 0.000467 
-0.000183 -0.001699 0.000439 177 -0.002238 0.000516


-0.000171 -0.001677 0.000390 43 -0.002213 0.000468


-0.000146 -0.001634 0.000528 119 -0.002164 0.000606 
-0.000125 -0.001597 0.000567 165 -0.002121 0.000645 
-0.000095 -0.001546 0.000496 34 -0.002062 0.000574 
-0.000113 -0.001577 0.000463 33 -0.002098 0.000541 
-0.000146 -0.001634 0.000528 119 -0.002164 0.000606


-0.000120 -0.001589 0.000514 44 -0.002111 0.000591


-0.000095 -0.001546 0.000496 34 -0.002062 0.000574 
-0.000125 -0.001597 0.000567 165 -0.002121 0.000645 
-0.000101 -0.001557 0.000601 121 -0.002074 0.000679 
-0.000075 -0.001512 0.000525 35 -0.002022 0.000603 
-0.000095 -0.001546 0.000496 34 -0.002062 0.000574


-0.000099 -0.001553 0.000547 45 -0.002070 0.000625


-0.000233 -0.001784 0.000162 170 -0.002337 0.000240 
-0.000280 -0.001866 0.000165 144 -0.002432 0.000243 
-0.000274 -0.001856 0.000239 137 -0.002420 0.000317 
-0.000228 -0.001775 0.000223 125 -0.002327 0.000301 
-0.000233 -0.001784 0.000162 170 -0.002337 0.000240


-0.000254 -0.001820 0.000197 46 -0.002379 0.000275


-0.000054 -0.001475 0.000551 36 -0.001980 0.000629 
-0.000076 -0.001514 0.000632 223 -0.002025 0.000710 
-0.000050 -0.001468 0.000656 122 -0.001972 0.000734 
-0.000032 -0.001437 0.000571 37 -0.001936 0.000649 
-0.000054 -0.001475 0.000551 36 -0.001980 0.000629


-0.000053 -0.001473 0.000602 47 -0.001978 0.000680


-0.000101 -0.001557 0.000601 121 -0.002074 0.000679 
-0.000076 -0.001514 0.000632 223 -0.002025 0.000710 
-0.000054 -0.001475 0.000551 36 -0.001980 0.000629 
-0.000075 -0.001512 0.000525 35 -0.002022 0.000603 
-0.000101 -0.001557 0.000601 121 -0.002074 0.000679


-0.000077 -0.001514 0.000577 48 -0.002025 0.000655


-0.000125 -0.001597 0.000567 165 -0.002121 0.000645 
-0.000154 -0.001649 0.000638 128 -0.002181 0.000716 
-0.000128 -0.001602 0.000679 224 -0.002127 0.000757 
-0.000101 -0.001557 0.000601 121 -0.002074 0.000679 
-0.000125 -0.001597 0.000567 165 -0.002121 0.000645


-0.000127 -0.001601 0.000621 49 -0.002126 0.000699


-0.000052 -0.001471 0.000863 199 -0.001976 0.000941 
-0.000013 -0.001404 0.000882 124 -0.001898 0.000960 
-0.000002 -0.001384 0.000781 198 -0.001875 0.000859 
-0.000036 -0.001444 0.000764 168 -0.001944 0.000842 
-0.000052 -0.001471 0.000863 199 -0.001976 0.000941


-0.000026 -0.001426 0.000823 50 -0.001923 0.000901


-0.000068 -0.001499 0.000741 101 -0.002008 0.000819 
-0.000089 -0.001535 0.000836 151 -0.002049 0.000914 
-0.000052 -0.001471 0.000863 199 -0.001976 0.000941 
-0.000036 -0.001444 0.000764 168 -0.001944 0.000842 
-0.000068 -0.001499 0.000741 101 -0.002008 0.000819


-0.000061 -0.001487 0.000801 51 -0.001994 0.000879


-0.000036 -0.001444 0.000764 168 -0.001944 0.000842 
-0.000002 -0.001384 0.000781 198 -0.001875 0.000859 
0.000007 -0.001370 0.000690 145 -0.001859 0.000768 
-0.000022 -0.001420 0.000675 123 -0.001917 0.000753 
-0.000036 -0.001444 0.000764 168 -0.001944 0.000842


-0.000013 -0.001405 0.000728 52 -0.001899 0.000806


-0.000176 -0.001686 0.000255 28 -0.002223 0.000333 
-0.000220 -0.001763 0.000281 169 -0.002313 0.000359 
-0.000210 -0.001746 0.000336 118 -0.002293 0.000414 
-0.000167 -0.001671 0.000301 29 -0.002207 0.000379 
-0.000176 -0.001686 0.000255 28 -0.002223 0.000333


-0.000194 -0.001717 0.000293 53 -0.002259 0.000371


-0.000228 -0.001775 0.000223 125 -0.002327 0.000301 
-0.000220 -0.001763 0.000281 169 -0.002313 0.000359 
-0.000176 -0.001686 0.000255 28 -0.002223 0.000333 
-0.000182 -0.001696 0.000207 27 -0.002235 0.000285 
-0.000228 -0.001775 0.000223 125 -0.002327 0.000301


-0.000201 -0.001730 0.000241 54 -0.002275 0.000319


-0.000254 -0.001821 0.000371 136 -0.002380 0.000449 
-0.000302 -0.001905 0.000410 149 -0.002476 0.000488 
-0.000286 -0.001876 0.000480 193 -0.002443 0.000558 
-0.000239 -0.001796 0.000432 117 -0.002350 0.000510 
-0.000254 -0.001821 0.000371 136 -0.002380 0.000449


-0.000270 -0.001849 0.000423 55 -0.002412 0.000501


-0.000185 -0.001702 0.000159 26 -0.002243 0.000237 
-0.000233 -0.001784 0.000162 170 -0.002337 0.000240 
-0.000228 -0.001775 0.000223 125 -0.002327 0.000301 
-0.000182 -0.001696 0.000207 27 -0.002235 0.000285 
-0.000185 -0.001702 0.000159 26 -0.002243 0.000237


-0.000207 -0.001740 0.000188 56 -0.002286 0.000266


-0.000234 -0.001787 0.000087 120 -0.002340 0.000165 
-0.000233 -0.001784 0.000162 170 -0.002337 0.000240 
-0.000185 -0.001702 0.000159 26 -0.002243 0.000237 
-0.000187 -0.001704 0.000110 25 -0.002245 0.000187 
-0.000234 -0.001787 0.000087 120 -0.002340 0.000165


-0.000210 -0.001744 0.000129 57 -0.002291 0.000207


-0.000265 -0.001841 0.000546 126 -0.002403 0.000624 
-0.000286 -0.001876 0.000480 193 -0.002443 0.000558 
-0.000336 -0.001963 0.000534 82 -0.002544 0.000612 
-0.000313 -0.001924 0.000610 81 -0.002498 0.000688 
-0.000265 -0.001841 0.000546 126 -0.002403 0.000624


-0.000300 -0.001901 0.000543 58 -0.002472 0.000621


-0.000265 -0.001841 0.000546 126 -0.002403 0.000624 
-0.000222 -0.001766 0.000490 171 -0.002316 0.000568 
-0.000239 -0.001796 0.000432 117 -0.002350 0.000510 
-0.000286 -0.001876 0.000480 193 -0.002443 0.000558 
-0.000265 -0.001841 0.000546 126 -0.002403 0.000624


-0.000253 -0.001820 0.000487 59 -0.002378 0.000565


-0.000130 -0.001606 0.000427 32 -0.002131 0.000505 
-0.000166 -0.001668 0.000485 172 -0.002203 0.000563 
-0.000146 -0.001634 0.000528 119 -0.002164 0.000606 
-0.000113 -0.001577 0.000463 33 -0.002098 0.000541 
-0.000130 -0.001606 0.000427 32 -0.002131 0.000505


-0.000139 -0.001621 0.000476 60 -0.002149 0.000554


-0.000183 -0.001699 0.000439 177 -0.002238 0.000516 
-0.000166 -0.001668 0.000485 172 -0.002203 0.000563 
-0.000130 -0.001606 0.000427 32 -0.002131 0.000505 
-0.000144 -0.001631 0.000387 31 -0.002161 0.000465 
-0.000183 -0.001699 0.000439 177 -0.002238 0.000516


-0.000156 -0.001651 0.000434 61 -0.002183 0.000512


-0.000146 -0.001634 0.000528 119 -0.002164 0.000606 
-0.000180 -0.001692 0.000593 222 -0.002231 0.000671 
-0.000154 -0.001649 0.000638 128 -0.002181 0.000716 
-0.000125 -0.001597 0.000567 165 -0.002121 0.000645 
-0.000146 -0.001634 0.000528 119 -0.002164 0.000606


-0.000151 -0.001643 0.000582 62 -0.002174 0.000660


-0.000183 -0.001699 0.000439 177 -0.002238 0.000516 
-0.000222 -0.001766 0.000490 171 -0.002316 0.000568 
-0.000202 -0.001731 0.000543 127 -0.002276 0.000621 
-0.000166 -0.001668 0.000485 172 -0.002203 0.000563 
-0.000183 -0.001699 0.000439 177 -0.002238 0.000516


-0.000193 -0.001716 0.000489 63 -0.002258 0.000567


-0.000202 -0.001731 0.000543 127 -0.002276 0.000621 
-0.000243 -0.001801 0.000609 196 -0.002357 0.000687 
-0.000216 -0.001756 0.000666 150 -0.002305 0.000744 
-0.000180 -0.001692 0.000593 222 -0.002231 0.000671 
-0.000202 -0.001731 0.000543 127 -0.002276 0.000621


-0.000210 -0.001745 0.000603 64 -0.002292 0.000681


-0.000124 -0.001596 0.000804 167 -0.002119 0.000882 
-0.000157 -0.001653 0.000764 225 -0.002186 0.000842 
-0.000189 -0.001709 0.000858 77 -0.002250 0.000936 
-0.000151 -0.001643 0.000903 76 -0.002174 0.000981 
-0.000124 -0.001596 0.000804 167 -0.002119 0.000882


-0.000155 -0.001650 0.000832 65 -0.002182 0.000910


-0.000128 -0.001602 0.000679 224 -0.002127 0.000757 
-0.000157 -0.001653 0.000764 225 -0.002186 0.000842 
-0.000124 -0.001596 0.000804 167 -0.002119 0.000882 
-0.000099 -0.001552 0.000713 129 -0.002069 0.000791 
-0.000128 -0.001602 0.000679 224 -0.002127 0.000757


-0.000127 -0.001601 0.000740 66 -0.002125 0.000818


0.000134 -0.001150 0.000796 134 -0.001604 0.000874 
0.000080 -0.001242 0.000796 173 -0.001711 0.000874 
0.000073 -0.001255 0.000899 132 -0.001726 0.000977 
0.000125 -0.001166 0.000900 174 -0.001623 0.000978 
0.000134 -0.001150 0.000796 134 -0.001604 0.000874


0.000103 -0.001203 0.000848 67 -0.001666 0.000926


0.000079 -0.001244 0.000701 130 -0.001713 0.000778 
0.000136 -0.001145 0.000700 98 -0.001599 0.000778 
0.000133 -0.001150 0.000610 42 -0.001605 0.000687 
0.000064 -0.001270 0.000610 41 -0.001744 0.000687 
0.000079 -0.001244 0.000701 130 -0.001713 0.000778


0.000103 -0.001202 0.000655 68 -0.001665 0.000733


0.000134 -0.001150 0.000796 134 -0.001604 0.000874 
0.000136 -0.001145 0.000700 98 -0.001599 0.000778 
0.000079 -0.001244 0.000701 130 -0.001713 0.000778 
0.000080 -0.001242 0.000796 173 -0.001711 0.000874 
0.000134 -0.001150 0.000796 134 -0.001604 0.000874


0.000107 -0.001195 0.000748 69 -0.001657 0.000826


0.000073 -0.001255 0.000899 132 -0.001726 0.000977 
0.000080 -0.001242 0.000796 173 -0.001711 0.000874 
0.000036 -0.001320 0.000791 131 -0.001801 0.000869 
0.000028 -0.001333 0.000894 197 -0.001816 0.000972 
0.000073 -0.001255 0.000899 132 -0.001726 0.000977


0.000054 -0.001287 0.000845 70 -0.001763 0.000923


-0.000233 -0.001784 0.000162 170 -0.002337 0.000240 
-0.000234 -0.001787 0.000087 120 -0.002340 0.000165 
-0.000283 -0.001871 0.000082 97 -0.002437 0.000160 
-0.000280 -0.001866 0.000165 144 -0.002432 0.000243 
-0.000233 -0.001784 0.000162 170 -0.002337 0.000240


-0.000257 -0.001827 0.000124 71 -0.002387 0.000202


-0.000335 -0.001961 0.000088 133 -0.002541 0.000166 
-0.000336 -0.001964 -0.000019 200 -0.002544 0.000059 
-0.000389 -0.002055 -0.000015 88 -0.002650 0.000062 
-0.000389 -0.002055 0.000110 87 -0.002650 0.000187 
-0.000335 -0.001961 0.000088 133 -0.002541 0.000166


-0.000362 -0.002009 0.000041 72 -0.002596 0.000119


-0.000274 -0.001856 0.000239 137 -0.002420 0.000317 
-0.000325 -0.001944 0.000260 143 -0.002522 0.000338 
-0.000315 -0.001928 0.000337 194 -0.002503 0.000415 
-0.000266 -0.001842 0.000307 226 -0.002403 0.000385 
-0.000274 -0.001856 0.000239 137 -0.002420 0.000317


-0.000295 -0.001892 0.000286 73 -0.002462 0.000364


0.000109 -0.001193 0.001010 70 -0.001655 0.001088 
0.000125 -0.001166 0.000900 174 -0.001623 0.000978 
0.000073 -0.001255 0.000899 132 -0.001726 0.000977 
0.000061 -0.001276 0.001010 71 -0.001750 0.001087 
0.000109 -0.001193 0.001010 70 -0.001655 0.001088


0.000092 -0.001222 0.000954 74 -0.001688 0.001032


0.000183 -0.001064 0.000896 176 -0.001506 0.000974 
0.000125 -0.001166 0.000900 174 -0.001623 0.000978 
0.000109 -0.001193 0.001010 70 -0.001655 0.001088 
0.000156 -0.001111 0.001010 69 -0.001560 0.001088 
0.000183 -0.001064 0.000896 176 -0.001506 0.000974


0.000143 -0.001133 0.000954 75 -0.001586 0.001032


0.000256 -0.000938 0.000886 220 -0.001360 0.000963 
0.000183 -0.001064 0.000896 176 -0.001506 0.000974 
0.000156 -0.001111 0.001010 69 -0.001560 0.001088 
0.000204 -0.001029 0.001010 68 -0.001465 0.001088 
0.000256 -0.000938 0.000886 220 -0.001360 0.000963


0.000200 -0.001035 0.000950 76 -0.001472 0.001028


0.000367 -0.000746 0.000884 162 -0.001139 0.000962 
0.000403 -0.000683 0.000838 135 -0.001066 0.000916 
0.000395 -0.000697 0.000812 115 -0.001081 0.000890 
0.000348 -0.000778 0.000859 186 -0.001176 0.000937 
0.000367 -0.000746 0.000884 162 -0.001139 0.000962


0.000378 -0.000726 0.000848 77 -0.001115 0.000926


0.000395 -0.000696 0.000647 160 -0.001081 0.000725 
0.000394 -0.000699 0.000642 214 -0.001084 0.000720 
0.000390 -0.000707 0.000637 157 -0.001093 0.000715 
0.000387 -0.000712 0.000636 219 -0.001099 0.000714 
0.000395 -0.000696 0.000647 160 -0.001081 0.000725


0.000391 -0.000704 0.000641 78 -0.001089 0.000719


0.000195 -0.001043 0.000792 183 -0.001482 0.000870 
0.000134 -0.001150 0.000796 134 -0.001604 0.000874 
0.000125 -0.001166 0.000900 174 -0.001623 0.000978 
0.000183 -0.001064 0.000896 176 -0.001506 0.000974 
0.000195 -0.001043 0.000792 183 -0.001482 0.000870


0.000159 -0.001106 0.000846 79 -0.001554 0.000924


-0.000220 -0.001763 0.000281 169 -0.002313 0.000359 
-0.000266 -0.001842 0.000307 226 -0.002403 0.000385 
-0.000254 -0.001821 0.000371 136 -0.002380 0.000449 
-0.000210 -0.001746 0.000336 118 -0.002293 0.000414 
-0.000220 -0.001763 0.000281 169 -0.002313 0.000359


-0.000238 -0.001793 0.000324 80 -0.002347 0.000401


-0.000214 -0.001752 -0.000809 161 -0.002299 -0.000731 
-0.000223 -0.001767 -0.000832 206 -0.002318 -0.000754 
-0.000228 -0.001777 -0.000834 109 -0.002328 -0.000756 
-0.000216 -0.001756 -0.000804 104 -0.002305 -0.000726 
-0.000214 -0.001752 -0.000809 161 -0.002299 -0.000731


-0.000220 -0.001763 -0.000820 81 -0.002312 -0.000742


0.000269 -0.000916 0.000692 102 -0.001334 0.000770 
0.000339 -0.000795 0.000683 202 -0.001194 0.000761 
0.000341 -0.000791 0.000610 45 -0.001191 0.000687 
0.000272 -0.000911 0.000610 44 -0.001329 0.000687 
0.000269 -0.000916 0.000692 102 -0.001334 0.000770


0.000305 -0.000853 0.000648 82 -0.001262 0.000726


-0.000187 -0.001705 -0.000710 16 -0.002246 -0.000632 
-0.000207 -0.001740 -0.000740 155 -0.002286 -0.000662 
-0.000211 -0.001748 -0.000706 208 -0.002295 -0.000628 
-0.000187 -0.001704 -0.000690 17 -0.002245 -0.000613 
-0.000187 -0.001705 -0.000710 16 -0.002246 -0.000632


-0.000198 -0.001724 -0.000712 83 -0.002268 -0.000634


-0.000205 -0.001736 -0.000760 188 -0.002282 -0.000682 
-0.000207 -0.001740 -0.000740 155 -0.002286 -0.000662 
-0.000187 -0.001705 -0.000710 16 -0.002246 -0.000632 
-0.000188 -0.001708 -0.000730 15 -0.002249 -0.000652 
-0.000205 -0.001736 -0.000760 188 -0.002282 -0.000682


-0.000197 -0.001722 -0.000735 84 -0.002266 -0.000657


0.000380 -0.000723 0.000899 113 -0.001112 0.000977 
0.000367 -0.000746 0.000884 162 -0.001139 0.000962 
0.000332 -0.000806 0.000940 209 -0.001207 0.001018 
0.000365 -0.000748 0.000945 221 -0.001141 0.001023 
0.000380 -0.000723 0.000899 113 -0.001112 0.000977


0.000361 -0.000756 0.000917 85 -0.001150 0.000995


-0.000228 -0.001777 -0.000549 108 -0.002329 -0.000471 
-0.000233 -0.001784 -0.000436 100 -0.002337 -0.000358 
-0.000187 -0.001704 -0.000390 20 -0.002245 -0.000313 
-0.000187 -0.001704 -0.000490 19 -0.002245 -0.000413 
-0.000228 -0.001777 -0.000549 108 -0.002329 -0.000471


-0.000209 -0.001742 -0.000466 86 -0.002289 -0.000388


-0.000282 -0.001870 -0.000479 106 -0.002436 -0.000401 
-0.000277 -0.001861 -0.000628 204 -0.002426 -0.000550 
-0.000335 -0.001961 -0.000634 107 -0.002541 -0.000556 
-0.000335 -0.001962 -0.000501 180 -0.002543 -0.000423 
-0.000282 -0.001870 -0.000479 106 -0.002436 -0.000401


-0.000307 -0.001914 -0.000561 87 -0.002487 -0.000483


-0.000233 -0.001784 -0.000436 100 -0.002337 -0.000358 
-0.000235 -0.001788 -0.000323 141 -0.002341 -0.000245 
-0.000187 -0.001704 -0.000290 21 -0.002245 -0.000213 
-0.000187 -0.001704 -0.000390 20 -0.002245 -0.000313 
-0.000233 -0.001784 -0.000436 100 -0.002337 -0.000358


-0.000210 -0.001745 -0.000360 88 -0.002292 -0.000282


-0.000389 -0.002055 -0.000515 92 -0.002650 -0.000438 
-0.000335 -0.001962 -0.000501 180 -0.002543 -0.000423 
-0.000335 -0.001961 -0.000634 107 -0.002541 -0.000556 
-0.000389 -0.002055 -0.000640 93 -0.002650 -0.000563 
-0.000389 -0.002055 -0.000515 92 -0.002650 -0.000438


-0.000362 -0.002008 -0.000573 89 -0.002596 -0.000495


-0.000336 -0.001964 -0.000373 139 -0.002544 -0.000295 
-0.000335 -0.001962 -0.000501 180 -0.002543 -0.000423 
-0.000389 -0.002055 -0.000515 92 -0.002650 -0.000438 
-0.000389 -0.002055 -0.000390 91 -0.002650 -0.000313 
-0.000336 -0.001964 -0.000373 139 -0.002544 -0.000295


-0.000362 -0.002009 -0.000445 90 -0.002597 -0.000367


-0.000249 -0.001812 -0.000705 189 -0.002369 -0.000628 
-0.000219 -0.001760 -0.000638 210 -0.002309 -0.000560 
-0.000211 -0.001748 -0.000706 208 -0.002295 -0.000628 
-0.000234 -0.001787 -0.000753 207 -0.002341 -0.000675 
-0.000249 -0.001812 -0.000705 189 -0.002369 -0.000628


-0.000228 -0.001777 -0.000701 91 -0.002329 -0.000623


-0.000235 -0.001789 -0.000108 140 -0.002343 -0.000030 
-0.000235 -0.001789 -0.000007 181 -0.002342 0.000071 
-0.000187 -0.001704 0.000010 24 -0.002245 0.000087 
-0.000187 -0.001704 -0.000090 23 -0.002245 -0.000013 
-0.000235 -0.001789 -0.000108 140 -0.002343 -0.000030


-0.000211 -0.001747 -0.000049 92 -0.002294 0.000029


-0.000235 -0.001789 -0.000007 181 -0.002342 0.000071 
-0.000234 -0.001787 0.000087 120 -0.002340 0.000165 
-0.000187 -0.001704 0.000110 25 -0.002245 0.000187 
-0.000187 -0.001704 0.000010 24 -0.002245 0.000087 
-0.000235 -0.001789 -0.000007 181 -0.002342 0.000071


-0.000211 -0.001746 0.000050 93 -0.002293 0.000128


-0.000235 -0.001788 -0.000323 141 -0.002341 -0.000245 
-0.000235 -0.001789 -0.000214 182 -0.002343 -0.000136 
-0.000187 -0.001704 -0.000190 22 -0.002245 -0.000113 
-0.000187 -0.001704 -0.000290 21 -0.002245 -0.000213 
-0.000235 -0.001788 -0.000323 141 -0.002341 -0.000245


-0.000211 -0.001746 -0.000254 94 -0.002293 -0.000176


-0.000235 -0.001789 -0.000108 140 -0.002343 -0.000030 
-0.000285 -0.001875 -0.000122 114 -0.002442 -0.000044 
-0.000285 -0.001874 -0.000016 148 -0.002441 0.000062 
-0.000235 -0.001789 -0.000007 181 -0.002342 0.000071 
-0.000235 -0.001789 -0.000108 140 -0.002343 -0.000030


-0.000260 -0.001832 -0.000063 95 -0.002392 0.000015


-0.000187 -0.001704 -0.000190 22 -0.002245 -0.000113 
-0.000235 -0.001789 -0.000214 182 -0.002343 -0.000136 
-0.000235 -0.001789 -0.000108 140 -0.002343 -0.000030 
-0.000187 -0.001704 -0.000090 23 -0.002245 -0.000013 
-0.000187 -0.001704 -0.000190 22 -0.002245 -0.000113


-0.000211 -0.001747 -0.000151 96 -0.002294 -0.000073


-0.000389 -0.002055 -0.000765 94 -0.002650 -0.000688 
-0.000338 -0.001967 -0.000765 205 -0.002549 -0.000687 
-0.000338 -0.001967 -0.000890 96 -0.002548 -0.000813 
-0.000389 -0.002055 -0.000890 95 -0.002650 -0.000813 
-0.000389 -0.002055 -0.000765 94 -0.002650 -0.000688


-0.000364 -0.002011 -0.000828 97 -0.002599 -0.000750


-0.000228 -0.001777 -0.000549 108 -0.002329 -0.000471 
-0.000219 -0.001760 -0.000638 210 -0.002309 -0.000560 
-0.000249 -0.001812 -0.000705 189 -0.002369 -0.000628 
-0.000277 -0.001861 -0.000628 204 -0.002426 -0.000550 
-0.000228 -0.001777 -0.000549 108 -0.002329 -0.000471


-0.000243 -0.001803 -0.000630 98 -0.002358 -0.000552


-0.000338 -0.001967 -0.000890 96 -0.002548 -0.000813 
-0.000338 -0.001967 -0.000765 205 -0.002549 -0.000687 
-0.000292 -0.001887 -0.000771 105 -0.002456 -0.000693 
-0.000287 -0.001878 -0.000890 1 -0.002445 -0.000813 
-0.000338 -0.001967 -0.000890 96 -0.002548 -0.000813


-0.000314 -0.001925 -0.000829 99 -0.002499 -0.000751


-0.000191 -0.001712 -0.000749 14 -0.002254 -0.000671 
-0.000204 -0.001735 -0.000775 99 -0.002280 -0.000697 
-0.000205 -0.001736 -0.000760 188 -0.002282 -0.000682 
-0.000188 -0.001708 -0.000730 15 -0.002249 -0.000652 
-0.000191 -0.001712 -0.000749 14 -0.002254 -0.000671


-0.000197 -0.001723 -0.000753 100 -0.002266 -0.000675


-0.000204 -0.001735 -0.000787 112 -0.002280 -0.000709 
-0.000204 -0.001735 -0.000775 99 -0.002280 -0.000697 
-0.000191 -0.001712 -0.000749 14 -0.002254 -0.000671 
-0.000194 -0.001718 -0.000767 13 -0.002260 -0.000689 
-0.000204 -0.001735 -0.000787 112 -0.002280 -0.000709


-0.000198 -0.001725 -0.000770 101 -0.002269 -0.000692


0.000195 -0.001043 0.000792 183 -0.001482 0.000870 
0.000201 -0.001034 0.000698 156 -0.001470 0.000776 
0.000136 -0.001145 0.000700 98 -0.001599 0.000778 
0.000134 -0.001150 0.000796 134 -0.001604 0.000874 
0.000195 -0.001043 0.000792 183 -0.001482 0.000870


0.000167 -0.001093 0.000746 102 -0.001539 0.000824


-0.000325 -0.001944 0.000260 143 -0.002522 0.000338 
-0.000332 -0.001956 0.000178 185 -0.002535 0.000256 
-0.000387 -0.002051 0.000198 86 -0.002646 0.000276 
-0.000380 -0.002040 0.000285 85 -0.002633 0.000363 
-0.000325 -0.001944 0.000260 143 -0.002522 0.000338


-0.000356 -0.001998 0.000230 103 -0.002584 0.000308


-0.000387 -0.002051 0.000198 86 -0.002646 0.000276 
-0.000332 -0.001956 0.000178 185 -0.002535 0.000256 
-0.000335 -0.001961 0.000088 133 -0.002541 0.000166 
-0.000389 -0.002055 0.000110 87 -0.002650 0.000187 
-0.000387 -0.002051 0.000198 86 -0.002646 0.000276


-0.000361 -0.002006 0.000143 104 -0.002593 0.000221


-0.000336 -0.001964 -0.000019 200 -0.002544 0.000059 
-0.000337 -0.001965 -0.000133 213 -0.002545 -0.000055 
-0.000389 -0.002055 -0.000140 89 -0.002650 -0.000063 
-0.000389 -0.002055 -0.000015 88 -0.002650 0.000062 
-0.000336 -0.001964 -0.000019 200 -0.002544 0.000059


-0.000363 -0.002010 -0.000077 105 -0.002597 0.000001


-0.000235 -0.001789 -0.000214 182 -0.002343 -0.000136 
-0.000285 -0.001875 -0.000234 142 -0.002442 -0.000156 
-0.000285 -0.001875 -0.000122 114 -0.002442 -0.000044 
-0.000235 -0.001789 -0.000108 140 -0.002343 -0.000030 
-0.000235 -0.001789 -0.000214 182 -0.002343 -0.000136


-0.000260 -0.001832 -0.000169 106 -0.002392 -0.000091


0.000263 -0.000926 0.000780 152 -0.001346 0.000858 
0.000269 -0.000916 0.000692 102 -0.001334 0.000770 
0.000201 -0.001034 0.000698 156 -0.001470 0.000776 
0.000195 -0.001043 0.000792 183 -0.001482 0.000870 
0.000263 -0.000926 0.000780 152 -0.001346 0.000858


0.000232 -0.000980 0.000741 107 -0.001408 0.000818


0.000040 -0.001313 0.000607 40 -0.001793 0.000685 
0.000038 -0.001316 0.000699 187 -0.001797 0.000777 
0.000079 -0.001244 0.000701 130 -0.001713 0.000778 
0.000064 -0.001270 0.000610 41 -0.001744 0.000687 
0.000040 -0.001313 0.000607 40 -0.001793 0.000685


0.000055 -0.001286 0.000654 108 -0.001762 0.000732


0.000007 -0.001370 0.000690 145 -0.001859 0.000768 
0.000038 -0.001316 0.000699 187 -0.001797 0.000777 
0.000040 -0.001313 0.000607 40 -0.001793 0.000685 
0.000015 -0.001355 0.000600 39 -0.001842 0.000678 
0.000007 -0.001370 0.000690 145 -0.001859 0.000768


0.000025 -0.001339 0.000649 109 -0.001823 0.000727


0.000036 -0.001320 0.000791 131 -0.001801 0.000869 
0.000080 -0.001242 0.000796 173 -0.001711 0.000874 
0.000079 -0.001244 0.000701 130 -0.001713 0.000778 
0.000038 -0.001316 0.000699 187 -0.001797 0.000777 
0.000036 -0.001320 0.000791 131 -0.001801 0.000869


0.000058 -0.001281 0.000747 110 -0.001755 0.000825


0.000133 -0.001150 0.000610 42 -0.001605 0.000687 
0.000136 -0.001145 0.000700 98 -0.001599 0.000778 
0.000201 -0.001034 0.000698 156 -0.001470 0.000776 
0.000202 -0.001031 0.000610 43 -0.001467 0.000687 
0.000133 -0.001150 0.000610 42 -0.001605 0.000687


0.000168 -0.001090 0.000654 111 -0.001535 0.000732


0.000299 -0.000864 0.001010 66 -0.001274 0.001088 
0.000332 -0.000806 0.000940 209 -0.001207 0.001018 
0.000298 -0.000866 0.000923 146 -0.001276 0.001001 
0.000251 -0.000946 0.001010 67 -0.001369 0.001088 
0.000299 -0.000864 0.001010 66 -0.001274 0.001088


0.000295 -0.000870 0.000971 112 -0.001282 0.001048


0.000365 -0.000748 0.000945 221 -0.001141 0.001023 
0.000332 -0.000806 0.000940 209 -0.001207 0.001018 
0.000299 -0.000864 0.001010 66 -0.001274 0.001088 
0.000346 -0.000781 0.001010 65 -0.001179 0.001088 
0.000365 -0.000748 0.000945 221 -0.001141 0.001023


0.000336 -0.000800 0.000976 113 -0.001200 0.001054


0.000298 -0.000866 0.000923 146 -0.001276 0.001001 
0.000256 -0.000938 0.000886 220 -0.001360 0.000963 
0.000204 -0.001029 0.001010 68 -0.001465 0.001088 
0.000251 -0.000946 0.001010 67 -0.001369 0.001088 
0.000298 -0.000866 0.000923 146 -0.001276 0.001001


0.000252 -0.000945 0.000957 114 -0.001368 0.001035


0.000263 -0.000926 0.000780 152 -0.001346 0.000858 
0.000195 -0.001043 0.000792 183 -0.001482 0.000870 
0.000183 -0.001064 0.000896 176 -0.001506 0.000974 
0.000256 -0.000938 0.000886 220 -0.001360 0.000963 
0.000263 -0.000926 0.000780 152 -0.001346 0.000858


0.000224 -0.000993 0.000839 115 -0.001423 0.000916


-0.000234 -0.001787 -0.000753 207 -0.002341 -0.000675 
-0.000253 -0.001819 -0.000817 201 -0.002377 -0.000739 
-0.000267 -0.001845 -0.000796 203 -0.002407 -0.000718 
-0.000249 -0.001812 -0.000705 189 -0.002369 -0.000628 
-0.000234 -0.001787 -0.000753 207 -0.002341 -0.000675


-0.000251 -0.001816 -0.000768 116 -0.002373 -0.000690


-0.000187 -0.001704 -0.000590 18 -0.002245 -0.000513 
-0.000219 -0.001760 -0.000638 210 -0.002309 -0.000560 
-0.000228 -0.001777 -0.000549 108 -0.002329 -0.000471 
-0.000187 -0.001704 -0.000490 19 -0.002245 -0.000413 
-0.000187 -0.001704 -0.000590 18 -0.002245 -0.000513


-0.000205 -0.001737 -0.000567 117 -0.002282 -0.000489


-0.000211 -0.001748 -0.000706 208 -0.002295 -0.000628 
-0.000219 -0.001760 -0.000638 210 -0.002309 -0.000560 
-0.000187 -0.001704 -0.000590 18 -0.002245 -0.000513 
-0.000187 -0.001704 -0.000690 17 -0.002245 -0.000613 
-0.000211 -0.001748 -0.000706 208 -0.002295 -0.000628


-0.000201 -0.001729 -0.000656 118 -0.002274 -0.000578


0.000407 -0.000677 0.000870 179 -0.001058 0.000948 
0.000403 -0.000683 0.000838 135 -0.001066 0.000916 
0.000367 -0.000746 0.000884 162 -0.001139 0.000962 
0.000380 -0.000723 0.000899 113 -0.001112 0.000977 
0.000407 -0.000677 0.000870 179 -0.001058 0.000948


0.000389 -0.000707 0.000873 119 -0.001094 0.000951


-0.000285 -0.001875 -0.000234 142 -0.002442 -0.000156 
-0.000235 -0.001789 -0.000214 182 -0.002343 -0.000136 
-0.000235 -0.001788 -0.000323 141 -0.002341 -0.000245 
-0.000284 -0.001874 -0.000352 191 -0.002441 -0.000274 
-0.000285 -0.001875 -0.000234 142 -0.002442 -0.000156


-0.000260 -0.001831 -0.000281 120 -0.002392 -0.000203


-0.000282 -0.001870 -0.000479 106 -0.002436 -0.000401 
-0.000284 -0.001874 -0.000352 191 -0.002441 -0.000274 
-0.000235 -0.001788 -0.000323 141 -0.002341 -0.000245 
-0.000233 -0.001784 -0.000436 100 -0.002337 -0.000358 
-0.000282 -0.001870 -0.000479 106 -0.002436 -0.000401


-0.000258 -0.001829 -0.000397 121 -0.002389 -0.000320


-0.000283 -0.001871 0.000082 97 -0.002437 0.000160 
-0.000285 -0.001874 -0.000016 148 -0.002441 0.000062 
-0.000336 -0.001964 -0.000019 200 -0.002544 0.000059 
-0.000335 -0.001961 0.000088 133 -0.002541 0.000166 
-0.000283 -0.001871 0.000082 97 -0.002437 0.000160


-0.000310 -0.001918 0.000034 122 -0.002491 0.000112


-0.000285 -0.001875 -0.000234 142 -0.002442 -0.000156 
-0.000284 -0.001874 -0.000352 191 -0.002441 -0.000274 
-0.000336 -0.001964 -0.000373 139 -0.002544 -0.000295 
-0.000337 -0.001965 -0.000251 192 -0.002545 -0.000173 
-0.000285 -0.001875 -0.000234 142 -0.002442 -0.000156


-0.000311 -0.001919 -0.000303 123 -0.002493 -0.000225


-0.000235 -0.001789 -0.000007 181 -0.002342 0.000071 
-0.000285 -0.001874 -0.000016 148 -0.002441 0.000062 
-0.000283 -0.001871 0.000082 97 -0.002437 0.000160 
-0.000234 -0.001787 0.000087 120 -0.002340 0.000165 
-0.000235 -0.001789 -0.000007 181 -0.002342 0.000071


-0.000259 -0.001830 0.000037 124 -0.002390 0.000115


-0.000337 -0.001965 -0.000251 192 -0.002545 -0.000173 
-0.000336 -0.001964 -0.000373 139 -0.002544 -0.000295 
-0.000389 -0.002055 -0.000390 91 -0.002650 -0.000313 
-0.000389 -0.002055 -0.000265 90 -0.002650 -0.000188 
-0.000337 -0.001965 -0.000251 192 -0.002545 -0.000173


-0.000363 -0.002010 -0.000320 125 -0.002597 -0.000242


-0.000337 -0.001965 -0.000133 213 -0.002545 -0.000055 
-0.000337 -0.001965 -0.000251 192 -0.002545 -0.000173 
-0.000389 -0.002055 -0.000265 90 -0.002650 -0.000188 
-0.000389 -0.002055 -0.000140 89 -0.002650 -0.000063 
-0.000337 -0.001965 -0.000133 213 -0.002545 -0.000055


-0.000363 -0.002010 -0.000198 126 -0.002598 -0.000120


-0.000336 -0.001963 0.000534 82 -0.002544 0.000612 
-0.000286 -0.001876 0.000480 193 -0.002443 0.000558 
-0.000302 -0.001905 0.000410 149 -0.002476 0.000488 
-0.000355 -0.001996 0.000454 83 -0.002581 0.000532 
-0.000336 -0.001963 0.000534 82 -0.002544 0.000612


-0.000320 -0.001935 0.000470 127 -0.002511 0.000548


-0.000198 -0.001724 0.000389 164 -0.002268 0.000467 
-0.000210 -0.001746 0.000336 118 -0.002293 0.000414 
-0.000254 -0.001821 0.000371 136 -0.002380 0.000449 
-0.000239 -0.001796 0.000432 117 -0.002350 0.000510 
-0.000198 -0.001724 0.000389 164 -0.002268 0.000467


-0.000225 -0.001772 0.000382 128 -0.002323 0.000460


-0.000254 -0.001821 0.000371 136 -0.002380 0.000449 
-0.000266 -0.001842 0.000307 226 -0.002403 0.000385 
-0.000315 -0.001928 0.000337 194 -0.002503 0.000415 
-0.000302 -0.001905 0.000410 149 -0.002476 0.000488 
-0.000254 -0.001821 0.000371 136 -0.002380 0.000449


-0.000284 -0.001874 0.000356 129 -0.002440 0.000434


-0.000370 -0.002022 0.000371 84 -0.002611 0.000449 
-0.000315 -0.001928 0.000337 194 -0.002503 0.000415 
-0.000325 -0.001944 0.000260 143 -0.002522 0.000338 
-0.000380 -0.002040 0.000285 85 -0.002633 0.000363 
-0.000370 -0.002022 0.000371 84 -0.002611 0.000449


-0.000348 -0.001983 0.000313 130 -0.002567 0.000391


-0.000302 -0.001905 0.000410 149 -0.002476 0.000488 
-0.000315 -0.001928 0.000337 194 -0.002503 0.000415 
-0.000370 -0.002022 0.000371 84 -0.002611 0.000449 
-0.000355 -0.001996 0.000454 83 -0.002581 0.000532 
-0.000302 -0.001905 0.000410 149 -0.002476 0.000488


-0.000335 -0.001962 0.000393 131 -0.002543 0.000471


-0.000225 -0.001770 0.000805 78 -0.002321 0.000883 
-0.000188 -0.001707 0.000718 195 -0.002248 0.000796 
-0.000216 -0.001756 0.000666 150 -0.002305 0.000744 
-0.000257 -0.001827 0.000746 79 -0.002386 0.000824 
-0.000225 -0.001770 0.000805 78 -0.002321 0.000883


-0.000222 -0.001765 0.000734 132 -0.002315 0.000812


-0.000157 -0.001653 0.000764 225 -0.002186 0.000842 
-0.000188 -0.001707 0.000718 195 -0.002248 0.000796 
-0.000225 -0.001770 0.000805 78 -0.002321 0.000883 
-0.000189 -0.001709 0.000858 77 -0.002250 0.000936 
-0.000157 -0.001653 0.000764 225 -0.002186 0.000842


-0.000190 -0.001710 0.000786 133 -0.002251 0.000864


-0.000216 -0.001756 0.000666 150 -0.002305 0.000744 
-0.000188 -0.001707 0.000718 195 -0.002248 0.000796 
-0.000154 -0.001649 0.000638 128 -0.002181 0.000716 
-0.000180 -0.001692 0.000593 222 -0.002231 0.000671 
-0.000216 -0.001756 0.000666 150 -0.002305 0.000744


-0.000185 -0.001701 0.000654 134 -0.002241 0.000732


-0.000287 -0.001878 0.000681 80 -0.002446 0.000758 
-0.000243 -0.001801 0.000609 196 -0.002357 0.000687 
-0.000265 -0.001841 0.000546 126 -0.002403 0.000624 
-0.000313 -0.001924 0.000610 81 -0.002498 0.000688 
-0.000287 -0.001878 0.000681 80 -0.002446 0.000758


-0.000277 -0.001861 0.000611 135 -0.002426 0.000689


-0.000216 -0.001756 0.000666 150 -0.002305 0.000744 
-0.000243 -0.001801 0.000609 196 -0.002357 0.000687 
-0.000287 -0.001878 0.000681 80 -0.002446 0.000758 
-0.000257 -0.001827 0.000746 79 -0.002386 0.000824 
-0.000216 -0.001756 0.000666 150 -0.002305 0.000744


-0.000251 -0.001816 0.000675 136 -0.002373 0.000753


-0.000202 -0.001731 0.000543 127 -0.002276 0.000621 
-0.000222 -0.001766 0.000490 171 -0.002316 0.000568 
-0.000265 -0.001841 0.000546 126 -0.002403 0.000624 
-0.000243 -0.001801 0.000609 196 -0.002357 0.000687 
-0.000202 -0.001731 0.000543 127 -0.002276 0.000621


-0.000233 -0.001785 0.000547 137 -0.002338 0.000625


0.000017 -0.001352 0.001005 72 -0.001838 0.001083 
0.000028 -0.001333 0.000894 197 -0.001816 0.000972 
-0.000013 -0.001404 0.000882 124 -0.001898 0.000960 
-0.000027 -0.001428 0.000992 73 -0.001926 0.001070 
0.000017 -0.001352 0.001005 72 -0.001838 0.001083


0.000001 -0.001379 0.000943 138 -0.001870 0.001021


0.000073 -0.001255 0.000899 132 -0.001726 0.000977 
0.000028 -0.001333 0.000894 197 -0.001816 0.000972 
0.000017 -0.001352 0.001005 72 -0.001838 0.001083 
0.000061 -0.001276 0.001010 71 -0.001750 0.001087 
0.000073 -0.001255 0.000899 132 -0.001726 0.000977


0.000045 -0.001304 0.000952 139 -0.001782 0.001030


-0.000022 -0.001420 0.000675 123 -0.001917 0.000753 
-0.000050 -0.001468 0.000656 122 -0.001972 0.000734 
-0.000068 -0.001499 0.000741 101 -0.002008 0.000819 
-0.000036 -0.001444 0.000764 168 -0.001944 0.000842 
-0.000022 -0.001420 0.000675 123 -0.001917 0.000753


-0.000044 -0.001458 0.000709 140 -0.001960 0.000787


-0.000009 -0.001397 0.000588 38 -0.001890 0.000666 
-0.000022 -0.001420 0.000675 123 -0.001917 0.000753 
0.000007 -0.001370 0.000690 145 -0.001859 0.000768 
0.000015 -0.001355 0.000600 39 -0.001842 0.000678 
-0.000009 -0.001397 0.000588 38 -0.001890 0.000666


-0.000002 -0.001385 0.000638 141 -0.001877 0.000716


-0.000050 -0.001468 0.000656 122 -0.001972 0.000734 
-0.000022 -0.001420 0.000675 123 -0.001917 0.000753 
-0.000009 -0.001397 0.000588 38 -0.001890 0.000666 
-0.000032 -0.001437 0.000571 37 -0.001936 0.000649 
-0.000050 -0.001468 0.000656 122 -0.001972 0.000734


-0.000028 -0.001430 0.000623 142 -0.001928 0.000701


0.000036 -0.001320 0.000791 131 -0.001801 0.000869 
0.000038 -0.001316 0.000699 187 -0.001797 0.000777 
0.000007 -0.001370 0.000690 145 -0.001859 0.000768 
-0.000002 -0.001384 0.000781 198 -0.001875 0.000859 
0.000036 -0.001320 0.000791 131 -0.001801 0.000869


0.000019 -0.001348 0.000741 143 -0.001833 0.000818


-0.000070 -0.001502 0.000971 74 -0.002011 0.001049 
-0.000052 -0.001471 0.000863 199 -0.001976 0.000941 
-0.000089 -0.001535 0.000836 151 -0.002049 0.000914 
-0.000111 -0.001574 0.000941 75 -0.002094 0.001019 
-0.000070 -0.001502 0.000971 74 -0.002011 0.001049


-0.000080 -0.001521 0.000903 144 -0.002033 0.000981


-0.000013 -0.001404 0.000882 124 -0.001898 0.000960 
-0.000052 -0.001471 0.000863 199 -0.001976 0.000941 
-0.000070 -0.001502 0.000971 74 -0.002011 0.001049 
-0.000027 -0.001428 0.000992 73 -0.001926 0.001070 
-0.000013 -0.001404 0.000882 124 -0.001898 0.000960


-0.000040 -0.001451 0.000927 145 -0.001953 0.001005


-0.000068 -0.001499 0.000741 101 -0.002008 0.000819 
-0.000099 -0.001552 0.000713 129 -0.002069 0.000791 
-0.000124 -0.001596 0.000804 167 -0.002119 0.000882 
-0.000089 -0.001535 0.000836 151 -0.002049 0.000914 
-0.000068 -0.001499 0.000741 101 -0.002008 0.000819


-0.000095 -0.001545 0.000773 146 -0.002061 0.000851


-0.000128 -0.001602 0.000679 224 -0.002127 0.000757 
-0.000154 -0.001649 0.000638 128 -0.002181 0.000716 
-0.000188 -0.001707 0.000718 195 -0.002248 0.000796 
-0.000157 -0.001653 0.000764 225 -0.002186 0.000842 
-0.000128 -0.001602 0.000679 224 -0.002127 0.000757


-0.000157 -0.001653 0.000700 147 -0.002185 0.000778


-0.000089 -0.001535 0.000836 151 -0.002049 0.000914 
-0.000124 -0.001596 0.000804 167 -0.002119 0.000882 
-0.000151 -0.001643 0.000903 76 -0.002174 0.000981 
-0.000111 -0.001574 0.000941 75 -0.002094 0.001019 
-0.000089 -0.001535 0.000836 151 -0.002049 0.000914


-0.000119 -0.001587 0.000871 148 -0.002109 0.000949


0.000298 -0.000866 0.000923 146 -0.001276 0.001001 
0.000332 -0.000806 0.000940 209 -0.001207 0.001018 
0.000367 -0.000746 0.000884 162 -0.001139 0.000962 
0.000348 -0.000778 0.000859 186 -0.001176 0.000937 
0.000298 -0.000866 0.000923 146 -0.001276 0.001001


0.000336 -0.000799 0.000902 149 -0.001200 0.000979


-0.000249 -0.001812 -0.000705 189 -0.002369 -0.000628 
-0.000267 -0.001845 -0.000796 203 -0.002407 -0.000718 
-0.000292 -0.001887 -0.000771 105 -0.002456 -0.000693 
-0.000277 -0.001861 -0.000628 204 -0.002426 -0.000550 
-0.000249 -0.001812 -0.000705 189 -0.002369 -0.000628


-0.000271 -0.001851 -0.000725 150 -0.002415 -0.000647


0.000376 -0.000730 0.000642 138 -0.001119 0.000719 
0.000396 -0.000695 0.000664 212 -0.001079 0.000742 
0.000397 -0.000695 0.000654 216 -0.001079 0.000732 
0.000382 -0.000719 0.000637 166 -0.001107 0.000715 
0.000376 -0.000730 0.000642 138 -0.001119 0.000719


0.000388 -0.000709 0.000649 151 -0.001096 0.000727


-0.000214 -0.001752 -0.000809 161 -0.002299 -0.000731 
-0.000212 -0.001748 -0.000813 111 -0.002296 -0.000735 
-0.000218 -0.001759 -0.000829 154 -0.002308 -0.000751 
-0.000223 -0.001767 -0.000832 206 -0.002318 -0.000754 
-0.000214 -0.001752 -0.000809 161 -0.002299 -0.000731


-0.000217 -0.001757 -0.000821 152 -0.002305 -0.000743


-0.000235 -0.001788 -0.000834 103 -0.002341 -0.000756 
-0.000220 -0.001763 -0.000795 175 -0.002312 -0.000717 
-0.000216 -0.001756 -0.000804 104 -0.002305 -0.000726 
-0.000228 -0.001777 -0.000834 109 -0.002328 -0.000756 
-0.000235 -0.001788 -0.000834 103 -0.002341 -0.000756


-0.000225 -0.001771 -0.000817 153 -0.002322 -0.000739


0.000387 -0.000711 0.000705 215 -0.001098 0.000783 
0.000394 -0.000700 0.000679 159 -0.001085 0.000757 
0.000365 -0.000749 0.000653 178 -0.001142 0.000731 
0.000339 -0.000795 0.000683 202 -0.001194 0.000761 
0.000387 -0.000711 0.000705 215 -0.001098 0.000783


0.000371 -0.000739 0.000680 154 -0.001130 0.000758


-0.000216 -0.001756 -0.000804 104 -0.002305 -0.000726 
-0.000204 -0.001735 -0.000775 99 -0.002280 -0.000697 
-0.000204 -0.001735 -0.000787 112 -0.002280 -0.000709 
-0.000214 -0.001752 -0.000809 161 -0.002299 -0.000731 
-0.000216 -0.001756 -0.000804 104 -0.002305 -0.000726


-0.000210 -0.001744 -0.000794 155 -0.002291 -0.000716


-0.000226 -0.001773 -0.000779 218 -0.002324 -0.000701 
-0.000207 -0.001740 -0.000740 155 -0.002286 -0.000662 
-0.000205 -0.001736 -0.000760 188 -0.002282 -0.000682 
-0.000220 -0.001763 -0.000795 175 -0.002312 -0.000717 
-0.000226 -0.001773 -0.000779 218 -0.002324 -0.000701


-0.000215 -0.001753 -0.000769 156 -0.002301 -0.000691


-0.000234 -0.001787 -0.000753 207 -0.002341 -0.000675 
-0.000211 -0.001748 -0.000706 208 -0.002295 -0.000628 
-0.000207 -0.001740 -0.000740 155 -0.002286 -0.000662 
-0.000226 -0.001773 -0.000779 218 -0.002324 -0.000701 
-0.000234 -0.001787 -0.000753 207 -0.002341 -0.000675


-0.000220 -0.001762 -0.000745 157 -0.002311 -0.000667


0.000332 -0.000807 0.000820 147 -0.001209 0.000897 
0.000348 -0.000778 0.000859 186 -0.001176 0.000937 
0.000395 -0.000697 0.000812 115 -0.001081 0.000890 
0.000388 -0.000710 0.000781 211 -0.001097 0.000859 
0.000332 -0.000807 0.000820 147 -0.001209 0.000897


0.000366 -0.000748 0.000818 158 -0.001141 0.000896


-0.000285 -0.001875 -0.000234 142 -0.002442 -0.000156 
-0.000337 -0.001965 -0.000251 192 -0.002545 -0.000173 
-0.000337 -0.001965 -0.000133 213 -0.002545 -0.000055 
-0.000285 -0.001875 -0.000122 114 -0.002442 -0.000044 
-0.000285 -0.001875 -0.000234 142 -0.002442 -0.000156


-0.000311 -0.001920 -0.000185 159 -0.002494 -0.000107


0.000331 -0.000808 0.000755 110 -0.001210 0.000833 
0.000339 -0.000795 0.000683 202 -0.001194 0.000761 
0.000269 -0.000916 0.000692 102 -0.001334 0.000770 
0.000263 -0.000926 0.000780 152 -0.001346 0.000858 
0.000331 -0.000808 0.000755 110 -0.001210 0.000833


0.000300 -0.000861 0.000727 160 -0.001271 0.000805


0.000331 -0.000808 0.000755 110 -0.001210 0.000833 
0.000332 -0.000807 0.000820 147 -0.001209 0.000897 
0.000388 -0.000710 0.000781 211 -0.001097 0.000859 
0.000385 -0.000714 0.000743 116 -0.001101 0.000821 
0.000331 -0.000808 0.000755 110 -0.001210 0.000833


0.000359 -0.000760 0.000775 161 -0.001154 0.000853


-0.000234 -0.001787 -0.000753 207 -0.002341 -0.000675 
-0.000226 -0.001773 -0.000779 218 -0.002324 -0.000701 
-0.000242 -0.001801 -0.000829 153 -0.002357 -0.000751 
-0.000253 -0.001819 -0.000817 201 -0.002377 -0.000739 
-0.000234 -0.001787 -0.000753 207 -0.002341 -0.000675


-0.000239 -0.001795 -0.000795 162 -0.002349 -0.000717


0.000397 -0.000695 0.000654 216 -0.001079 0.000732 
0.000395 -0.000696 0.000647 160 -0.001081 0.000725 
0.000387 -0.000712 0.000636 219 -0.001099 0.000714 
0.000382 -0.000719 0.000637 166 -0.001107 0.000715 
0.000397 -0.000695 0.000654 216 -0.001079 0.000732


0.000390 -0.000705 0.000644 163 -0.001091 0.000722


0.000332 -0.000807 0.000820 147 -0.001209 0.000897 
0.000256 -0.000938 0.000886 220 -0.001360 0.000963 
0.000298 -0.000866 0.000923 146 -0.001276 0.001001 
0.000348 -0.000778 0.000859 186 -0.001176 0.000937 
0.000332 -0.000807 0.000820 147 -0.001209 0.000897


0.000308 -0.000847 0.000872 164 -0.001255 0.000950


-0.000211 -0.001746 -0.000815 190 -0.002293 -0.000737 
-0.000212 -0.001748 -0.000813 111 -0.002296 -0.000735 
-0.000205 -0.001737 -0.000797 184 -0.002282 -0.000719 
-0.000206 -0.001739 -0.000805 158 -0.002285 -0.000727 
-0.000211 -0.001746 -0.000815 190 -0.002293 -0.000737


-0.000209 -0.001743 -0.000807 165 -0.002289 -0.000730


-0.000220 -0.001763 -0.000795 175 -0.002312 -0.000717 
-0.000205 -0.001736 -0.000760 188 -0.002282 -0.000682 
-0.000204 -0.001735 -0.000775 99 -0.002280 -0.000697 
-0.000216 -0.001756 -0.000804 104 -0.002305 -0.000726 
-0.000220 -0.001763 -0.000795 175 -0.002312 -0.000717


-0.000211 -0.001747 -0.000783 166 -0.002295 -0.000705


-0.000211 -0.001746 -0.000815 190 -0.002293 -0.000737 
-0.000215 -0.001754 -0.000825 217 -0.002302 -0.000747 
-0.000218 -0.001759 -0.000829 154 -0.002308 -0.000751 
-0.000212 -0.001748 -0.000813 111 -0.002296 -0.000735 
-0.000211 -0.001746 -0.000815 190 -0.002293 -0.000737


-0.000214 -0.001752 -0.000820 167 -0.002300 -0.000742


-0.000228 -0.001777 -0.000549 108 -0.002329 -0.000471 
-0.000277 -0.001861 -0.000628 204 -0.002426 -0.000550 
-0.000282 -0.001870 -0.000479 106 -0.002436 -0.000401 
-0.000233 -0.001784 -0.000436 100 -0.002337 -0.000358 
-0.000228 -0.001777 -0.000549 108 -0.002329 -0.000471


-0.000255 -0.001823 -0.000523 168 -0.002382 -0.000445


0.000332 -0.000807 0.000820 147 -0.001209 0.000897 
0.000331 -0.000808 0.000755 110 -0.001210 0.000833 
0.000263 -0.000926 0.000780 152 -0.001346 0.000858 
0.000256 -0.000938 0.000886 220 -0.001360 0.000963 
0.000332 -0.000807 0.000820 147 -0.001209 0.000897


0.000295 -0.000870 0.000810 169 -0.001281 0.000888


0.000380 -0.000723 0.000899 113 -0.001112 0.000977 
0.000365 -0.000748 0.000945 221 -0.001141 0.001023 
0.000402 -0.000685 0.000933 163 -0.001068 0.001011 
0.000407 -0.000677 0.000870 179 -0.001058 0.000948 
0.000380 -0.000723 0.000899 113 -0.001112 0.000977


0.000389 -0.000708 0.000912 170 -0.001095 0.000990


-0.000220 -0.001763 0.000281 169 -0.002313 0.000359 
-0.000228 -0.001775 0.000223 125 -0.002327 0.000301 
-0.000274 -0.001856 0.000239 137 -0.002420 0.000317 
-0.000266 -0.001842 0.000307 226 -0.002403 0.000385 
-0.000220 -0.001763 0.000281 169 -0.002313 0.000359


-0.000247 -0.001809 0.000262 171 -0.002366 0.000340


-0.000146 -0.001634 0.000528 119 -0.002164 0.000606 
-0.000166 -0.001668 0.000485 172 -0.002203 0.000563 
-0.000202 -0.001731 0.000543 127 -0.002276 0.000621 
-0.000180 -0.001692 0.000593 222 -0.002231 0.000671 
-0.000146 -0.001634 0.000528 119 -0.002164 0.000606


-0.000173 -0.001682 0.000537 172 -0.002219 0.000615


-0.000076 -0.001514 0.000632 223 -0.002025 0.000710 
-0.000101 -0.001557 0.000601 121 -0.002074 0.000679 
-0.000128 -0.001602 0.000679 224 -0.002127 0.000757 
-0.000099 -0.001552 0.000713 129 -0.002069 0.000791 
-0.000076 -0.001514 0.000632 223 -0.002025 0.000710


-0.000101 -0.001556 0.000656 173 -0.002074 0.000734


-0.000076 -0.001514 0.000632 223 -0.002025 0.000710 
-0.000099 -0.001552 0.000713 129 -0.002069 0.000791 
-0.000068 -0.001499 0.000741 101 -0.002008 0.000819 
-0.000050 -0.001468 0.000656 122 -0.001972 0.000734 
-0.000076 -0.001514 0.000632 223 -0.002025 0.000710


-0.000073 -0.001508 0.000685 174 -0.002018 0.000763


-0.000274 -0.001856 0.000239 137 -0.002420 0.000317 
-0.000280 -0.001866 0.000165 144 -0.002432 0.000243 
-0.000332 -0.001956 0.000178 185 -0.002535 0.000256 
-0.000325 -0.001944 0.000260 143 -0.002522 0.000338 
-0.000274 -0.001856 0.000239 137 -0.002420 0.000317


-0.000303 -0.001905 0.000210 175 -0.002477 0.000288


-0.000283 -0.001871 0.000082 97 -0.002437 0.000160 
-0.000335 -0.001961 0.000088 133 -0.002541 0.000166 
-0.000332 -0.001956 0.000178 185 -0.002535 0.000256 
-0.000280 -0.001866 0.000165 144 -0.002432 0.000243 
-0.000283 -0.001871 0.000082 97 -0.002437 0.000160


-0.000307 -0.001913 0.000128 176 -0.002486 0.000206


0.000036 -0.001320 0.000791 131 -0.001801 0.000869 
-0.000002 -0.001384 0.000781 198 -0.001875 0.000859 
-0.000013 -0.001404 0.000882 124 -0.001898 0.000960 
0.000028 -0.001333 0.000894 197 -0.001816 0.000972 
0.000036 -0.001320 0.000791 131 -0.001801 0.000869


0.000012 -0.001360 0.000837 177 -0.001848 0.000915


