0.003816 -0.000492 -0.000950 66 0.000115 0.000043 
0.003816 -0.000489 -0.000953 93 0.000112 0.000046 
0.003816 -0.000476 -0.000955 22 0.000110 0.000059 
0.003816 -0.000487 -0.000950 21 0.000115 0.000048 
0.003816 -0.000492 -0.000950 66 0.000115 0.000043


0.003816 -0.000486 -0.000952 1 0.000113 0.000049


0.003816 -0.000501 -0.000950 89 0.000115 0.000034 
0.003816 -0.000504 -0.000953 115 0.000112 0.000031 
0.003816 -0.000486 -0.000958 65 0.000107 0.000050 
0.003816 -0.000489 -0.000953 93 0.000112 0.000046 
0.003816 -0.000501 -0.000950 89 0.000115 0.000034


0.003816 -0.000495 -0.000954 2 0.000112 0.000040


0.003816 -0.000476 -0.000955 22 0.000110 0.000059 
0.003816 -0.000489 -0.000953 93 0.000112 0.000046 
0.003816 -0.000486 -0.000958 65 0.000107 0.000050 
0.003816 -0.000466 -0.000962 23 0.000104 0.000069 
0.003816 -0.000476 -0.000955 22 0.000110 0.000059


0.003816 -0.000479 -0.000957 3 0.000108 0.000056


0.003816 -0.000485 -0.001013 90 0.000052 0.000050 
0.003816 -0.000478 -0.001033 122 0.000032 0.000057 
0.003816 -0.000425 -0.001007 28 0.000059 0.000110 
0.003816 -0.000431 -0.000996 27 0.000069 0.000104 
0.003816 -0.000485 -0.001013 90 0.000052 0.000050


0.003816 -0.000455 -0.001012 4 0.000053 0.000080


0.003816 -0.000516 -0.000966 125 0.000100 0.000019 
0.003816 -0.000540 -0.000955 119 0.000111 -0.000004 
0.003816 -0.000553 -0.000961 113 0.000104 -0.000018 
0.003816 -0.000531 -0.000976 126 0.000089 0.000004 
0.003816 -0.000516 -0.000966 125 0.000100 0.000019


0.003816 -0.000535 -0.000964 5 0.000101 0.000000


0.003816 -0.000472 -0.001053 140 0.000013 0.000063 
0.003816 -0.000420 -0.001018 29 0.000048 0.000115 
0.003816 -0.000425 -0.001007 28 0.000059 0.000110 
0.003816 -0.000478 -0.001033 122 0.000032 0.000057 
0.003816 -0.000472 -0.001053 140 0.000013 0.000063


0.003816 -0.000449 -0.001028 6 0.000038 0.000086


0.003816 -0.000589 -0.000976 130 0.000090 -0.000054 
0.003816 -0.000571 -0.000968 133 0.000097 -0.000036 
0.003816 -0.000583 -0.000950 13 0.000115 -0.000048 
0.003816 -0.000594 -0.000955 12 0.000110 -0.000059 
0.003816 -0.000589 -0.000976 130 0.000090 -0.000054


0.003816 -0.000584 -0.000962 7 0.000103 -0.000049


0.003816 -0.000484 -0.000965 144 0.000101 0.000051 
0.003816 -0.000508 -0.000958 69 0.000107 0.000027 
0.003816 -0.000516 -0.000966 125 0.000100 0.000019 
0.003816 -0.000486 -0.000975 128 0.000091 0.000049 
0.003816 -0.000484 -0.000965 144 0.000101 0.000051


0.003816 -0.000499 -0.000966 8 0.000100 0.000037


0.003816 -0.000543 -0.001009 68 0.000057 -0.000008 
0.003816 -0.000583 -0.001023 147 0.000042 -0.000047 
0.003816 -0.000579 -0.001049 94 0.000016 -0.000043 
0.003816 -0.000534 -0.001033 127 0.000033 0.000001 
0.003816 -0.000543 -0.001009 68 0.000057 -0.000008


0.003816 -0.000560 -0.001028 9 0.000037 -0.000025


0.003816 -0.000626 -0.001142 72 -0.000077 -0.000091 
0.003816 -0.000631 -0.001140 96 -0.000074 -0.000096 
0.003816 -0.000632 -0.001145 58 -0.000079 -0.000097 
0.003816 -0.000624 -0.001154 57 -0.000088 -0.000088 
0.003816 -0.000626 -0.001142 72 -0.000077 -0.000091


0.003816 -0.000628 -0.001145 10 -0.000080 -0.000093


0.003816 -0.000636 -0.001133 71 -0.000067 -0.000100 
0.003816 -0.000631 -0.001130 99 -0.000065 -0.000096 
0.003816 -0.000639 -0.001120 92 -0.000055 -0.000104 
0.003816 -0.000640 -0.001126 121 -0.000060 -0.000105 
0.003816 -0.000636 -0.001133 71 -0.000067 -0.000100


0.003816 -0.000636 -0.001127 11 -0.000062 -0.000101


0.003816 -0.000632 -0.001145 58 -0.000079 -0.000097 
0.003816 -0.000631 -0.001140 96 -0.000074 -0.000096 
0.003816 -0.000636 -0.001133 71 -0.000067 -0.000100 
0.003816 -0.000639 -0.001135 59 -0.000069 -0.000104 
0.003816 -0.000632 -0.001145 58 -0.000079 -0.000097


0.003816 -0.000634 -0.001138 12 -0.000073 -0.000099


0.003816 -0.000622 -0.001038 100 0.000028 -0.000087 
0.003816 -0.000638 -0.001030 97 0.000036 -0.000103 
0.003816 -0.000660 -0.001053 2 0.000012 -0.000124 
0.003816 -0.000660 -0.001065 1 -0.000000 -0.000125 
0.003816 -0.000622 -0.001038 100 0.000028 -0.000087


0.003816 -0.000645 -0.001047 13 0.000019 -0.000110


0.003816 -0.000553 -0.000961 113 0.000104 -0.000018 
0.003816 -0.000571 -0.000968 133 0.000097 -0.000036 
0.003816 -0.000558 -0.000988 143 0.000078 -0.000023 
0.003816 -0.000531 -0.000976 126 0.000089 0.000004 
0.003816 -0.000553 -0.000961 113 0.000104 -0.000018


0.003816 -0.000553 -0.000973 14 0.000092 -0.000018


0.003816 -0.000638 -0.001030 97 0.000036 -0.000103 
0.003816 -0.000644 -0.001022 73 0.000043 -0.000109 
0.003816 -0.000658 -0.001041 3 0.000024 -0.000123 
0.003816 -0.000660 -0.001053 2 0.000012 -0.000124 
0.003816 -0.000638 -0.001030 97 0.000036 -0.000103


0.003816 -0.000650 -0.001037 15 0.000029 -0.000115


0.003816 -0.000619 -0.001092 75 -0.000027 -0.000084 
0.003816 -0.000620 -0.001064 114 0.000001 -0.000085 
0.003816 -0.000660 -0.001078 64 -0.000012 -0.000124 
0.003816 -0.000658 -0.001090 63 -0.000024 -0.000123 
0.003816 -0.000619 -0.001092 75 -0.000027 -0.000084


0.003816 -0.000639 -0.001081 16 -0.000015 -0.000104


0.003816 -0.000622 -0.001126 74 -0.000060 -0.000087 
0.003816 -0.000634 -0.001110 120 -0.000044 -0.000099 
0.003816 -0.000639 -0.001120 92 -0.000055 -0.000104 
0.003816 -0.000631 -0.001130 99 -0.000065 -0.000096 
0.003816 -0.000622 -0.001126 74 -0.000060 -0.000087


0.003816 -0.000631 -0.001121 17 -0.000056 -0.000096


0.003816 -0.000660 -0.001078 64 -0.000012 -0.000124 
0.003816 -0.000620 -0.001064 114 0.000001 -0.000085 
0.003816 -0.000622 -0.001038 100 0.000028 -0.000087 
0.003816 -0.000660 -0.001065 1 -0.000000 -0.000125 
0.003816 -0.000660 -0.001078 64 -0.000012 -0.000124


0.003816 -0.000641 -0.001061 18 0.000004 -0.000105


0.003816 -0.000541 -0.001146 138 -0.000081 -0.000006 
0.003816 -0.000559 -0.001141 70 -0.000076 -0.000024 
0.003816 -0.000583 -0.001181 53 -0.000115 -0.000048 
0.003816 -0.000572 -0.001185 52 -0.000120 -0.000036 
0.003816 -0.000541 -0.001146 138 -0.000081 -0.000006


0.003816 -0.000564 -0.001163 19 -0.000098 -0.000028


0.003816 -0.000594 -0.000955 12 0.000110 -0.000059 
0.003816 -0.000605 -0.000962 11 0.000104 -0.000069 
0.003816 -0.000606 -0.000983 142 0.000083 -0.000070 
0.003816 -0.000589 -0.000976 130 0.000090 -0.000054 
0.003816 -0.000594 -0.000955 12 0.000110 -0.000059


0.003816 -0.000598 -0.000969 20 0.000097 -0.000063


0.003816 -0.000625 -0.001007 91 0.000059 -0.000090 
0.003816 -0.000633 -0.001005 105 0.000060 -0.000098 
0.003816 -0.000644 -0.001022 73 0.000043 -0.000109 
0.003816 -0.000638 -0.001030 97 0.000036 -0.000103 
0.003816 -0.000625 -0.001007 91 0.000059 -0.000090


0.003816 -0.000635 -0.001016 21 0.000049 -0.000100


0.003816 -0.000602 -0.001143 146 -0.000078 -0.000067 
0.003816 -0.000616 -0.001143 129 -0.000078 -0.000081 
0.003816 -0.000615 -0.001162 56 -0.000097 -0.000079 
0.003816 -0.000605 -0.001169 55 -0.000104 -0.000069 
0.003816 -0.000602 -0.001143 146 -0.000078 -0.000067


0.003816 -0.000609 -0.001154 22 -0.000089 -0.000074


0.003816 -0.000618 -0.000987 111 0.000078 -0.000083 
0.003816 -0.000625 -0.001007 91 0.000059 -0.000090 
0.003816 -0.000610 -0.001006 141 0.000059 -0.000075 
0.003816 -0.000606 -0.000983 142 0.000083 -0.000070 
0.003816 -0.000618 -0.000987 111 0.000078 -0.000083


0.003816 -0.000615 -0.000996 23 0.000070 -0.000079


0.003816 -0.000615 -0.001162 56 -0.000097 -0.000079 
0.003816 -0.000616 -0.001143 129 -0.000078 -0.000081 
0.003816 -0.000626 -0.001142 72 -0.000077 -0.000091 
0.003816 -0.000624 -0.001154 57 -0.000088 -0.000088 
0.003816 -0.000615 -0.001162 56 -0.000097 -0.000079


0.003816 -0.000620 -0.001150 24 -0.000085 -0.000085


0.003816 -0.000497 -0.000992 118 0.000074 0.000038 
0.003816 -0.000531 -0.000976 126 0.000089 0.000004 
0.003816 -0.000558 -0.000988 143 0.000078 -0.000023 
0.003816 -0.000543 -0.001009 68 0.000057 -0.000008 
0.003816 -0.000497 -0.000992 118 0.000074 0.000038


0.003816 -0.000532 -0.000991 25 0.000074 0.000003


0.003816 -0.000610 -0.001006 141 0.000059 -0.000075 
0.003816 -0.000622 -0.001038 100 0.000028 -0.000087 
0.003816 -0.000583 -0.001023 147 0.000042 -0.000047 
0.003816 -0.000585 -0.000998 134 0.000068 -0.000050 
0.003816 -0.000610 -0.001006 141 0.000059 -0.000075


0.003816 -0.000600 -0.001016 26 0.000049 -0.000065


0.003816 -0.000594 -0.001176 54 -0.000110 -0.000059 
0.003816 -0.000582 -0.001142 145 -0.000077 -0.000047 
0.003816 -0.000602 -0.001143 146 -0.000078 -0.000067 
0.003816 -0.000605 -0.001169 55 -0.000104 -0.000069 
0.003816 -0.000594 -0.001176 54 -0.000110 -0.000059


0.003816 -0.000596 -0.001158 27 -0.000092 -0.000061


0.003816 -0.000433 -0.001129 79 -0.000064 0.000102 
0.003816 -0.000433 -0.001133 102 -0.000068 0.000102 
0.003816 -0.000425 -0.001124 38 -0.000059 0.000110 
0.003816 -0.000420 -0.001113 37 -0.000048 0.000115 
0.003816 -0.000433 -0.001129 79 -0.000064 0.000102


0.003816 -0.000428 -0.001125 28 -0.000060 0.000108


0.003816 -0.000433 -0.001133 102 -0.000068 0.000102 
0.003816 -0.000441 -0.001144 81 -0.000078 0.000095 
0.003816 -0.000438 -0.001142 104 -0.000076 0.000097 
0.003816 -0.000434 -0.001137 78 -0.000071 0.000101 
0.003816 -0.000433 -0.001133 102 -0.000068 0.000102


0.003816 -0.000436 -0.001139 29 -0.000073 0.000099


0.003816 -0.000425 -0.001124 38 -0.000059 0.000110 
0.003816 -0.000433 -0.001133 102 -0.000068 0.000102 
0.003816 -0.000434 -0.001137 78 -0.000071 0.000101 
0.003816 -0.000431 -0.001135 39 -0.000069 0.000104 
0.003816 -0.000425 -0.001124 38 -0.000059 0.000110


0.003816 -0.000431 -0.001132 30 -0.000067 0.000104


0.003816 -0.000441 -0.001144 81 -0.000078 0.000095 
0.003816 -0.000445 -0.001145 131 -0.000080 0.000090 
0.003816 -0.000456 -0.001162 42 -0.000097 0.000079 
0.003816 -0.000447 -0.001154 41 -0.000088 0.000088 
0.003816 -0.000441 -0.001144 81 -0.000078 0.000095


0.003816 -0.000447 -0.001151 31 -0.000086 0.000088


0.003816 -0.000506 -0.001106 87 -0.000040 0.000029 
0.003816 -0.000528 -0.001093 148 -0.000028 0.000007 
0.003816 -0.000559 -0.001141 70 -0.000076 -0.000024 
0.003816 -0.000541 -0.001146 138 -0.000081 -0.000006 
0.003816 -0.000506 -0.001106 87 -0.000040 0.000029


0.003816 -0.000534 -0.001122 32 -0.000056 0.000002


0.003816 -0.000456 -0.001162 42 -0.000097 0.000079 
0.003816 -0.000445 -0.001145 131 -0.000080 0.000090 
0.003816 -0.000451 -0.001147 80 -0.000081 0.000084 
0.003816 -0.000466 -0.001169 43 -0.000104 0.000069 
0.003816 -0.000456 -0.001162 42 -0.000097 0.000079


0.003816 -0.000454 -0.001156 33 -0.000090 0.000081


0.003816 -0.000433 -0.001133 102 -0.000068 0.000102 
0.003816 -0.000433 -0.001129 79 -0.000064 0.000102 
0.003816 -0.000445 -0.001145 131 -0.000080 0.000090 
0.003816 -0.000441 -0.001144 81 -0.000078 0.000095 
0.003816 -0.000433 -0.001133 102 -0.000068 0.000102


0.003816 -0.000438 -0.001138 34 -0.000072 0.000097


0.003816 -0.000439 -0.001145 40 -0.000079 0.000097 
0.003816 -0.000438 -0.001142 104 -0.000076 0.000097 
0.003816 -0.000441 -0.001144 81 -0.000078 0.000095 
0.003816 -0.000447 -0.001154 41 -0.000088 0.000088 
0.003816 -0.000439 -0.001145 40 -0.000079 0.000097


0.003816 -0.000441 -0.001146 35 -0.000081 0.000094


0.003816 -0.000434 -0.001137 78 -0.000071 0.000101 
0.003816 -0.000438 -0.001142 104 -0.000076 0.000097 
0.003816 -0.000439 -0.001145 40 -0.000079 0.000097 
0.003816 -0.000431 -0.001135 39 -0.000069 0.000104 
0.003816 -0.000434 -0.001137 78 -0.000071 0.000101


0.003816 -0.000435 -0.001139 36 -0.000074 0.000100


0.003816 -0.000451 -0.001147 80 -0.000081 0.000084 
0.003816 -0.000459 -0.001147 136 -0.000082 0.000076 
0.003816 -0.000476 -0.001176 44 -0.000110 0.000059 
0.003816 -0.000466 -0.001169 43 -0.000104 0.000069 
0.003816 -0.000451 -0.001147 80 -0.000081 0.000084


0.003816 -0.000463 -0.001160 37 -0.000094 0.000072


0.003816 -0.000477 -0.001134 123 -0.000069 0.000058 
0.003816 -0.000484 -0.001124 137 -0.000059 0.000051 
0.003816 -0.000517 -0.001158 106 -0.000092 0.000019 
0.003816 -0.000508 -0.001164 82 -0.000098 0.000028 
0.003816 -0.000477 -0.001134 123 -0.000069 0.000058


0.003816 -0.000496 -0.001145 38 -0.000080 0.000039


0.003816 -0.000459 -0.001147 136 -0.000082 0.000076 
0.003816 -0.000473 -0.001149 76 -0.000084 0.000062 
0.003816 -0.000487 -0.001181 45 -0.000115 0.000048 
0.003816 -0.000476 -0.001176 44 -0.000110 0.000059 
0.003816 -0.000459 -0.001147 136 -0.000082 0.000076


0.003816 -0.000474 -0.001163 39 -0.000098 0.000061


0.003816 -0.000508 -0.001164 82 -0.000098 0.000028 
0.003816 -0.000517 -0.001158 106 -0.000092 0.000019 
0.003816 -0.000547 -0.001190 50 -0.000124 -0.000012 
0.003816 -0.000535 -0.001190 49 -0.000125 0.000000 
0.003816 -0.000508 -0.001164 82 -0.000098 0.000028


0.003816 -0.000527 -0.001175 40 -0.000110 0.000009


0.003816 -0.000477 -0.001134 123 -0.000069 0.000058 
0.003816 -0.000508 -0.001164 82 -0.000098 0.000028 
0.003816 -0.000501 -0.001172 107 -0.000107 0.000035 
0.003816 -0.000473 -0.001149 76 -0.000084 0.000062 
0.003816 -0.000477 -0.001134 123 -0.000069 0.000058


0.003816 -0.000490 -0.001155 41 -0.000089 0.000046


0.003816 -0.000547 -0.001190 50 -0.000124 -0.000012 
0.003816 -0.000517 -0.001158 106 -0.000092 0.000019 
0.003816 -0.000528 -0.001152 98 -0.000087 0.000008 
0.003816 -0.000560 -0.001188 51 -0.000123 -0.000024 
0.003816 -0.000547 -0.001190 50 -0.000124 -0.000012


0.003816 -0.000538 -0.001172 42 -0.000106 -0.000003


0.003816 -0.000523 -0.001190 48 -0.000124 0.000012 
0.003816 -0.000501 -0.001172 107 -0.000107 0.000035 
0.003816 -0.000508 -0.001164 82 -0.000098 0.000028 
0.003816 -0.000535 -0.001190 49 -0.000125 0.000000 
0.003816 -0.000523 -0.001190 48 -0.000124 0.000012


0.003816 -0.000517 -0.001179 43 -0.000114 0.000019


0.003816 -0.000499 -0.001185 46 -0.000120 0.000036 
0.003816 -0.000501 -0.001172 107 -0.000107 0.000035 
0.003816 -0.000523 -0.001190 48 -0.000124 0.000012 
0.003816 -0.000511 -0.001188 47 -0.000123 0.000024 
0.003816 -0.000499 -0.001185 46 -0.000120 0.000036


0.003816 -0.000508 -0.001184 44 -0.000118 0.000027


0.003816 -0.000473 -0.001149 76 -0.000084 0.000062 
0.003816 -0.000501 -0.001172 107 -0.000107 0.000035 
0.003816 -0.000499 -0.001185 46 -0.000120 0.000036 
0.003816 -0.000487 -0.001181 45 -0.000115 0.000048 
0.003816 -0.000473 -0.001149 76 -0.000084 0.000062


0.003816 -0.000490 -0.001172 45 -0.000106 0.000045


0.003816 -0.000444 -0.001100 84 -0.000035 0.000091 
0.003816 -0.000441 -0.001111 108 -0.000046 0.000094 
0.003816 -0.000411 -0.001078 34 -0.000012 0.000124 
0.003816 -0.000410 -0.001065 33 -0.000000 0.000125 
0.003816 -0.000444 -0.001100 84 -0.000035 0.000091


0.003816 -0.000427 -0.001089 46 -0.000023 0.000109


0.003816 -0.000411 -0.001078 34 -0.000012 0.000124 
0.003816 -0.000441 -0.001111 108 -0.000046 0.000094 
0.003816 -0.000437 -0.001118 83 -0.000053 0.000098 
0.003816 -0.000413 -0.001090 35 -0.000024 0.000123 
0.003816 -0.000411 -0.001078 34 -0.000012 0.000124


0.003816 -0.000425 -0.001099 47 -0.000034 0.000110


0.003816 -0.000627 -0.000990 85 0.000075 -0.000092 
0.003816 -0.000632 -0.000993 110 0.000073 -0.000097 
0.003816 -0.000638 -0.001002 86 0.000063 -0.000102 
0.003816 -0.000633 -0.001005 105 0.000060 -0.000098 
0.003816 -0.000627 -0.000990 85 0.000075 -0.000092


0.003816 -0.000633 -0.000998 48 0.000068 -0.000097


0.003816 -0.000416 -0.001102 36 -0.000036 0.000120 
0.003816 -0.000434 -0.001124 109 -0.000058 0.000101 
0.003816 -0.000433 -0.001129 79 -0.000064 0.000102 
0.003816 -0.000420 -0.001113 37 -0.000048 0.000115 
0.003816 -0.000416 -0.001102 36 -0.000036 0.000120


0.003816 -0.000426 -0.001117 49 -0.000052 0.000110


0.003816 -0.000437 -0.001118 83 -0.000053 0.000098 
0.003816 -0.000434 -0.001124 109 -0.000058 0.000101 
0.003816 -0.000416 -0.001102 36 -0.000036 0.000120 
0.003816 -0.000413 -0.001090 35 -0.000024 0.000123 
0.003816 -0.000437 -0.001118 83 -0.000053 0.000098


0.003816 -0.000425 -0.001108 50 -0.000043 0.000110


0.003816 -0.000638 -0.001002 86 0.000063 -0.000102 
0.003816 -0.000632 -0.000993 110 0.000073 -0.000097 
0.003816 -0.000632 -0.000986 8 0.000079 -0.000097 
0.003816 -0.000639 -0.000996 7 0.000069 -0.000104 
0.003816 -0.000638 -0.001002 86 0.000063 -0.000102


0.003816 -0.000635 -0.000994 51 0.000071 -0.000100


0.003816 -0.000625 -0.001007 91 0.000059 -0.000090 
0.003816 -0.000618 -0.000987 111 0.000078 -0.000083 
0.003816 -0.000627 -0.000990 85 0.000075 -0.000092 
0.003816 -0.000633 -0.001005 105 0.000060 -0.000098 
0.003816 -0.000625 -0.001007 91 0.000059 -0.000090


0.003816 -0.000626 -0.000997 52 0.000068 -0.000091


0.003816 -0.000632 -0.000986 8 0.000079 -0.000097 
0.003816 -0.000632 -0.000993 110 0.000073 -0.000097 
0.003816 -0.000627 -0.000990 85 0.000075 -0.000092 
0.003816 -0.000624 -0.000977 9 0.000088 -0.000088 
0.003816 -0.000632 -0.000986 8 0.000079 -0.000097


0.003816 -0.000629 -0.000987 53 0.000079 -0.000093


0.003816 -0.000633 -0.001005 105 0.000060 -0.000098 
0.003816 -0.000638 -0.001002 86 0.000063 -0.000102 
0.003816 -0.000645 -0.001015 112 0.000050 -0.000110 
0.003816 -0.000644 -0.001022 73 0.000043 -0.000109 
0.003816 -0.000633 -0.001005 105 0.000060 -0.000098


0.003816 -0.000640 -0.001011 54 0.000054 -0.000105


0.003816 -0.000615 -0.000969 10 0.000097 -0.000079 
0.003816 -0.000618 -0.000987 111 0.000078 -0.000083 
0.003816 -0.000606 -0.000983 142 0.000083 -0.000070 
0.003816 -0.000605 -0.000962 11 0.000104 -0.000069 
0.003816 -0.000615 -0.000969 10 0.000097 -0.000079


0.003816 -0.000611 -0.000975 55 0.000090 -0.000075


0.003816 -0.000627 -0.000990 85 0.000075 -0.000092 
0.003816 -0.000618 -0.000987 111 0.000078 -0.000083 
0.003816 -0.000615 -0.000969 10 0.000097 -0.000079 
0.003816 -0.000624 -0.000977 9 0.000088 -0.000088 
0.003816 -0.000627 -0.000990 85 0.000075 -0.000092


0.003816 -0.000621 -0.000981 56 0.000085 -0.000086


0.003816 -0.000644 -0.001022 73 0.000043 -0.000109 
0.003816 -0.000645 -0.001015 112 0.000050 -0.000110 
0.003816 -0.000655 -0.001029 4 0.000036 -0.000120 
0.003816 -0.000658 -0.001041 3 0.000024 -0.000123 
0.003816 -0.000644 -0.001022 73 0.000043 -0.000109


0.003816 -0.000650 -0.001027 57 0.000039 -0.000115


0.003816 -0.000645 -0.001007 6 0.000059 -0.000110 
0.003816 -0.000645 -0.001015 112 0.000050 -0.000110 
0.003816 -0.000638 -0.001002 86 0.000063 -0.000102 
0.003816 -0.000639 -0.000996 7 0.000069 -0.000104 
0.003816 -0.000645 -0.001007 6 0.000059 -0.000110


0.003816 -0.000642 -0.001005 58 0.000061 -0.000107


0.003816 -0.000655 -0.001029 4 0.000036 -0.000120 
0.003816 -0.000645 -0.001015 112 0.000050 -0.000110 
0.003816 -0.000645 -0.001007 6 0.000059 -0.000110 
0.003816 -0.000651 -0.001018 5 0.000048 -0.000115 
0.003816 -0.000655 -0.001029 4 0.000036 -0.000120


0.003816 -0.000649 -0.001017 59 0.000048 -0.000114


0.003816 -0.000571 -0.000968 133 0.000097 -0.000036 
0.003816 -0.000553 -0.000961 113 0.000104 -0.000018 
0.003816 -0.000572 -0.000946 14 0.000120 -0.000036 
0.003816 -0.000583 -0.000950 13 0.000115 -0.000048 
0.003816 -0.000571 -0.000968 133 0.000097 -0.000036


0.003816 -0.000570 -0.000956 60 0.000109 -0.000035


0.003816 -0.000540 -0.000955 119 0.000111 -0.000004 
0.003816 -0.000516 -0.000966 125 0.000100 0.000019 
0.003816 -0.000508 -0.000958 69 0.000107 0.000027 
0.003816 -0.000529 -0.000950 95 0.000115 0.000006 
0.003816 -0.000540 -0.000955 119 0.000111 -0.000004


0.003816 -0.000523 -0.000957 61 0.000108 0.000012


0.003816 -0.000572 -0.000946 14 0.000120 -0.000036 
0.003816 -0.000553 -0.000961 113 0.000104 -0.000018 
0.003816 -0.000540 -0.000955 119 0.000111 -0.000004 
0.003816 -0.000560 -0.000943 15 0.000123 -0.000024 
0.003816 -0.000572 -0.000946 14 0.000120 -0.000036


0.003816 -0.000556 -0.000951 62 0.000114 -0.000021


0.003816 -0.000540 -0.000955 119 0.000111 -0.000004 
0.003816 -0.000529 -0.000950 95 0.000115 0.000006 
0.003816 -0.000547 -0.000941 16 0.000124 -0.000012 
0.003816 -0.000560 -0.000943 15 0.000123 -0.000024 
0.003816 -0.000540 -0.000955 119 0.000111 -0.000004


0.003816 -0.000544 -0.000947 63 0.000118 -0.000009


0.003816 -0.000610 -0.001006 141 0.000059 -0.000075 
0.003816 -0.000625 -0.001007 91 0.000059 -0.000090 
0.003816 -0.000638 -0.001030 97 0.000036 -0.000103 
0.003816 -0.000622 -0.001038 100 0.000028 -0.000087 
0.003816 -0.000610 -0.001006 141 0.000059 -0.000075


0.003816 -0.000624 -0.001020 64 0.000045 -0.000089


0.003816 -0.000547 -0.000941 16 0.000124 -0.000012 
0.003816 -0.000529 -0.000950 95 0.000115 0.000006 
0.003816 -0.000520 -0.000947 88 0.000118 0.000015 
0.003816 -0.000535 -0.000940 17 0.000125 -0.000000 
0.003816 -0.000547 -0.000941 16 0.000124 -0.000012


0.003816 -0.000533 -0.000945 65 0.000121 0.000002


0.003816 -0.000508 -0.000946 124 0.000120 0.000027 
0.003816 -0.000500 -0.000948 117 0.000118 0.000035 
0.003816 -0.000499 -0.000946 20 0.000120 0.000036 
0.003816 -0.000511 -0.000943 19 0.000123 0.000024 
0.003816 -0.000508 -0.000946 124 0.000120 0.000027


0.003816 -0.000504 -0.000946 66 0.000120 0.000031


0.003816 -0.000504 -0.000953 115 0.000112 0.000031 
0.003816 -0.000508 -0.000958 69 0.000107 0.000027 
0.003816 -0.000484 -0.000965 144 0.000101 0.000051 
0.003816 -0.000486 -0.000958 65 0.000107 0.000050 
0.003816 -0.000504 -0.000953 115 0.000112 0.000031


0.003816 -0.000495 -0.000959 67 0.000107 0.000040


0.003816 -0.000499 -0.000946 20 0.000120 0.000036 
0.003816 -0.000500 -0.000948 117 0.000118 0.000035 
0.003816 -0.000492 -0.000950 66 0.000115 0.000043 
0.003816 -0.000487 -0.000950 21 0.000115 0.000048 
0.003816 -0.000499 -0.000946 20 0.000120 0.000036


0.003816 -0.000495 -0.000949 68 0.000117 0.000041


0.003816 -0.000520 -0.000947 88 0.000118 0.000015 
0.003816 -0.000513 -0.000946 116 0.000120 0.000022 
0.003816 -0.000523 -0.000941 18 0.000124 0.000012 
0.003816 -0.000535 -0.000940 17 0.000125 -0.000000 
0.003816 -0.000520 -0.000947 88 0.000118 0.000015


0.003816 -0.000523 -0.000944 69 0.000122 0.000012


0.003816 -0.000520 -0.000947 88 0.000118 0.000015 
0.003816 -0.000529 -0.000950 95 0.000115 0.000006 
0.003816 -0.000508 -0.000958 69 0.000107 0.000027 
0.003816 -0.000504 -0.000953 115 0.000112 0.000031 
0.003816 -0.000520 -0.000947 88 0.000118 0.000015


0.003816 -0.000515 -0.000952 70 0.000113 0.000020


0.003816 -0.000523 -0.000941 18 0.000124 0.000012 
0.003816 -0.000513 -0.000946 116 0.000120 0.000022 
0.003816 -0.000508 -0.000946 124 0.000120 0.000027 
0.003816 -0.000511 -0.000943 19 0.000123 0.000024 
0.003816 -0.000523 -0.000941 18 0.000124 0.000012


0.003816 -0.000514 -0.000944 71 0.000122 0.000021


0.003816 -0.000486 -0.000958 65 0.000107 0.000050 
0.003816 -0.000484 -0.000965 144 0.000101 0.000051 
0.003816 -0.000456 -0.000969 24 0.000097 0.000079 
0.003816 -0.000466 -0.000962 23 0.000104 0.000069 
0.003816 -0.000486 -0.000958 65 0.000107 0.000050


0.003816 -0.000473 -0.000963 72 0.000102 0.000062


0.003816 -0.000500 -0.000948 117 0.000118 0.000035 
0.003816 -0.000501 -0.000950 89 0.000115 0.000034 
0.003816 -0.000489 -0.000953 93 0.000112 0.000046 
0.003816 -0.000492 -0.000950 66 0.000115 0.000043 
0.003816 -0.000500 -0.000948 117 0.000118 0.000035


0.003816 -0.000496 -0.000950 73 0.000115 0.000040


0.003816 -0.000456 -0.000969 24 0.000097 0.000079 
0.003816 -0.000484 -0.000965 144 0.000101 0.000051 
0.003816 -0.000486 -0.000975 128 0.000091 0.000049 
0.003816 -0.000447 -0.000977 25 0.000088 0.000088 
0.003816 -0.000456 -0.000969 24 0.000097 0.000079


0.003816 -0.000468 -0.000971 74 0.000094 0.000067


0.003816 -0.000486 -0.000975 128 0.000091 0.000049 
0.003816 -0.000497 -0.000992 118 0.000074 0.000038 
0.003816 -0.000439 -0.000986 26 0.000079 0.000097 
0.003816 -0.000447 -0.000977 25 0.000088 0.000088 
0.003816 -0.000486 -0.000975 128 0.000091 0.000049


0.003816 -0.000467 -0.000982 75 0.000083 0.000068


0.003816 -0.000473 -0.001149 76 -0.000084 0.000062 
0.003816 -0.000441 -0.001111 108 -0.000046 0.000094 
0.003816 -0.000444 -0.001100 84 -0.000035 0.000091 
0.003816 -0.000477 -0.001134 123 -0.000069 0.000058 
0.003816 -0.000473 -0.001149 76 -0.000084 0.000062


0.003816 -0.000459 -0.001124 76 -0.000058 0.000076


0.003816 -0.000439 -0.000986 26 0.000079 0.000097 
0.003816 -0.000497 -0.000992 118 0.000074 0.000038 
0.003816 -0.000485 -0.001013 90 0.000052 0.000050 
0.003816 -0.000431 -0.000996 27 0.000069 0.000104 
0.003816 -0.000439 -0.000986 26 0.000079 0.000097


0.003816 -0.000463 -0.000997 77 0.000069 0.000072


0.003816 -0.000472 -0.001053 140 0.000013 0.000063 
0.003816 -0.000462 -0.001067 132 -0.000001 0.000073 
0.003816 -0.000416 -0.001029 30 0.000036 0.000120 
0.003816 -0.000420 -0.001018 29 0.000048 0.000115 
0.003816 -0.000472 -0.001053 140 0.000013 0.000063


0.003816 -0.000442 -0.001042 78 0.000024 0.000093


0.003816 -0.000441 -0.001111 108 -0.000046 0.000094 
0.003816 -0.000473 -0.001149 76 -0.000084 0.000062 
0.003816 -0.000459 -0.001147 136 -0.000082 0.000076 
0.003816 -0.000437 -0.001118 83 -0.000053 0.000098 
0.003816 -0.000441 -0.001111 108 -0.000046 0.000094


0.003816 -0.000453 -0.001132 79 -0.000066 0.000083


0.003816 -0.000416 -0.001029 30 0.000036 0.000120 
0.003816 -0.000462 -0.001067 132 -0.000001 0.000073 
0.003816 -0.000454 -0.001078 103 -0.000013 0.000081 
0.003816 -0.000413 -0.001041 31 0.000024 0.000123 
0.003816 -0.000416 -0.001029 30 0.000036 0.000120


0.003816 -0.000436 -0.001054 80 0.000012 0.000099


0.003816 -0.000454 -0.001078 103 -0.000013 0.000081 
0.003816 -0.000448 -0.001089 139 -0.000024 0.000087 
0.003816 -0.000411 -0.001053 32 0.000012 0.000124 
0.003816 -0.000413 -0.001041 31 0.000024 0.000123 
0.003816 -0.000454 -0.001078 103 -0.000013 0.000081


0.003816 -0.000431 -0.001065 81 0.000000 0.000104


0.003816 -0.000517 -0.001158 106 -0.000092 0.000019 
0.003816 -0.000484 -0.001124 137 -0.000059 0.000051 
0.003816 -0.000493 -0.001115 101 -0.000050 0.000042 
0.003816 -0.000528 -0.001152 98 -0.000087 0.000008 
0.003816 -0.000517 -0.001158 106 -0.000092 0.000019


0.003816 -0.000505 -0.001137 82 -0.000072 0.000030


0.003816 -0.000411 -0.001053 32 0.000012 0.000124 
0.003816 -0.000448 -0.001089 139 -0.000024 0.000087 
0.003816 -0.000444 -0.001100 84 -0.000035 0.000091 
0.003816 -0.000410 -0.001065 33 -0.000000 0.000125 
0.003816 -0.000411 -0.001053 32 0.000012 0.000124


0.003816 -0.000428 -0.001077 83 -0.000012 0.000107


0.003816 -0.000639 -0.001120 92 -0.000055 -0.000104 
0.003816 -0.000634 -0.001110 120 -0.000044 -0.000099 
0.003816 -0.000655 -0.001102 62 -0.000036 -0.000120 
0.003816 -0.000651 -0.001113 61 -0.000048 -0.000115 
0.003816 -0.000639 -0.001120 92 -0.000055 -0.000104


0.003816 -0.000645 -0.001111 84 -0.000046 -0.000109


0.003816 -0.000622 -0.001126 74 -0.000060 -0.000087 
0.003816 -0.000604 -0.001117 135 -0.000052 -0.000069 
0.003816 -0.000619 -0.001092 75 -0.000027 -0.000084 
0.003816 -0.000634 -0.001110 120 -0.000044 -0.000099 
0.003816 -0.000622 -0.001126 74 -0.000060 -0.000087


0.003816 -0.000620 -0.001111 85 -0.000046 -0.000085


0.003816 -0.000655 -0.001102 62 -0.000036 -0.000120 
0.003816 -0.000634 -0.001110 120 -0.000044 -0.000099 
0.003816 -0.000619 -0.001092 75 -0.000027 -0.000084 
0.003816 -0.000658 -0.001090 63 -0.000024 -0.000123 
0.003816 -0.000655 -0.001102 62 -0.000036 -0.000120


0.003816 -0.000641 -0.001098 86 -0.000033 -0.000106


0.003816 -0.000645 -0.001124 60 -0.000059 -0.000110 
0.003816 -0.000640 -0.001126 121 -0.000060 -0.000105 
0.003816 -0.000639 -0.001120 92 -0.000055 -0.000104 
0.003816 -0.000651 -0.001113 61 -0.000048 -0.000115 
0.003816 -0.000645 -0.001124 60 -0.000059 -0.000110


0.003816 -0.000644 -0.001121 87 -0.000055 -0.000109


0.003816 -0.000636 -0.001133 71 -0.000067 -0.000100 
0.003816 -0.000640 -0.001126 121 -0.000060 -0.000105 
0.003816 -0.000645 -0.001124 60 -0.000059 -0.000110 
0.003816 -0.000639 -0.001135 59 -0.000069 -0.000104 
0.003816 -0.000636 -0.001133 71 -0.000067 -0.000100


0.003816 -0.000640 -0.001129 88 -0.000064 -0.000105


0.003816 -0.000636 -0.001133 71 -0.000067 -0.000100 
0.003816 -0.000631 -0.001140 96 -0.000074 -0.000096 
0.003816 -0.000626 -0.001142 72 -0.000077 -0.000091 
0.003816 -0.000631 -0.001130 99 -0.000065 -0.000096 
0.003816 -0.000636 -0.001133 71 -0.000067 -0.000100


0.003816 -0.000631 -0.001136 89 -0.000071 -0.000096


0.003816 -0.000582 -0.001142 145 -0.000077 -0.000047 
0.003816 -0.000594 -0.001176 54 -0.000110 -0.000059 
0.003816 -0.000583 -0.001181 53 -0.000115 -0.000048 
0.003816 -0.000559 -0.001141 70 -0.000076 -0.000024 
0.003816 -0.000582 -0.001142 145 -0.000077 -0.000047


0.003816 -0.000580 -0.001160 90 -0.000094 -0.000044


0.003816 -0.000573 -0.001108 149 -0.000042 -0.000038 
0.003816 -0.000582 -0.001142 145 -0.000077 -0.000047 
0.003816 -0.000559 -0.001141 70 -0.000076 -0.000024 
0.003816 -0.000528 -0.001093 148 -0.000028 0.000007 
0.003816 -0.000573 -0.001108 149 -0.000042 -0.000038


0.003816 -0.000561 -0.001121 91 -0.000056 -0.000025


0.003816 -0.000500 -0.000948 117 0.000118 0.000035 
0.003816 -0.000508 -0.000946 124 0.000120 0.000027 
0.003816 -0.000513 -0.000946 116 0.000120 0.000022 
0.003816 -0.000501 -0.000950 89 0.000115 0.000034 
0.003816 -0.000500 -0.000948 117 0.000118 0.000035


0.003816 -0.000506 -0.000947 92 0.000118 0.000030


0.003816 -0.000520 -0.000947 88 0.000118 0.000015 
0.003816 -0.000504 -0.000953 115 0.000112 0.000031 
0.003816 -0.000501 -0.000950 89 0.000115 0.000034 
0.003816 -0.000513 -0.000946 116 0.000120 0.000022 
0.003816 -0.000520 -0.000947 88 0.000118 0.000015


0.003816 -0.000510 -0.000949 93 0.000116 0.000026


0.003816 -0.000579 -0.001049 94 0.000016 -0.000043 
0.003816 -0.000576 -0.001077 67 -0.000012 -0.000040 
0.003816 -0.000529 -0.001059 77 0.000006 0.000006 
0.003816 -0.000534 -0.001033 127 0.000033 0.000001 
0.003816 -0.000579 -0.001049 94 0.000016 -0.000043


0.003816 -0.000555 -0.001055 94 0.000011 -0.000019


0.003816 -0.000497 -0.000992 118 0.000074 0.000038 
0.003816 -0.000486 -0.000975 128 0.000091 0.000049 
0.003816 -0.000516 -0.000966 125 0.000100 0.000019 
0.003816 -0.000531 -0.000976 126 0.000089 0.000004 
0.003816 -0.000497 -0.000992 118 0.000074 0.000038


0.003816 -0.000508 -0.000977 95 0.000088 0.000028


0.003816 -0.000497 -0.000992 118 0.000074 0.000038 
0.003816 -0.000543 -0.001009 68 0.000057 -0.000008 
0.003816 -0.000534 -0.001033 127 0.000033 0.000001 
0.003816 -0.000485 -0.001013 90 0.000052 0.000050 
0.003816 -0.000497 -0.000992 118 0.000074 0.000038


0.003816 -0.000515 -0.001011 96 0.000054 0.000020


0.003816 -0.000616 -0.001143 129 -0.000078 -0.000081 
0.003816 -0.000622 -0.001126 74 -0.000060 -0.000087 
0.003816 -0.000631 -0.001130 99 -0.000065 -0.000096 
0.003816 -0.000626 -0.001142 72 -0.000077 -0.000091 
0.003816 -0.000616 -0.001143 129 -0.000078 -0.000081


0.003816 -0.000624 -0.001135 97 -0.000070 -0.000088


0.003816 -0.000622 -0.001126 74 -0.000060 -0.000087 
0.003816 -0.000616 -0.001143 129 -0.000078 -0.000081 
0.003816 -0.000602 -0.001143 146 -0.000078 -0.000067 
0.003816 -0.000604 -0.001117 135 -0.000052 -0.000069 
0.003816 -0.000622 -0.001126 74 -0.000060 -0.000087


0.003816 -0.000611 -0.001132 98 -0.000067 -0.000076


0.003816 -0.000572 -0.001185 52 -0.000120 -0.000036 
0.003816 -0.000560 -0.001188 51 -0.000123 -0.000024 
0.003816 -0.000528 -0.001152 98 -0.000087 0.000008 
0.003816 -0.000541 -0.001146 138 -0.000081 -0.000006 
0.003816 -0.000572 -0.001185 52 -0.000120 -0.000036


0.003816 -0.000550 -0.001168 99 -0.000102 -0.000015


0.003816 -0.000437 -0.001118 83 -0.000053 0.000098 
0.003816 -0.000459 -0.001147 136 -0.000082 0.000076 
0.003816 -0.000451 -0.001147 80 -0.000081 0.000084 
0.003816 -0.000434 -0.001124 109 -0.000058 0.000101 
0.003816 -0.000437 -0.001118 83 -0.000053 0.000098


0.003816 -0.000445 -0.001134 100 -0.000069 0.000090


0.003816 -0.000462 -0.001067 132 -0.000001 0.000073 
0.003816 -0.000506 -0.001106 87 -0.000040 0.000029 
0.003816 -0.000493 -0.001115 101 -0.000050 0.000042 
0.003816 -0.000454 -0.001078 103 -0.000013 0.000081 
0.003816 -0.000462 -0.001067 132 -0.000001 0.000073


0.003816 -0.000479 -0.001091 101 -0.000026 0.000056


0.003816 -0.000484 -0.001124 137 -0.000059 0.000051 
0.003816 -0.000448 -0.001089 139 -0.000024 0.000087 
0.003816 -0.000454 -0.001078 103 -0.000013 0.000081 
0.003816 -0.000493 -0.001115 101 -0.000050 0.000042 
0.003816 -0.000484 -0.001124 137 -0.000059 0.000051


0.003816 -0.000470 -0.001102 102 -0.000036 0.000066


0.003816 -0.000585 -0.000998 134 0.000068 -0.000050 
0.003816 -0.000583 -0.001023 147 0.000042 -0.000047 
0.003816 -0.000543 -0.001009 68 0.000057 -0.000008 
0.003816 -0.000558 -0.000988 143 0.000078 -0.000023 
0.003816 -0.000585 -0.000998 134 0.000068 -0.000050


0.003816 -0.000567 -0.001004 103 0.000061 -0.000032


0.003816 -0.000448 -0.001089 139 -0.000024 0.000087 
0.003816 -0.000484 -0.001124 137 -0.000059 0.000051 
0.003816 -0.000477 -0.001134 123 -0.000069 0.000058 
0.003816 -0.000444 -0.001100 84 -0.000035 0.000091 
0.003816 -0.000448 -0.001089 139 -0.000024 0.000087


0.003816 -0.000463 -0.001112 104 -0.000047 0.000072


0.003816 -0.000434 -0.001124 109 -0.000058 0.000101 
0.003816 -0.000451 -0.001147 80 -0.000081 0.000084 
0.003816 -0.000445 -0.001145 131 -0.000080 0.000090 
0.003816 -0.000433 -0.001129 79 -0.000064 0.000102 
0.003816 -0.000434 -0.001124 109 -0.000058 0.000101


0.003816 -0.000441 -0.001136 105 -0.000071 0.000094


0.003816 -0.000528 -0.001093 148 -0.000028 0.000007 
0.003816 -0.000472 -0.001053 140 0.000013 0.000063 
0.003816 -0.000478 -0.001033 122 0.000032 0.000057 
0.003816 -0.000529 -0.001059 77 0.000006 0.000006 
0.003816 -0.000528 -0.001093 148 -0.000028 0.000007


0.003816 -0.000502 -0.001060 106 0.000006 0.000033


0.003816 -0.000493 -0.001115 101 -0.000050 0.000042 
0.003816 -0.000506 -0.001106 87 -0.000040 0.000029 
0.003816 -0.000541 -0.001146 138 -0.000081 -0.000006 
0.003816 -0.000528 -0.001152 98 -0.000087 0.000008 
0.003816 -0.000493 -0.001115 101 -0.000050 0.000042


0.003816 -0.000517 -0.001130 107 -0.000064 0.000018


0.003816 -0.000576 -0.001077 67 -0.000012 -0.000040 
0.003816 -0.000619 -0.001092 75 -0.000027 -0.000084 
0.003816 -0.000604 -0.001117 135 -0.000052 -0.000069 
0.003816 -0.000573 -0.001108 149 -0.000042 -0.000038 
0.003816 -0.000576 -0.001077 67 -0.000012 -0.000040


0.003816 -0.000593 -0.001099 108 -0.000033 -0.000058


0.003816 -0.000610 -0.001006 141 0.000059 -0.000075 
0.003816 -0.000585 -0.000998 134 0.000068 -0.000050 
0.003816 -0.000589 -0.000976 130 0.000090 -0.000054 
0.003816 -0.000606 -0.000983 142 0.000083 -0.000070 
0.003816 -0.000610 -0.001006 141 0.000059 -0.000075


0.003816 -0.000597 -0.000991 109 0.000075 -0.000062


0.003816 -0.000571 -0.000968 133 0.000097 -0.000036 
0.003816 -0.000589 -0.000976 130 0.000090 -0.000054 
0.003816 -0.000585 -0.000998 134 0.000068 -0.000050 
0.003816 -0.000558 -0.000988 143 0.000078 -0.000023 
0.003816 -0.000571 -0.000968 133 0.000097 -0.000036


0.003816 -0.000576 -0.000982 110 0.000083 -0.000041


0.003816 -0.000583 -0.001023 147 0.000042 -0.000047 
0.003816 -0.000622 -0.001038 100 0.000028 -0.000087 
0.003816 -0.000620 -0.001064 114 0.000001 -0.000085 
0.003816 -0.000579 -0.001049 94 0.000016 -0.000043 
0.003816 -0.000583 -0.001023 147 0.000042 -0.000047


0.003816 -0.000601 -0.001044 111 0.000022 -0.000066


0.003816 -0.000528 -0.001093 148 -0.000028 0.000007 
0.003816 -0.000506 -0.001106 87 -0.000040 0.000029 
0.003816 -0.000462 -0.001067 132 -0.000001 0.000073 
0.003816 -0.000472 -0.001053 140 0.000013 0.000063 
0.003816 -0.000528 -0.001093 148 -0.000028 0.000007


0.003816 -0.000492 -0.001080 112 -0.000014 0.000043


0.003816 -0.000528 -0.001093 148 -0.000028 0.000007 
0.003816 -0.000529 -0.001059 77 0.000006 0.000006 
0.003816 -0.000576 -0.001077 67 -0.000012 -0.000040 
0.003816 -0.000573 -0.001108 149 -0.000042 -0.000038 
0.003816 -0.000528 -0.001093 148 -0.000028 0.000007


0.003816 -0.000552 -0.001084 113 -0.000019 -0.000016


0.003816 -0.000576 -0.001077 67 -0.000012 -0.000040 
0.003816 -0.000579 -0.001049 94 0.000016 -0.000043 
0.003816 -0.000620 -0.001064 114 0.000001 -0.000085 
0.003816 -0.000619 -0.001092 75 -0.000027 -0.000084 
0.003816 -0.000576 -0.001077 67 -0.000012 -0.000040


0.003816 -0.000598 -0.001071 114 -0.000005 -0.000063


0.003816 -0.000529 -0.001059 77 0.000006 0.000006 
0.003816 -0.000478 -0.001033 122 0.000032 0.000057 
0.003816 -0.000485 -0.001013 90 0.000052 0.000050 
0.003816 -0.000534 -0.001033 127 0.000033 0.000001 
0.003816 -0.000529 -0.001059 77 0.000006 0.000006


0.003816 -0.000507 -0.001035 115 0.000031 0.000028


0.003816 -0.000604 -0.001117 135 -0.000052 -0.000069 
0.003816 -0.000602 -0.001143 146 -0.000078 -0.000067 
0.003816 -0.000582 -0.001142 145 -0.000077 -0.000047 
0.003816 -0.000573 -0.001108 149 -0.000042 -0.000038 
0.003816 -0.000604 -0.001117 135 -0.000052 -0.000069


0.003816 -0.000590 -0.001128 116 -0.000062 -0.000055


