0.003152 -0.001106 -0.001265 12 0.587183 -0.000250 
0.003148 -0.001108 -0.001078 97 0.607248 -0.000062 
0.003132 -0.001121 -0.001077 96 0.710303 -0.000062 
0.003138 -0.001116 -0.001265 13 0.669584 -0.000250 
0.003152 -0.001106 -0.001265 12 0.587183 -0.000250


0.003142 -0.001113 -0.001171 1 0.643576 -0.000156


0.003166 -0.001097 -0.001078 10 0.504783 -0.000063 
0.003148 -0.001108 -0.001078 97 0.607248 -0.000062 
0.003152 -0.001106 -0.001265 12 0.587183 -0.000250 
0.003166 -0.001097 -0.001265 11 0.504783 -0.000250 
0.003166 -0.001097 -0.001078 10 0.504783 -0.000063


0.003158 -0.001102 -0.001172 2 0.550998 -0.000156


0.003347 -0.001454 -0.000890 50 3.578613 0.000125 
0.003342 -0.001456 -0.001078 98 3.549503 -0.000063 
0.003324 -0.001463 -0.001078 92 3.452853 -0.000063 
0.003335 -0.001459 -0.000890 51 3.510851 0.000125 
0.003347 -0.001454 -0.000890 50 3.578613 0.000125


0.003337 -0.001458 -0.000984 3 3.522962 0.000031


0.003359 -0.001448 -0.001078 48 3.646376 -0.000063 
0.003342 -0.001456 -0.001078 98 3.549503 -0.000063 
0.003347 -0.001454 -0.000890 50 3.578613 0.000125 
0.003359 -0.001448 -0.000890 49 3.646376 0.000125 
0.003359 -0.001448 -0.001078 48 3.646376 -0.000063


0.003352 -0.001451 -0.000984 4 3.605219 0.000031


0.003066 -0.001310 -0.001078 81 1.756864 -0.000062 
0.003069 -0.001324 -0.001078 99 1.831928 -0.000062 
0.003062 -0.001274 -0.001265 24 1.575987 -0.000250 
0.003063 -0.001257 -0.001265 23 1.493587 -0.000250 
0.003066 -0.001310 -0.001078 81 1.756864 -0.000062


0.003063 -0.001291 -0.001172 5 1.664601 -0.000156


0.003064 -0.001252 -0.000928 82 1.465751 0.000087 
0.003065 -0.001239 -0.000933 88 1.401942 0.000083 
0.003063 -0.001254 -0.000890 1 1.477980 0.000125 
0.003062 -0.001268 -0.000890 80 1.545742 0.000125 
0.003064 -0.001252 -0.000928 82 1.465751 0.000087


0.003063 -0.001253 -0.000910 6 1.472853 0.000105


0.003065 -0.001241 -0.001265 22 1.411186 -0.000250 
0.003064 -0.001295 -0.001078 100 1.681760 -0.000062 
0.003066 -0.001310 -0.001078 81 1.756864 -0.000062 
0.003063 -0.001257 -0.001265 23 1.493587 -0.000250 
0.003065 -0.001241 -0.001265 22 1.411186 -0.000250


0.003062 -0.001276 -0.001172 7 1.585859 -0.000156


0.003063 -0.001280 -0.001077 83 1.606621 -0.000062 
0.003064 -0.001295 -0.001078 100 1.681760 -0.000062 
0.003065 -0.001241 -0.001265 22 1.411186 -0.000250 
0.003068 -0.001225 -0.001265 21 1.328786 -0.000250 
0.003063 -0.001280 -0.001077 83 1.606621 -0.000062


0.003063 -0.001260 -0.001172 8 1.507098 -0.000156


0.003064 -0.001247 -0.000965 106 1.444735 0.000051 
0.003064 -0.001252 -0.000928 82 1.465751 0.000087 
0.003062 -0.001268 -0.000890 80 1.545742 0.000125 
0.003063 -0.001281 -0.000890 79 1.613505 0.000125 
0.003064 -0.001247 -0.000965 106 1.444735 0.000051


0.003063 -0.001262 -0.000918 9 1.517417 0.000097


0.003069 -0.001324 -0.001078 99 1.831928 -0.000062 
0.003074 -0.001338 -0.001078 117 1.907001 -0.000062 
0.003063 -0.001290 -0.001265 25 1.658387 -0.000250 
0.003062 -0.001274 -0.001265 24 1.575987 -0.000250 
0.003069 -0.001324 -0.001078 99 1.831928 -0.000062


0.003065 -0.001307 -0.001172 10 1.743335 -0.000156


0.003065 -0.001239 -0.000933 88 1.401942 0.000083 
0.003064 -0.001252 -0.000928 82 1.465751 0.000087 
0.003064 -0.001247 -0.000965 106 1.444735 0.000051 
0.003068 -0.001224 -0.000986 84 1.325215 0.000030 
0.003065 -0.001239 -0.000933 88 1.401942 0.000083


0.003065 -0.001240 -0.000953 11 1.409426 0.000063


0.003064 -0.001295 -0.000890 78 1.681267 0.000125 
0.003066 -0.001233 -0.001056 114 1.371621 -0.000041 
0.003064 -0.001247 -0.000965 106 1.444735 0.000051 
0.003063 -0.001281 -0.000890 79 1.613505 0.000125 
0.003064 -0.001295 -0.000890 78 1.681267 0.000125


0.003063 -0.001264 -0.000951 12 1.527787 0.000065


0.003064 -0.001249 -0.001072 93 1.454304 -0.000056 
0.003066 -0.001233 -0.001056 114 1.371621 -0.000041 
0.003064 -0.001295 -0.000890 78 1.681267 0.000125 
0.003066 -0.001308 -0.000890 77 1.749030 0.000125 
0.003064 -0.001249 -0.001072 93 1.454304 -0.000056


0.003062 -0.001271 -0.000977 13 1.564077 0.000038


0.003065 -0.001239 -0.000933 88 1.401942 0.000083 
0.003068 -0.001224 -0.000986 84 1.325215 0.000030 
0.003073 -0.001209 -0.000964 101 1.245304 0.000051 
0.003068 -0.001226 -0.000929 103 1.334497 0.000086 
0.003065 -0.001239 -0.000933 88 1.401942 0.000083


0.003068 -0.001224 -0.000953 14 1.326744 0.000062


0.003065 -0.001306 -0.001265 26 1.740788 -0.000250 
0.003079 -0.001352 -0.001078 102 1.982080 -0.000062 
0.003086 -0.001366 -0.001078 85 2.057160 -0.000062 
0.003069 -0.001322 -0.001265 27 1.823188 -0.000250 
0.003065 -0.001306 -0.001265 26 1.740788 -0.000250


0.003073 -0.001337 -0.001172 15 1.900812 -0.000156


0.003074 -0.001338 -0.001078 117 1.907001 -0.000062 
0.003079 -0.001352 -0.001078 102 1.982080 -0.000062 
0.003065 -0.001306 -0.001265 26 1.740788 -0.000250 
0.003063 -0.001290 -0.001265 25 1.658387 -0.000250 
0.003074 -0.001338 -0.001078 117 1.907001 -0.000062


0.003069 -0.001322 -0.001172 16 1.822073 -0.000156


0.003063 -0.001265 -0.001076 113 1.531058 -0.000061 
0.003064 -0.001249 -0.001072 93 1.454304 -0.000056 
0.003066 -0.001308 -0.000890 77 1.749030 0.000125 
0.003068 -0.001321 -0.000890 76 1.816792 0.000125 
0.003063 -0.001265 -0.001076 113 1.531058 -0.000061


0.003063 -0.001286 -0.000982 17 1.637808 0.000033


0.003121 -0.001414 -0.001078 86 2.357483 -0.000062 
0.003132 -0.001424 -0.001078 119 2.432565 -0.000062 
0.003105 -0.001396 -0.001265 32 2.235189 -0.000250 
0.003095 -0.001382 -0.001265 31 2.152789 -0.000250 
0.003121 -0.001414 -0.001078 86 2.357483 -0.000062


0.003113 -0.001405 -0.001172 18 2.294514 -0.000156


0.003063 -0.001280 -0.001077 83 1.606621 -0.000062 
0.003063 -0.001265 -0.001076 113 1.531058 -0.000061 
0.003068 -0.001321 -0.000890 76 1.816792 0.000125 
0.003072 -0.001334 -0.000890 75 1.884554 0.000125 
0.003063 -0.001280 -0.001077 83 1.606621 -0.000062


0.003064 -0.001300 -0.000984 19 1.709766 0.000032


0.003074 -0.001338 -0.001265 28 1.905588 -0.000250 
0.003093 -0.001379 -0.001078 104 2.132240 -0.000062 
0.003102 -0.001391 -0.001078 118 2.207321 -0.000062 
0.003080 -0.001354 -0.001265 29 1.987988 -0.000250 
0.003074 -0.001338 -0.001265 28 1.905588 -0.000250


0.003086 -0.001366 -0.001172 20 2.058292 -0.000156


0.003086 -0.001366 -0.001078 85 2.057160 -0.000062 
0.003093 -0.001379 -0.001078 104 2.132240 -0.000062 
0.003074 -0.001338 -0.001265 28 1.905588 -0.000250 
0.003069 -0.001322 -0.001265 27 1.823188 -0.000250 
0.003086 -0.001366 -0.001078 85 2.057160 -0.000062


0.003079 -0.001352 -0.001172 21 1.979552 -0.000156


0.003077 -0.001347 -0.000890 74 1.952317 0.000125 
0.003064 -0.001295 -0.001078 100 1.681760 -0.000062 
0.003063 -0.001280 -0.001077 83 1.606621 -0.000062 
0.003072 -0.001334 -0.000890 75 1.884554 0.000125 
0.003077 -0.001347 -0.000890 74 1.952317 0.000125


0.003067 -0.001314 -0.000984 22 1.781322 0.000031


0.003066 -0.001310 -0.001078 81 1.756864 -0.000062 
0.003064 -0.001295 -0.001078 100 1.681760 -0.000062 
0.003077 -0.001347 -0.000890 74 1.952317 0.000125 
0.003082 -0.001359 -0.000890 73 2.020079 0.000125 
0.003066 -0.001310 -0.001078 81 1.756864 -0.000062


0.003070 -0.001328 -0.000984 23 1.852764 0.000031


0.003102 -0.001391 -0.001078 118 2.207321 -0.000062 
0.003111 -0.001403 -0.001078 105 2.282402 -0.000062 
0.003087 -0.001368 -0.001265 30 2.070389 -0.000250 
0.003080 -0.001354 -0.001265 29 1.987988 -0.000250 
0.003102 -0.001391 -0.001078 118 2.207321 -0.000062


0.003094 -0.001380 -0.001172 24 2.137033 -0.000156


0.003087 -0.001368 -0.001265 30 2.070389 -0.000250 
0.003111 -0.001403 -0.001078 105 2.282402 -0.000062 
0.003121 -0.001414 -0.001078 86 2.357483 -0.000062 
0.003095 -0.001382 -0.001265 31 2.152789 -0.000250 
0.003087 -0.001368 -0.001265 30 2.070389 -0.000250


0.003103 -0.001393 -0.001172 25 2.215773 -0.000156


0.003076 -0.001199 -0.001090 94 1.195273 -0.000075 
0.003068 -0.001224 -0.000986 84 1.325215 0.000030 
0.003064 -0.001247 -0.000965 106 1.444735 0.000051 
0.003066 -0.001233 -0.001056 114 1.371621 -0.000041 
0.003076 -0.001199 -0.001090 94 1.195273 -0.000075


0.003068 -0.001226 -0.001024 26 1.334264 -0.000009


0.003069 -0.001324 -0.001078 99 1.831928 -0.000062 
0.003066 -0.001310 -0.001078 81 1.756864 -0.000062 
0.003082 -0.001359 -0.000890 73 2.020079 0.000125 
0.003089 -0.001371 -0.000890 72 2.087841 0.000125 
0.003069 -0.001324 -0.001078 99 1.831928 -0.000062


0.003075 -0.001342 -0.000984 27 1.924186 0.000031


0.003074 -0.001338 -0.001078 117 1.907001 -0.000062 
0.003069 -0.001324 -0.001078 99 1.831928 -0.000062 
0.003089 -0.001371 -0.000890 72 2.087841 0.000125 
0.003096 -0.001383 -0.000890 71 2.155604 0.000125 
0.003074 -0.001338 -0.001078 117 1.907001 -0.000062


0.003080 -0.001355 -0.000984 28 1.995602 0.000031


0.003104 -0.001394 -0.000890 70 2.223366 0.000125 
0.003079 -0.001352 -0.001078 102 1.982080 -0.000062 
0.003074 -0.001338 -0.001078 117 1.907001 -0.000062 
0.003096 -0.001383 -0.000890 71 2.155604 0.000125 
0.003104 -0.001394 -0.000890 70 2.223366 0.000125


0.003087 -0.001368 -0.000984 29 2.067021 0.000031


0.003197 -0.001461 -0.001078 87 2.807972 -0.000063 
0.003211 -0.001466 -0.001078 107 2.883059 -0.000063 
0.003182 -0.001456 -0.001265 38 2.729591 -0.000250 
0.003168 -0.001449 -0.001265 37 2.647191 -0.000250 
0.003197 -0.001461 -0.001078 87 2.807972 -0.000063


0.003189 -0.001459 -0.001172 30 2.766959 -0.000156


0.003132 -0.001424 -0.001078 119 2.432565 -0.000062 
0.003121 -0.001414 -0.001078 86 2.357483 -0.000062 
0.003153 -0.001440 -0.000890 65 2.562178 0.000125 
0.003164 -0.001447 -0.000890 64 2.629940 0.000125 
0.003132 -0.001424 -0.001078 119 2.432565 -0.000062


0.003142 -0.001432 -0.000984 31 2.495548 0.000031


0.003144 -0.001434 -0.001078 120 2.507646 -0.000062 
0.003132 -0.001424 -0.001078 119 2.432565 -0.000062 
0.003164 -0.001447 -0.000890 64 2.629940 0.000125 
0.003177 -0.001453 -0.000890 63 2.697703 0.000125 
0.003144 -0.001434 -0.001078 120 2.507646 -0.000062


0.003154 -0.001440 -0.000984 32 2.566970 0.000031


0.003211 -0.001466 -0.001078 107 2.883059 -0.000063 
0.003226 -0.001469 -0.001078 121 2.958164 -0.000063 
0.003198 -0.001462 -0.001265 39 2.811991 -0.000250 
0.003182 -0.001456 -0.001265 38 2.729591 -0.000250 
0.003211 -0.001466 -0.001078 107 2.883059 -0.000063


0.003204 -0.001464 -0.001172 33 2.845707 -0.000156


0.003153 -0.001440 -0.001265 36 2.564791 -0.000250 
0.003183 -0.001456 -0.001078 108 2.732890 -0.000063 
0.003197 -0.001461 -0.001078 87 2.807972 -0.000063 
0.003168 -0.001449 -0.001265 37 2.647191 -0.000250 
0.003153 -0.001440 -0.001265 36 2.564791 -0.000250


0.003175 -0.001452 -0.001172 34 2.688217 -0.000156


0.003169 -0.001450 -0.001078 89 2.657809 -0.000063 
0.003183 -0.001456 -0.001078 108 2.732890 -0.000063 
0.003153 -0.001440 -0.001265 36 2.564791 -0.000250 
0.003140 -0.001431 -0.001265 35 2.482390 -0.000250 
0.003169 -0.001450 -0.001078 89 2.657809 -0.000063


0.003161 -0.001445 -0.001172 35 2.609476 -0.000156


0.003142 -0.001432 -0.000890 66 2.494415 0.000125 
0.003111 -0.001403 -0.001078 105 2.282402 -0.000062 
0.003102 -0.001391 -0.001078 118 2.207321 -0.000062 
0.003131 -0.001424 -0.000890 67 2.426653 0.000125 
0.003142 -0.001432 -0.000890 66 2.494415 0.000125


0.003120 -0.001413 -0.000984 36 2.352705 0.000031


0.003121 -0.001414 -0.001078 86 2.357483 -0.000062 
0.003111 -0.001403 -0.001078 105 2.282402 -0.000062 
0.003142 -0.001432 -0.000890 66 2.494415 0.000125 
0.003153 -0.001440 -0.000890 65 2.562178 0.000125 
0.003121 -0.001414 -0.001078 86 2.357483 -0.000062


0.003131 -0.001423 -0.000984 37 2.424127 0.000031


0.003156 -0.001442 -0.001078 109 2.582727 -0.000062 
0.003169 -0.001450 -0.001078 89 2.657809 -0.000063 
0.003140 -0.001431 -0.001265 35 2.482390 -0.000250 
0.003127 -0.001420 -0.001265 34 2.399990 -0.000250 
0.003156 -0.001442 -0.001078 109 2.582727 -0.000062


0.003148 -0.001436 -0.001172 38 2.530736 -0.000156


0.003144 -0.001434 -0.001078 120 2.507646 -0.000062 
0.003156 -0.001442 -0.001078 109 2.582727 -0.000062 
0.003127 -0.001420 -0.001265 34 2.399990 -0.000250 
0.003116 -0.001408 -0.001265 33 2.317590 -0.000250 
0.003144 -0.001434 -0.001078 120 2.507646 -0.000062


0.003135 -0.001427 -0.001172 39 2.451995 -0.000156


0.003256 -0.001472 -0.001078 90 3.108736 -0.000063 
0.003271 -0.001472 -0.001078 111 3.185065 -0.000063 
0.003246 -0.001472 -0.001265 42 3.059192 -0.000250 
0.003230 -0.001470 -0.001265 41 2.976792 -0.000250 
0.003256 -0.001472 -0.001078 90 3.108736 -0.000063


0.003251 -0.001472 -0.001172 40 3.082450 -0.000156


0.003121 -0.001414 -0.000890 68 2.358891 0.000125 
0.003093 -0.001379 -0.001078 104 2.132240 -0.000062 
0.003086 -0.001366 -0.001078 85 2.057160 -0.000062 
0.003112 -0.001404 -0.000890 69 2.291128 0.000125 
0.003121 -0.001414 -0.000890 68 2.358891 0.000125


0.003102 -0.001392 -0.000984 41 2.209862 0.000031


0.003102 -0.001391 -0.001078 118 2.207321 -0.000062 
0.003093 -0.001379 -0.001078 104 2.132240 -0.000062 
0.003121 -0.001414 -0.000890 68 2.358891 0.000125 
0.003131 -0.001424 -0.000890 67 2.426653 0.000125 
0.003102 -0.001391 -0.001078 118 2.207321 -0.000062


0.003111 -0.001403 -0.000984 42 2.281284 0.000031


0.003086 -0.001366 -0.001078 85 2.057160 -0.000062 
0.003079 -0.001352 -0.001078 102 1.982080 -0.000062 
0.003104 -0.001394 -0.000890 70 2.223366 0.000125 
0.003112 -0.001404 -0.000890 69 2.291128 0.000125 
0.003086 -0.001366 -0.001078 85 2.057160 -0.000062


0.003094 -0.001380 -0.000984 43 2.138441 0.000031


0.003144 -0.001434 -0.001078 120 2.507646 -0.000062 
0.003116 -0.001408 -0.001265 33 2.317590 -0.000250 
0.003105 -0.001396 -0.001265 32 2.235189 -0.000250 
0.003132 -0.001424 -0.001078 119 2.432565 -0.000062 
0.003144 -0.001434 -0.001078 120 2.507646 -0.000062


0.003123 -0.001416 -0.001172 44 2.373254 -0.000156


0.003189 -0.001459 -0.000890 62 2.765465 0.000125 
0.003156 -0.001442 -0.001078 109 2.582727 -0.000062 
0.003144 -0.001434 -0.001078 120 2.507646 -0.000062 
0.003177 -0.001453 -0.000890 63 2.697703 0.000125 
0.003189 -0.001459 -0.000890 62 2.765465 0.000125


0.003166 -0.001448 -0.000984 45 2.638391 0.000031


0.003169 -0.001450 -0.001078 89 2.657809 -0.000063 
0.003156 -0.001442 -0.001078 109 2.582727 -0.000062 
0.003189 -0.001459 -0.000890 62 2.765465 0.000125 
0.003202 -0.001463 -0.000890 61 2.833227 0.000125 
0.003169 -0.001450 -0.001078 89 2.657809 -0.000063


0.003179 -0.001454 -0.000984 46 2.709813 0.000031


0.003213 -0.001466 -0.001265 40 2.894392 -0.000250 
0.003241 -0.001471 -0.001078 110 3.033330 -0.000063 
0.003256 -0.001472 -0.001078 90 3.108736 -0.000063 
0.003230 -0.001470 -0.001265 41 2.976792 -0.000250 
0.003213 -0.001466 -0.001265 40 2.894392 -0.000250


0.003235 -0.001471 -0.001172 47 3.003317 -0.000156


0.003226 -0.001469 -0.001078 121 2.958164 -0.000063 
0.003241 -0.001471 -0.001078 110 3.033330 -0.000063 
0.003213 -0.001466 -0.001265 40 2.894392 -0.000250 
0.003198 -0.001462 -0.001265 39 2.811991 -0.000250 
0.003226 -0.001469 -0.001078 121 2.958164 -0.000063


0.003219 -0.001468 -0.001172 48 2.924474 -0.000156


0.003287 -0.001471 -0.001078 91 3.264769 -0.000063 
0.003305 -0.001468 -0.001078 112 3.357120 -0.000063 
0.003288 -0.001471 -0.001265 44 3.267788 -0.000250 
0.003262 -0.001473 -0.001265 43 3.141593 -0.000250 
0.003287 -0.001471 -0.001078 91 3.264769 -0.000063


0.003286 -0.001471 -0.001172 49 3.257842 -0.000156


0.003241 -0.001471 -0.001078 110 3.033330 -0.000063 
0.003226 -0.001469 -0.001078 121 2.958164 -0.000063 
0.003255 -0.001472 -0.000890 57 3.104277 0.000125 
0.003268 -0.001472 -0.000890 56 3.172039 0.000125 
0.003241 -0.001471 -0.001078 110 3.033330 -0.000063


0.003247 -0.001472 -0.000984 50 3.066957 0.000031


0.003246 -0.001472 -0.001265 42 3.059192 -0.000250 
0.003271 -0.001472 -0.001078 111 3.185065 -0.000063 
0.003287 -0.001471 -0.001078 91 3.264769 -0.000063 
0.003262 -0.001473 -0.001265 43 3.141593 -0.000250 
0.003246 -0.001472 -0.001265 42 3.059192 -0.000250


0.003267 -0.001472 -0.001172 51 3.162656 -0.000156


0.003086 -0.001178 -0.001056 115 1.080575 -0.000040 
0.003073 -0.001209 -0.000964 101 1.245304 0.000051 
0.003068 -0.001224 -0.000986 84 1.325215 0.000030 
0.003076 -0.001199 -0.001090 94 1.195273 -0.000075 
0.003086 -0.001178 -0.001056 115 1.080575 -0.000040


0.003075 -0.001202 -0.001024 52 1.211623 -0.000009


0.003256 -0.001472 -0.001078 90 3.108736 -0.000063 
0.003241 -0.001471 -0.001078 110 3.033330 -0.000063 
0.003268 -0.001472 -0.000890 56 3.172039 0.000125 
0.003282 -0.001472 -0.000890 55 3.239801 0.000125 
0.003256 -0.001472 -0.001078 90 3.108736 -0.000063


0.003262 -0.001473 -0.000984 53 3.138481 0.000031


0.003288 -0.001471 -0.001265 44 3.267788 -0.000250 
0.003305 -0.001468 -0.001078 112 3.357120 -0.000063 
0.003324 -0.001463 -0.001078 92 3.452853 -0.000063 
0.003312 -0.001466 -0.001265 45 3.393984 -0.000250 
0.003288 -0.001471 -0.001265 44 3.267788 -0.000250


0.003307 -0.001467 -0.001172 54 3.367952 -0.000156


0.003241 -0.001471 -0.000890 58 3.036514 0.000125 
0.003211 -0.001466 -0.001078 107 2.883059 -0.000063 
0.003197 -0.001461 -0.001078 87 2.807972 -0.000063 
0.003228 -0.001470 -0.000890 59 2.968752 0.000125 
0.003241 -0.001471 -0.000890 58 3.036514 0.000125


0.003219 -0.001468 -0.000984 55 2.924080 0.000031


0.003226 -0.001469 -0.001078 121 2.958164 -0.000063 
0.003211 -0.001466 -0.001078 107 2.883059 -0.000063 
0.003241 -0.001471 -0.000890 58 3.036514 0.000125 
0.003255 -0.001472 -0.000890 57 3.104277 0.000125 
0.003226 -0.001469 -0.001078 121 2.958164 -0.000063


0.003233 -0.001470 -0.000984 56 2.995508 0.000031


0.003183 -0.001456 -0.001078 108 2.732890 -0.000063 
0.003169 -0.001450 -0.001078 89 2.657809 -0.000063 
0.003202 -0.001463 -0.000890 61 2.833227 0.000125 
0.003215 -0.001467 -0.000890 60 2.900990 0.000125 
0.003183 -0.001456 -0.001078 108 2.732890 -0.000063


0.003192 -0.001460 -0.000984 57 2.781235 0.000031


0.003197 -0.001461 -0.001078 87 2.807972 -0.000063 
0.003183 -0.001456 -0.001078 108 2.732890 -0.000063 
0.003215 -0.001467 -0.000890 60 2.900990 0.000125 
0.003228 -0.001470 -0.000890 59 2.968752 0.000125 
0.003197 -0.001461 -0.001078 87 2.807972 -0.000063


0.003205 -0.001464 -0.000984 58 2.852657 0.000031


0.003287 -0.001471 -0.001078 91 3.264769 -0.000063 
0.003271 -0.001472 -0.001078 111 3.185065 -0.000063 
0.003295 -0.001470 -0.000890 54 3.307564 0.000125 
0.003309 -0.001467 -0.000890 53 3.375326 0.000125 
0.003287 -0.001471 -0.001078 91 3.264769 -0.000063


0.003291 -0.001471 -0.000984 59 3.283187 0.000031


0.003295 -0.001470 -0.000890 54 3.307564 0.000125 
0.003271 -0.001472 -0.001078 111 3.185065 -0.000063 
0.003256 -0.001472 -0.001078 90 3.108736 -0.000063 
0.003282 -0.001472 -0.000890 55 3.239801 0.000125 
0.003295 -0.001470 -0.000890 54 3.307564 0.000125


0.003276 -0.001472 -0.000984 60 3.210296 0.000031


0.003322 -0.001463 -0.000890 52 3.443089 0.000125 
0.003305 -0.001468 -0.001078 112 3.357120 -0.000063 
0.003287 -0.001471 -0.001078 91 3.264769 -0.000063 
0.003309 -0.001467 -0.000890 53 3.375326 0.000125 
0.003322 -0.001463 -0.000890 52 3.443089 0.000125


0.003306 -0.001468 -0.000984 61 3.360088 0.000031


0.003324 -0.001463 -0.001078 92 3.452853 -0.000063 
0.003305 -0.001468 -0.001078 112 3.357120 -0.000063 
0.003322 -0.001463 -0.000890 52 3.443089 0.000125 
0.003335 -0.001459 -0.000890 51 3.510851 0.000125 
0.003324 -0.001463 -0.001078 92 3.452853 -0.000063


0.003321 -0.001464 -0.000984 62 3.440988 0.000031


0.003324 -0.001463 -0.001078 92 3.452853 -0.000063 
0.003342 -0.001456 -0.001078 98 3.549503 -0.000063 
0.003336 -0.001458 -0.001265 46 3.520180 -0.000250 
0.003312 -0.001466 -0.001265 45 3.393984 -0.000250 
0.003324 -0.001463 -0.001078 92 3.452853 -0.000063


0.003329 -0.001461 -0.001172 63 3.479139 -0.000156


0.003342 -0.001456 -0.001078 98 3.549503 -0.000063 
0.003359 -0.001448 -0.001078 48 3.646376 -0.000063 
0.003359 -0.001448 -0.001265 47 3.646376 -0.000250 
0.003336 -0.001458 -0.001265 46 3.520180 -0.000250 
0.003342 -0.001456 -0.001078 98 3.549503 -0.000063


0.003349 -0.001453 -0.001172 64 3.590612 -0.000156


0.003067 -0.001230 -0.000890 2 1.356180 0.000125 
0.003068 -0.001226 -0.000929 103 1.334497 0.000086 
0.003073 -0.001209 -0.000964 101 1.245304 0.000051 
0.003074 -0.001207 -0.000890 3 1.235102 0.000126 
0.003067 -0.001230 -0.000890 2 1.356180 0.000125


0.003070 -0.001218 -0.000918 65 1.292770 0.000097


0.003065 -0.001239 -0.000933 88 1.401942 0.000083 
0.003068 -0.001226 -0.000929 103 1.334497 0.000086 
0.003067 -0.001230 -0.000890 2 1.356180 0.000125 
0.003063 -0.001254 -0.000890 1 1.477980 0.000125 
0.003065 -0.001239 -0.000933 88 1.401942 0.000083


0.003066 -0.001237 -0.000911 66 1.392634 0.000105


0.003063 -0.001265 -0.001076 113 1.531058 -0.000061 
0.003063 -0.001280 -0.001077 83 1.606621 -0.000062 
0.003068 -0.001225 -0.001265 21 1.328786 -0.000250 
0.003073 -0.001209 -0.001265 20 1.246386 -0.000250 
0.003063 -0.001265 -0.001076 113 1.531058 -0.000061


0.003064 -0.001244 -0.001171 67 1.428222 -0.000156


0.003102 -0.001153 -0.001071 95 0.931042 -0.000056 
0.003117 -0.001135 -0.001076 116 0.815964 -0.000060 
0.003109 -0.001144 -0.000889 6 0.870402 0.000126 
0.003095 -0.001163 -0.000889 5 0.991582 0.000127 
0.003102 -0.001153 -0.001071 95 0.931042 -0.000056


0.003105 -0.001149 -0.000981 68 0.902245 0.000034


0.003064 -0.001249 -0.001072 93 1.454304 -0.000056 
0.003063 -0.001265 -0.001076 113 1.531058 -0.000061 
0.003073 -0.001209 -0.001265 20 1.246386 -0.000250 
0.003079 -0.001193 -0.001265 19 1.163985 -0.000250 
0.003064 -0.001249 -0.001072 93 1.454304 -0.000056


0.003067 -0.001229 -0.001170 69 1.348941 -0.000154


0.003083 -0.001184 -0.000889 4 1.113042 0.000126 
0.003086 -0.001178 -0.001056 115 1.080575 -0.000040 
0.003102 -0.001153 -0.001071 95 0.931042 -0.000056 
0.003095 -0.001163 -0.000889 5 0.991582 0.000127 
0.003083 -0.001184 -0.000889 4 1.113042 0.000126


0.003091 -0.001169 -0.000976 70 1.029071 0.000039


0.003073 -0.001209 -0.000964 101 1.245304 0.000051 
0.003086 -0.001178 -0.001056 115 1.080575 -0.000040 
0.003083 -0.001184 -0.000889 4 1.113042 0.000126 
0.003074 -0.001207 -0.000890 3 1.235102 0.000126 
0.003073 -0.001209 -0.000964 101 1.245304 0.000051


0.003078 -0.001194 -0.000950 71 1.168510 0.000066


0.003076 -0.001199 -0.001090 94 1.195273 -0.000075 
0.003066 -0.001233 -0.001056 114 1.371621 -0.000041 
0.003086 -0.001179 -0.001265 18 1.081585 -0.000250 
0.003094 -0.001164 -0.001265 17 0.999185 -0.000250 
0.003076 -0.001199 -0.001090 94 1.195273 -0.000075


0.003079 -0.001193 -0.001169 72 1.161730 -0.000154


0.003086 -0.001179 -0.001265 18 1.081585 -0.000250 
0.003066 -0.001233 -0.001056 114 1.371621 -0.000041 
0.003064 -0.001249 -0.001072 93 1.454304 -0.000056 
0.003079 -0.001193 -0.001265 19 1.163985 -0.000250 
0.003086 -0.001179 -0.001265 18 1.081585 -0.000250


0.003072 -0.001213 -0.001165 73 1.267873 -0.000149


0.003104 -0.001151 -0.001265 16 0.916785 -0.000250 
0.003086 -0.001178 -0.001056 115 1.080575 -0.000040 
0.003076 -0.001199 -0.001090 94 1.195273 -0.000075 
0.003094 -0.001164 -0.001265 17 0.999185 -0.000250 
0.003104 -0.001151 -0.001265 16 0.916785 -0.000250


0.003089 -0.001173 -0.001169 74 1.047918 -0.000154


0.003102 -0.001153 -0.001071 95 0.931042 -0.000056 
0.003086 -0.001178 -0.001056 115 1.080575 -0.000040 
0.003104 -0.001151 -0.001265 16 0.916785 -0.000250 
0.003114 -0.001138 -0.001265 15 0.834384 -0.000250 
0.003102 -0.001153 -0.001071 95 0.931042 -0.000056


0.003101 -0.001155 -0.001164 75 0.940633 -0.000149


0.003109 -0.001144 -0.000889 6 0.870402 0.000126 
0.003117 -0.001135 -0.001076 116 0.815964 -0.000060 
0.003132 -0.001121 -0.001077 96 0.710303 -0.000062 
0.003126 -0.001126 -0.000890 7 0.748205 0.000126 
0.003109 -0.001144 -0.000889 6 0.870402 0.000126


0.003121 -0.001131 -0.000983 76 0.786213 0.000033


0.003117 -0.001135 -0.001076 116 0.815964 -0.000060 
0.003102 -0.001153 -0.001071 95 0.931042 -0.000056 
0.003114 -0.001138 -0.001265 15 0.834384 -0.000250 
0.003126 -0.001126 -0.001265 14 0.751984 -0.000250 
0.003117 -0.001135 -0.001076 116 0.815964 -0.000060


0.003114 -0.001138 -0.001169 77 0.833327 -0.000154


0.003132 -0.001121 -0.001077 96 0.710303 -0.000062 
0.003117 -0.001135 -0.001076 116 0.815964 -0.000060 
0.003126 -0.001126 -0.001265 14 0.751984 -0.000250 
0.003138 -0.001116 -0.001265 13 0.669584 -0.000250 
0.003132 -0.001121 -0.001077 96 0.710303 -0.000062


0.003128 -0.001124 -0.001171 78 0.736951 -0.000155


0.003132 -0.001121 -0.001077 96 0.710303 -0.000062 
0.003148 -0.001108 -0.001078 97 0.607248 -0.000062 
0.003145 -0.001111 -0.000890 8 0.626717 0.000125 
0.003126 -0.001126 -0.000890 7 0.748205 0.000126 
0.003132 -0.001121 -0.001077 96 0.710303 -0.000062


0.003138 -0.001116 -0.000984 79 0.673114 0.000032


0.003148 -0.001108 -0.001078 97 0.607248 -0.000062 
0.003166 -0.001097 -0.001078 10 0.504783 -0.000063 
0.003166 -0.001097 -0.000890 9 0.504783 0.000125 
0.003145 -0.001111 -0.000890 8 0.626717 0.000125 
0.003148 -0.001108 -0.001078 97 0.607248 -0.000062


0.003156 -0.001103 -0.000984 80 0.560882 0.000031


