0.000638 0.002553 -0.000889 6 1.449817 0.000126 
0.000652 0.002554 -0.001067 88 1.521496 -0.000051 
0.000618 0.002553 -0.001075 114 1.351082 -0.000059 
0.000613 0.002554 -0.000890 7 1.327619 0.000126 
0.000638 0.002553 -0.000889 6 1.449817 0.000126


0.000630 0.002553 -0.000980 1 1.412483 0.000035


0.000776 0.002618 -0.001107 110 2.235874 -0.000091 
0.000776 0.002618 -0.001016 136 2.235158 -0.000001 
0.000791 0.002637 -0.000955 119 2.356670 0.000061 
0.000797 0.002645 -0.000988 82 2.402812 0.000028 
0.000776 0.002618 -0.001107 110 2.235874 -0.000091


0.000786 0.002629 -0.001016 2 2.307619 -0.000001


0.000704 0.002938 -0.000890 46 4.158028 0.000125 
0.000707 0.002937 -0.001066 117 4.140504 -0.000051 
0.000716 0.002933 -0.000985 97 4.092095 0.000031 
0.000716 0.002933 -0.000890 47 4.090266 0.000125 
0.000704 0.002938 -0.000890 46 4.158028 0.000125


0.000711 0.002935 -0.000958 3 4.120223 0.000057


0.000691 0.002943 -0.001078 44 4.225790 -0.000063 
0.000707 0.002937 -0.001066 117 4.140504 -0.000051 
0.000704 0.002938 -0.000890 46 4.158028 0.000125 
0.000691 0.002943 -0.000890 45 4.225790 0.000125 
0.000691 0.002943 -0.001078 44 4.225790 -0.000063


0.000698 0.002940 -0.000981 4 4.187529 0.000034


0.000789 0.002873 -0.000890 54 3.615929 0.000125 
0.000786 0.002876 -0.001015 147 3.638481 0.000000 
0.000794 0.002865 -0.001015 83 3.570733 0.000000 
0.000796 0.002862 -0.000890 55 3.548167 0.000125 
0.000789 0.002873 -0.000890 54 3.615929 0.000125


0.000791 0.002869 -0.000953 5 3.593327 0.000063


0.000777 0.002887 -0.001015 152 3.706216 0.000000 
0.000786 0.002876 -0.001015 147 3.638481 0.000000 
0.000789 0.002873 -0.000890 54 3.615929 0.000125 
0.000780 0.002883 -0.000890 53 3.683692 0.000125 
0.000777 0.002887 -0.001015 152 3.706216 0.000000


0.000783 0.002880 -0.000953 6 3.661080 0.000063


0.000799 0.002858 -0.001140 100 3.525558 -0.000125 
0.000791 0.002869 -0.001140 127 3.593321 -0.000125 
0.000789 0.002873 -0.001265 34 3.615929 -0.000250 
0.000796 0.002862 -0.001265 33 3.548167 -0.000250 
0.000799 0.002858 -0.001140 100 3.525558 -0.000125


0.000794 0.002865 -0.001203 7 3.570744 -0.000187


0.000786 0.002876 -0.001015 147 3.638481 0.000000 
0.000777 0.002887 -0.001015 152 3.706216 0.000000 
0.000774 0.002890 -0.001140 130 3.728800 -0.000125 
0.000783 0.002880 -0.001140 89 3.661066 -0.000125 
0.000786 0.002876 -0.001015 147 3.638481 0.000000


0.000780 0.002883 -0.001078 8 3.683641 -0.000062


0.000789 0.002873 -0.001265 34 3.615929 -0.000250 
0.000791 0.002869 -0.001140 127 3.593321 -0.000125 
0.000783 0.002880 -0.001140 89 3.661066 -0.000125 
0.000780 0.002883 -0.001265 35 3.683692 -0.000250 
0.000789 0.002873 -0.001265 34 3.615929 -0.000250


0.000786 0.002876 -0.001203 9 3.638502 -0.000187


0.000803 0.002656 -0.001135 115 2.469468 -0.000119 
0.000812 0.002674 -0.001010 120 2.569576 0.000005 
0.000818 0.002691 -0.001013 94 2.657278 0.000003 
0.000813 0.002676 -0.001138 118 2.578001 -0.000123 
0.000803 0.002656 -0.001135 115 2.469468 -0.000119


0.000812 0.002674 -0.001074 10 2.568592 -0.000059


0.000741 0.002588 -0.000932 90 1.999721 0.000083 
0.000724 0.002577 -0.000927 126 1.901732 0.000088 
0.000730 0.002581 -0.000890 2 1.935595 0.000125 
0.000750 0.002594 -0.000890 1 2.057395 0.000125 
0.000741 0.002588 -0.000932 90 1.999721 0.000083


0.000736 0.002585 -0.000910 11 1.973603 0.000106


0.000792 0.002638 -0.001127 109 2.358363 -0.000111 
0.000805 0.002659 -0.001004 142 2.482773 0.000012 
0.000812 0.002674 -0.001010 120 2.569576 0.000005 
0.000803 0.002656 -0.001135 115 2.469468 -0.000119 
0.000792 0.002638 -0.001127 109 2.358363 -0.000111


0.000803 0.002656 -0.001069 12 2.470062 -0.000053


0.000796 0.002644 -0.000890 72 2.396207 0.000125 
0.000787 0.002632 -0.000929 138 2.321653 0.000086 
0.000784 0.002628 -0.000913 85 2.297226 0.000102 
0.000788 0.002633 -0.000890 73 2.328444 0.000125 
0.000796 0.002644 -0.000890 72 2.396207 0.000125


0.000789 0.002634 -0.000906 13 2.335876 0.000110


0.000791 0.002637 -0.000955 119 2.356670 0.000061 
0.000787 0.002632 -0.000929 138 2.321653 0.000086 
0.000796 0.002644 -0.000890 72 2.396207 0.000125 
0.000803 0.002655 -0.000890 71 2.463969 0.000125 
0.000791 0.002637 -0.000955 119 2.356670 0.000061


0.000795 0.002642 -0.000916 14 2.384615 0.000099


0.000763 0.002605 -0.000980 134 2.139801 0.000036 
0.000748 0.002592 -0.000988 149 2.041715 0.000027 
0.000754 0.002598 -0.000934 141 2.084287 0.000081 
0.000766 0.002608 -0.000930 108 2.165783 0.000085 
0.000763 0.002605 -0.000980 134 2.139801 0.000036


0.000758 0.002601 -0.000958 15 2.107900 0.000057


0.000803 0.002656 -0.001135 115 2.469468 -0.000119 
0.000813 0.002676 -0.001138 118 2.578001 -0.000123 
0.000806 0.002661 -0.001265 22 2.498657 -0.000250 
0.000793 0.002639 -0.001265 21 2.370070 -0.000250 
0.000803 0.002656 -0.001135 115 2.469468 -0.000119


0.000804 0.002658 -0.001201 16 2.479062 -0.000185


0.000813 0.002676 -0.001138 118 2.578001 -0.000123 
0.000820 0.002696 -0.001139 150 2.685992 -0.000124 
0.000816 0.002685 -0.001265 23 2.627244 -0.000250 
0.000806 0.002661 -0.001265 22 2.498657 -0.000250 
0.000813 0.002676 -0.001138 118 2.578001 -0.000123


0.000814 0.002679 -0.001202 17 2.597484 -0.000187


0.000803 0.002850 -0.000890 56 3.480404 0.000125 
0.000801 0.002854 -0.001015 121 3.502971 0.000000 
0.000807 0.002842 -0.001015 140 3.435176 0.000000 
0.000809 0.002838 -0.000890 57 3.412642 0.000125 
0.000803 0.002850 -0.000890 56 3.480404 0.000125


0.000805 0.002846 -0.000953 18 3.457799 0.000063


0.000794 0.002865 -0.001015 83 3.570733 0.000000 
0.000801 0.002854 -0.001015 121 3.502971 0.000000 
0.000803 0.002850 -0.000890 56 3.480404 0.000125 
0.000796 0.002862 -0.000890 55 3.548167 0.000125 
0.000794 0.002865 -0.001015 83 3.570733 0.000000


0.000799 0.002858 -0.000953 19 3.525569 0.000063


0.000794 0.002865 -0.001015 83 3.570733 0.000000 
0.000791 0.002869 -0.001140 127 3.593321 -0.000125 
0.000799 0.002858 -0.001140 100 3.525558 -0.000125 
0.000801 0.002854 -0.001015 121 3.502971 0.000000 
0.000794 0.002865 -0.001015 83 3.570733 0.000000


0.000796 0.002862 -0.001078 20 3.548146 -0.000062


0.000818 0.002817 -0.001015 98 3.299235 0.000000 
0.000816 0.002821 -0.001140 87 3.321785 -0.000125 
0.000821 0.002808 -0.001140 143 3.252780 -0.000125 
0.000822 0.002804 -0.001015 129 3.230438 0.000000 
0.000818 0.002817 -0.001015 98 3.299235 0.000000


0.000819 0.002813 -0.001078 21 3.276059 -0.000062


0.000825 0.002790 -0.001015 91 3.160077 0.000000 
0.000827 0.002775 -0.001015 145 3.085625 0.000000 
0.000827 0.002773 -0.000890 62 3.073830 0.000125 
0.000826 0.002786 -0.000890 61 3.141593 0.000125 
0.000825 0.002790 -0.001015 91 3.160077 0.000000


0.000826 0.002781 -0.000953 22 3.115281 0.000063


0.000697 0.002565 -0.000939 137 1.754832 0.000077 
0.000710 0.002571 -0.000918 112 1.825142 0.000098 
0.000724 0.002577 -0.000927 126 1.901732 0.000088 
0.000714 0.002572 -0.000969 116 1.844413 0.000046 
0.000697 0.002565 -0.000939 137 1.754832 0.000077


0.000711 0.002571 -0.000938 23 1.831534 0.000077


0.000818 0.002691 -0.001013 94 2.657278 0.000003 
0.000812 0.002674 -0.001010 120 2.569576 0.000005 
0.000819 0.002693 -0.000890 68 2.667256 0.000125 
0.000823 0.002706 -0.000890 67 2.735018 0.000125 
0.000818 0.002691 -0.001013 94 2.657278 0.000003


0.000818 0.002691 -0.000951 24 2.657291 0.000064


0.000805 0.002659 -0.001004 142 2.482773 0.000012 
0.000814 0.002680 -0.000890 69 2.599494 0.000125 
0.000819 0.002693 -0.000890 68 2.667256 0.000125 
0.000812 0.002674 -0.001010 120 2.569576 0.000005 
0.000805 0.002659 -0.001004 142 2.482773 0.000012


0.000813 0.002676 -0.000949 25 2.579785 0.000067


0.000826 0.002725 -0.001015 93 2.832211 0.000001 
0.000823 0.002708 -0.001014 123 2.744676 0.000001 
0.000825 0.002719 -0.000890 66 2.802781 0.000125 
0.000827 0.002732 -0.000890 65 2.870543 0.000125 
0.000826 0.002725 -0.001015 93 2.832211 0.000001


0.000826 0.002721 -0.000952 26 2.812557 0.000063


0.000825 0.002719 -0.000890 66 2.802781 0.000125 
0.000823 0.002708 -0.001014 123 2.744676 0.000001 
0.000818 0.002691 -0.001013 94 2.657278 0.000003 
0.000823 0.002706 -0.000890 67 2.735018 0.000125 
0.000825 0.002719 -0.000890 66 2.802781 0.000125


0.000823 0.002706 -0.000952 27 2.734945 0.000063


0.000807 0.002842 -0.001015 140 3.435176 0.000000 
0.000801 0.002854 -0.001015 121 3.502971 0.000000 
0.000799 0.002858 -0.001140 100 3.525558 -0.000125 
0.000805 0.002846 -0.001140 146 3.457761 -0.000125 
0.000807 0.002842 -0.001015 140 3.435176 0.000000


0.000803 0.002850 -0.001078 28 3.480367 -0.000062


0.000747 0.002914 -0.001012 132 3.908910 0.000003 
0.000758 0.002906 -0.001014 99 3.841502 0.000002 
0.000761 0.002903 -0.000890 51 3.819216 0.000125 
0.000751 0.002911 -0.000890 50 3.886979 0.000125 
0.000747 0.002914 -0.001012 132 3.908910 0.000003


0.000754 0.002908 -0.000952 29 3.864152 0.000064


0.000736 0.002921 -0.001008 81 3.975509 0.000007 
0.000747 0.002914 -0.001012 132 3.908910 0.000003 
0.000751 0.002911 -0.000890 50 3.886979 0.000125 
0.000740 0.002919 -0.000890 49 3.954741 0.000125 
0.000736 0.002921 -0.001008 81 3.975509 0.000007


0.000743 0.002917 -0.000950 30 3.931535 0.000065


0.000728 0.002926 -0.001265 40 4.022503 -0.000250 
0.000732 0.002924 -0.001131 131 3.999242 -0.000116 
0.000720 0.002931 -0.001115 96 4.067305 -0.000100 
0.000716 0.002933 -0.001265 41 4.090266 -0.000250 
0.000728 0.002926 -0.001265 40 4.022503 -0.000250


0.000724 0.002929 -0.001194 31 4.044829 -0.000179


0.000822 0.002804 -0.001015 129 3.230438 0.000000 
0.000821 0.002808 -0.001140 143 3.252780 -0.000125 
0.000824 0.002794 -0.001140 128 3.181635 -0.000125 
0.000825 0.002790 -0.001015 91 3.160077 0.000000 
0.000822 0.002804 -0.001015 129 3.230438 0.000000


0.000823 0.002799 -0.001078 32 3.206233 -0.000062


0.000716 0.002933 -0.000985 97 4.092095 0.000031 
0.000725 0.002928 -0.001000 125 4.039349 0.000016 
0.000728 0.002926 -0.000890 48 4.022503 0.000125 
0.000716 0.002933 -0.000890 47 4.090266 0.000125 
0.000716 0.002933 -0.000985 97 4.092095 0.000031


0.000721 0.002930 -0.000941 33 4.061054 0.000074


0.000720 0.002931 -0.001115 96 4.067305 -0.000100 
0.000707 0.002937 -0.001066 117 4.140504 -0.000051 
0.000704 0.002938 -0.001265 42 4.158028 -0.000250 
0.000716 0.002933 -0.001265 41 4.090266 -0.000250 
0.000720 0.002931 -0.001115 96 4.067305 -0.000100


0.000712 0.002935 -0.001178 34 4.114026 -0.000163


0.000728 0.002926 -0.000890 48 4.022503 0.000125 
0.000725 0.002928 -0.001000 125 4.039349 0.000016 
0.000736 0.002921 -0.001008 81 3.975509 0.000007 
0.000740 0.002919 -0.000890 49 3.954741 0.000125 
0.000728 0.002926 -0.000890 48 4.022503 0.000125


0.000732 0.002924 -0.000947 35 3.998026 0.000068


0.000725 0.002928 -0.001000 125 4.039349 0.000016 
0.000720 0.002931 -0.001115 96 4.067305 -0.000100 
0.000732 0.002924 -0.001131 131 3.999242 -0.000116 
0.000736 0.002921 -0.001008 81 3.975509 0.000007 
0.000725 0.002928 -0.001000 125 4.039349 0.000016


0.000729 0.002926 -0.001064 36 4.020351 -0.000048


0.000707 0.002937 -0.001066 117 4.140504 -0.000051 
0.000691 0.002943 -0.001078 44 4.225790 -0.000063 
0.000691 0.002943 -0.001265 43 4.225790 -0.000250 
0.000704 0.002938 -0.001265 42 4.158028 -0.000250 
0.000707 0.002937 -0.001066 117 4.140504 -0.000051


0.000698 0.002940 -0.001169 37 4.187529 -0.000153


0.000720 0.002931 -0.001115 96 4.067305 -0.000100 
0.000725 0.002928 -0.001000 125 4.039349 0.000016 
0.000716 0.002933 -0.000985 97 4.092095 0.000031 
0.000707 0.002937 -0.001066 117 4.140504 -0.000051 
0.000720 0.002931 -0.001115 96 4.067305 -0.000100


0.000717 0.002932 -0.001042 38 4.084810 -0.000026


0.000807 0.002842 -0.001015 140 3.435176 0.000000 
0.000813 0.002830 -0.001015 102 3.367308 0.000000 
0.000815 0.002826 -0.000890 58 3.344880 0.000125 
0.000809 0.002838 -0.000890 57 3.412642 0.000125 
0.000807 0.002842 -0.001015 140 3.435176 0.000000


0.000811 0.002834 -0.000953 39 3.390001 0.000063


0.000815 0.002826 -0.000890 58 3.344880 0.000125 
0.000813 0.002830 -0.001015 102 3.367308 0.000000 
0.000818 0.002817 -0.001015 98 3.299235 0.000000 
0.000819 0.002813 -0.000890 59 3.277117 0.000125 
0.000815 0.002826 -0.000890 58 3.344880 0.000125


0.000816 0.002821 -0.000953 40 3.322135 0.000063


0.000823 0.002800 -0.001265 28 3.209355 -0.000250 
0.000824 0.002794 -0.001140 128 3.181635 -0.000125 
0.000821 0.002808 -0.001140 143 3.252780 -0.000125 
0.000819 0.002813 -0.001265 29 3.277117 -0.000250 
0.000823 0.002800 -0.001265 28 3.209355 -0.000250


0.000822 0.002804 -0.001203 41 3.230222 -0.000187


0.000813 0.002830 -0.001015 102 3.367308 0.000000 
0.000811 0.002834 -0.001140 92 3.389894 -0.000125 
0.000816 0.002821 -0.001140 87 3.321785 -0.000125 
0.000818 0.002817 -0.001015 98 3.299235 0.000000 
0.000813 0.002830 -0.001015 102 3.367308 0.000000


0.000815 0.002825 -0.001078 42 3.344555 -0.000062


0.000777 0.002887 -0.001015 152 3.706216 0.000000 
0.000768 0.002896 -0.001015 122 3.773906 0.000001 
0.000764 0.002900 -0.001140 103 3.796490 -0.000124 
0.000774 0.002890 -0.001140 130 3.728800 -0.000125 
0.000777 0.002887 -0.001015 152 3.706216 0.000000


0.000771 0.002893 -0.001077 43 3.751353 -0.000062


0.000818 0.002817 -0.001015 98 3.299235 0.000000 
0.000822 0.002804 -0.001015 129 3.230438 0.000000 
0.000823 0.002800 -0.000890 60 3.209355 0.000125 
0.000819 0.002813 -0.000890 59 3.277117 0.000125 
0.000818 0.002817 -0.001015 98 3.299235 0.000000


0.000821 0.002808 -0.000953 44 3.254036 0.000063


0.000823 0.002800 -0.000890 60 3.209355 0.000125 
0.000822 0.002804 -0.001015 129 3.230438 0.000000 
0.000825 0.002790 -0.001015 91 3.160077 0.000000 
0.000826 0.002786 -0.000890 61 3.141593 0.000125 
0.000823 0.002800 -0.000890 60 3.209355 0.000125


0.000824 0.002795 -0.000953 45 3.185366 0.000063


0.000827 0.002779 -0.001140 101 3.103929 -0.000125 
0.000824 0.002794 -0.001140 128 3.181635 -0.000125 
0.000823 0.002800 -0.001265 28 3.209355 -0.000250 
0.000826 0.002786 -0.001265 27 3.141593 -0.000250 
0.000827 0.002779 -0.001140 101 3.103929 -0.000125


0.000825 0.002790 -0.001203 46 3.159130 -0.000187


0.000771 0.002893 -0.000890 52 3.751454 0.000125 
0.000768 0.002896 -0.001015 122 3.773906 0.000001 
0.000777 0.002887 -0.001015 152 3.706216 0.000000 
0.000780 0.002883 -0.000890 53 3.683692 0.000125 
0.000771 0.002893 -0.000890 52 3.751454 0.000125


0.000774 0.002890 -0.000953 47 3.728817 0.000063


0.000758 0.002906 -0.001014 99 3.841502 0.000002 
0.000768 0.002896 -0.001015 122 3.773906 0.000001 
0.000771 0.002893 -0.000890 52 3.751454 0.000125 
0.000761 0.002903 -0.000890 51 3.819216 0.000125 
0.000758 0.002906 -0.001014 99 3.841502 0.000002


0.000764 0.002900 -0.000952 48 3.796519 0.000063


0.000783 0.002880 -0.001140 89 3.661066 -0.000125 
0.000774 0.002890 -0.001140 130 3.728800 -0.000125 
0.000771 0.002893 -0.001265 36 3.751454 -0.000250 
0.000780 0.002883 -0.001265 35 3.683692 -0.000250 
0.000783 0.002880 -0.001140 89 3.661066 -0.000125


0.000777 0.002887 -0.001203 49 3.706253 -0.000187


0.000771 0.002893 -0.001265 36 3.751454 -0.000250 
0.000774 0.002890 -0.001140 130 3.728800 -0.000125 
0.000764 0.002900 -0.001140 103 3.796490 -0.000124 
0.000761 0.002903 -0.001265 37 3.819216 -0.000250 
0.000771 0.002893 -0.001265 36 3.751454 -0.000250


0.000768 0.002896 -0.001203 50 3.773990 -0.000187


0.000828 0.002746 -0.000890 64 2.938306 0.000125 
0.000828 0.002742 -0.001015 151 2.919004 0.000000 
0.000826 0.002725 -0.001015 93 2.832211 0.000001 
0.000827 0.002732 -0.000890 65 2.870543 0.000125 
0.000828 0.002746 -0.000890 64 2.938306 0.000125


0.000828 0.002736 -0.000953 51 2.890019 0.000063


0.000828 0.002759 -0.001015 104 3.004354 0.000000 
0.000828 0.002742 -0.001015 151 2.919004 0.000000 
0.000828 0.002746 -0.000890 64 2.938306 0.000125 
0.000828 0.002759 -0.000890 63 3.006068 0.000125 
0.000828 0.002759 -0.001015 104 3.004354 0.000000


0.000828 0.002752 -0.000953 52 2.966934 0.000063


0.000828 0.002738 -0.001140 106 2.900941 -0.000125 
0.000828 0.002759 -0.001140 79 3.005895 -0.000125 
0.000828 0.002761 -0.001265 26 3.013005 -0.000250 
0.000828 0.002735 -0.001265 25 2.884418 -0.000250 
0.000828 0.002738 -0.001140 106 2.900941 -0.000125


0.000828 0.002748 -0.001203 53 2.951066 -0.000187


0.000728 0.002926 -0.001265 40 4.022503 -0.000250 
0.000740 0.002919 -0.001265 39 3.954741 -0.000250 
0.000743 0.002917 -0.001137 107 3.931705 -0.000121 
0.000732 0.002924 -0.001131 131 3.999242 -0.000116 
0.000728 0.002926 -0.001265 40 4.022503 -0.000250


0.000736 0.002922 -0.001200 54 3.977048 -0.000184


0.000828 0.002761 -0.001265 26 3.013005 -0.000250 
0.000828 0.002759 -0.001140 79 3.005895 -0.000125 
0.000827 0.002779 -0.001140 101 3.103929 -0.000125 
0.000826 0.002786 -0.001265 27 3.141593 -0.000250 
0.000828 0.002761 -0.001265 26 3.013005 -0.000250


0.000828 0.002771 -0.001203 55 3.066101 -0.000187


0.000731 0.002582 -0.000983 105 1.945096 0.000032 
0.000741 0.002588 -0.000932 90 1.999721 0.000083 
0.000754 0.002598 -0.000934 141 2.084287 0.000081 
0.000748 0.002592 -0.000988 149 2.041715 0.000027 
0.000731 0.002582 -0.000983 105 1.945096 0.000032


0.000744 0.002590 -0.000959 56 2.017708 0.000056


0.000786 0.002876 -0.001015 147 3.638481 0.000000 
0.000783 0.002880 -0.001140 89 3.661066 -0.000125 
0.000791 0.002869 -0.001140 127 3.593321 -0.000125 
0.000794 0.002865 -0.001015 83 3.570733 0.000000 
0.000786 0.002876 -0.001015 147 3.638481 0.000000


0.000789 0.002873 -0.001078 57 3.615900 -0.000062


0.000743 0.002917 -0.001137 107 3.931705 -0.000121 
0.000747 0.002914 -0.001012 132 3.908910 0.000003 
0.000736 0.002921 -0.001008 81 3.975509 0.000007 
0.000732 0.002924 -0.001131 131 3.999242 -0.000116 
0.000743 0.002917 -0.001137 107 3.931705 -0.000121


0.000740 0.002919 -0.001072 58 3.953841 -0.000057


0.000764 0.002900 -0.001140 103 3.796490 -0.000124 
0.000754 0.002908 -0.001139 133 3.864158 -0.000123 
0.000751 0.002911 -0.001265 38 3.886979 -0.000250 
0.000761 0.002903 -0.001265 37 3.819216 -0.000250 
0.000764 0.002900 -0.001140 103 3.796490 -0.000124


0.000758 0.002906 -0.001202 59 3.841711 -0.000187


0.000754 0.002908 -0.001139 133 3.864158 -0.000123 
0.000764 0.002900 -0.001140 103 3.796490 -0.000124 
0.000768 0.002896 -0.001015 122 3.773906 0.000001 
0.000758 0.002906 -0.001014 99 3.841502 0.000002 
0.000754 0.002908 -0.001139 133 3.864158 -0.000123


0.000761 0.002903 -0.001077 60 3.819014 -0.000061


0.000751 0.002911 -0.001265 38 3.886979 -0.000250 
0.000754 0.002908 -0.001139 133 3.864158 -0.000123 
0.000743 0.002917 -0.001137 107 3.931705 -0.000121 
0.000740 0.002919 -0.001265 39 3.954741 -0.000250 
0.000751 0.002911 -0.001265 38 3.886979 -0.000250


0.000747 0.002914 -0.001202 61 3.909396 -0.000186


0.000784 0.002628 -0.000913 85 2.297226 0.000102 
0.000777 0.002619 -0.000923 148 2.240083 0.000092 
0.000780 0.002622 -0.000890 74 2.260682 0.000125 
0.000788 0.002633 -0.000890 73 2.328444 0.000125 
0.000784 0.002628 -0.000913 85 2.297226 0.000102


0.000782 0.002625 -0.000904 62 2.281608 0.000111


0.000740 0.002587 -0.001057 80 1.994691 -0.000042 
0.000748 0.002592 -0.000988 149 2.041715 0.000027 
0.000763 0.002605 -0.000980 134 2.139801 0.000036 
0.000758 0.002601 -0.001047 84 2.110770 -0.000031 
0.000740 0.002587 -0.001057 80 1.994691 -0.000042


0.000752 0.002596 -0.001018 63 2.071749 -0.000002


0.000780 0.002622 -0.000890 74 2.260682 0.000125 
0.000777 0.002619 -0.000923 148 2.240083 0.000092 
0.000766 0.002608 -0.000930 108 2.165783 0.000085 
0.000770 0.002612 -0.000890 75 2.192920 0.000125 
0.000780 0.002622 -0.000890 74 2.260682 0.000125


0.000773 0.002615 -0.000909 64 2.214867 0.000107


0.000776 0.002618 -0.001107 110 2.235874 -0.000091 
0.000792 0.002638 -0.001127 109 2.358363 -0.000111 
0.000777 0.002619 -0.001265 20 2.241482 -0.000250 
0.000759 0.002601 -0.001265 19 2.112895 -0.000250 
0.000776 0.002618 -0.001107 110 2.235874 -0.000091


0.000776 0.002619 -0.001191 65 2.237159 -0.000176


0.000720 0.002575 -0.001054 124 1.879447 -0.000039 
0.000731 0.002582 -0.000983 105 1.945096 0.000032 
0.000748 0.002592 -0.000988 149 2.041715 0.000027 
0.000740 0.002587 -0.001057 80 1.994691 -0.000042 
0.000720 0.002575 -0.001054 124 1.879447 -0.000039


0.000735 0.002584 -0.001021 66 1.965244 -0.000005


0.000787 0.002632 -0.000929 138 2.321653 0.000086 
0.000791 0.002637 -0.000955 119 2.356670 0.000061 
0.000776 0.002618 -0.001016 136 2.235158 -0.000001 
0.000776 0.002618 -0.000960 86 2.235804 0.000056 
0.000787 0.002632 -0.000929 138 2.321653 0.000086


0.000783 0.002626 -0.000965 67 2.287317 0.000050


0.000729 0.002580 -0.001152 135 1.931528 -0.000137 
0.000752 0.002596 -0.001141 78 2.067442 -0.000125 
0.000738 0.002586 -0.001265 18 1.984308 -0.000250 
0.000716 0.002573 -0.001265 17 1.855721 -0.000250 
0.000729 0.002580 -0.001152 135 1.931528 -0.000137


0.000734 0.002583 -0.001206 68 1.959745 -0.000191


0.000707 0.002569 -0.001148 95 1.806092 -0.000133 
0.000682 0.002560 -0.001127 111 1.674175 -0.000112 
0.000700 0.002566 -0.001031 77 1.767779 -0.000015 
0.000720 0.002575 -0.001054 124 1.879447 -0.000039 
0.000707 0.002569 -0.001148 95 1.806092 -0.000133


0.000702 0.002567 -0.001090 69 1.781886 -0.000075


0.000738 0.002586 -0.001265 18 1.984308 -0.000250 
0.000752 0.002596 -0.001141 78 2.067442 -0.000125 
0.000776 0.002618 -0.001107 110 2.235874 -0.000091 
0.000759 0.002601 -0.001265 19 2.112895 -0.000250 
0.000738 0.002586 -0.001265 18 1.984308 -0.000250


0.000757 0.002600 -0.001195 70 2.100092 -0.000179


0.000730 0.002581 -0.000890 2 1.935595 0.000125 
0.000724 0.002577 -0.000927 126 1.901732 0.000088 
0.000710 0.002571 -0.000918 112 1.825142 0.000098 
0.000708 0.002570 -0.000890 3 1.814517 0.000126 
0.000730 0.002581 -0.000890 2 1.935595 0.000125


0.000718 0.002574 -0.000906 71 1.869244 0.000109


0.000758 0.002601 -0.001047 84 2.110770 -0.000031 
0.000763 0.002605 -0.000980 134 2.139801 0.000036 
0.000776 0.002618 -0.000960 86 2.235804 0.000056 
0.000776 0.002618 -0.001016 136 2.235158 -0.000001 
0.000758 0.002601 -0.001047 84 2.110770 -0.000031


0.000769 0.002610 -0.001001 72 2.180386 0.000015


0.000740 0.002587 -0.001057 80 1.994691 -0.000042 
0.000729 0.002580 -0.001152 135 1.931528 -0.000137 
0.000707 0.002569 -0.001148 95 1.806092 -0.000133 
0.000720 0.002575 -0.001054 124 1.879447 -0.000039 
0.000740 0.002587 -0.001057 80 1.994691 -0.000042


0.000724 0.002577 -0.001103 73 1.902945 -0.000087


0.000682 0.002560 -0.001127 111 1.674175 -0.000112 
0.000707 0.002569 -0.001148 95 1.806092 -0.000133 
0.000692 0.002563 -0.001265 16 1.727134 -0.000250 
0.000667 0.002557 -0.001265 15 1.598547 -0.000250 
0.000682 0.002560 -0.001127 111 1.674175 -0.000112


0.000687 0.002562 -0.001202 74 1.701485 -0.000186


0.000758 0.002601 -0.001047 84 2.110770 -0.000031 
0.000776 0.002618 -0.001016 136 2.235158 -0.000001 
0.000776 0.002618 -0.001107 110 2.235874 -0.000091 
0.000752 0.002596 -0.001141 78 2.067442 -0.000125 
0.000758 0.002601 -0.001047 84 2.110770 -0.000031


0.000766 0.002608 -0.001078 75 2.162319 -0.000062


0.000678 0.002559 -0.000981 113 1.655024 0.000035 
0.000652 0.002554 -0.001067 88 1.521496 -0.000051 
0.000638 0.002553 -0.000889 6 1.449817 0.000126 
0.000662 0.002556 -0.000889 5 1.570996 0.000127 
0.000678 0.002559 -0.000981 113 1.655024 0.000035


0.000657 0.002555 -0.000956 76 1.549326 0.000059


0.000618 0.002553 -0.001075 114 1.351082 -0.000059 
0.000652 0.002554 -0.001067 88 1.521496 -0.000051 
0.000642 0.002553 -0.001265 14 1.469959 -0.000250 
0.000616 0.002553 -0.001265 13 1.341372 -0.000250 
0.000618 0.002553 -0.001075 114 1.351082 -0.000059


0.000632 0.002553 -0.001168 77 1.420965 -0.000153


0.000642 0.002553 -0.001265 14 1.469959 -0.000250 
0.000652 0.002554 -0.001067 88 1.521496 -0.000051 
0.000682 0.002560 -0.001127 111 1.674175 -0.000112 
0.000667 0.002557 -0.001265 15 1.598547 -0.000250 
0.000642 0.002553 -0.001265 14 1.469959 -0.000250


0.000661 0.002556 -0.001181 78 1.566031 -0.000166


0.000710 0.002571 -0.000918 112 1.825142 0.000098 
0.000697 0.002565 -0.000939 137 1.754832 0.000077 
0.000685 0.002561 -0.000889 4 1.692457 0.000126 
0.000708 0.002570 -0.000890 3 1.814517 0.000126 
0.000710 0.002571 -0.000918 112 1.825142 0.000098


0.000700 0.002566 -0.000909 79 1.771748 0.000107


0.000700 0.002566 -0.001031 77 1.767779 -0.000015 
0.000714 0.002572 -0.000969 116 1.844413 0.000046 
0.000731 0.002582 -0.000983 105 1.945096 0.000032 
0.000720 0.002575 -0.001054 124 1.879447 -0.000039 
0.000700 0.002566 -0.001031 77 1.767779 -0.000015


0.000716 0.002573 -0.001009 80 1.859189 0.000006


0.000685 0.002561 -0.000889 4 1.692457 0.000126 
0.000697 0.002565 -0.000939 137 1.754832 0.000077 
0.000678 0.002559 -0.000981 113 1.655024 0.000035 
0.000662 0.002556 -0.000889 5 1.570996 0.000127 
0.000685 0.002561 -0.000889 4 1.692457 0.000126


0.000681 0.002560 -0.000924 81 1.668338 0.000091


0.000752 0.002596 -0.001141 78 2.067442 -0.000125 
0.000729 0.002580 -0.001152 135 1.931528 -0.000137 
0.000740 0.002587 -0.001057 80 1.994691 -0.000042 
0.000758 0.002601 -0.001047 84 2.110770 -0.000031 
0.000752 0.002596 -0.001141 78 2.067442 -0.000125


0.000745 0.002591 -0.001099 82 2.026116 -0.000084


0.000589 0.002557 -0.000890 8 1.206132 0.000125 
0.000591 0.002557 -0.001077 139 1.213566 -0.000062 
0.000566 0.002563 -0.001078 10 1.084198 -0.000063 
0.000566 0.002563 -0.000890 9 1.084198 0.000125 
0.000589 0.002557 -0.000890 8 1.206132 0.000125


0.000578 0.002560 -0.000984 83 1.147024 0.000032


0.000591 0.002557 -0.001077 139 1.213566 -0.000062 
0.000618 0.002553 -0.001075 114 1.351082 -0.000059 
0.000616 0.002553 -0.001265 13 1.341372 -0.000250 
0.000590 0.002557 -0.001265 12 1.212785 -0.000250 
0.000591 0.002557 -0.001077 139 1.213566 -0.000062


0.000604 0.002555 -0.001171 84 1.279701 -0.000155


0.000591 0.002557 -0.001077 139 1.213566 -0.000062 
0.000590 0.002557 -0.001265 12 1.212785 -0.000250 
0.000566 0.002563 -0.001265 11 1.084198 -0.000250 
0.000566 0.002563 -0.001078 10 1.084198 -0.000063 
0.000591 0.002557 -0.001077 139 1.213566 -0.000062


0.000578 0.002559 -0.001171 85 1.148687 -0.000156


0.000692 0.002563 -0.001265 16 1.727134 -0.000250 
0.000707 0.002569 -0.001148 95 1.806092 -0.000133 
0.000729 0.002580 -0.001152 135 1.931528 -0.000137 
0.000716 0.002573 -0.001265 17 1.855721 -0.000250 
0.000692 0.002563 -0.001265 16 1.727134 -0.000250


0.000711 0.002571 -0.001208 86 1.830121 -0.000192


0.000766 0.002608 -0.000930 108 2.165783 0.000085 
0.000754 0.002598 -0.000934 141 2.084287 0.000081 
0.000760 0.002603 -0.000890 76 2.125157 0.000125 
0.000770 0.002612 -0.000890 75 2.192920 0.000125 
0.000766 0.002608 -0.000930 108 2.165783 0.000085


0.000763 0.002605 -0.000911 87 2.142039 0.000104


0.000714 0.002572 -0.000969 116 1.844413 0.000046 
0.000724 0.002577 -0.000927 126 1.901732 0.000088 
0.000741 0.002588 -0.000932 90 1.999721 0.000083 
0.000731 0.002582 -0.000983 105 1.945096 0.000032 
0.000714 0.002572 -0.000969 116 1.844413 0.000046


0.000728 0.002579 -0.000953 88 1.922741 0.000063


0.000760 0.002603 -0.000890 76 2.125157 0.000125 
0.000754 0.002598 -0.000934 141 2.084287 0.000081 
0.000741 0.002588 -0.000932 90 1.999721 0.000083 
0.000750 0.002594 -0.000890 1 2.057395 0.000125 
0.000760 0.002603 -0.000890 76 2.125157 0.000125


0.000751 0.002595 -0.000912 89 2.066644 0.000104


0.000777 0.002619 -0.001265 20 2.241482 -0.000250 
0.000792 0.002638 -0.001127 109 2.358363 -0.000111 
0.000803 0.002656 -0.001135 115 2.469468 -0.000119 
0.000793 0.002639 -0.001265 21 2.370070 -0.000250 
0.000777 0.002619 -0.001265 20 2.241482 -0.000250


0.000792 0.002638 -0.001198 90 2.359860 -0.000183


0.000776 0.002618 -0.001107 110 2.235874 -0.000091 
0.000797 0.002645 -0.000988 82 2.402812 0.000028 
0.000805 0.002659 -0.001004 142 2.482773 0.000012 
0.000792 0.002638 -0.001127 109 2.358363 -0.000111 
0.000776 0.002618 -0.001107 110 2.235874 -0.000091


0.000793 0.002639 -0.001056 91 2.369995 -0.000041


0.000818 0.002691 -0.001013 94 2.657278 0.000003 
0.000823 0.002708 -0.001014 123 2.744676 0.000001 
0.000820 0.002696 -0.001139 150 2.685992 -0.000124 
0.000813 0.002676 -0.001138 118 2.578001 -0.000123 
0.000818 0.002691 -0.001013 94 2.657278 0.000003


0.000819 0.002692 -0.001076 92 2.666495 -0.000061


0.000809 0.002667 -0.000890 70 2.531731 0.000125 
0.000797 0.002645 -0.000988 82 2.402812 0.000028 
0.000791 0.002637 -0.000955 119 2.356670 0.000061 
0.000803 0.002655 -0.000890 71 2.463969 0.000125 
0.000809 0.002667 -0.000890 70 2.531731 0.000125


0.000800 0.002651 -0.000931 93 2.438787 0.000085


0.000805 0.002659 -0.001004 142 2.482773 0.000012 
0.000797 0.002645 -0.000988 82 2.402812 0.000028 
0.000809 0.002667 -0.000890 70 2.531731 0.000125 
0.000814 0.002680 -0.000890 69 2.599494 0.000125 
0.000805 0.002659 -0.001004 142 2.482773 0.000012


0.000807 0.002662 -0.000943 94 2.504209 0.000072


0.000824 0.002710 -0.001265 24 2.755831 -0.000250 
0.000825 0.002717 -0.001140 144 2.793838 -0.000124 
0.000828 0.002738 -0.001140 106 2.900941 -0.000125 
0.000828 0.002735 -0.001265 25 2.884418 -0.000250 
0.000824 0.002710 -0.001265 24 2.755831 -0.000250


0.000826 0.002725 -0.001203 95 2.833761 -0.000187


0.000820 0.002696 -0.001139 150 2.685992 -0.000124 
0.000825 0.002717 -0.001140 144 2.793838 -0.000124 
0.000824 0.002710 -0.001265 24 2.755831 -0.000250 
0.000816 0.002685 -0.001265 23 2.627244 -0.000250 
0.000820 0.002696 -0.001139 150 2.685992 -0.000124


0.000822 0.002702 -0.001203 96 2.715734 -0.000187


0.000828 0.002742 -0.001015 151 2.919004 0.000000 
0.000828 0.002759 -0.001015 104 3.004354 0.000000 
0.000828 0.002759 -0.001140 79 3.005895 -0.000125 
0.000828 0.002738 -0.001140 106 2.900941 -0.000125 
0.000828 0.002742 -0.001015 151 2.919004 0.000000


0.000828 0.002750 -0.001078 97 2.957549 -0.000062


0.000827 0.002773 -0.000890 62 3.073830 0.000125 
0.000827 0.002775 -0.001015 145 3.085625 0.000000 
0.000828 0.002759 -0.001015 104 3.004354 0.000000 
0.000828 0.002759 -0.000890 63 3.006068 0.000125 
0.000827 0.002773 -0.000890 62 3.073830 0.000125


0.000828 0.002767 -0.000953 98 3.042469 0.000063


0.000815 0.002826 -0.001265 30 3.344880 -0.000250 
0.000816 0.002821 -0.001140 87 3.321785 -0.000125 
0.000811 0.002834 -0.001140 92 3.389894 -0.000125 
0.000809 0.002838 -0.001265 31 3.412642 -0.000250 
0.000815 0.002826 -0.001265 30 3.344880 -0.000250


0.000813 0.002830 -0.001203 99 3.367300 -0.000187


0.000821 0.002808 -0.001140 143 3.252780 -0.000125 
0.000816 0.002821 -0.001140 87 3.321785 -0.000125 
0.000815 0.002826 -0.001265 30 3.344880 -0.000250 
0.000819 0.002813 -0.001265 29 3.277117 -0.000250 
0.000821 0.002808 -0.001140 143 3.252780 -0.000125


0.000818 0.002817 -0.001203 100 3.299141 -0.000187


0.000803 0.002850 -0.001265 32 3.480404 -0.000250 
0.000805 0.002846 -0.001140 146 3.457761 -0.000125 
0.000799 0.002858 -0.001140 100 3.525558 -0.000125 
0.000796 0.002862 -0.001265 33 3.548167 -0.000250 
0.000803 0.002850 -0.001265 32 3.480404 -0.000250


0.000801 0.002854 -0.001203 101 3.502973 -0.000187


0.000811 0.002834 -0.001140 92 3.389894 -0.000125 
0.000805 0.002846 -0.001140 146 3.457761 -0.000125 
0.000803 0.002850 -0.001265 32 3.480404 -0.000250 
0.000809 0.002838 -0.001265 31 3.412642 -0.000250 
0.000811 0.002834 -0.001140 92 3.389894 -0.000125


0.000807 0.002842 -0.001203 102 3.435175 -0.000187


0.000787 0.002632 -0.000929 138 2.321653 0.000086 
0.000776 0.002618 -0.000960 86 2.235804 0.000056 
0.000777 0.002619 -0.000923 148 2.240083 0.000092 
0.000784 0.002628 -0.000913 85 2.297226 0.000102 
0.000787 0.002632 -0.000929 138 2.321653 0.000086


0.000781 0.002624 -0.000931 103 2.273690 0.000084


0.000776 0.002618 -0.000960 86 2.235804 0.000056 
0.000763 0.002605 -0.000980 134 2.139801 0.000036 
0.000766 0.002608 -0.000930 108 2.165783 0.000085 
0.000777 0.002619 -0.000923 148 2.240083 0.000092 
0.000776 0.002618 -0.000960 86 2.235804 0.000056


0.000771 0.002613 -0.000948 104 2.195369 0.000067


0.000618 0.002553 -0.001075 114 1.351082 -0.000059 
0.000591 0.002557 -0.001077 139 1.213566 -0.000062 
0.000589 0.002557 -0.000890 8 1.206132 0.000125 
0.000613 0.002554 -0.000890 7 1.327619 0.000126 
0.000618 0.002553 -0.001075 114 1.351082 -0.000059


0.000603 0.002555 -0.000983 105 1.274597 0.000033


0.000700 0.002566 -0.001031 77 1.767779 -0.000015 
0.000678 0.002559 -0.000981 113 1.655024 0.000035 
0.000697 0.002565 -0.000939 137 1.754832 0.000077 
0.000714 0.002572 -0.000969 116 1.844413 0.000046 
0.000700 0.002566 -0.001031 77 1.767779 -0.000015


0.000697 0.002565 -0.000980 106 1.755525 0.000036


0.000678 0.002559 -0.000981 113 1.655024 0.000035 
0.000700 0.002566 -0.001031 77 1.767779 -0.000015 
0.000682 0.002560 -0.001127 111 1.674175 -0.000112 
0.000652 0.002554 -0.001067 88 1.521496 -0.000051 
0.000678 0.002559 -0.000981 113 1.655024 0.000035


0.000678 0.002559 -0.001051 107 1.654656 -0.000036


0.000807 0.002842 -0.001015 140 3.435176 0.000000 
0.000805 0.002846 -0.001140 146 3.457761 -0.000125 
0.000811 0.002834 -0.001140 92 3.389894 -0.000125 
0.000813 0.002830 -0.001015 102 3.367308 0.000000 
0.000807 0.002842 -0.001015 140 3.435176 0.000000


0.000809 0.002838 -0.001078 108 3.412535 -0.000062


0.000823 0.002708 -0.001014 123 2.744676 0.000001 
0.000826 0.002725 -0.001015 93 2.832211 0.000001 
0.000825 0.002717 -0.001140 144 2.793838 -0.000124 
0.000820 0.002696 -0.001139 150 2.685992 -0.000124 
0.000823 0.002708 -0.001014 123 2.744676 0.000001


0.000824 0.002711 -0.001077 109 2.764185 -0.000062


0.000828 0.002742 -0.001015 151 2.919004 0.000000 
0.000828 0.002738 -0.001140 106 2.900941 -0.000125 
0.000825 0.002717 -0.001140 144 2.793838 -0.000124 
0.000826 0.002725 -0.001015 93 2.832211 0.000001 
0.000828 0.002742 -0.001015 151 2.919004 0.000000


0.000827 0.002731 -0.001077 110 2.861502 -0.000062


0.000827 0.002779 -0.001140 101 3.103929 -0.000125 
0.000828 0.002759 -0.001140 79 3.005895 -0.000125 
0.000828 0.002759 -0.001015 104 3.004354 0.000000 
0.000827 0.002775 -0.001015 145 3.085625 0.000000 
0.000827 0.002779 -0.001140 101 3.103929 -0.000125


0.000828 0.002768 -0.001078 111 3.049950 -0.000062


0.000824 0.002794 -0.001140 128 3.181635 -0.000125 
0.000827 0.002779 -0.001140 101 3.103929 -0.000125 
0.000827 0.002775 -0.001015 145 3.085625 0.000000 
0.000825 0.002790 -0.001015 91 3.160077 0.000000 
0.000824 0.002794 -0.001140 128 3.181635 -0.000125


0.000826 0.002785 -0.001078 112 3.132816 -0.000062


0.000747 0.002914 -0.001012 132 3.908910 0.000003 
0.000743 0.002917 -0.001137 107 3.931705 -0.000121 
0.000754 0.002908 -0.001139 133 3.864158 -0.000123 
0.000758 0.002906 -0.001014 99 3.841502 0.000002 
0.000747 0.002914 -0.001012 132 3.908910 0.000003


0.000751 0.002911 -0.001075 113 3.886569 -0.000060


