0.000922 -0.001440 0.000610 38 -0.000143 -0.001605 
0.000843 -0.001475 0.000610 62 -0.000222 -0.001640 
0.000780 -0.001562 0.000610 22 -0.000286 -0.001726 
0.000875 -0.001575 0.000610 23 -0.000191 -0.001740 
0.000922 -0.001440 0.000610 38 -0.000143 -0.001605


0.000855 -0.001513 0.000610 1 -0.000211 -0.001678


0.000828 -0.001424 0.000610 37 -0.000238 -0.001589 
0.000843 -0.001475 0.000610 62 -0.000222 -0.001640 
0.000922 -0.001440 0.000610 38 -0.000143 -0.001605 
0.000970 -0.001305 0.000610 36 -0.000096 -0.001470 
0.000828 -0.001424 0.000610 37 -0.000238 -0.001589


0.000891 -0.001411 0.000610 2 -0.000175 -0.001576


0.000780 -0.001562 0.000610 22 -0.000286 -0.001726 
0.000843 -0.001475 0.000610 62 -0.000222 -0.001640 
0.000828 -0.001424 0.000610 37 -0.000238 -0.001589 
0.000686 -0.001543 0.000610 21 -0.000380 -0.001708 
0.000780 -0.001562 0.000610 22 -0.000286 -0.001726


0.000784 -0.001501 0.000610 3 -0.000282 -0.001666


0.000393 -0.001300 0.000610 16 -0.000673 -0.001465 
0.000429 -0.001365 0.000610 63 -0.000637 -0.001530 
0.000482 -0.001336 0.000610 39 -0.000584 -0.001501 
0.000462 -0.001181 0.000610 15 -0.000604 -0.001346 
0.000393 -0.001300 0.000610 16 -0.000673 -0.001465


0.000442 -0.001296 0.000610 4 -0.000624 -0.001460


0.000412 -0.001458 0.000610 18 -0.000654 -0.001623 
0.000429 -0.001365 0.000610 63 -0.000637 -0.001530 
0.000393 -0.001300 0.000610 16 -0.000673 -0.001465 
0.000324 -0.001420 0.000610 17 -0.000742 -0.001585 
0.000412 -0.001458 0.000610 18 -0.000654 -0.001623


0.000389 -0.001386 0.000610 5 -0.000676 -0.001551


0.000482 -0.001336 0.000610 39 -0.000584 -0.001501 
0.000429 -0.001365 0.000610 63 -0.000637 -0.001530 
0.000412 -0.001458 0.000610 18 -0.000654 -0.001623 
0.000502 -0.001492 0.000610 19 -0.000564 -0.001657 
0.000482 -0.001336 0.000610 39 -0.000584 -0.001501


0.000456 -0.001413 0.000610 6 -0.000610 -0.001578


0.001600 -0.001061 0.000610 4 0.000535 -0.001226 
0.001556 -0.001125 0.000610 64 0.000490 -0.001289 
0.001568 -0.001216 0.000610 41 0.000502 -0.001381 
0.001669 -0.001181 0.000610 3 0.000604 -0.001346 
0.001600 -0.001061 0.000610 4 0.000535 -0.001226


0.001598 -0.001146 0.000610 7 0.000533 -0.001310


0.001499 -0.001096 0.000610 40 0.000433 -0.001261 
0.001556 -0.001125 0.000610 64 0.000490 -0.001289 
0.001600 -0.001061 0.000610 4 0.000535 -0.001226 
0.001531 -0.000941 0.000610 5 0.000465 -0.001106 
0.001499 -0.001096 0.000610 40 0.000433 -0.001261


0.001547 -0.001056 0.000610 8 0.000481 -0.001221


0.001568 -0.001216 0.000610 41 0.000502 -0.001381 
0.001556 -0.001125 0.000610 64 0.000490 -0.001289 
0.001499 -0.001096 0.000610 40 0.000433 -0.001261 
0.001467 -0.001252 0.000610 33 0.000401 -0.001416 
0.001568 -0.001216 0.000610 41 0.000502 -0.001381


0.001522 -0.001172 0.000610 9 0.000457 -0.001337


0.001720 -0.001458 0.000610 32 0.000654 -0.001623 
0.001703 -0.001365 0.000610 65 0.000637 -0.001530 
0.001650 -0.001336 0.000610 42 0.000584 -0.001501 
0.001630 -0.001492 0.000610 31 0.000564 -0.001657 
0.001720 -0.001458 0.000610 32 0.000654 -0.001623


0.001676 -0.001413 0.000610 10 0.000610 -0.001578


0.001739 -0.001300 0.000610 2 0.000673 -0.001465 
0.001703 -0.001365 0.000610 65 0.000637 -0.001530 
0.001720 -0.001458 0.000610 32 0.000654 -0.001623 
0.001808 -0.001420 0.000610 1 0.000742 -0.001585 
0.001739 -0.001300 0.000610 2 0.000673 -0.001465


0.001742 -0.001386 0.000610 11 0.000676 -0.001551


0.001650 -0.001336 0.000610 42 0.000584 -0.001501 
0.001703 -0.001365 0.000610 65 0.000637 -0.001530 
0.001739 -0.001300 0.000610 2 0.000673 -0.001465 
0.001669 -0.001181 0.000610 3 0.000604 -0.001346 
0.001650 -0.001336 0.000610 42 0.000584 -0.001501


0.001690 -0.001296 0.000610 12 0.000624 -0.001460


0.001314 -0.001278 0.000610 45 0.000248 -0.001443 
0.001358 -0.001367 0.000610 66 0.000292 -0.001531 
0.001456 -0.001398 0.000610 44 0.000390 -0.001562 
0.001467 -0.001252 0.000610 33 0.000401 -0.001416 
0.001314 -0.001278 0.000610 45 0.000248 -0.001443


0.001399 -0.001324 0.000610 13 0.000333 -0.001488


0.001304 -0.001424 0.000610 43 0.000238 -0.001589 
0.001358 -0.001367 0.000610 66 0.000292 -0.001531 
0.001314 -0.001278 0.000610 45 0.000248 -0.001443 
0.001161 -0.001305 0.000610 35 0.000096 -0.001470 
0.001304 -0.001424 0.000610 43 0.000238 -0.001589


0.001284 -0.001344 0.000610 14 0.000218 -0.001508


0.001456 -0.001398 0.000610 44 0.000390 -0.001562 
0.001358 -0.001367 0.000610 66 0.000292 -0.001531 
0.001304 -0.001424 0.000610 43 0.000238 -0.001589 
0.001446 -0.001543 0.000610 29 0.000380 -0.001708 
0.001456 -0.001398 0.000610 44 0.000390 -0.001562


0.001391 -0.001433 0.000610 15 0.000325 -0.001598


0.000675 -0.001398 0.000610 47 -0.000390 -0.001562 
0.000774 -0.001367 0.000610 67 -0.000292 -0.001531 
0.000818 -0.001278 0.000610 46 -0.000248 -0.001443 
0.000665 -0.001252 0.000610 34 -0.000401 -0.001416 
0.000675 -0.001398 0.000610 47 -0.000390 -0.001562


0.000733 -0.001324 0.000610 16 -0.000333 -0.001488


0.000828 -0.001424 0.000610 37 -0.000238 -0.001589 
0.000774 -0.001367 0.000610 67 -0.000292 -0.001531 
0.000675 -0.001398 0.000610 47 -0.000390 -0.001562 
0.000686 -0.001543 0.000610 21 -0.000380 -0.001708 
0.000828 -0.001424 0.000610 37 -0.000238 -0.001589


0.000741 -0.001433 0.000610 17 -0.000325 -0.001598


0.000818 -0.001278 0.000610 46 -0.000248 -0.001443 
0.000774 -0.001367 0.000610 67 -0.000292 -0.001531 
0.000828 -0.001424 0.000610 37 -0.000238 -0.001589 
0.000970 -0.001305 0.000610 36 -0.000096 -0.001470 
0.000818 -0.001278 0.000610 46 -0.000248 -0.001443


0.000847 -0.001344 0.000610 18 -0.000218 -0.001508


0.001162 -0.001583 0.000610 26 0.000096 -0.001747 
0.001161 -0.001489 0.000610 68 0.000096 -0.001654 
0.001114 -0.001445 0.000610 49 0.000048 -0.001610 
0.001066 -0.001585 0.000610 25 0.000000 -0.001750 
0.001162 -0.001583 0.000610 26 0.000096 -0.001747


0.001126 -0.001526 0.000610 19 0.000060 -0.001690


0.001209 -0.001440 0.000610 48 0.000143 -0.001605 
0.001161 -0.001489 0.000610 68 0.000096 -0.001654 
0.001162 -0.001583 0.000610 26 0.000096 -0.001747 
0.001257 -0.001575 0.000610 27 0.000191 -0.001740 
0.001209 -0.001440 0.000610 48 0.000143 -0.001605


0.001197 -0.001522 0.000610 20 0.000131 -0.001686


0.001114 -0.001445 0.000610 49 0.000048 -0.001610 
0.001161 -0.001489 0.000610 68 0.000096 -0.001654 
0.001209 -0.001440 0.000610 48 0.000143 -0.001605 
0.001161 -0.001305 0.000610 35 0.000096 -0.001470 
0.001114 -0.001445 0.000610 49 0.000048 -0.001610


0.001161 -0.001420 0.000610 21 0.000096 -0.001585


0.001352 -0.001562 0.000610 28 0.000286 -0.001726 
0.001288 -0.001475 0.000610 69 0.000222 -0.001640 
0.001209 -0.001440 0.000610 48 0.000143 -0.001605 
0.001257 -0.001575 0.000610 27 0.000191 -0.001740 
0.001352 -0.001562 0.000610 28 0.000286 -0.001726


0.001277 -0.001513 0.000610 22 0.000211 -0.001678


0.001304 -0.001424 0.000610 43 0.000238 -0.001589 
0.001288 -0.001475 0.000610 69 0.000222 -0.001640 
0.001352 -0.001562 0.000610 28 0.000286 -0.001726 
0.001446 -0.001543 0.000610 29 0.000380 -0.001708 
0.001304 -0.001424 0.000610 43 0.000238 -0.001589


0.001347 -0.001501 0.000610 23 0.000282 -0.001666


0.001209 -0.001440 0.000610 48 0.000143 -0.001605 
0.001288 -0.001475 0.000610 69 0.000222 -0.001640 
0.001304 -0.001424 0.000610 43 0.000238 -0.001589 
0.001161 -0.001305 0.000610 35 0.000096 -0.001470 
0.001209 -0.001440 0.000610 48 0.000143 -0.001605


0.001241 -0.001411 0.000610 24 0.000175 -0.001576


0.001066 -0.001305 0.000610 51 0.000000 -0.001470 
0.001066 -0.001398 0.000610 70 0.000000 -0.001563 
0.001114 -0.001445 0.000610 49 0.000048 -0.001610 
0.001161 -0.001305 0.000610 35 0.000096 -0.001470 
0.001066 -0.001305 0.000610 51 0.000000 -0.001470


0.001102 -0.001363 0.000610 25 0.000036 -0.001528


0.001018 -0.001445 0.000610 50 -0.000048 -0.001610 
0.001066 -0.001398 0.000610 70 0.000000 -0.001563 
0.001066 -0.001305 0.000610 51 0.000000 -0.001470 
0.000970 -0.001305 0.000610 36 -0.000096 -0.001470 
0.001018 -0.001445 0.000610 50 -0.000048 -0.001610


0.001030 -0.001363 0.000610 26 -0.000036 -0.001528


0.001114 -0.001445 0.000610 49 0.000048 -0.001610 
0.001066 -0.001398 0.000610 70 0.000000 -0.001563 
0.001018 -0.001445 0.000610 50 -0.000048 -0.001610 
0.001066 -0.001585 0.000610 25 0.000000 -0.001750 
0.001114 -0.001445 0.000610 49 0.000048 -0.001610


0.001066 -0.001468 0.000610 27 0.000000 -0.001633


0.000747 -0.001132 0.000610 53 -0.000319 -0.001296 
0.000821 -0.001189 0.000610 71 -0.000245 -0.001354 
0.000899 -0.001158 0.000610 52 -0.000166 -0.001323 
0.000828 -0.001012 0.000610 11 -0.000237 -0.001176 
0.000747 -0.001132 0.000610 53 -0.000319 -0.001296


0.000824 -0.001123 0.000610 28 -0.000242 -0.001287


0.000818 -0.001278 0.000610 46 -0.000248 -0.001443 
0.000821 -0.001189 0.000610 71 -0.000245 -0.001354 
0.000747 -0.001132 0.000610 53 -0.000319 -0.001296 
0.000665 -0.001252 0.000610 34 -0.000401 -0.001416 
0.000818 -0.001278 0.000610 46 -0.000248 -0.001443


0.000763 -0.001213 0.000610 29 -0.000303 -0.001377


0.000899 -0.001158 0.000610 52 -0.000166 -0.001323 
0.000821 -0.001189 0.000610 71 -0.000245 -0.001354 
0.000818 -0.001278 0.000610 46 -0.000248 -0.001443 
0.000970 -0.001305 0.000610 36 -0.000096 -0.001470 
0.000899 -0.001158 0.000610 52 -0.000166 -0.001323


0.000877 -0.001233 0.000610 30 -0.000189 -0.001398


0.001385 -0.001132 0.000610 54 0.000319 -0.001296 
0.001434 -0.001070 0.000610 72 0.000368 -0.001235 
0.001419 -0.000982 0.000610 6 0.000353 -0.001147 
0.001303 -0.001012 0.000610 7 0.000237 -0.001176 
0.001385 -0.001132 0.000610 54 0.000319 -0.001296


0.001385 -0.001049 0.000610 31 0.000320 -0.001214


0.001499 -0.001096 0.000610 40 0.000433 -0.001261 
0.001434 -0.001070 0.000610 72 0.000368 -0.001235 
0.001385 -0.001132 0.000610 54 0.000319 -0.001296 
0.001467 -0.001252 0.000610 33 0.000401 -0.001416 
0.001499 -0.001096 0.000610 40 0.000433 -0.001261


0.001446 -0.001137 0.000610 32 0.000380 -0.001302


0.001419 -0.000982 0.000610 6 0.000353 -0.001147 
0.001434 -0.001070 0.000610 72 0.000368 -0.001235 
0.001499 -0.001096 0.000610 40 0.000433 -0.001261 
0.001531 -0.000941 0.000610 5 0.000465 -0.001106 
0.001419 -0.000982 0.000610 6 0.000353 -0.001147


0.001471 -0.001022 0.000610 33 0.000405 -0.001187


0.001232 -0.001158 0.000610 55 0.000166 -0.001323 
0.001310 -0.001189 0.000610 73 0.000245 -0.001354 
0.001385 -0.001132 0.000610 54 0.000319 -0.001296 
0.001303 -0.001012 0.000610 7 0.000237 -0.001176 
0.001232 -0.001158 0.000610 55 0.000166 -0.001323


0.001308 -0.001123 0.000610 34 0.000242 -0.001287


0.001314 -0.001278 0.000610 45 0.000248 -0.001443 
0.001310 -0.001189 0.000610 73 0.000245 -0.001354 
0.001232 -0.001158 0.000610 55 0.000166 -0.001323 
0.001161 -0.001305 0.000610 35 0.000096 -0.001470 
0.001314 -0.001278 0.000610 45 0.000248 -0.001443


0.001255 -0.001233 0.000610 35 0.000189 -0.001398


0.001385 -0.001132 0.000610 54 0.000319 -0.001296 
0.001310 -0.001189 0.000610 73 0.000245 -0.001354 
0.001314 -0.001278 0.000610 45 0.000248 -0.001443 
0.001467 -0.001252 0.000610 33 0.000401 -0.001416 
0.001385 -0.001132 0.000610 54 0.000319 -0.001296


0.001369 -0.001213 0.000610 36 0.000303 -0.001377


0.000564 -0.001216 0.000610 57 -0.000502 -0.001381 
0.000576 -0.001125 0.000610 74 -0.000490 -0.001289 
0.000531 -0.001061 0.000610 14 -0.000535 -0.001226 
0.000462 -0.001181 0.000610 15 -0.000604 -0.001346 
0.000564 -0.001216 0.000610 57 -0.000502 -0.001381


0.000533 -0.001146 0.000610 37 -0.000533 -0.001310


0.000633 -0.001096 0.000610 56 -0.000433 -0.001261 
0.000576 -0.001125 0.000610 74 -0.000490 -0.001289 
0.000564 -0.001216 0.000610 57 -0.000502 -0.001381 
0.000665 -0.001252 0.000610 34 -0.000401 -0.001416 
0.000633 -0.001096 0.000610 56 -0.000433 -0.001261


0.000609 -0.001172 0.000610 38 -0.000457 -0.001337


0.000531 -0.001061 0.000610 14 -0.000535 -0.001226 
0.000576 -0.001125 0.000610 74 -0.000490 -0.001289 
0.000633 -0.001096 0.000610 56 -0.000433 -0.001261 
0.000600 -0.000941 0.000610 13 -0.000465 -0.001106 
0.000531 -0.001061 0.000610 14 -0.000535 -0.001226


0.000585 -0.001056 0.000610 39 -0.000481 -0.001221


0.000713 -0.000982 0.000610 12 -0.000353 -0.001147 
0.000697 -0.001070 0.000610 75 -0.000368 -0.001235 
0.000747 -0.001132 0.000610 53 -0.000319 -0.001296 
0.000828 -0.001012 0.000610 11 -0.000237 -0.001176 
0.000713 -0.000982 0.000610 12 -0.000353 -0.001147


0.000746 -0.001049 0.000610 40 -0.000320 -0.001214


0.000633 -0.001096 0.000610 56 -0.000433 -0.001261 
0.000697 -0.001070 0.000610 75 -0.000368 -0.001235 
0.000713 -0.000982 0.000610 12 -0.000353 -0.001147 
0.000600 -0.000941 0.000610 13 -0.000465 -0.001106 
0.000633 -0.001096 0.000610 56 -0.000433 -0.001261


0.000661 -0.001022 0.000610 41 -0.000405 -0.001187


0.000747 -0.001132 0.000610 53 -0.000319 -0.001296 
0.000697 -0.001070 0.000610 75 -0.000368 -0.001235 
0.000633 -0.001096 0.000610 56 -0.000433 -0.001261 
0.000665 -0.001252 0.000610 34 -0.000401 -0.001416 
0.000747 -0.001132 0.000610 53 -0.000319 -0.001296


0.000685 -0.001137 0.000610 42 -0.000380 -0.001302


0.001650 -0.001336 0.000610 42 0.000584 -0.001501 
0.001589 -0.001308 0.000610 76 0.000523 -0.001473 
0.001548 -0.001372 0.000610 58 0.000483 -0.001536 
0.001630 -0.001492 0.000610 31 0.000564 -0.001657 
0.001650 -0.001336 0.000610 42 0.000584 -0.001501


0.001604 -0.001377 0.000610 43 0.000538 -0.001542


0.001568 -0.001216 0.000610 41 0.000502 -0.001381 
0.001589 -0.001308 0.000610 76 0.000523 -0.001473 
0.001650 -0.001336 0.000610 42 0.000584 -0.001501 
0.001669 -0.001181 0.000610 3 0.000604 -0.001346 
0.001568 -0.001216 0.000610 41 0.000502 -0.001381


0.001619 -0.001260 0.000610 44 0.000553 -0.001425


0.001548 -0.001372 0.000610 58 0.000483 -0.001536 
0.001589 -0.001308 0.000610 76 0.000523 -0.001473 
0.001568 -0.001216 0.000610 41 0.000502 -0.001381 
0.001467 -0.001252 0.000610 33 0.000401 -0.001416 
0.001548 -0.001372 0.000610 58 0.000483 -0.001536


0.001543 -0.001287 0.000610 45 0.000477 -0.001452


0.001539 -0.001520 0.000610 30 0.000473 -0.001685 
0.001514 -0.001430 0.000610 77 0.000449 -0.001595 
0.001456 -0.001398 0.000610 44 0.000390 -0.001562 
0.001446 -0.001543 0.000610 29 0.000380 -0.001708 
0.001539 -0.001520 0.000610 30 0.000473 -0.001685


0.001489 -0.001473 0.000610 46 0.000423 -0.001638


0.001548 -0.001372 0.000610 58 0.000483 -0.001536 
0.001514 -0.001430 0.000610 77 0.000449 -0.001595 
0.001539 -0.001520 0.000610 30 0.000473 -0.001685 
0.001630 -0.001492 0.000610 31 0.000564 -0.001657 
0.001548 -0.001372 0.000610 58 0.000483 -0.001536


0.001558 -0.001453 0.000610 47 0.000492 -0.001618


0.001456 -0.001398 0.000610 44 0.000390 -0.001562 
0.001514 -0.001430 0.000610 77 0.000449 -0.001595 
0.001548 -0.001372 0.000610 58 0.000483 -0.001536 
0.001467 -0.001252 0.000610 33 0.000401 -0.001416 
0.001456 -0.001398 0.000610 44 0.000390 -0.001562


0.001496 -0.001363 0.000610 48 0.000431 -0.001527


0.000593 -0.001520 0.000610 20 -0.000473 -0.001685 
0.000617 -0.001430 0.000610 78 -0.000449 -0.001595 
0.000583 -0.001372 0.000610 59 -0.000483 -0.001536 
0.000502 -0.001492 0.000610 19 -0.000564 -0.001657 
0.000593 -0.001520 0.000610 20 -0.000473 -0.001685


0.000574 -0.001453 0.000610 49 -0.000492 -0.001618


0.000675 -0.001398 0.000610 47 -0.000390 -0.001562 
0.000617 -0.001430 0.000610 78 -0.000449 -0.001595 
0.000593 -0.001520 0.000610 20 -0.000473 -0.001685 
0.000686 -0.001543 0.000610 21 -0.000380 -0.001708 
0.000675 -0.001398 0.000610 47 -0.000390 -0.001562


0.000643 -0.001473 0.000610 50 -0.000423 -0.001638


0.000583 -0.001372 0.000610 59 -0.000483 -0.001536 
0.000617 -0.001430 0.000610 78 -0.000449 -0.001595 
0.000675 -0.001398 0.000610 47 -0.000390 -0.001562 
0.000665 -0.001252 0.000610 34 -0.000401 -0.001416 
0.000583 -0.001372 0.000610 59 -0.000483 -0.001536


0.000635 -0.001363 0.000610 51 -0.000431 -0.001527


0.000482 -0.001336 0.000610 39 -0.000584 -0.001501 
0.000543 -0.001308 0.000610 79 -0.000523 -0.001473 
0.000564 -0.001216 0.000610 57 -0.000502 -0.001381 
0.000462 -0.001181 0.000610 15 -0.000604 -0.001346 
0.000482 -0.001336 0.000610 39 -0.000584 -0.001501


0.000513 -0.001260 0.000610 52 -0.000553 -0.001425


0.000583 -0.001372 0.000610 59 -0.000483 -0.001536 
0.000543 -0.001308 0.000610 79 -0.000523 -0.001473 
0.000482 -0.001336 0.000610 39 -0.000584 -0.001501 
0.000502 -0.001492 0.000610 19 -0.000564 -0.001657 
0.000583 -0.001372 0.000610 59 -0.000483 -0.001536


0.000527 -0.001377 0.000610 53 -0.000538 -0.001542


0.000564 -0.001216 0.000610 57 -0.000502 -0.001381 
0.000543 -0.001308 0.000610 79 -0.000523 -0.001473 
0.000583 -0.001372 0.000610 59 -0.000483 -0.001536 
0.000665 -0.001252 0.000610 34 -0.000401 -0.001416 
0.000564 -0.001216 0.000610 57 -0.000502 -0.001381


0.000589 -0.001287 0.000610 54 -0.000477 -0.001452


0.000970 -0.001583 0.000610 24 -0.000096 -0.001747 
0.000970 -0.001489 0.000610 80 -0.000096 -0.001654 
0.000922 -0.001440 0.000610 38 -0.000143 -0.001605 
0.000875 -0.001575 0.000610 23 -0.000191 -0.001740 
0.000970 -0.001583 0.000610 24 -0.000096 -0.001747


0.000934 -0.001522 0.000610 55 -0.000131 -0.001686


0.001018 -0.001445 0.000610 50 -0.000048 -0.001610 
0.000970 -0.001489 0.000610 80 -0.000096 -0.001654 
0.000970 -0.001583 0.000610 24 -0.000096 -0.001747 
0.001066 -0.001585 0.000610 25 0.000000 -0.001750 
0.001018 -0.001445 0.000610 50 -0.000048 -0.001610


0.001006 -0.001526 0.000610 56 -0.000060 -0.001690


0.000922 -0.001440 0.000610 38 -0.000143 -0.001605 
0.000970 -0.001489 0.000610 80 -0.000096 -0.001654 
0.001018 -0.001445 0.000610 50 -0.000048 -0.001610 
0.000970 -0.001305 0.000610 36 -0.000096 -0.001470 
0.000922 -0.001440 0.000610 38 -0.000143 -0.001605


0.000970 -0.001420 0.000610 57 -0.000096 -0.001585


0.001185 -0.001029 0.000610 8 0.000119 -0.001194 
0.001177 -0.001119 0.000610 81 0.000111 -0.001284 
0.001232 -0.001158 0.000610 55 0.000166 -0.001323 
0.001303 -0.001012 0.000610 7 0.000237 -0.001176 
0.001185 -0.001029 0.000610 8 0.000119 -0.001194


0.001224 -0.001080 0.000610 58 0.000159 -0.001244


0.001114 -0.001170 0.000610 60 0.000048 -0.001335 
0.001177 -0.001119 0.000610 81 0.000111 -0.001284 
0.001185 -0.001029 0.000610 8 0.000119 -0.001194 
0.001066 -0.001035 0.000610 9 0.000000 -0.001200 
0.001114 -0.001170 0.000610 60 0.000048 -0.001335


0.001135 -0.001088 0.000610 59 0.000070 -0.001253


0.001232 -0.001158 0.000610 55 0.000166 -0.001323 
0.001177 -0.001119 0.000610 81 0.000111 -0.001284 
0.001114 -0.001170 0.000610 60 0.000048 -0.001335 
0.001161 -0.001305 0.000610 35 0.000096 -0.001470 
0.001232 -0.001158 0.000610 55 0.000166 -0.001323


0.001171 -0.001188 0.000610 60 0.000105 -0.001353


0.000947 -0.001029 0.000610 10 -0.000119 -0.001194 
0.000955 -0.001119 0.000610 82 -0.000111 -0.001284 
0.001018 -0.001170 0.000610 61 -0.000048 -0.001335 
0.001066 -0.001035 0.000610 9 0.000000 -0.001200 
0.000947 -0.001029 0.000610 10 -0.000119 -0.001194


0.000996 -0.001088 0.000610 61 -0.000070 -0.001253


0.000899 -0.001158 0.000610 52 -0.000166 -0.001323 
0.000955 -0.001119 0.000610 82 -0.000111 -0.001284 
0.000947 -0.001029 0.000610 10 -0.000119 -0.001194 
0.000828 -0.001012 0.000610 11 -0.000237 -0.001176 
0.000899 -0.001158 0.000610 52 -0.000166 -0.001323


0.000907 -0.001080 0.000610 62 -0.000159 -0.001244


0.001018 -0.001170 0.000610 61 -0.000048 -0.001335 
0.000955 -0.001119 0.000610 82 -0.000111 -0.001284 
0.000899 -0.001158 0.000610 52 -0.000166 -0.001323 
0.000970 -0.001305 0.000610 36 -0.000096 -0.001470 
0.001018 -0.001170 0.000610 61 -0.000048 -0.001335


0.000961 -0.001188 0.000610 63 -0.000105 -0.001353


0.001114 -0.001170 0.000610 60 0.000048 -0.001335 
0.001066 -0.001215 0.000610 83 0.000000 -0.001380 
0.001066 -0.001305 0.000610 51 0.000000 -0.001470 
0.001161 -0.001305 0.000610 35 0.000096 -0.001470 
0.001114 -0.001170 0.000610 60 0.000048 -0.001335


0.001102 -0.001249 0.000610 64 0.000036 -0.001414


0.001018 -0.001170 0.000610 61 -0.000048 -0.001335 
0.001066 -0.001215 0.000610 83 0.000000 -0.001380 
0.001114 -0.001170 0.000610 60 0.000048 -0.001335 
0.001066 -0.001035 0.000610 9 0.000000 -0.001200 
0.001018 -0.001170 0.000610 61 -0.000048 -0.001335


0.001066 -0.001148 0.000610 65 0.000000 -0.001312


0.001066 -0.001305 0.000610 51 0.000000 -0.001470 
0.001066 -0.001215 0.000610 83 0.000000 -0.001380 
0.001018 -0.001170 0.000610 61 -0.000048 -0.001335 
0.000970 -0.001305 0.000610 36 -0.000096 -0.001470 
0.001066 -0.001305 0.000610 51 0.000000 -0.001470


0.001030 -0.001249 0.000610 66 -0.000036 -0.001414


