0.000638 0.002553 -0.000889 6 1.449817 0.000126 
0.000622 0.002553 -0.000952 132 1.370637 0.000063 
0.000602 0.002555 -0.000984 83 1.270202 0.000032 
0.000613 0.002554 -0.000890 7 1.327619 0.000126 
0.000638 0.002553 -0.000889 6 1.449817 0.000126


0.000619 0.002553 -0.000929 1 1.354559 0.000087


0.000626 0.002553 -0.000983 82 1.391891 0.000032 
0.000622 0.002553 -0.000952 132 1.370637 0.000063 
0.000638 0.002553 -0.000889 6 1.449817 0.000126 
0.000662 0.002556 -0.000889 5 1.570996 0.000127 
0.000626 0.002553 -0.000983 82 1.391891 0.000032


0.000637 0.002553 -0.000928 2 1.445778 0.000087


0.000602 0.002555 -0.000984 83 1.270202 0.000032 
0.000622 0.002553 -0.000952 132 1.370637 0.000063 
0.000626 0.002553 -0.000983 82 1.391891 0.000032 
0.000590 0.002557 -0.001078 77 1.212785 -0.000063 
0.000602 0.002555 -0.000984 83 1.270202 0.000032


0.000610 0.002554 -0.000999 3 1.311391 0.000016


0.000704 0.002938 -0.001078 84 4.158028 -0.000063 
0.000700 0.002940 -0.001015 133 4.180616 -0.000000 
0.000691 0.002943 -0.001078 44 4.225790 -0.000063 
0.000691 0.002943 -0.001265 43 4.225790 -0.000250 
0.000704 0.002938 -0.001078 84 4.158028 -0.000063


0.000696 0.002941 -0.001109 4 4.197557 -0.000094


0.000704 0.002938 -0.000890 46 4.158028 0.000125 
0.000700 0.002940 -0.001015 133 4.180616 -0.000000 
0.000704 0.002938 -0.001078 84 4.158028 -0.000063 
0.000716 0.002933 -0.000890 47 4.090266 0.000125 
0.000704 0.002938 -0.000890 46 4.158028 0.000125


0.000706 0.002937 -0.000969 5 4.146740 0.000047


0.000691 0.002943 -0.001078 44 4.225790 -0.000063 
0.000700 0.002940 -0.001015 133 4.180616 -0.000000 
0.000704 0.002938 -0.000890 46 4.158028 0.000125 
0.000691 0.002943 -0.000890 45 4.225790 0.000125 
0.000691 0.002943 -0.001078 44 4.225790 -0.000063


0.000696 0.002941 -0.000969 6 4.197557 0.000047


0.000789 0.002873 -0.000890 54 3.615929 0.000125 
0.000796 0.002862 -0.000953 134 3.548167 0.000062 
0.000803 0.002850 -0.000984 86 3.480404 0.000031 
0.000796 0.002862 -0.000890 55 3.548167 0.000125 
0.000789 0.002873 -0.000890 54 3.615929 0.000125


0.000796 0.002862 -0.000930 7 3.548167 0.000086


0.000796 0.002862 -0.000984 85 3.548167 0.000031 
0.000796 0.002862 -0.000953 134 3.548167 0.000062 
0.000789 0.002873 -0.000890 54 3.615929 0.000125 
0.000780 0.002883 -0.000890 53 3.683692 0.000125 
0.000796 0.002862 -0.000984 85 3.548167 0.000031


0.000791 0.002870 -0.000930 8 3.598974 0.000086


0.000803 0.002850 -0.000984 86 3.480404 0.000031 
0.000796 0.002862 -0.000953 134 3.548167 0.000062 
0.000796 0.002862 -0.000984 85 3.548167 0.000031 
0.000809 0.002838 -0.001078 81 3.412642 -0.000063 
0.000803 0.002850 -0.000984 86 3.480404 0.000031


0.000802 0.002853 -0.001000 9 3.497360 0.000016


0.000803 0.002850 -0.001172 88 3.480404 -0.000156 
0.000796 0.002862 -0.001203 135 3.548167 -0.000188 
0.000789 0.002873 -0.001265 34 3.615929 -0.000250 
0.000796 0.002862 -0.001265 33 3.548167 -0.000250 
0.000803 0.002850 -0.001172 88 3.480404 -0.000156


0.000796 0.002862 -0.001226 10 3.548167 -0.000211


0.000796 0.002862 -0.001172 87 3.548167 -0.000156 
0.000796 0.002862 -0.001203 135 3.548167 -0.000188 
0.000803 0.002850 -0.001172 88 3.480404 -0.000156 
0.000809 0.002838 -0.001078 81 3.412642 -0.000063 
0.000796 0.002862 -0.001172 87 3.548167 -0.000156


0.000802 0.002853 -0.001156 11 3.497360 -0.000141


0.000789 0.002873 -0.001265 34 3.615929 -0.000250 
0.000796 0.002862 -0.001203 135 3.548167 -0.000188 
0.000796 0.002862 -0.001172 87 3.548167 -0.000156 
0.000780 0.002883 -0.001265 35 3.683692 -0.000250 
0.000789 0.002873 -0.001265 34 3.615929 -0.000250


0.000791 0.002870 -0.001226 12 3.598974 -0.000211


0.000732 0.002582 -0.000984 91 1.946257 0.000031 
0.000754 0.002597 -0.001015 136 2.080590 0.000000 
0.000755 0.002599 -0.001078 90 2.092188 -0.000062 
0.000712 0.002571 -0.001078 78 1.835119 -0.000062 
0.000732 0.002582 -0.000984 91 1.946257 0.000031


0.000739 0.002586 -0.001039 13 1.988613 -0.000023


0.000772 0.002614 -0.000984 89 2.203326 0.000031 
0.000754 0.002597 -0.001015 136 2.080590 0.000000 
0.000732 0.002582 -0.000984 91 1.946257 0.000031 
0.000750 0.002594 -0.000890 1 2.057395 0.000125 
0.000772 0.002614 -0.000984 89 2.203326 0.000031


0.000752 0.002596 -0.000968 14 2.071880 0.000047


0.000755 0.002599 -0.001078 90 2.092188 -0.000062 
0.000754 0.002597 -0.001015 136 2.080590 0.000000 
0.000772 0.002614 -0.000984 89 2.203326 0.000031 
0.000791 0.002636 -0.001078 79 2.349257 -0.000063 
0.000755 0.002599 -0.001078 90 2.092188 -0.000062


0.000769 0.002611 -0.001039 15 2.181214 -0.000023


0.000796 0.002644 -0.000890 72 2.396207 0.000125 
0.000794 0.002641 -0.000953 137 2.380557 0.000062 
0.000789 0.002634 -0.000984 93 2.338851 0.000031 
0.000788 0.002633 -0.000890 73 2.328444 0.000125 
0.000796 0.002644 -0.000890 72 2.396207 0.000125


0.000792 0.002638 -0.000930 16 2.361014 0.000086


0.000797 0.002646 -0.000984 92 2.406613 0.000031 
0.000794 0.002641 -0.000953 137 2.380557 0.000062 
0.000796 0.002644 -0.000890 72 2.396207 0.000125 
0.000803 0.002655 -0.000890 71 2.463969 0.000125 
0.000797 0.002646 -0.000984 92 2.406613 0.000031


0.000798 0.002646 -0.000930 17 2.411832 0.000086


0.000789 0.002634 -0.000984 93 2.338851 0.000031 
0.000794 0.002641 -0.000953 137 2.380557 0.000062 
0.000797 0.002646 -0.000984 92 2.406613 0.000031 
0.000791 0.002636 -0.001078 79 2.349257 -0.000063 
0.000789 0.002634 -0.000984 93 2.338851 0.000031


0.000793 0.002639 -0.001000 18 2.368818 0.000016


0.000792 0.002638 -0.001172 95 2.359663 -0.000156 
0.000801 0.002653 -0.001203 138 2.448857 -0.000188 
0.000806 0.002661 -0.001265 22 2.498657 -0.000250 
0.000793 0.002639 -0.001265 21 2.370070 -0.000250 
0.000792 0.002638 -0.001172 95 2.359663 -0.000156


0.000798 0.002648 -0.001226 19 2.419304 -0.000211


0.000805 0.002660 -0.001172 94 2.488250 -0.000156 
0.000801 0.002653 -0.001203 138 2.448857 -0.000188 
0.000792 0.002638 -0.001172 95 2.359663 -0.000156 
0.000791 0.002636 -0.001078 79 2.349257 -0.000063 
0.000805 0.002660 -0.001172 94 2.488250 -0.000156


0.000798 0.002646 -0.001156 20 2.411502 -0.000141


0.000806 0.002661 -0.001265 22 2.498657 -0.000250 
0.000801 0.002653 -0.001203 138 2.448857 -0.000188 
0.000805 0.002660 -0.001172 94 2.488250 -0.000156 
0.000816 0.002685 -0.001265 23 2.627244 -0.000250 
0.000806 0.002661 -0.001265 22 2.498657 -0.000250


0.000808 0.002665 -0.001226 21 2.515708 -0.000211


0.000803 0.002850 -0.000890 56 3.480404 0.000125 
0.000805 0.002846 -0.000953 139 3.457817 0.000062 
0.000809 0.002838 -0.000984 96 3.412642 0.000031 
0.000809 0.002838 -0.000890 57 3.412642 0.000125 
0.000803 0.002850 -0.000890 56 3.480404 0.000125


0.000807 0.002843 -0.000930 22 3.440876 0.000086


0.000803 0.002850 -0.000984 86 3.480404 0.000031 
0.000805 0.002846 -0.000953 139 3.457817 0.000062 
0.000803 0.002850 -0.000890 56 3.480404 0.000125 
0.000796 0.002862 -0.000890 55 3.548167 0.000125 
0.000803 0.002850 -0.000984 86 3.480404 0.000031


0.000802 0.002852 -0.000930 23 3.491692 0.000086


0.000809 0.002838 -0.000984 96 3.412642 0.000031 
0.000805 0.002846 -0.000953 139 3.457817 0.000062 
0.000803 0.002850 -0.000984 86 3.480404 0.000031 
0.000809 0.002838 -0.001078 81 3.412642 -0.000063 
0.000809 0.002838 -0.000984 96 3.412642 0.000031


0.000807 0.002843 -0.001000 24 3.440876 0.000016


0.000828 0.002760 -0.000984 99 3.009537 0.000031 
0.000825 0.002787 -0.001015 140 3.143905 -0.000000 
0.000825 0.002787 -0.001078 98 3.145061 -0.000063 
0.000827 0.002734 -0.001078 80 2.877481 -0.000063 
0.000828 0.002760 -0.000984 99 3.009537 0.000031


0.000828 0.002767 -0.001039 25 3.044106 -0.000023


0.000819 0.002813 -0.000984 97 3.277117 0.000031 
0.000825 0.002787 -0.001015 140 3.143905 -0.000000 
0.000828 0.002760 -0.000984 99 3.009537 0.000031 
0.000826 0.002786 -0.000890 61 3.141593 0.000125 
0.000819 0.002813 -0.000984 97 3.277117 0.000031


0.000826 0.002787 -0.000969 26 3.143037 0.000047


0.000825 0.002787 -0.001078 98 3.145061 -0.000063 
0.000825 0.002787 -0.001015 140 3.143905 -0.000000 
0.000819 0.002813 -0.000984 97 3.277117 0.000031 
0.000809 0.002838 -0.001078 81 3.412642 -0.000063 
0.000825 0.002787 -0.001078 98 3.145061 -0.000063


0.000821 0.002806 -0.001039 27 3.244566 -0.000023


0.000826 0.002720 -0.000984 101 2.806250 0.000031 
0.000823 0.002706 -0.000953 141 2.737331 0.000062 
0.000819 0.002693 -0.000890 68 2.667256 0.000125 
0.000823 0.002706 -0.000890 67 2.735018 0.000125 
0.000826 0.002720 -0.000984 101 2.806250 0.000031


0.000823 0.002706 -0.000930 28 2.736463 0.000086


0.000823 0.002706 -0.000984 100 2.738487 0.000031 
0.000823 0.002706 -0.000953 141 2.737331 0.000062 
0.000826 0.002720 -0.000984 101 2.806250 0.000031 
0.000827 0.002734 -0.001078 80 2.877481 -0.000063 
0.000823 0.002706 -0.000984 100 2.738487 0.000031


0.000825 0.002716 -0.001000 29 2.789871 0.000016


0.000819 0.002693 -0.000890 68 2.667256 0.000125 
0.000823 0.002706 -0.000953 141 2.737331 0.000062 
0.000823 0.002706 -0.000984 100 2.738487 0.000031 
0.000814 0.002680 -0.000890 69 2.599494 0.000125 
0.000819 0.002693 -0.000890 68 2.667256 0.000125


0.000820 0.002696 -0.000930 30 2.685657 0.000086


0.000827 0.002733 -0.000984 102 2.874012 0.000031 
0.000826 0.002724 -0.000953 142 2.827681 0.000062 
0.000825 0.002719 -0.000890 66 2.802781 0.000125 
0.000827 0.002732 -0.000890 65 2.870543 0.000125 
0.000827 0.002733 -0.000984 102 2.874012 0.000031


0.000827 0.002727 -0.000930 31 2.843755 0.000086


0.000826 0.002720 -0.000984 101 2.806250 0.000031 
0.000826 0.002724 -0.000953 142 2.827681 0.000062 
0.000827 0.002733 -0.000984 102 2.874012 0.000031 
0.000827 0.002734 -0.001078 80 2.877481 -0.000063 
0.000826 0.002720 -0.000984 101 2.806250 0.000031


0.000827 0.002728 -0.001000 32 2.846357 0.000016


0.000825 0.002719 -0.000890 66 2.802781 0.000125 
0.000826 0.002724 -0.000953 142 2.827681 0.000062 
0.000826 0.002720 -0.000984 101 2.806250 0.000031 
0.000823 0.002706 -0.000890 67 2.735018 0.000125 
0.000825 0.002719 -0.000890 66 2.802781 0.000125


0.000825 0.002717 -0.000930 33 2.792939 0.000086


0.000815 0.002682 -0.001078 104 2.613369 -0.000063 
0.000816 0.002683 -0.001140 143 2.617994 -0.000125 
0.000805 0.002660 -0.001172 94 2.488250 -0.000156 
0.000791 0.002636 -0.001078 79 2.349257 -0.000063 
0.000815 0.002682 -0.001078 104 2.613369 -0.000063


0.000808 0.002665 -0.001117 34 2.517337 -0.000102


0.000823 0.002709 -0.001172 103 2.752362 -0.000156 
0.000816 0.002683 -0.001140 143 2.617994 -0.000125 
0.000815 0.002682 -0.001078 104 2.613369 -0.000063 
0.000827 0.002734 -0.001078 80 2.877481 -0.000063 
0.000823 0.002709 -0.001172 103 2.752362 -0.000156


0.000822 0.002702 -0.001117 35 2.715204 -0.000102


0.000805 0.002660 -0.001172 94 2.488250 -0.000156 
0.000816 0.002683 -0.001140 143 2.617994 -0.000125 
0.000823 0.002709 -0.001172 103 2.752362 -0.000156 
0.000816 0.002685 -0.001265 23 2.627244 -0.000250 
0.000805 0.002660 -0.001172 94 2.488250 -0.000156


0.000816 0.002684 -0.001187 36 2.621468 -0.000172


0.000740 0.002919 -0.001078 106 3.954741 -0.000063 
0.000747 0.002914 -0.001015 144 3.909566 -0.000000 
0.000751 0.002911 -0.000890 50 3.886979 0.000125 
0.000740 0.002919 -0.000890 49 3.954741 0.000125 
0.000740 0.002919 -0.001078 106 3.954741 -0.000063


0.000744 0.002916 -0.000969 37 3.926508 0.000047


0.000751 0.002911 -0.001078 105 3.886979 -0.000063 
0.000747 0.002914 -0.001015 144 3.909566 -0.000000 
0.000740 0.002919 -0.001078 106 3.954741 -0.000063 
0.000740 0.002919 -0.001265 39 3.954741 -0.000250 
0.000751 0.002911 -0.001078 105 3.886979 -0.000063


0.000744 0.002916 -0.001109 38 3.926508 -0.000094


0.000751 0.002911 -0.000890 50 3.886979 0.000125 
0.000747 0.002914 -0.001015 144 3.909566 -0.000000 
0.000751 0.002911 -0.001078 105 3.886979 -0.000063 
0.000761 0.002903 -0.000890 51 3.819216 0.000125 
0.000751 0.002911 -0.000890 50 3.886979 0.000125


0.000752 0.002910 -0.000969 39 3.875691 0.000047


0.000728 0.002926 -0.001078 107 4.022503 -0.000063 
0.000732 0.002924 -0.001140 145 3.999916 -0.000125 
0.000740 0.002919 -0.001078 106 3.954741 -0.000063 
0.000740 0.002919 -0.000890 49 3.954741 0.000125 
0.000728 0.002926 -0.001078 107 4.022503 -0.000063


0.000735 0.002922 -0.001047 40 3.982974 -0.000031


0.000728 0.002926 -0.001265 40 4.022503 -0.000250 
0.000732 0.002924 -0.001140 145 3.999916 -0.000125 
0.000728 0.002926 -0.001078 107 4.022503 -0.000063 
0.000716 0.002933 -0.001265 41 4.090266 -0.000250 
0.000728 0.002926 -0.001265 40 4.022503 -0.000250


0.000726 0.002927 -0.001187 41 4.033791 -0.000172


0.000740 0.002919 -0.001078 106 3.954741 -0.000063 
0.000732 0.002924 -0.001140 145 3.999916 -0.000125 
0.000728 0.002926 -0.001265 40 4.022503 -0.000250 
0.000740 0.002919 -0.001265 39 3.954741 -0.000250 
0.000740 0.002919 -0.001078 106 3.954741 -0.000063


0.000735 0.002922 -0.001187 42 3.982974 -0.000172


0.000716 0.002933 -0.001078 108 4.090266 -0.000063 
0.000724 0.002929 -0.001015 146 4.045091 -0.000000 
0.000728 0.002926 -0.000890 48 4.022503 0.000125 
0.000716 0.002933 -0.000890 47 4.090266 0.000125 
0.000716 0.002933 -0.001078 108 4.090266 -0.000063


0.000721 0.002930 -0.000969 43 4.062032 0.000047


0.000728 0.002926 -0.001078 107 4.022503 -0.000063 
0.000724 0.002929 -0.001015 146 4.045091 -0.000000 
0.000716 0.002933 -0.001078 108 4.090266 -0.000063 
0.000716 0.002933 -0.001265 41 4.090266 -0.000250 
0.000728 0.002926 -0.001078 107 4.022503 -0.000063


0.000721 0.002930 -0.001109 44 4.062032 -0.000094


0.000728 0.002926 -0.000890 48 4.022503 0.000125 
0.000724 0.002929 -0.001015 146 4.045091 -0.000000 
0.000728 0.002926 -0.001078 107 4.022503 -0.000063 
0.000740 0.002919 -0.000890 49 3.954741 0.000125 
0.000728 0.002926 -0.000890 48 4.022503 0.000125


0.000730 0.002925 -0.000969 45 4.011215 0.000047


0.000704 0.002938 -0.001078 84 4.158028 -0.000063 
0.000708 0.002937 -0.001140 147 4.135441 -0.000125 
0.000716 0.002933 -0.001078 108 4.090266 -0.000063 
0.000716 0.002933 -0.000890 47 4.090266 0.000125 
0.000704 0.002938 -0.001078 84 4.158028 -0.000063


0.000711 0.002935 -0.001047 46 4.118499 -0.000031


0.000704 0.002938 -0.001265 42 4.158028 -0.000250 
0.000708 0.002937 -0.001140 147 4.135441 -0.000125 
0.000704 0.002938 -0.001078 84 4.158028 -0.000063 
0.000691 0.002943 -0.001265 43 4.225790 -0.000250 
0.000704 0.002938 -0.001265 42 4.158028 -0.000250


0.000702 0.002939 -0.001187 47 4.169316 -0.000172


0.000716 0.002933 -0.001078 108 4.090266 -0.000063 
0.000708 0.002937 -0.001140 147 4.135441 -0.000125 
0.000704 0.002938 -0.001265 42 4.158028 -0.000250 
0.000716 0.002933 -0.001265 41 4.090266 -0.000250 
0.000716 0.002933 -0.001078 108 4.090266 -0.000063


0.000711 0.002935 -0.001187 48 4.118499 -0.000172


0.000809 0.002838 -0.000984 96 3.412642 0.000031 
0.000813 0.002830 -0.000953 148 3.367467 0.000062 
0.000815 0.002826 -0.000890 58 3.344880 0.000125 
0.000809 0.002838 -0.000890 57 3.412642 0.000125 
0.000809 0.002838 -0.000984 96 3.412642 0.000031


0.000812 0.002833 -0.000930 49 3.384409 0.000086


0.000815 0.002826 -0.000984 109 3.344880 0.000031 
0.000813 0.002830 -0.000953 148 3.367467 0.000062 
0.000809 0.002838 -0.000984 96 3.412642 0.000031 
0.000809 0.002838 -0.001078 81 3.412642 -0.000063 
0.000815 0.002826 -0.000984 109 3.344880 0.000031


0.000812 0.002833 -0.001000 50 3.384409 0.000016


0.000815 0.002826 -0.000890 58 3.344880 0.000125 
0.000813 0.002830 -0.000953 148 3.367467 0.000062 
0.000815 0.002826 -0.000984 109 3.344880 0.000031 
0.000819 0.002813 -0.000890 59 3.277117 0.000125 
0.000815 0.002826 -0.000890 58 3.344880 0.000125


0.000816 0.002823 -0.000930 51 3.333592 0.000086


0.000823 0.002800 -0.001265 28 3.209355 -0.000250 
0.000819 0.002813 -0.001203 149 3.277117 -0.000188 
0.000815 0.002826 -0.001172 111 3.344880 -0.000156 
0.000819 0.002813 -0.001265 29 3.277117 -0.000250 
0.000823 0.002800 -0.001265 28 3.209355 -0.000250


0.000819 0.002813 -0.001226 52 3.277117 -0.000211


0.000819 0.002813 -0.001172 110 3.277117 -0.000156 
0.000819 0.002813 -0.001203 149 3.277117 -0.000188 
0.000823 0.002800 -0.001265 28 3.209355 -0.000250 
0.000826 0.002786 -0.001265 27 3.141593 -0.000250 
0.000819 0.002813 -0.001172 110 3.277117 -0.000156


0.000822 0.002803 -0.001226 53 3.226310 -0.000211


0.000815 0.002826 -0.001172 111 3.344880 -0.000156 
0.000819 0.002813 -0.001203 149 3.277117 -0.000188 
0.000819 0.002813 -0.001172 110 3.277117 -0.000156 
0.000809 0.002838 -0.001078 81 3.412642 -0.000063 
0.000815 0.002826 -0.001172 111 3.344880 -0.000156


0.000816 0.002822 -0.001156 54 3.327925 -0.000141


0.000815 0.002826 -0.000984 109 3.344880 0.000031 
0.000819 0.002813 -0.000953 150 3.277117 0.000062 
0.000823 0.002800 -0.000890 60 3.209355 0.000125 
0.000819 0.002813 -0.000890 59 3.277117 0.000125 
0.000815 0.002826 -0.000984 109 3.344880 0.000031


0.000819 0.002813 -0.000930 55 3.277117 0.000086


0.000819 0.002813 -0.000984 97 3.277117 0.000031 
0.000819 0.002813 -0.000953 150 3.277117 0.000062 
0.000815 0.002826 -0.000984 109 3.344880 0.000031 
0.000809 0.002838 -0.001078 81 3.412642 -0.000063 
0.000819 0.002813 -0.000984 97 3.277117 0.000031


0.000816 0.002822 -0.001000 56 3.327925 0.000016


0.000823 0.002800 -0.000890 60 3.209355 0.000125 
0.000819 0.002813 -0.000953 150 3.277117 0.000062 
0.000819 0.002813 -0.000984 97 3.277117 0.000031 
0.000826 0.002786 -0.000890 61 3.141593 0.000125 
0.000823 0.002800 -0.000890 60 3.209355 0.000125


0.000822 0.002803 -0.000930 57 3.226310 0.000086


0.000825 0.002787 -0.001078 98 3.145061 -0.000063 
0.000825 0.002787 -0.001140 151 3.143905 -0.000125 
0.000828 0.002760 -0.001172 112 3.009537 -0.000156 
0.000827 0.002734 -0.001078 80 2.877481 -0.000063 
0.000825 0.002787 -0.001078 98 3.145061 -0.000063


0.000828 0.002767 -0.001117 58 3.044106 -0.000102


0.000819 0.002813 -0.001172 110 3.277117 -0.000156 
0.000825 0.002787 -0.001140 151 3.143905 -0.000125 
0.000825 0.002787 -0.001078 98 3.145061 -0.000063 
0.000809 0.002838 -0.001078 81 3.412642 -0.000063 
0.000819 0.002813 -0.001172 110 3.277117 -0.000156


0.000821 0.002806 -0.001117 59 3.244566 -0.000102


0.000828 0.002760 -0.001172 112 3.009537 -0.000156 
0.000825 0.002787 -0.001140 151 3.143905 -0.000125 
0.000819 0.002813 -0.001172 110 3.277117 -0.000156 
0.000826 0.002786 -0.001265 27 3.141593 -0.000250 
0.000828 0.002760 -0.001172 112 3.009537 -0.000156


0.000826 0.002787 -0.001187 60 3.143037 -0.000172


0.000771 0.002893 -0.000890 52 3.751454 0.000125 
0.000786 0.002876 -0.000953 152 3.638517 0.000062 
0.000796 0.002862 -0.000984 85 3.548167 0.000031 
0.000780 0.002883 -0.000890 53 3.683692 0.000125 
0.000771 0.002893 -0.000890 52 3.751454 0.000125


0.000784 0.002879 -0.000930 61 3.655471 0.000086


0.000789 0.002873 -0.000984 113 3.615929 0.000031 
0.000786 0.002876 -0.000953 152 3.638517 0.000062 
0.000771 0.002893 -0.000890 52 3.751454 0.000125 
0.000761 0.002903 -0.000890 51 3.819216 0.000125 
0.000789 0.002873 -0.000984 113 3.615929 0.000031


0.000777 0.002887 -0.000930 62 3.706259 0.000086


0.000796 0.002862 -0.000984 85 3.548167 0.000031 
0.000786 0.002876 -0.000953 152 3.638517 0.000062 
0.000789 0.002873 -0.000984 113 3.615929 0.000031 
0.000809 0.002838 -0.001078 81 3.412642 -0.000063 
0.000796 0.002862 -0.000984 85 3.548167 0.000031


0.000796 0.002863 -0.001000 63 3.553896 0.000016


0.000796 0.002862 -0.001172 87 3.548167 -0.000156 
0.000786 0.002876 -0.001203 153 3.638517 -0.000188 
0.000771 0.002893 -0.001265 36 3.751454 -0.000250 
0.000780 0.002883 -0.001265 35 3.683692 -0.000250 
0.000796 0.002862 -0.001172 87 3.548167 -0.000156


0.000784 0.002879 -0.001226 64 3.655471 -0.000211


0.000789 0.002873 -0.001172 114 3.615929 -0.000156 
0.000786 0.002876 -0.001203 153 3.638517 -0.000188 
0.000796 0.002862 -0.001172 87 3.548167 -0.000156 
0.000809 0.002838 -0.001078 81 3.412642 -0.000063 
0.000789 0.002873 -0.001172 114 3.615929 -0.000156


0.000796 0.002863 -0.001156 65 3.553896 -0.000141


0.000771 0.002893 -0.001265 36 3.751454 -0.000250 
0.000786 0.002876 -0.001203 153 3.638517 -0.000188 
0.000789 0.002873 -0.001172 114 3.615929 -0.000156 
0.000761 0.002903 -0.001265 37 3.819216 -0.000250 
0.000771 0.002893 -0.001265 36 3.751454 -0.000250


0.000777 0.002887 -0.001226 66 3.706259 -0.000211


0.000828 0.002746 -0.000890 64 2.938306 0.000125 
0.000828 0.002742 -0.000953 154 2.918031 0.000062 
0.000827 0.002733 -0.000984 102 2.874012 0.000031 
0.000827 0.002732 -0.000890 65 2.870543 0.000125 
0.000828 0.002746 -0.000890 64 2.938306 0.000125


0.000828 0.002738 -0.000930 67 2.900222 0.000086


0.000828 0.002747 -0.000984 115 2.941774 0.000031 
0.000828 0.002742 -0.000953 154 2.918031 0.000062 
0.000828 0.002746 -0.000890 64 2.938306 0.000125 
0.000828 0.002759 -0.000890 63 3.006068 0.000125 
0.000828 0.002747 -0.000984 115 2.941774 0.000031


0.000828 0.002748 -0.000930 68 2.951039 0.000086


0.000827 0.002733 -0.000984 102 2.874012 0.000031 
0.000828 0.002742 -0.000953 154 2.918031 0.000062 
0.000828 0.002747 -0.000984 115 2.941774 0.000031 
0.000827 0.002734 -0.001078 80 2.877481 -0.000063 
0.000827 0.002733 -0.000984 102 2.874012 0.000031


0.000828 0.002739 -0.001000 69 2.902823 0.000016


0.000804 0.002657 -0.000984 116 2.474375 0.000031 
0.000815 0.002682 -0.001015 155 2.608744 -0.000000 
0.000815 0.002682 -0.001078 104 2.613369 -0.000063 
0.000791 0.002636 -0.001078 79 2.349257 -0.000063 
0.000804 0.002657 -0.000984 116 2.474375 0.000031


0.000807 0.002664 -0.001039 70 2.511534 -0.000023


0.000823 0.002706 -0.000984 100 2.738487 0.000031 
0.000815 0.002682 -0.001015 155 2.608744 -0.000000 
0.000804 0.002657 -0.000984 116 2.474375 0.000031 
0.000814 0.002680 -0.000890 69 2.599494 0.000125 
0.000823 0.002706 -0.000984 100 2.738487 0.000031


0.000815 0.002681 -0.000969 71 2.605270 0.000047


0.000815 0.002682 -0.001078 104 2.613369 -0.000063 
0.000815 0.002682 -0.001015 155 2.608744 -0.000000 
0.000823 0.002706 -0.000984 100 2.738487 0.000031 
0.000827 0.002734 -0.001078 80 2.877481 -0.000063 
0.000815 0.002682 -0.001078 104 2.613369 -0.000063


0.000821 0.002701 -0.001039 72 2.709401 -0.000023


0.000827 0.002734 -0.001172 117 2.880950 -0.000156 
0.000828 0.002752 -0.001203 156 2.967831 -0.000188 
0.000828 0.002761 -0.001265 26 3.013005 -0.000250 
0.000828 0.002735 -0.001265 25 2.884418 -0.000250 
0.000827 0.002734 -0.001172 117 2.880950 -0.000156


0.000828 0.002746 -0.001226 73 2.936544 -0.000211


0.000828 0.002760 -0.001172 112 3.009537 -0.000156 
0.000828 0.002752 -0.001203 156 2.967831 -0.000188 
0.000827 0.002734 -0.001172 117 2.880950 -0.000156 
0.000827 0.002734 -0.001078 80 2.877481 -0.000063 
0.000828 0.002760 -0.001172 112 3.009537 -0.000156


0.000828 0.002745 -0.001156 74 2.933943 -0.000141


0.000828 0.002761 -0.001265 26 3.013005 -0.000250 
0.000828 0.002752 -0.001203 156 2.967831 -0.000188 
0.000828 0.002760 -0.001172 112 3.009537 -0.000156 
0.000826 0.002786 -0.001265 27 3.141593 -0.000250 
0.000828 0.002761 -0.001265 26 3.013005 -0.000250


0.000828 0.002765 -0.001226 75 3.032950 -0.000211


0.000789 0.002873 -0.000984 113 3.615929 0.000031 
0.000774 0.002890 -0.001078 157 3.728866 -0.000063 
0.000780 0.002883 -0.001172 118 3.683692 -0.000156 
0.000809 0.002838 -0.001078 81 3.412642 -0.000063 
0.000789 0.002873 -0.000984 113 3.615929 0.000031


0.000789 0.002872 -0.001078 76 3.610519 -0.000063


0.000751 0.002911 -0.001078 105 3.886979 -0.000063 
0.000774 0.002890 -0.001078 157 3.728866 -0.000063 
0.000789 0.002873 -0.000984 113 3.615929 0.000031 
0.000761 0.002903 -0.000890 51 3.819216 0.000125 
0.000751 0.002911 -0.001078 105 3.886979 -0.000063


0.000769 0.002895 -0.001008 77 3.762794 0.000008


0.000780 0.002883 -0.001172 118 3.683692 -0.000156 
0.000774 0.002890 -0.001078 157 3.728866 -0.000063 
0.000751 0.002911 -0.001078 105 3.886979 -0.000063 
0.000740 0.002919 -0.001265 39 3.954741 -0.000250 
0.000780 0.002883 -0.001172 118 3.683692 -0.000156


0.000762 0.002902 -0.001148 78 3.813552 -0.000133


0.000789 0.002873 -0.001172 114 3.615929 -0.000156 
0.000774 0.002890 -0.001203 158 3.728866 -0.000188 
0.000751 0.002911 -0.001265 38 3.886979 -0.000250 
0.000761 0.002903 -0.001265 37 3.819216 -0.000250 
0.000789 0.002873 -0.001172 114 3.615929 -0.000156


0.000769 0.002895 -0.001226 79 3.762794 -0.000211


0.000780 0.002883 -0.001172 118 3.683692 -0.000156 
0.000774 0.002890 -0.001203 158 3.728866 -0.000188 
0.000789 0.002873 -0.001172 114 3.615929 -0.000156 
0.000809 0.002838 -0.001078 81 3.412642 -0.000063 
0.000780 0.002883 -0.001172 118 3.683692 -0.000156


0.000789 0.002872 -0.001156 80 3.610519 -0.000141


0.000751 0.002911 -0.001265 38 3.886979 -0.000250 
0.000774 0.002890 -0.001203 158 3.728866 -0.000188 
0.000780 0.002883 -0.001172 118 3.683692 -0.000156 
0.000740 0.002919 -0.001265 39 3.954741 -0.000250 
0.000751 0.002911 -0.001265 38 3.886979 -0.000250


0.000762 0.002902 -0.001226 81 3.813552 -0.000211


0.000789 0.002634 -0.000984 93 2.338851 0.000031 
0.000783 0.002627 -0.000953 159 2.290207 0.000062 
0.000780 0.002622 -0.000890 74 2.260682 0.000125 
0.000788 0.002633 -0.000890 73 2.328444 0.000125 
0.000789 0.002634 -0.000984 93 2.338851 0.000031


0.000785 0.002629 -0.000930 82 2.304547 0.000086


0.000781 0.002624 -0.000984 119 2.271088 0.000031 
0.000783 0.002627 -0.000953 159 2.290207 0.000062 
0.000789 0.002634 -0.000984 93 2.338851 0.000031 
0.000791 0.002636 -0.001078 79 2.349257 -0.000063 
0.000781 0.002624 -0.000984 119 2.271088 0.000031


0.000786 0.002630 -0.001000 83 2.312351 0.000016


0.000780 0.002622 -0.000890 74 2.260682 0.000125 
0.000783 0.002627 -0.000953 159 2.290207 0.000062 
0.000781 0.002624 -0.000984 119 2.271088 0.000031 
0.000770 0.002612 -0.000890 75 2.192920 0.000125 
0.000780 0.002622 -0.000890 74 2.260682 0.000125


0.000779 0.002621 -0.000930 84 2.253731 0.000086


0.000755 0.002599 -0.001078 90 2.092188 -0.000062 
0.000757 0.002600 -0.001140 160 2.099090 -0.000125 
0.000736 0.002585 -0.001171 121 1.974007 -0.000156 
0.000712 0.002571 -0.001078 78 1.835119 -0.000062 
0.000755 0.002599 -0.001078 90 2.092188 -0.000062


0.000741 0.002588 -0.001117 85 2.000216 -0.000101


0.000776 0.002618 -0.001172 120 2.231076 -0.000156 
0.000757 0.002600 -0.001140 160 2.099090 -0.000125 
0.000755 0.002599 -0.001078 90 2.092188 -0.000062 
0.000791 0.002636 -0.001078 79 2.349257 -0.000063 
0.000776 0.002618 -0.001172 120 2.231076 -0.000156


0.000770 0.002612 -0.001117 86 2.192818 -0.000101


0.000736 0.002585 -0.001171 121 1.974007 -0.000156 
0.000757 0.002600 -0.001140 160 2.099090 -0.000125 
0.000776 0.002618 -0.001172 120 2.231076 -0.000156 
0.000759 0.002601 -0.001265 19 2.112895 -0.000250 
0.000736 0.002585 -0.001171 121 1.974007 -0.000156


0.000757 0.002600 -0.001187 87 2.104274 -0.000172


0.000714 0.002572 -0.001171 122 1.845420 -0.000156 
0.000730 0.002581 -0.001203 161 1.934578 -0.000187 
0.000738 0.002586 -0.001265 18 1.984308 -0.000250 
0.000716 0.002573 -0.001265 17 1.855721 -0.000250 
0.000714 0.002572 -0.001171 122 1.845420 -0.000156


0.000725 0.002578 -0.001226 88 1.904999 -0.000211


0.000736 0.002585 -0.001171 121 1.974007 -0.000156 
0.000730 0.002581 -0.001203 161 1.934578 -0.000187 
0.000714 0.002572 -0.001171 122 1.845420 -0.000156 
0.000712 0.002571 -0.001078 78 1.835119 -0.000062 
0.000736 0.002585 -0.001171 121 1.974007 -0.000156


0.000723 0.002577 -0.001156 89 1.897276 -0.000140


0.000738 0.002586 -0.001265 18 1.984308 -0.000250 
0.000730 0.002581 -0.001203 161 1.934578 -0.000187 
0.000736 0.002585 -0.001171 121 1.974007 -0.000156 
0.000759 0.002601 -0.001265 19 2.112895 -0.000250 
0.000738 0.002586 -0.001265 18 1.984308 -0.000250


0.000741 0.002588 -0.001226 90 2.001403 -0.000211


0.000730 0.002581 -0.000890 2 1.935595 0.000125 
0.000724 0.002577 -0.000953 162 1.902223 0.000063 
0.000710 0.002571 -0.000984 123 1.824818 0.000032 
0.000708 0.002570 -0.000890 3 1.814517 0.000126 
0.000730 0.002581 -0.000890 2 1.935595 0.000125


0.000718 0.002574 -0.000929 91 1.869285 0.000086


0.000732 0.002582 -0.000984 91 1.946257 0.000031 
0.000724 0.002577 -0.000953 162 1.902223 0.000063 
0.000730 0.002581 -0.000890 2 1.935595 0.000125 
0.000750 0.002594 -0.000890 1 2.057395 0.000125 
0.000732 0.002582 -0.000984 91 1.946257 0.000031


0.000734 0.002583 -0.000929 92 1.960338 0.000086


0.000710 0.002571 -0.000984 123 1.824818 0.000032 
0.000724 0.002577 -0.000953 162 1.902223 0.000063 
0.000732 0.002582 -0.000984 91 1.946257 0.000031 
0.000712 0.002571 -0.001078 78 1.835119 -0.000062 
0.000710 0.002571 -0.000984 123 1.824818 0.000032


0.000720 0.002575 -0.000999 93 1.877099 0.000016


0.000652 0.002555 -0.001078 126 1.523952 -0.000062 
0.000657 0.002555 -0.001140 163 1.548817 -0.000125 
0.000629 0.002553 -0.001172 125 1.405666 -0.000156 
0.000590 0.002557 -0.001078 77 1.212785 -0.000063 
0.000652 0.002555 -0.001078 126 1.523952 -0.000062


0.000632 0.002553 -0.001117 94 1.423066 -0.000101


0.000690 0.002563 -0.001171 124 1.716833 -0.000156 
0.000657 0.002555 -0.001140 163 1.548817 -0.000125 
0.000652 0.002555 -0.001078 126 1.523952 -0.000062 
0.000712 0.002571 -0.001078 78 1.835119 -0.000062 
0.000690 0.002563 -0.001171 124 1.716833 -0.000156


0.000678 0.002559 -0.001117 95 1.656079 -0.000101


0.000629 0.002553 -0.001172 125 1.405666 -0.000156 
0.000657 0.002555 -0.001140 163 1.548817 -0.000125 
0.000690 0.002563 -0.001171 124 1.716833 -0.000156 
0.000667 0.002557 -0.001265 15 1.598547 -0.000250 
0.000629 0.002553 -0.001172 125 1.405666 -0.000156


0.000661 0.002556 -0.001187 96 1.567502 -0.000172


0.000626 0.002553 -0.000983 82 1.391891 0.000032 
0.000656 0.002555 -0.001015 164 1.539633 0.000001 
0.000652 0.002555 -0.001078 126 1.523952 -0.000062 
0.000590 0.002557 -0.001078 77 1.212785 -0.000063 
0.000626 0.002553 -0.000983 82 1.391891 0.000032


0.000631 0.002553 -0.001038 97 1.417295 -0.000023


0.000687 0.002562 -0.000983 127 1.703058 0.000032 
0.000656 0.002555 -0.001015 164 1.539633 0.000001 
0.000626 0.002553 -0.000983 82 1.391891 0.000032 
0.000662 0.002556 -0.000889 5 1.570996 0.000127 
0.000687 0.002562 -0.000983 127 1.703058 0.000032


0.000658 0.002555 -0.000968 98 1.551418 0.000048


0.000652 0.002555 -0.001078 126 1.523952 -0.000062 
0.000656 0.002555 -0.001015 164 1.539633 0.000001 
0.000687 0.002562 -0.000983 127 1.703058 0.000032 
0.000712 0.002571 -0.001078 78 1.835119 -0.000062 
0.000652 0.002555 -0.001078 126 1.523952 -0.000062


0.000677 0.002559 -0.001038 99 1.650312 -0.000023


0.000603 0.002555 -0.001172 128 1.277079 -0.000156 
0.000625 0.002553 -0.001203 165 1.384235 -0.000188 
0.000642 0.002553 -0.001265 14 1.469959 -0.000250 
0.000616 0.002553 -0.001265 13 1.341372 -0.000250 
0.000603 0.002555 -0.001172 128 1.277079 -0.000156


0.000621 0.002553 -0.001226 100 1.368149 -0.000211


0.000629 0.002553 -0.001172 125 1.405666 -0.000156 
0.000625 0.002553 -0.001203 165 1.384235 -0.000188 
0.000603 0.002555 -0.001172 128 1.277079 -0.000156 
0.000590 0.002557 -0.001078 77 1.212785 -0.000063 
0.000629 0.002553 -0.001172 125 1.405666 -0.000156


0.000612 0.002554 -0.001156 101 1.319958 -0.000141


0.000642 0.002553 -0.001265 14 1.469959 -0.000250 
0.000625 0.002553 -0.001203 165 1.384235 -0.000188 
0.000629 0.002553 -0.001172 125 1.405666 -0.000156 
0.000667 0.002557 -0.001265 15 1.598547 -0.000250 
0.000642 0.002553 -0.001265 14 1.469959 -0.000250


0.000641 0.002553 -0.001226 102 1.464531 -0.000211


0.000710 0.002571 -0.000984 123 1.824818 0.000032 
0.000694 0.002564 -0.000952 166 1.740111 0.000064 
0.000685 0.002561 -0.000889 4 1.692457 0.000126 
0.000708 0.002570 -0.000890 3 1.814517 0.000126 
0.000710 0.002571 -0.000984 123 1.824818 0.000032


0.000700 0.002566 -0.000929 103 1.767982 0.000087


0.000687 0.002562 -0.000983 127 1.703058 0.000032 
0.000694 0.002564 -0.000952 166 1.740111 0.000064 
0.000710 0.002571 -0.000984 123 1.824818 0.000032 
0.000712 0.002571 -0.001078 78 1.835119 -0.000062 
0.000687 0.002562 -0.000983 127 1.703058 0.000032


0.000701 0.002567 -0.000999 104 1.775781 0.000016


0.000685 0.002561 -0.000889 4 1.692457 0.000126 
0.000694 0.002564 -0.000952 166 1.740111 0.000064 
0.000687 0.002562 -0.000983 127 1.703058 0.000032 
0.000662 0.002556 -0.000889 5 1.570996 0.000127 
0.000685 0.002561 -0.000889 4 1.692457 0.000126


0.000682 0.002560 -0.000928 105 1.676693 0.000087


0.000590 0.002557 -0.001265 12 1.212785 -0.000250 
0.000590 0.002557 -0.001203 167 1.212785 -0.000188 
0.000603 0.002555 -0.001172 128 1.277079 -0.000156 
0.000616 0.002553 -0.001265 13 1.341372 -0.000250 
0.000590 0.002557 -0.001265 12 1.212785 -0.000250


0.000600 0.002555 -0.001226 106 1.260993 -0.000211


0.000578 0.002560 -0.001172 129 1.148491 -0.000156 
0.000590 0.002557 -0.001203 167 1.212785 -0.000188 
0.000590 0.002557 -0.001265 12 1.212785 -0.000250 
0.000566 0.002563 -0.001265 11 1.084198 -0.000250 
0.000578 0.002560 -0.001172 129 1.148491 -0.000156


0.000581 0.002559 -0.001226 107 1.164577 -0.000211


0.000603 0.002555 -0.001172 128 1.277079 -0.000156 
0.000590 0.002557 -0.001203 167 1.212785 -0.000188 
0.000578 0.002560 -0.001172 129 1.148491 -0.000156 
0.000590 0.002557 -0.001078 77 1.212785 -0.000063 
0.000603 0.002555 -0.001172 128 1.277079 -0.000156


0.000590 0.002557 -0.001156 108 1.212785 -0.000141


0.000589 0.002557 -0.000890 8 1.206132 0.000125 
0.000590 0.002557 -0.000953 168 1.208275 0.000063 
0.000578 0.002560 -0.000984 130 1.148491 0.000031 
0.000566 0.002563 -0.000890 9 1.084198 0.000125 
0.000589 0.002557 -0.000890 8 1.206132 0.000125


0.000581 0.002559 -0.000929 109 1.161786 0.000086


0.000602 0.002555 -0.000984 83 1.270202 0.000032 
0.000590 0.002557 -0.000953 168 1.208275 0.000063 
0.000589 0.002557 -0.000890 8 1.206132 0.000125 
0.000613 0.002554 -0.000890 7 1.327619 0.000126 
0.000602 0.002555 -0.000984 83 1.270202 0.000032


0.000598 0.002555 -0.000929 110 1.253047 0.000086


0.000578 0.002560 -0.000984 130 1.148491 0.000031 
0.000590 0.002557 -0.000953 168 1.208275 0.000063 
0.000602 0.002555 -0.000984 83 1.270202 0.000032 
0.000590 0.002557 -0.001078 77 1.212785 -0.000063 
0.000578 0.002560 -0.000984 130 1.148491 0.000031


0.000590 0.002557 -0.001000 111 1.209939 0.000016


0.000566 0.002563 -0.001078 10 1.084198 -0.000063 
0.000574 0.002561 -0.001078 169 1.127060 -0.000063 
0.000578 0.002560 -0.001172 129 1.148491 -0.000156 
0.000566 0.002563 -0.001265 11 1.084198 -0.000250 
0.000566 0.002563 -0.001078 10 1.084198 -0.000063


0.000571 0.002562 -0.001148 112 1.110986 -0.000133


0.000578 0.002560 -0.000984 130 1.148491 0.000031 
0.000574 0.002561 -0.001078 169 1.127060 -0.000063 
0.000566 0.002563 -0.001078 10 1.084198 -0.000063 
0.000566 0.002563 -0.000890 9 1.084198 0.000125 
0.000578 0.002560 -0.000984 130 1.148491 0.000031


0.000571 0.002562 -0.001008 113 1.110986 0.000008


0.000578 0.002560 -0.001172 129 1.148491 -0.000156 
0.000574 0.002561 -0.001078 169 1.127060 -0.000063 
0.000578 0.002560 -0.000984 130 1.148491 0.000031 
0.000590 0.002557 -0.001078 77 1.212785 -0.000063 
0.000578 0.002560 -0.001172 129 1.148491 -0.000156


0.000580 0.002559 -0.001078 114 1.159202 -0.000063


0.000692 0.002563 -0.001265 16 1.727134 -0.000250 
0.000699 0.002566 -0.001203 170 1.763129 -0.000187 
0.000714 0.002572 -0.001171 122 1.845420 -0.000156 
0.000716 0.002573 -0.001265 17 1.855721 -0.000250 
0.000692 0.002563 -0.001265 16 1.727134 -0.000250


0.000705 0.002568 -0.001226 115 1.797855 -0.000211


0.000690 0.002563 -0.001171 124 1.716833 -0.000156 
0.000699 0.002566 -0.001203 170 1.763129 -0.000187 
0.000692 0.002563 -0.001265 16 1.727134 -0.000250 
0.000667 0.002557 -0.001265 15 1.598547 -0.000250 
0.000690 0.002563 -0.001171 124 1.716833 -0.000156


0.000687 0.002562 -0.001226 116 1.701445 -0.000211


0.000714 0.002572 -0.001171 122 1.845420 -0.000156 
0.000699 0.002566 -0.001203 170 1.763129 -0.000187 
0.000690 0.002563 -0.001171 124 1.716833 -0.000156 
0.000712 0.002571 -0.001078 78 1.835119 -0.000062 
0.000714 0.002572 -0.001171 122 1.845420 -0.000156


0.000704 0.002568 -0.001156 117 1.790131 -0.000140


0.000781 0.002624 -0.000984 119 2.271088 0.000031 
0.000771 0.002613 -0.000953 171 2.199857 0.000062 
0.000760 0.002603 -0.000890 76 2.125157 0.000125 
0.000770 0.002612 -0.000890 75 2.192920 0.000125 
0.000781 0.002624 -0.000984 119 2.271088 0.000031


0.000771 0.002613 -0.000930 118 2.197254 0.000086


0.000772 0.002614 -0.000984 89 2.203326 0.000031 
0.000771 0.002613 -0.000953 171 2.199857 0.000062 
0.000781 0.002624 -0.000984 119 2.271088 0.000031 
0.000791 0.002636 -0.001078 79 2.349257 -0.000063 
0.000772 0.002614 -0.000984 89 2.203326 0.000031


0.000779 0.002621 -0.001000 119 2.255861 0.000016


0.000760 0.002603 -0.000890 76 2.125157 0.000125 
0.000771 0.002613 -0.000953 171 2.199857 0.000062 
0.000772 0.002614 -0.000984 89 2.203326 0.000031 
0.000750 0.002594 -0.000890 1 2.057395 0.000125 
0.000760 0.002603 -0.000890 76 2.125157 0.000125


0.000764 0.002606 -0.000930 120 2.146450 0.000086


0.000777 0.002619 -0.001265 20 2.241482 -0.000250 
0.000782 0.002625 -0.001203 172 2.277407 -0.000188 
0.000792 0.002638 -0.001172 95 2.359663 -0.000156 
0.000793 0.002639 -0.001265 21 2.370070 -0.000250 
0.000777 0.002619 -0.001265 20 2.241482 -0.000250


0.000786 0.002630 -0.001226 121 2.312160 -0.000211


0.000776 0.002618 -0.001172 120 2.231076 -0.000156 
0.000782 0.002625 -0.001203 172 2.277407 -0.000188 
0.000777 0.002619 -0.001265 20 2.241482 -0.000250 
0.000759 0.002601 -0.001265 19 2.112895 -0.000250 
0.000776 0.002618 -0.001172 120 2.231076 -0.000156


0.000774 0.002615 -0.001226 122 2.215750 -0.000211


0.000792 0.002638 -0.001172 95 2.359663 -0.000156 
0.000782 0.002625 -0.001203 172 2.277407 -0.000188 
0.000776 0.002618 -0.001172 120 2.231076 -0.000156 
0.000791 0.002636 -0.001078 79 2.349257 -0.000063 
0.000792 0.002638 -0.001172 95 2.359663 -0.000156


0.000785 0.002629 -0.001156 123 2.304357 -0.000141


0.000809 0.002667 -0.000890 70 2.531731 0.000125 
0.000804 0.002657 -0.000953 173 2.470907 0.000062 
0.000797 0.002646 -0.000984 92 2.406613 0.000031 
0.000803 0.002655 -0.000890 71 2.463969 0.000125 
0.000809 0.002667 -0.000890 70 2.531731 0.000125


0.000803 0.002656 -0.000930 124 2.468304 0.000086


0.000804 0.002657 -0.000984 116 2.474375 0.000031 
0.000804 0.002657 -0.000953 173 2.470907 0.000062 
0.000809 0.002667 -0.000890 70 2.531731 0.000125 
0.000814 0.002680 -0.000890 69 2.599494 0.000125 
0.000804 0.002657 -0.000984 116 2.474375 0.000031


0.000808 0.002665 -0.000930 125 2.519113 0.000086


0.000797 0.002646 -0.000984 92 2.406613 0.000031 
0.000804 0.002657 -0.000953 173 2.470907 0.000062 
0.000804 0.002657 -0.000984 116 2.474375 0.000031 
0.000791 0.002636 -0.001078 79 2.349257 -0.000063 
0.000797 0.002646 -0.000984 92 2.406613 0.000031


0.000799 0.002649 -0.001000 126 2.425298 0.000016


0.000824 0.002710 -0.001265 24 2.755831 -0.000250 
0.000825 0.002718 -0.001203 174 2.796381 -0.000188 
0.000827 0.002734 -0.001172 117 2.880950 -0.000156 
0.000828 0.002735 -0.001265 25 2.884418 -0.000250 
0.000824 0.002710 -0.001265 24 2.755831 -0.000250


0.000826 0.002724 -0.001226 127 2.829400 -0.000211


0.000823 0.002709 -0.001172 103 2.752362 -0.000156 
0.000825 0.002718 -0.001203 174 2.796381 -0.000188 
0.000824 0.002710 -0.001265 24 2.755831 -0.000250 
0.000816 0.002685 -0.001265 23 2.627244 -0.000250 
0.000823 0.002709 -0.001172 103 2.752362 -0.000156


0.000823 0.002705 -0.001226 128 2.732992 -0.000211


0.000827 0.002734 -0.001172 117 2.880950 -0.000156 
0.000825 0.002718 -0.001203 174 2.796381 -0.000188 
0.000823 0.002709 -0.001172 103 2.752362 -0.000156 
0.000827 0.002734 -0.001078 80 2.877481 -0.000063 
0.000827 0.002734 -0.001172 117 2.880950 -0.000156


0.000826 0.002724 -0.001156 129 2.826800 -0.000141


0.000827 0.002773 -0.000890 62 3.073830 0.000125 
0.000828 0.002760 -0.000953 175 3.008380 0.000062 
0.000828 0.002747 -0.000984 115 2.941774 0.000031 
0.000828 0.002759 -0.000890 63 3.006068 0.000125 
0.000827 0.002773 -0.000890 62 3.073830 0.000125


0.000828 0.002760 -0.000930 130 3.007513 0.000086


0.000828 0.002760 -0.000984 99 3.009537 0.000031 
0.000828 0.002760 -0.000953 175 3.008380 0.000062 
0.000827 0.002773 -0.000890 62 3.073830 0.000125 
0.000826 0.002786 -0.000890 61 3.141593 0.000125 
0.000828 0.002760 -0.000984 99 3.009537 0.000031


0.000828 0.002770 -0.000930 131 3.058321 0.000086


0.000828 0.002747 -0.000984 115 2.941774 0.000031 
0.000828 0.002760 -0.000953 175 3.008380 0.000062 
0.000828 0.002760 -0.000984 99 3.009537 0.000031 
0.000827 0.002734 -0.001078 80 2.877481 -0.000063 
0.000828 0.002747 -0.000984 115 2.941774 0.000031


0.000828 0.002750 -0.001000 132 2.959306 0.000016


0.000815 0.002826 -0.001265 30 3.344880 -0.000250 
0.000813 0.002830 -0.001203 176 3.367467 -0.000188 
0.000809 0.002838 -0.001172 131 3.412642 -0.000156 
0.000809 0.002838 -0.001265 31 3.412642 -0.000250 
0.000815 0.002826 -0.001265 30 3.344880 -0.000250


0.000812 0.002833 -0.001226 133 3.384409 -0.000211


0.000815 0.002826 -0.001172 111 3.344880 -0.000156 
0.000813 0.002830 -0.001203 176 3.367467 -0.000188 
0.000815 0.002826 -0.001265 30 3.344880 -0.000250 
0.000819 0.002813 -0.001265 29 3.277117 -0.000250 
0.000815 0.002826 -0.001172 111 3.344880 -0.000156


0.000816 0.002823 -0.001226 134 3.333592 -0.000211


0.000809 0.002838 -0.001172 131 3.412642 -0.000156 
0.000813 0.002830 -0.001203 176 3.367467 -0.000188 
0.000815 0.002826 -0.001172 111 3.344880 -0.000156 
0.000809 0.002838 -0.001078 81 3.412642 -0.000063 
0.000809 0.002838 -0.001172 131 3.412642 -0.000156


0.000812 0.002833 -0.001156 135 3.384409 -0.000141


0.000803 0.002850 -0.001265 32 3.480404 -0.000250 
0.000805 0.002846 -0.001203 177 3.457817 -0.000188 
0.000803 0.002850 -0.001172 88 3.480404 -0.000156 
0.000796 0.002862 -0.001265 33 3.548167 -0.000250 
0.000803 0.002850 -0.001265 32 3.480404 -0.000250


0.000802 0.002852 -0.001226 136 3.491692 -0.000211


0.000809 0.002838 -0.001172 131 3.412642 -0.000156 
0.000805 0.002846 -0.001203 177 3.457817 -0.000188 
0.000803 0.002850 -0.001265 32 3.480404 -0.000250 
0.000809 0.002838 -0.001265 31 3.412642 -0.000250 
0.000809 0.002838 -0.001172 131 3.412642 -0.000156


0.000807 0.002843 -0.001226 137 3.440876 -0.000211


0.000803 0.002850 -0.001172 88 3.480404 -0.000156 
0.000805 0.002846 -0.001203 177 3.457817 -0.000188 
0.000809 0.002838 -0.001172 131 3.412642 -0.000156 
0.000809 0.002838 -0.001078 81 3.412642 -0.000063 
0.000803 0.002850 -0.001172 88 3.480404 -0.000156


0.000807 0.002843 -0.001156 138 3.440876 -0.000141


