0.000019 -0.001949 -0.000666 108 0.002354 -0.000588 
0.000031 -0.001927 -0.000711 182 0.002329 -0.000634 
0.000061 -0.001875 -0.000785 84 0.002269 -0.000707 
0.000066 -0.001868 -0.000767 83 0.002260 -0.000689 
0.000019 -0.001949 -0.000666 108 0.002354 -0.000588


0.000044 -0.001905 -0.000732 1 0.002303 -0.000654


0.000014 -0.001957 -0.000683 107 0.002363 -0.000606 
0.000031 -0.001927 -0.000711 182 0.002329 -0.000634 
0.000019 -0.001949 -0.000666 108 0.002354 -0.000588 
-0.000028 -0.002030 -0.000565 100 0.002447 -0.000488 
0.000014 -0.001957 -0.000683 107 0.002363 -0.000606


0.000009 -0.001966 -0.000657 2 0.002373 -0.000579


0.000061 -0.001875 -0.000785 84 0.002269 -0.000707 
0.000031 -0.001927 -0.000711 182 0.002329 -0.000634 
0.000014 -0.001957 -0.000683 107 0.002363 -0.000606 
0.000056 -0.001884 -0.000802 85 0.002279 -0.000724 
0.000061 -0.001875 -0.000785 84 0.002269 -0.000707


0.000041 -0.001911 -0.000745 3 0.002310 -0.000667


0.000008 -0.001968 -0.000699 110 0.002376 -0.000621 
0.000015 -0.001955 -0.000752 183 0.002362 -0.000674 
0.000037 -0.001918 -0.000845 88 0.002318 -0.000767 
0.000044 -0.001905 -0.000832 87 0.002304 -0.000754 
0.000008 -0.001968 -0.000699 110 0.002376 -0.000621


0.000026 -0.001937 -0.000782 4 0.002340 -0.000704


0.000000 -0.001981 -0.000711 109 0.002391 -0.000633 
0.000015 -0.001955 -0.000752 183 0.002362 -0.000674 
0.000008 -0.001968 -0.000699 110 0.002376 -0.000621 
-0.000028 -0.002030 -0.000565 100 0.002447 -0.000488 
0.000000 -0.001981 -0.000711 109 0.002391 -0.000633


-0.000001 -0.001983 -0.000682 5 0.002394 -0.000604


0.000037 -0.001918 -0.000845 88 0.002318 -0.000767 
0.000015 -0.001955 -0.000752 183 0.002362 -0.000674 
0.000000 -0.001981 -0.000711 109 0.002391 -0.000633 
0.000029 -0.001932 -0.000857 89 0.002334 -0.000779 
0.000037 -0.001918 -0.000845 88 0.002318 -0.000767


0.000020 -0.001946 -0.000791 6 0.002351 -0.000713


0.000014 -0.001957 -0.000683 107 0.002363 -0.000606 
0.000024 -0.001939 -0.000733 184 0.002343 -0.000655 
0.000051 -0.001894 -0.000817 86 0.002291 -0.000739 
0.000056 -0.001884 -0.000802 85 0.002279 -0.000724 
0.000014 -0.001957 -0.000683 107 0.002363 -0.000606


0.000036 -0.001918 -0.000759 7 0.002319 -0.000681


0.000008 -0.001968 -0.000699 110 0.002376 -0.000621 
0.000024 -0.001939 -0.000733 184 0.002343 -0.000655 
0.000014 -0.001957 -0.000683 107 0.002363 -0.000606 
-0.000028 -0.002030 -0.000565 100 0.002447 -0.000488 
0.000008 -0.001968 -0.000699 110 0.002376 -0.000621


0.000005 -0.001973 -0.000670 8 0.002382 -0.000592


0.000051 -0.001894 -0.000817 86 0.002291 -0.000739 
0.000024 -0.001939 -0.000733 184 0.002343 -0.000655 
0.000008 -0.001968 -0.000699 110 0.002376 -0.000621 
0.000044 -0.001905 -0.000832 87 0.002304 -0.000754 
0.000051 -0.001894 -0.000817 86 0.002291 -0.000739


0.000032 -0.001927 -0.000770 9 0.002328 -0.000692


0.000023 -0.001942 -0.000628 112 0.002346 -0.000550 
0.000039 -0.001914 -0.000662 185 0.002313 -0.000584 
0.000073 -0.001855 -0.000710 80 0.002246 -0.000632 
0.000073 -0.001854 -0.000690 79 0.002245 -0.000613 
0.000023 -0.001942 -0.000628 112 0.002346 -0.000550


0.000052 -0.001891 -0.000673 10 0.002288 -0.000595


0.000022 -0.001944 -0.000647 111 0.002348 -0.000570 
0.000039 -0.001914 -0.000662 185 0.002313 -0.000584 
0.000023 -0.001942 -0.000628 112 0.002346 -0.000550 
-0.000028 -0.002030 -0.000565 100 0.002447 -0.000488 
0.000022 -0.001944 -0.000647 111 0.002348 -0.000570


0.000014 -0.001957 -0.000626 11 0.002364 -0.000548


0.000073 -0.001855 -0.000710 80 0.002246 -0.000632 
0.000039 -0.001914 -0.000662 185 0.002313 -0.000584 
0.000022 -0.001944 -0.000647 111 0.002348 -0.000570 
0.000071 -0.001858 -0.000729 81 0.002249 -0.000652 
0.000073 -0.001855 -0.000710 80 0.002246 -0.000632


0.000051 -0.001893 -0.000687 12 0.002289 -0.000609


0.000022 -0.001944 -0.000647 111 0.002348 -0.000570 
0.000036 -0.001918 -0.000687 186 0.002319 -0.000609 
0.000069 -0.001862 -0.000748 82 0.002254 -0.000671 
0.000071 -0.001858 -0.000729 81 0.002249 -0.000652 
0.000022 -0.001944 -0.000647 111 0.002348 -0.000570


0.000050 -0.001895 -0.000703 13 0.002292 -0.000625


0.000019 -0.001949 -0.000666 108 0.002354 -0.000588 
0.000036 -0.001918 -0.000687 186 0.002319 -0.000609 
0.000022 -0.001944 -0.000647 111 0.002348 -0.000570 
-0.000028 -0.002030 -0.000565 100 0.002447 -0.000488 
0.000019 -0.001949 -0.000666 108 0.002354 -0.000588


0.000012 -0.001960 -0.000642 14 0.002367 -0.000564


0.000069 -0.001862 -0.000748 82 0.002254 -0.000671 
0.000036 -0.001918 -0.000687 186 0.002319 -0.000609 
0.000019 -0.001949 -0.000666 108 0.002354 -0.000588 
0.000066 -0.001868 -0.000767 83 0.002260 -0.000689 
0.000069 -0.001862 -0.000748 82 0.002254 -0.000671


0.000047 -0.001899 -0.000717 15 0.002297 -0.000639


0.000697 -0.000774 0.000751 38 0.000997 0.000829 
0.000650 -0.000856 0.000771 187 0.001092 0.000849 
0.000625 -0.000899 0.000771 114 0.001142 0.000849 
0.000694 -0.000780 0.000733 39 0.001004 0.000811 
0.000697 -0.000774 0.000751 38 0.000997 0.000829


0.000666 -0.000827 0.000757 16 0.001059 0.000834


0.000628 -0.000894 0.000790 113 0.001136 0.000868 
0.000650 -0.000856 0.000771 187 0.001092 0.000849 
0.000697 -0.000774 0.000751 38 0.000997 0.000829 
0.000699 -0.000770 0.000770 37 0.000993 0.000848 
0.000628 -0.000894 0.000790 113 0.001136 0.000868


0.000668 -0.000824 0.000771 17 0.001055 0.000849


0.000625 -0.000899 0.000771 114 0.001142 0.000849 
0.000650 -0.000856 0.000771 187 0.001092 0.000849 
0.000628 -0.000894 0.000790 113 0.001136 0.000868 
0.000556 -0.001019 0.000810 99 0.001280 0.000888 
0.000625 -0.000899 0.000771 114 0.001142 0.000849


0.000614 -0.000917 0.000785 18 0.001163 0.000863


-0.000008 -0.001996 -0.000720 116 0.002408 -0.000642 
-0.000008 -0.001995 -0.000776 188 0.002407 -0.000698 
0.000002 -0.001977 -0.000882 92 0.002387 -0.000804 
0.000011 -0.001962 -0.000875 91 0.002369 -0.000797 
-0.000008 -0.001996 -0.000720 116 0.002408 -0.000642


-0.000001 -0.001982 -0.000813 19 0.002393 -0.000735


-0.000018 -0.002012 -0.000726 115 0.002427 -0.000648 
-0.000008 -0.001995 -0.000776 188 0.002407 -0.000698 
-0.000008 -0.001996 -0.000720 116 0.002408 -0.000642 
-0.000028 -0.002030 -0.000565 100 0.002447 -0.000488 
-0.000018 -0.002012 -0.000726 115 0.002427 -0.000648


-0.000015 -0.002008 -0.000697 20 0.002422 -0.000619


0.000002 -0.001977 -0.000882 92 0.002387 -0.000804 
-0.000008 -0.001995 -0.000776 188 0.002407 -0.000698 
-0.000018 -0.002012 -0.000726 115 0.002427 -0.000648 
-0.000007 -0.001994 -0.000887 93 0.002406 -0.000809 
0.000002 -0.001977 -0.000882 92 0.002387 -0.000804


-0.000008 -0.001995 -0.000818 21 0.002407 -0.000740


0.000000 -0.001981 -0.000711 109 0.002391 -0.000633 
0.000004 -0.001974 -0.000766 189 0.002383 -0.000688 
0.000020 -0.001946 -0.000867 90 0.002351 -0.000789 
0.000029 -0.001932 -0.000857 89 0.002334 -0.000779 
0.000000 -0.001981 -0.000711 109 0.002391 -0.000633


0.000013 -0.001958 -0.000800 22 0.002365 -0.000722


-0.000008 -0.001996 -0.000720 116 0.002408 -0.000642 
0.000004 -0.001974 -0.000766 189 0.002383 -0.000688 
0.000000 -0.001981 -0.000711 109 0.002391 -0.000633 
-0.000028 -0.002030 -0.000565 100 0.002447 -0.000488 
-0.000008 -0.001996 -0.000720 116 0.002408 -0.000642


-0.000008 -0.001995 -0.000691 23 0.002407 -0.000613


0.000020 -0.001946 -0.000867 90 0.002351 -0.000789 
0.000004 -0.001974 -0.000766 189 0.002383 -0.000688 
-0.000008 -0.001996 -0.000720 116 0.002408 -0.000642 
0.000011 -0.001962 -0.000875 91 0.002369 -0.000797 
0.000020 -0.001946 -0.000867 90 0.002351 -0.000789


0.000007 -0.001969 -0.000807 24 0.002378 -0.000729


0.000678 -0.000806 0.000682 42 0.001035 0.000760 
0.000637 -0.000877 0.000725 190 0.001117 0.000803 
0.000614 -0.000918 0.000739 118 0.001164 0.000817 
0.000672 -0.000818 0.000668 43 0.001048 0.000746 
0.000678 -0.000806 0.000682 42 0.001035 0.000760


0.000650 -0.000855 0.000704 25 0.001091 0.000781


0.000620 -0.000907 0.000754 117 0.001151 0.000832 
0.000637 -0.000877 0.000725 190 0.001117 0.000803 
0.000678 -0.000806 0.000682 42 0.001035 0.000760 
0.000684 -0.000796 0.000698 41 0.001023 0.000776 
0.000620 -0.000907 0.000754 117 0.001151 0.000832


0.000655 -0.000847 0.000715 26 0.001081 0.000793


0.000614 -0.000918 0.000739 118 0.001164 0.000817 
0.000637 -0.000877 0.000725 190 0.001117 0.000803 
0.000620 -0.000907 0.000754 117 0.001151 0.000832 
0.000556 -0.001019 0.000810 99 0.001280 0.000888 
0.000614 -0.000918 0.000739 118 0.001164 0.000817


0.000607 -0.000930 0.000757 27 0.001178 0.000835


0.000689 -0.000787 0.000715 40 0.001013 0.000793 
0.000645 -0.000865 0.000747 191 0.001102 0.000825 
0.000620 -0.000907 0.000754 117 0.001151 0.000832 
0.000684 -0.000796 0.000698 41 0.001023 0.000776 
0.000689 -0.000787 0.000715 40 0.001013 0.000793


0.000660 -0.000839 0.000728 28 0.001072 0.000806


0.000625 -0.000899 0.000771 114 0.001142 0.000849 
0.000645 -0.000865 0.000747 191 0.001102 0.000825 
0.000689 -0.000787 0.000715 40 0.001013 0.000793 
0.000694 -0.000780 0.000733 39 0.001004 0.000811 
0.000625 -0.000899 0.000771 114 0.001142 0.000849


0.000663 -0.000833 0.000741 29 0.001065 0.000819


0.000620 -0.000907 0.000754 117 0.001151 0.000832 
0.000645 -0.000865 0.000747 191 0.001102 0.000825 
0.000625 -0.000899 0.000771 114 0.001142 0.000849 
0.000556 -0.001019 0.000810 99 0.001280 0.000888 
0.000620 -0.000907 0.000754 117 0.001151 0.000832


0.000611 -0.000923 0.000770 30 0.001169 0.000848


0.000581 -0.000975 0.000910 121 0.001229 0.000988 
0.000621 -0.000905 0.000876 192 0.001149 0.000954 
0.000654 -0.000849 0.000910 120 0.001084 0.000988 
0.000606 -0.000931 0.001010 31 0.001179 0.001088 
0.000581 -0.000975 0.000910 121 0.001229 0.000988


0.000616 -0.000915 0.000926 31 0.001160 0.001004


0.000629 -0.000893 0.000810 119 0.001134 0.000888 
0.000621 -0.000905 0.000876 192 0.001149 0.000954 
0.000581 -0.000975 0.000910 121 0.001229 0.000988 
0.000556 -0.001019 0.000810 99 0.001280 0.000888 
0.000629 -0.000893 0.000810 119 0.001134 0.000888


0.000597 -0.000948 0.000851 32 0.001198 0.000929


0.000654 -0.000849 0.000910 120 0.001084 0.000988 
0.000621 -0.000905 0.000876 192 0.001149 0.000954 
0.000629 -0.000893 0.000810 119 0.001134 0.000888 
0.000701 -0.000766 0.000810 35 0.000989 0.000887 
0.000654 -0.000849 0.000910 120 0.001084 0.000988


0.000651 -0.000853 0.000851 33 0.001089 0.000929


0.000654 -0.000849 0.000910 120 0.001084 0.000988 
0.000670 -0.000821 0.000943 193 0.001052 0.001021 
0.000654 -0.000849 0.001010 32 0.001084 0.001088 
0.000606 -0.000931 0.001010 31 0.001179 0.001088 
0.000654 -0.000849 0.000910 120 0.001084 0.000988


0.000646 -0.000863 0.000968 34 0.001100 0.001046


0.000701 -0.000766 0.000910 34 0.000989 0.000988 
0.000670 -0.000821 0.000943 193 0.001052 0.001021 
0.000654 -0.000849 0.000910 120 0.001084 0.000988 
0.000701 -0.000766 0.000810 35 0.000989 0.000887 
0.000701 -0.000766 0.000910 34 0.000989 0.000988


0.000682 -0.000801 0.000893 35 0.001028 0.000971


0.000654 -0.000849 0.001010 32 0.001084 0.001088 
0.000670 -0.000821 0.000943 193 0.001052 0.001021 
0.000701 -0.000766 0.000910 34 0.000989 0.000988 
0.000701 -0.000766 0.001010 33 0.000989 0.001088 
0.000654 -0.000849 0.001010 32 0.001084 0.001088


0.000682 -0.000801 0.000968 36 0.001028 0.001046


0.000701 -0.000767 0.000790 36 0.000990 0.000868 
0.000652 -0.000851 0.000796 194 0.001087 0.000874 
0.000628 -0.000894 0.000790 113 0.001136 0.000868 
0.000699 -0.000770 0.000770 37 0.000993 0.000848 
0.000701 -0.000767 0.000790 36 0.000990 0.000868


0.000670 -0.000821 0.000787 37 0.001051 0.000865


0.000629 -0.000893 0.000810 119 0.001134 0.000888 
0.000652 -0.000851 0.000796 194 0.001087 0.000874 
0.000701 -0.000767 0.000790 36 0.000990 0.000868 
0.000701 -0.000766 0.000810 35 0.000989 0.000887 
0.000629 -0.000893 0.000810 119 0.001134 0.000888


0.000671 -0.000819 0.000801 38 0.001050 0.000879


0.000628 -0.000894 0.000790 113 0.001136 0.000868 
0.000652 -0.000851 0.000796 194 0.001087 0.000874 
0.000629 -0.000893 0.000810 119 0.001134 0.000888 
0.000556 -0.001019 0.000810 99 0.001280 0.000888 
0.000628 -0.000894 0.000790 113 0.001136 0.000868


0.000616 -0.000914 0.000801 39 0.001159 0.000879


0.000664 -0.000831 0.000655 44 0.001063 0.000733 
0.000628 -0.000894 0.000707 195 0.001135 0.000785 
0.000606 -0.000932 0.000726 122 0.001179 0.000804 
0.000656 -0.000844 0.000643 45 0.001079 0.000721 
0.000664 -0.000831 0.000655 44 0.001063 0.000733


0.000639 -0.000875 0.000683 40 0.001114 0.000761


0.000614 -0.000918 0.000739 118 0.001164 0.000817 
0.000628 -0.000894 0.000707 195 0.001135 0.000785 
0.000664 -0.000831 0.000655 44 0.001063 0.000733 
0.000672 -0.000818 0.000668 43 0.001048 0.000746 
0.000614 -0.000918 0.000739 118 0.001164 0.000817


0.000644 -0.000865 0.000692 41 0.001103 0.000770


0.000606 -0.000932 0.000726 122 0.001179 0.000804 
0.000628 -0.000894 0.000707 195 0.001135 0.000785 
0.000614 -0.000918 0.000739 118 0.001164 0.000817 
0.000556 -0.001019 0.000810 99 0.001280 0.000888 
0.000606 -0.000932 0.000726 122 0.001179 0.000804


0.000601 -0.000941 0.000745 42 0.001190 0.000823


0.000648 -0.000859 0.000633 46 0.001096 0.000711 
0.000617 -0.000912 0.000692 196 0.001157 0.000770 
0.000597 -0.000947 0.000717 123 0.001197 0.000795 
0.000639 -0.000875 0.000625 47 0.001113 0.000703 
0.000648 -0.000859 0.000633 46 0.001096 0.000711


0.000625 -0.000898 0.000667 43 0.001141 0.000745


0.000606 -0.000932 0.000726 122 0.001179 0.000804 
0.000617 -0.000912 0.000692 196 0.001157 0.000770 
0.000648 -0.000859 0.000633 46 0.001096 0.000711 
0.000656 -0.000844 0.000643 45 0.001079 0.000721 
0.000606 -0.000932 0.000726 122 0.001179 0.000804


0.000632 -0.000887 0.000674 44 0.001128 0.000752


0.000597 -0.000947 0.000717 123 0.001197 0.000795 
0.000617 -0.000912 0.000692 196 0.001157 0.000770 
0.000606 -0.000932 0.000726 122 0.001179 0.000804 
0.000556 -0.001019 0.000810 99 0.001280 0.000888 
0.000597 -0.000947 0.000717 123 0.001197 0.000795


0.000594 -0.000952 0.000736 45 0.001203 0.000814


0.000630 -0.000891 0.000618 48 0.001132 0.000696 
0.000605 -0.000933 0.000682 197 0.001181 0.000760 
0.000588 -0.000963 0.000711 124 0.001216 0.000789 
0.000620 -0.000907 0.000613 49 0.001151 0.000691 
0.000630 -0.000891 0.000618 48 0.001132 0.000696


0.000611 -0.000924 0.000656 46 0.001170 0.000734


0.000597 -0.000947 0.000717 123 0.001197 0.000795 
0.000605 -0.000933 0.000682 197 0.001181 0.000760 
0.000630 -0.000891 0.000618 48 0.001132 0.000696 
0.000639 -0.000875 0.000625 47 0.001113 0.000703 
0.000597 -0.000947 0.000717 123 0.001197 0.000795


0.000618 -0.000911 0.000661 47 0.001156 0.000739


0.000588 -0.000963 0.000711 124 0.001216 0.000789 
0.000605 -0.000933 0.000682 197 0.001181 0.000760 
0.000597 -0.000947 0.000717 123 0.001197 0.000795 
0.000556 -0.001019 0.000810 99 0.001280 0.000888 
0.000588 -0.000963 0.000711 124 0.001216 0.000789


0.000587 -0.000965 0.000730 48 0.001218 0.000808


0.000253 -0.001543 0.000686 127 0.001885 0.000764 
0.000224 -0.001593 0.000702 198 0.001943 0.000780 
0.000197 -0.001639 0.000653 126 0.001997 0.000730 
0.000228 -0.001586 0.000572 59 0.001935 0.000650 
0.000253 -0.001543 0.000686 127 0.001885 0.000764


0.000226 -0.001590 0.000653 49 0.001940 0.000731


0.000223 -0.001596 0.000767 125 0.001946 0.000845 
0.000224 -0.001593 0.000702 198 0.001943 0.000780 
0.000253 -0.001543 0.000686 127 0.001885 0.000764 
0.000278 -0.001499 0.000801 103 0.001835 0.000879 
0.000223 -0.001596 0.000767 125 0.001946 0.000845


0.000245 -0.001557 0.000739 50 0.001902 0.000817


0.000197 -0.001639 0.000653 126 0.001997 0.000730 
0.000224 -0.001593 0.000702 198 0.001943 0.000780 
0.000223 -0.001596 0.000767 125 0.001946 0.000845 
0.000167 -0.001693 0.000733 105 0.002058 0.000811 
0.000197 -0.001639 0.000653 126 0.001997 0.000730


0.000203 -0.001630 0.000714 51 0.001986 0.000792


0.000165 -0.001695 0.000496 62 0.002061 0.000574 
0.000130 -0.001756 0.000519 199 0.002131 0.000597 
0.000103 -0.001803 0.000515 129 0.002186 0.000593 
0.000147 -0.001727 0.000464 63 0.002098 0.000541 
0.000165 -0.001695 0.000496 62 0.002061 0.000574


0.000136 -0.001745 0.000499 52 0.002119 0.000577


0.000122 -0.001770 0.000546 128 0.002147 0.000624 
0.000130 -0.001756 0.000519 199 0.002131 0.000597 
0.000165 -0.001695 0.000496 62 0.002061 0.000574 
0.000185 -0.001661 0.000526 61 0.002022 0.000604 
0.000122 -0.001770 0.000546 128 0.002147 0.000624


0.000151 -0.001721 0.000522 53 0.002090 0.000600


0.000103 -0.001803 0.000515 129 0.002186 0.000593 
0.000130 -0.001756 0.000519 199 0.002131 0.000597 
0.000122 -0.001770 0.000546 128 0.002147 0.000624 
0.000059 -0.001879 0.000567 104 0.002273 0.000645 
0.000103 -0.001803 0.000515 129 0.002186 0.000593


0.000104 -0.001802 0.000537 54 0.002184 0.000615


0.000345 -0.001383 0.000910 132 0.001701 0.000988 
0.000323 -0.001422 0.000873 200 0.001745 0.000951 
0.000324 -0.001420 0.000805 131 0.001743 0.000883 
0.000370 -0.001341 0.000810 98 0.001652 0.000888 
0.000345 -0.001383 0.000910 132 0.001701 0.000988


0.000341 -0.001391 0.000849 55 0.001710 0.000927


0.000300 -0.001462 0.000905 130 0.001792 0.000983 
0.000323 -0.001422 0.000873 200 0.001745 0.000951 
0.000345 -0.001383 0.000910 132 0.001701 0.000988 
0.000321 -0.001426 0.001010 25 0.001750 0.001088 
0.000300 -0.001462 0.000905 130 0.001792 0.000983


0.000322 -0.001423 0.000924 56 0.001747 0.001002


0.000324 -0.001420 0.000805 131 0.001743 0.000883 
0.000323 -0.001422 0.000873 200 0.001745 0.000951 
0.000300 -0.001462 0.000905 130 0.001792 0.000983 
0.000278 -0.001499 0.000801 103 0.001835 0.000879 
0.000324 -0.001420 0.000805 131 0.001743 0.000883


0.000306 -0.001451 0.000846 57 0.001779 0.000924


0.000103 -0.001803 0.000346 66 0.002186 0.000424 
0.000066 -0.001867 0.000340 201 0.002259 0.000418 
0.000042 -0.001909 0.000316 134 0.002307 0.000394 
0.000092 -0.001821 0.000302 67 0.002207 0.000380 
0.000103 -0.001803 0.000346 66 0.002186 0.000424


0.000076 -0.001850 0.000326 58 0.002240 0.000404


0.000054 -0.001888 0.000359 133 0.002284 0.000437 
0.000066 -0.001867 0.000340 201 0.002259 0.000418 
0.000103 -0.001803 0.000346 66 0.002186 0.000424 
0.000116 -0.001781 0.000388 65 0.002160 0.000466 
0.000054 -0.001888 0.000359 133 0.002284 0.000437


0.000085 -0.001835 0.000358 59 0.002222 0.000436


0.000042 -0.001909 0.000316 134 0.002307 0.000394 
0.000066 -0.001867 0.000340 201 0.002259 0.000418 
0.000054 -0.001888 0.000359 133 0.002284 0.000437 
-0.000008 -0.001996 0.000331 102 0.002408 0.000409 
0.000042 -0.001909 0.000316 134 0.002307 0.000394


0.000038 -0.001915 0.000337 60 0.002315 0.000415


0.000087 -0.001830 0.000478 136 0.002217 0.000555 
0.000055 -0.001885 0.000429 202 0.002281 0.000507 
0.000054 -0.001888 0.000359 133 0.002284 0.000437 
0.000116 -0.001781 0.000388 65 0.002160 0.000466 
0.000087 -0.001830 0.000478 136 0.002217 0.000555


0.000078 -0.001846 0.000413 61 0.002235 0.000491


0.000025 -0.001937 0.000449 135 0.002341 0.000527 
0.000055 -0.001885 0.000429 202 0.002281 0.000507 
0.000087 -0.001830 0.000478 136 0.002217 0.000555 
0.000059 -0.001879 0.000567 104 0.002273 0.000645 
0.000025 -0.001937 0.000449 135 0.002341 0.000527


0.000057 -0.001883 0.000481 62 0.002278 0.000558


0.000054 -0.001888 0.000359 133 0.002284 0.000437 
0.000055 -0.001885 0.000429 202 0.002281 0.000507 
0.000025 -0.001937 0.000449 135 0.002341 0.000527 
-0.000008 -0.001996 0.000331 102 0.002408 0.000409 
0.000054 -0.001888 0.000359 133 0.002284 0.000437


0.000032 -0.001927 0.000392 63 0.002328 0.000470


-0.000052 -0.002071 0.000392 138 0.002495 0.000470 
-0.000053 -0.002073 0.000465 203 0.002497 0.000543 
-0.000076 -0.002113 0.000534 14 0.002544 0.000612 
-0.000095 -0.002146 0.000454 13 0.002581 0.000532 
-0.000052 -0.002071 0.000392 138 0.002495 0.000470


-0.000069 -0.002101 0.000461 64 0.002529 0.000539


-0.000031 -0.002035 0.000470 137 0.002453 0.000548 
-0.000053 -0.002073 0.000465 203 0.002497 0.000543 
-0.000052 -0.002071 0.000392 138 0.002495 0.000470 
-0.000008 -0.001996 0.000331 102 0.002408 0.000409 
-0.000031 -0.002035 0.000470 137 0.002453 0.000548


-0.000036 -0.002044 0.000415 65 0.002463 0.000493


-0.000076 -0.002113 0.000534 14 0.002544 0.000612 
-0.000053 -0.002073 0.000465 203 0.002497 0.000543 
-0.000031 -0.002035 0.000470 137 0.002453 0.000548 
-0.000053 -0.002074 0.000610 15 0.002498 0.000688 
-0.000076 -0.002113 0.000534 14 0.002544 0.000612


-0.000053 -0.002074 0.000520 66 0.002498 0.000598


-0.000027 -0.002028 0.000681 16 0.002446 0.000758 
0.000002 -0.001978 0.000642 204 0.002387 0.000720 
0.000031 -0.001928 0.000656 140 0.002330 0.000734 
0.000003 -0.001977 0.000746 17 0.002386 0.000824 
-0.000027 -0.002028 0.000681 16 0.002446 0.000758


0.000002 -0.001978 0.000681 67 0.002387 0.000759


0.000003 -0.001976 0.000588 139 0.002386 0.000666 
0.000002 -0.001978 0.000642 204 0.002387 0.000720 
-0.000027 -0.002028 0.000681 16 0.002446 0.000758 
-0.000053 -0.002074 0.000610 15 0.002498 0.000688 
0.000003 -0.001976 0.000588 139 0.002386 0.000666


-0.000019 -0.002014 0.000630 68 0.002429 0.000708


0.000031 -0.001928 0.000656 140 0.002330 0.000734 
0.000002 -0.001978 0.000642 204 0.002387 0.000720 
0.000003 -0.001976 0.000588 139 0.002386 0.000666 
0.000059 -0.001879 0.000567 104 0.002273 0.000645 
0.000031 -0.001928 0.000656 140 0.002330 0.000734


0.000024 -0.001940 0.000613 69 0.002344 0.000691


0.000277 -0.001502 0.000700 141 0.001838 0.000778 
0.000261 -0.001530 0.000658 205 0.001870 0.000736 
0.000251 -0.001546 0.000588 58 0.001889 0.000666 
0.000275 -0.001505 0.000600 57 0.001841 0.000678 
0.000277 -0.001502 0.000700 141 0.001838 0.000778


0.000266 -0.001521 0.000637 70 0.001860 0.000715


0.000253 -0.001543 0.000686 127 0.001885 0.000764 
0.000261 -0.001530 0.000658 205 0.001870 0.000736 
0.000277 -0.001502 0.000700 141 0.001838 0.000778 
0.000278 -0.001499 0.000801 103 0.001835 0.000879 
0.000253 -0.001543 0.000686 127 0.001885 0.000764


0.000267 -0.001518 0.000711 71 0.001857 0.000789


0.000251 -0.001546 0.000588 58 0.001889 0.000666 
0.000261 -0.001530 0.000658 205 0.001870 0.000736 
0.000253 -0.001543 0.000686 127 0.001885 0.000764 
0.000228 -0.001586 0.000572 59 0.001935 0.000650 
0.000251 -0.001546 0.000588 58 0.001889 0.000666


0.000248 -0.001551 0.000626 72 0.001895 0.000704


0.000256 -0.001538 0.000897 143 0.001880 0.000975 
0.000226 -0.001590 0.000842 206 0.001939 0.000920 
0.000223 -0.001596 0.000767 125 0.001946 0.000845 
0.000278 -0.001499 0.000801 103 0.001835 0.000879 
0.000256 -0.001538 0.000897 143 0.001880 0.000975


0.000246 -0.001556 0.000827 73 0.001900 0.000905


0.000200 -0.001635 0.000863 142 0.001992 0.000941 
0.000226 -0.001590 0.000842 206 0.001939 0.000920 
0.000256 -0.001538 0.000897 143 0.001880 0.000975 
0.000233 -0.001578 0.000992 23 0.001926 0.001070 
0.000200 -0.001635 0.000863 142 0.001992 0.000941


0.000229 -0.001585 0.000898 74 0.001934 0.000976


0.000223 -0.001596 0.000767 125 0.001946 0.000845 
0.000226 -0.001590 0.000842 206 0.001939 0.000920 
0.000200 -0.001635 0.000863 142 0.001992 0.000941 
0.000167 -0.001693 0.000733 105 0.002058 0.000811 
0.000223 -0.001596 0.000767 125 0.001946 0.000845


0.000204 -0.001628 0.000801 75 0.001984 0.000879


0.000158 -0.001708 0.000837 144 0.002076 0.000915 
0.000183 -0.001665 0.000890 207 0.002026 0.000968 
0.000190 -0.001652 0.000971 22 0.002011 0.001049 
0.000149 -0.001724 0.000941 21 0.002094 0.001019 
0.000158 -0.001708 0.000837 144 0.002076 0.000915


0.000170 -0.001687 0.000910 76 0.002052 0.000988


0.000200 -0.001635 0.000863 142 0.001992 0.000941 
0.000183 -0.001665 0.000890 207 0.002026 0.000968 
0.000158 -0.001708 0.000837 144 0.002076 0.000915 
0.000167 -0.001693 0.000733 105 0.002058 0.000811 
0.000200 -0.001635 0.000863 142 0.001992 0.000941


0.000177 -0.001675 0.000831 77 0.002038 0.000909


0.000190 -0.001652 0.000971 22 0.002011 0.001049 
0.000183 -0.001665 0.000890 207 0.002026 0.000968 
0.000200 -0.001635 0.000863 142 0.001992 0.000941 
0.000233 -0.001578 0.000992 23 0.001926 0.001070 
0.000190 -0.001652 0.000971 22 0.002011 0.001049


0.000201 -0.001633 0.000929 78 0.001989 0.001007


0.000176 -0.001677 0.000630 146 0.002040 0.000707 
0.000137 -0.001744 0.000609 208 0.002118 0.000687 
0.000122 -0.001770 0.000546 128 0.002147 0.000624 
0.000185 -0.001661 0.000526 61 0.002022 0.000604 
0.000176 -0.001677 0.000630 146 0.002040 0.000707


0.000155 -0.001713 0.000578 79 0.002082 0.000656


0.000113 -0.001786 0.000650 145 0.002166 0.000728 
0.000137 -0.001744 0.000609 208 0.002118 0.000687 
0.000176 -0.001677 0.000630 146 0.002040 0.000707 
0.000167 -0.001693 0.000733 105 0.002058 0.000811 
0.000113 -0.001786 0.000650 145 0.002166 0.000728


0.000148 -0.001725 0.000655 80 0.002095 0.000733


0.000122 -0.001770 0.000546 128 0.002147 0.000624 
0.000137 -0.001744 0.000609 208 0.002118 0.000687 
0.000113 -0.001786 0.000650 145 0.002166 0.000728 
0.000059 -0.001879 0.000567 104 0.002273 0.000645 
0.000122 -0.001770 0.000546 128 0.002147 0.000624


0.000108 -0.001795 0.000593 81 0.002176 0.000671


0.000031 -0.001928 0.000656 140 0.002330 0.000734 
0.000044 -0.001906 0.000725 209 0.002304 0.000803 
0.000035 -0.001920 0.000805 18 0.002321 0.000883 
0.000003 -0.001977 0.000746 17 0.002386 0.000824 
0.000031 -0.001928 0.000656 140 0.002330 0.000734


0.000028 -0.001933 0.000733 82 0.002335 0.000811


0.000065 -0.001869 0.000712 147 0.002262 0.000790 
0.000044 -0.001906 0.000725 209 0.002304 0.000803 
0.000031 -0.001928 0.000656 140 0.002330 0.000734 
0.000059 -0.001879 0.000567 104 0.002273 0.000645 
0.000065 -0.001869 0.000712 147 0.002262 0.000790


0.000050 -0.001895 0.000665 83 0.002292 0.000743


0.000035 -0.001920 0.000805 18 0.002321 0.000883 
0.000044 -0.001906 0.000725 209 0.002304 0.000803 
0.000065 -0.001869 0.000712 147 0.002262 0.000790 
0.000071 -0.001859 0.000858 19 0.002250 0.000936 
0.000035 -0.001920 0.000805 18 0.002321 0.000883


0.000054 -0.001888 0.000775 84 0.002284 0.000853


0.000109 -0.001793 0.000903 20 0.002174 0.000981 
0.000128 -0.001759 0.000845 210 0.002135 0.000923 
0.000158 -0.001708 0.000837 144 0.002076 0.000915 
0.000149 -0.001724 0.000941 21 0.002094 0.001019 
0.000109 -0.001793 0.000903 20 0.002174 0.000981


0.000136 -0.001746 0.000882 85 0.002120 0.000960


0.000119 -0.001776 0.000796 148 0.002154 0.000874 
0.000128 -0.001759 0.000845 210 0.002135 0.000923 
0.000109 -0.001793 0.000903 20 0.002174 0.000981 
0.000071 -0.001859 0.000858 19 0.002250 0.000936 
0.000119 -0.001776 0.000796 148 0.002154 0.000874


0.000107 -0.001797 0.000851 86 0.002178 0.000928


0.000158 -0.001708 0.000837 144 0.002076 0.000915 
0.000128 -0.001759 0.000845 210 0.002135 0.000923 
0.000119 -0.001776 0.000796 148 0.002154 0.000874 
0.000167 -0.001693 0.000733 105 0.002058 0.000811 
0.000158 -0.001708 0.000837 144 0.002076 0.000915


0.000143 -0.001734 0.000803 87 0.002106 0.000881


0.000035 -0.001921 0.000269 150 0.002322 0.000347 
0.000047 -0.001900 0.000216 211 0.002297 0.000294 
0.000074 -0.001852 0.000159 70 0.002243 0.000237 
0.000078 -0.001846 0.000208 69 0.002235 0.000286 
0.000035 -0.001921 0.000269 150 0.002322 0.000347


0.000059 -0.001880 0.000213 88 0.002274 0.000291


0.000032 -0.001925 0.000220 149 0.002327 0.000298 
0.000047 -0.001900 0.000216 211 0.002297 0.000294 
0.000035 -0.001921 0.000269 150 0.002322 0.000347 
-0.000008 -0.001996 0.000331 102 0.002408 0.000409 
0.000032 -0.001925 0.000220 149 0.002327 0.000298


0.000027 -0.001935 0.000259 89 0.002338 0.000337


0.000074 -0.001852 0.000159 70 0.002243 0.000237 
0.000047 -0.001900 0.000216 211 0.002297 0.000294 
0.000032 -0.001925 0.000220 149 0.002327 0.000298 
0.000073 -0.001854 0.000110 71 0.002245 0.000187 
0.000074 -0.001852 0.000159 70 0.002243 0.000237


0.000057 -0.001883 0.000176 90 0.002278 0.000254


-0.000110 -0.002172 0.000371 12 0.002611 0.000449 
-0.000075 -0.002112 0.000357 212 0.002542 0.000435 
-0.000052 -0.002071 0.000392 138 0.002495 0.000470 
-0.000095 -0.002146 0.000454 13 0.002581 0.000532 
-0.000110 -0.002172 0.000371 12 0.002611 0.000449


-0.000083 -0.002125 0.000394 91 0.002557 0.000472


-0.000065 -0.002093 0.000308 151 0.002521 0.000386 
-0.000075 -0.002112 0.000357 212 0.002542 0.000435 
-0.000110 -0.002172 0.000371 12 0.002611 0.000449 
-0.000121 -0.002190 0.000285 11 0.002633 0.000363 
-0.000065 -0.002093 0.000308 151 0.002521 0.000386


-0.000093 -0.002142 0.000330 92 0.002577 0.000408


-0.000052 -0.002071 0.000392 138 0.002495 0.000470 
-0.000075 -0.002112 0.000357 212 0.002542 0.000435 
-0.000065 -0.002093 0.000308 151 0.002521 0.000386 
-0.000008 -0.001996 0.000331 102 0.002408 0.000409 
-0.000052 -0.002071 0.000392 138 0.002495 0.000470


-0.000050 -0.002068 0.000347 93 0.002492 0.000425


-0.000018 -0.002013 0.000170 154 0.002428 0.000248 
-0.000055 -0.002077 0.000150 213 0.002502 0.000228 
-0.000079 -0.002118 0.000060 153 0.002549 0.000137 
-0.000028 -0.002030 0.000010 97 0.002447 0.000087 
-0.000018 -0.002013 0.000170 154 0.002428 0.000248


-0.000045 -0.002059 0.000097 94 0.002482 0.000175


-0.000069 -0.002101 0.000220 152 0.002529 0.000298 
-0.000055 -0.002077 0.000150 213 0.002502 0.000228 
-0.000018 -0.002013 0.000170 154 0.002428 0.000248 
-0.000008 -0.001996 0.000331 102 0.002408 0.000409 
-0.000069 -0.002101 0.000220 152 0.002529 0.000298


-0.000038 -0.002047 0.000218 95 0.002467 0.000296


-0.000079 -0.002118 0.000060 153 0.002549 0.000137 
-0.000055 -0.002077 0.000150 213 0.002502 0.000228 
-0.000069 -0.002101 0.000220 152 0.002529 0.000298 
-0.000129 -0.002205 0.000110 9 0.002650 0.000187 
-0.000079 -0.002118 0.000060 153 0.002549 0.000137


-0.000083 -0.002125 0.000135 96 0.002557 0.000213


0.000393 -0.001301 0.000910 157 0.001606 0.000988 
0.000424 -0.001247 0.000876 214 0.001543 0.000954 
0.000451 -0.001200 0.000910 156 0.001489 0.000988 
0.000416 -0.001261 0.001010 27 0.001560 0.001088 
0.000393 -0.001301 0.000910 157 0.001606 0.000988


0.000421 -0.001252 0.000926 97 0.001549 0.001004


0.000428 -0.001240 0.000810 155 0.001535 0.000888 
0.000424 -0.001247 0.000876 214 0.001543 0.000954 
0.000393 -0.001301 0.000910 157 0.001606 0.000988 
0.000370 -0.001341 0.000810 98 0.001652 0.000888 
0.000428 -0.001240 0.000810 155 0.001535 0.000888


0.000404 -0.001282 0.000851 98 0.001584 0.000929


0.000451 -0.001200 0.000910 156 0.001489 0.000988 
0.000424 -0.001247 0.000876 214 0.001543 0.000954 
0.000428 -0.001240 0.000810 155 0.001535 0.000888 
0.000487 -0.001138 0.000810 106 0.001418 0.000888 
0.000451 -0.001200 0.000910 156 0.001489 0.000988


0.000448 -0.001206 0.000851 99 0.001496 0.000929


0.000256 -0.001538 0.000897 143 0.001880 0.000975 
0.000277 -0.001501 0.000936 215 0.001837 0.001014 
0.000277 -0.001502 0.001005 24 0.001838 0.001083 
0.000233 -0.001578 0.000992 23 0.001926 0.001070 
0.000256 -0.001538 0.000897 143 0.001880 0.000975


0.000261 -0.001530 0.000957 100 0.001870 0.001035


0.000300 -0.001462 0.000905 130 0.001792 0.000983 
0.000277 -0.001501 0.000936 215 0.001837 0.001014 
0.000256 -0.001538 0.000897 143 0.001880 0.000975 
0.000278 -0.001499 0.000801 103 0.001835 0.000879 
0.000300 -0.001462 0.000905 130 0.001792 0.000983


0.000278 -0.001500 0.000885 101 0.001836 0.000963


0.000277 -0.001502 0.001005 24 0.001838 0.001083 
0.000277 -0.001501 0.000936 215 0.001837 0.001014 
0.000300 -0.001462 0.000905 130 0.001792 0.000983 
0.000321 -0.001426 0.001010 25 0.001750 0.001088 
0.000277 -0.001502 0.001005 24 0.001838 0.001083


0.000294 -0.001473 0.000964 102 0.001804 0.001042


0.000393 -0.001300 0.000610 54 0.001605 0.000687 
0.000385 -0.001314 0.000676 216 0.001621 0.000754 
0.000347 -0.001380 0.000710 159 0.001698 0.000788 
0.000324 -0.001420 0.000610 55 0.001744 0.000687 
0.000393 -0.001300 0.000610 54 0.001605 0.000687


0.000362 -0.001354 0.000651 103 0.001667 0.000729


0.000416 -0.001261 0.000710 158 0.001559 0.000788 
0.000385 -0.001314 0.000676 216 0.001621 0.000754 
0.000393 -0.001300 0.000610 54 0.001605 0.000687 
0.000462 -0.001181 0.000610 53 0.001467 0.000687 
0.000416 -0.001261 0.000710 158 0.001559 0.000788


0.000414 -0.001264 0.000651 104 0.001563 0.000729


0.000347 -0.001380 0.000710 159 0.001698 0.000788 
0.000385 -0.001314 0.000676 216 0.001621 0.000754 
0.000416 -0.001261 0.000710 158 0.001559 0.000788 
0.000370 -0.001341 0.000810 98 0.001652 0.000888 
0.000347 -0.001380 0.000710 159 0.001698 0.000788


0.000380 -0.001324 0.000726 105 0.001632 0.000804


0.000559 -0.001014 0.001010 30 0.001274 0.001088 
0.000558 -0.001015 0.000943 217 0.001276 0.001021 
0.000581 -0.000975 0.000910 121 0.001229 0.000988 
0.000606 -0.000931 0.001010 31 0.001179 0.001088 
0.000559 -0.001014 0.001010 30 0.001274 0.001088


0.000576 -0.000984 0.000968 106 0.001240 0.001046


0.000533 -0.001057 0.000910 160 0.001325 0.000988 
0.000558 -0.001015 0.000943 217 0.001276 0.001021 
0.000559 -0.001014 0.001010 30 0.001274 0.001088 
0.000511 -0.001096 0.001010 29 0.001369 0.001088 
0.000533 -0.001057 0.000910 160 0.001325 0.000988


0.000540 -0.001046 0.000968 107 0.001311 0.001046


0.000581 -0.000975 0.000910 121 0.001229 0.000988 
0.000558 -0.001015 0.000943 217 0.001276 0.001021 
0.000533 -0.001057 0.000910 160 0.001325 0.000988 
0.000556 -0.001019 0.000810 99 0.001280 0.000888 
0.000581 -0.000975 0.000910 121 0.001229 0.000988


0.000557 -0.001017 0.000893 108 0.001278 0.000971


0.000509 -0.001100 0.000710 163 0.001374 0.000788 
0.000502 -0.001113 0.000743 218 0.001388 0.000821 
0.000474 -0.001160 0.000710 162 0.001443 0.000788 
0.000462 -0.001181 0.000610 53 0.001467 0.000687 
0.000509 -0.001100 0.000710 163 0.001374 0.000788


0.000487 -0.001138 0.000693 109 0.001418 0.000771


0.000521 -0.001079 0.000810 161 0.001349 0.000888 
0.000502 -0.001113 0.000743 218 0.001388 0.000821 
0.000509 -0.001100 0.000710 163 0.001374 0.000788 
0.000556 -0.001019 0.000810 99 0.001280 0.000888 
0.000521 -0.001079 0.000810 161 0.001349 0.000888


0.000522 -0.001077 0.000768 110 0.001348 0.000846


0.000474 -0.001160 0.000710 162 0.001443 0.000788 
0.000502 -0.001113 0.000743 218 0.001388 0.000821 
0.000521 -0.001079 0.000810 161 0.001349 0.000888 
0.000487 -0.001138 0.000810 106 0.001418 0.000888 
0.000474 -0.001160 0.000710 162 0.001443 0.000788


0.000496 -0.001122 0.000768 111 0.001400 0.000846


0.000073 -0.001854 -0.000590 78 0.002245 -0.000513 
0.000040 -0.001913 -0.000582 219 0.002312 -0.000504 
0.000023 -0.001942 -0.000628 112 0.002346 -0.000550 
0.000073 -0.001854 -0.000690 79 0.002245 -0.000613 
0.000073 -0.001854 -0.000590 78 0.002245 -0.000513


0.000052 -0.001891 -0.000623 112 0.002287 -0.000545


0.000023 -0.001942 -0.000528 164 0.002346 -0.000450 
0.000040 -0.001913 -0.000582 219 0.002312 -0.000504 
0.000073 -0.001854 -0.000590 78 0.002245 -0.000513 
0.000073 -0.001854 -0.000490 77 0.002245 -0.000413 
0.000023 -0.001942 -0.000528 164 0.002346 -0.000450


0.000052 -0.001891 -0.000548 113 0.002287 -0.000470


0.000023 -0.001942 -0.000628 112 0.002346 -0.000550 
0.000040 -0.001913 -0.000582 219 0.002312 -0.000504 
0.000023 -0.001942 -0.000528 164 0.002346 -0.000450 
-0.000028 -0.002030 -0.000565 100 0.002447 -0.000488 
0.000023 -0.001942 -0.000628 112 0.002346 -0.000550


0.000014 -0.001957 -0.000576 114 0.002363 -0.000498


0.000032 -0.001925 0.000220 149 0.002327 0.000298 
0.000012 -0.001960 0.000150 220 0.002367 0.000228 
0.000023 -0.001942 0.000060 165 0.002346 0.000137 
0.000073 -0.001854 0.000110 71 0.002245 0.000187 
0.000032 -0.001925 0.000220 149 0.002327 0.000298


0.000035 -0.001920 0.000135 115 0.002321 0.000213


-0.000018 -0.002013 0.000170 154 0.002428 0.000248 
0.000012 -0.001960 0.000150 220 0.002367 0.000228 
0.000032 -0.001925 0.000220 149 0.002327 0.000298 
-0.000008 -0.001996 0.000331 102 0.002408 0.000409 
-0.000018 -0.002013 0.000170 154 0.002428 0.000248


0.000005 -0.001974 0.000218 116 0.002382 0.000296


0.000023 -0.001942 0.000060 165 0.002346 0.000137 
0.000012 -0.001960 0.000150 220 0.002367 0.000228 
-0.000018 -0.002013 0.000170 154 0.002428 0.000248 
-0.000028 -0.002030 0.000010 97 0.002447 0.000087 
0.000023 -0.001942 0.000060 165 0.002346 0.000137


-0.000003 -0.001986 0.000097 117 0.002397 0.000175


-0.000028 -0.002030 -0.000103 168 0.002447 -0.000025 
0.000006 -0.001971 -0.000099 221 0.002380 -0.000021 
0.000023 -0.001942 -0.000040 167 0.002346 0.000037 
-0.000028 -0.002030 0.000010 97 0.002447 0.000087 
-0.000028 -0.002030 -0.000103 168 0.002447 -0.000025


-0.000007 -0.001993 -0.000058 118 0.002405 0.000020


0.000023 -0.001942 -0.000153 166 0.002346 -0.000075 
0.000006 -0.001971 -0.000099 221 0.002380 -0.000021 
-0.000028 -0.002030 -0.000103 168 0.002447 -0.000025 
-0.000028 -0.002030 -0.000215 101 0.002447 -0.000138 
0.000023 -0.001942 -0.000153 166 0.002346 -0.000075


-0.000007 -0.001993 -0.000143 119 0.002405 -0.000065


0.000023 -0.001942 -0.000040 167 0.002346 0.000037 
0.000006 -0.001971 -0.000099 221 0.002380 -0.000021 
0.000023 -0.001942 -0.000153 166 0.002346 -0.000075 
0.000073 -0.001854 -0.000090 73 0.002245 -0.000013 
0.000023 -0.001942 -0.000040 167 0.002346 0.000037


0.000031 -0.001928 -0.000096 120 0.002329 -0.000018


-0.000129 -0.002205 -0.000015 8 0.002650 0.000062 
-0.000095 -0.002147 -0.000007 222 0.002582 0.000071 
-0.000079 -0.002118 0.000060 153 0.002549 0.000137 
-0.000129 -0.002205 0.000110 9 0.002650 0.000187 
-0.000129 -0.002205 -0.000015 8 0.002650 0.000062


-0.000108 -0.002169 0.000037 121 0.002608 0.000115


-0.000079 -0.002118 -0.000065 169 0.002549 0.000012 
-0.000095 -0.002147 -0.000007 222 0.002582 0.000071 
-0.000129 -0.002205 -0.000015 8 0.002650 0.000062 
-0.000129 -0.002205 -0.000140 7 0.002650 -0.000063 
-0.000079 -0.002118 -0.000065 169 0.002549 0.000012


-0.000108 -0.002169 -0.000057 122 0.002608 0.000021


-0.000079 -0.002118 0.000060 153 0.002549 0.000137 
-0.000095 -0.002147 -0.000007 222 0.002582 0.000071 
-0.000079 -0.002118 -0.000065 169 0.002549 0.000012 
-0.000028 -0.002030 0.000010 97 0.002447 0.000087 
-0.000079 -0.002118 0.000060 153 0.002549 0.000137


-0.000070 -0.002103 -0.000001 123 0.002532 0.000077


0.000023 -0.001942 -0.000253 172 0.002346 -0.000175 
0.000006 -0.001971 -0.000357 223 0.002380 -0.000279 
0.000023 -0.001942 -0.000428 171 0.002346 -0.000350 
0.000073 -0.001854 -0.000290 75 0.002245 -0.000213 
0.000023 -0.001942 -0.000253 172 0.002346 -0.000175


0.000031 -0.001928 -0.000332 124 0.002329 -0.000254


-0.000028 -0.002030 -0.000390 170 0.002447 -0.000313 
0.000006 -0.001971 -0.000357 223 0.002380 -0.000279 
0.000023 -0.001942 -0.000253 172 0.002346 -0.000175 
-0.000028 -0.002030 -0.000215 101 0.002447 -0.000138 
-0.000028 -0.002030 -0.000390 170 0.002447 -0.000313


-0.000007 -0.001993 -0.000304 125 0.002405 -0.000226


0.000023 -0.001942 -0.000428 171 0.002346 -0.000350 
0.000006 -0.001971 -0.000357 223 0.002380 -0.000279 
-0.000028 -0.002030 -0.000390 170 0.002447 -0.000313 
-0.000028 -0.002030 -0.000565 100 0.002447 -0.000488 
0.000023 -0.001942 -0.000428 171 0.002346 -0.000350


-0.000007 -0.001993 -0.000435 126 0.002405 -0.000357


0.000073 -0.001854 -0.000390 76 0.002245 -0.000313 
0.000040 -0.001913 -0.000449 224 0.002312 -0.000371 
0.000023 -0.001942 -0.000528 164 0.002346 -0.000450 
0.000073 -0.001854 -0.000490 77 0.002245 -0.000413 
0.000073 -0.001854 -0.000390 76 0.002245 -0.000313


0.000052 -0.001891 -0.000464 127 0.002287 -0.000386


0.000023 -0.001942 -0.000428 171 0.002346 -0.000350 
0.000040 -0.001913 -0.000449 224 0.002312 -0.000371 
0.000073 -0.001854 -0.000390 76 0.002245 -0.000313 
0.000073 -0.001854 -0.000290 75 0.002245 -0.000213 
0.000023 -0.001942 -0.000428 171 0.002346 -0.000350


0.000052 -0.001891 -0.000389 128 0.002287 -0.000311


0.000023 -0.001942 -0.000528 164 0.002346 -0.000450 
0.000040 -0.001913 -0.000449 224 0.002312 -0.000371 
0.000023 -0.001942 -0.000428 171 0.002346 -0.000350 
-0.000028 -0.002030 -0.000565 100 0.002447 -0.000488 
0.000023 -0.001942 -0.000528 164 0.002346 -0.000450


0.000014 -0.001957 -0.000493 129 0.002363 -0.000415


-0.000079 -0.002118 -0.000478 174 0.002549 -0.000400 
-0.000062 -0.002088 -0.000390 225 0.002515 -0.000313 
-0.000079 -0.002118 -0.000303 173 0.002549 -0.000225 
-0.000129 -0.002205 -0.000390 5 0.002650 -0.000313 
-0.000079 -0.002118 -0.000478 174 0.002549 -0.000400


-0.000087 -0.002132 -0.000390 130 0.002566 -0.000313


-0.000028 -0.002030 -0.000390 170 0.002447 -0.000313 
-0.000062 -0.002088 -0.000390 225 0.002515 -0.000313 
-0.000079 -0.002118 -0.000478 174 0.002549 -0.000400 
-0.000028 -0.002030 -0.000565 100 0.002447 -0.000488 
-0.000028 -0.002030 -0.000390 170 0.002447 -0.000313


-0.000049 -0.002066 -0.000456 131 0.002490 -0.000378


-0.000079 -0.002118 -0.000303 173 0.002549 -0.000225 
-0.000062 -0.002088 -0.000390 225 0.002515 -0.000313 
-0.000028 -0.002030 -0.000390 170 0.002447 -0.000313 
-0.000028 -0.002030 -0.000215 101 0.002447 -0.000138 
-0.000079 -0.002118 -0.000303 173 0.002549 -0.000225


-0.000049 -0.002066 -0.000325 132 0.002490 -0.000247


-0.000078 -0.002117 -0.000765 175 0.002548 -0.000688 
-0.000095 -0.002146 -0.000807 226 0.002582 -0.000729 
-0.000078 -0.002117 -0.000890 96 0.002548 -0.000813 
-0.000027 -0.002028 -0.000890 95 0.002445 -0.000813 
-0.000078 -0.002117 -0.000765 175 0.002548 -0.000688


-0.000070 -0.002102 -0.000838 133 0.002531 -0.000760


-0.000129 -0.002205 -0.000765 2 0.002650 -0.000688 
-0.000095 -0.002146 -0.000807 226 0.002582 -0.000729 
-0.000078 -0.002117 -0.000765 175 0.002548 -0.000688 
-0.000129 -0.002205 -0.000640 3 0.002650 -0.000563 
-0.000129 -0.002205 -0.000765 2 0.002650 -0.000688


-0.000108 -0.002168 -0.000745 134 0.002607 -0.000667


-0.000078 -0.002117 -0.000890 96 0.002548 -0.000813 
-0.000095 -0.002146 -0.000807 226 0.002582 -0.000729 
-0.000129 -0.002205 -0.000765 2 0.002650 -0.000688 
-0.000129 -0.002205 -0.000890 1 0.002650 -0.000813 
-0.000078 -0.002117 -0.000890 96 0.002548 -0.000813


-0.000108 -0.002168 -0.000838 135 0.002607 -0.000760


-0.000018 -0.002012 -0.000726 115 0.002427 -0.000648 
-0.000021 -0.002017 -0.000781 227 0.002433 -0.000703 
-0.000017 -0.002011 -0.000889 94 0.002426 -0.000812 
-0.000007 -0.001994 -0.000887 93 0.002406 -0.000809 
-0.000018 -0.002012 -0.000726 115 0.002427 -0.000648


-0.000016 -0.002009 -0.000821 136 0.002423 -0.000743


-0.000027 -0.002029 -0.000728 176 0.002446 -0.000650 
-0.000021 -0.002017 -0.000781 227 0.002433 -0.000703 
-0.000018 -0.002012 -0.000726 115 0.002427 -0.000648 
-0.000028 -0.002030 -0.000565 100 0.002447 -0.000488 
-0.000027 -0.002029 -0.000728 176 0.002446 -0.000650


-0.000023 -0.002022 -0.000700 137 0.002438 -0.000622


-0.000017 -0.002011 -0.000889 94 0.002426 -0.000812 
-0.000021 -0.002017 -0.000781 227 0.002433 -0.000703 
-0.000027 -0.002029 -0.000728 176 0.002446 -0.000650 
-0.000027 -0.002028 -0.000890 95 0.002445 -0.000813 
-0.000017 -0.002011 -0.000889 94 0.002426 -0.000812


-0.000023 -0.002021 -0.000822 138 0.002438 -0.000744


0.000073 -0.001854 0.000010 72 0.002245 0.000087 
0.000040 -0.001913 0.000010 228 0.002312 0.000087 
0.000023 -0.001942 -0.000040 167 0.002346 0.000037 
0.000073 -0.001854 -0.000090 73 0.002245 -0.000013 
0.000073 -0.001854 0.000010 72 0.002245 0.000087


0.000052 -0.001891 -0.000028 139 0.002287 0.000050


0.000023 -0.001942 0.000060 165 0.002346 0.000137 
0.000040 -0.001913 0.000010 228 0.002312 0.000087 
0.000073 -0.001854 0.000010 72 0.002245 0.000087 
0.000073 -0.001854 0.000110 71 0.002245 0.000187 
0.000023 -0.001942 0.000060 165 0.002346 0.000137


0.000052 -0.001891 0.000047 140 0.002287 0.000125


0.000023 -0.001942 -0.000040 167 0.002346 0.000037 
0.000040 -0.001913 0.000010 228 0.002312 0.000087 
0.000023 -0.001942 0.000060 165 0.002346 0.000137 
-0.000028 -0.002030 0.000010 97 0.002447 0.000087 
0.000023 -0.001942 -0.000040 167 0.002346 0.000037


0.000014 -0.001957 0.000010 141 0.002363 0.000087


0.000073 -0.001854 -0.000190 74 0.002245 -0.000113 
0.000040 -0.001913 -0.000199 229 0.002312 -0.000121 
0.000023 -0.001942 -0.000253 172 0.002346 -0.000175 
0.000073 -0.001854 -0.000290 75 0.002245 -0.000213 
0.000073 -0.001854 -0.000190 74 0.002245 -0.000113


0.000052 -0.001891 -0.000233 142 0.002287 -0.000155


0.000023 -0.001942 -0.000153 166 0.002346 -0.000075 
0.000040 -0.001913 -0.000199 229 0.002312 -0.000121 
0.000073 -0.001854 -0.000190 74 0.002245 -0.000113 
0.000073 -0.001854 -0.000090 73 0.002245 -0.000013 
0.000023 -0.001942 -0.000153 166 0.002346 -0.000075


0.000052 -0.001891 -0.000158 143 0.002287 -0.000080


0.000023 -0.001942 -0.000253 172 0.002346 -0.000175 
0.000040 -0.001913 -0.000199 229 0.002312 -0.000121 
0.000023 -0.001942 -0.000153 166 0.002346 -0.000075 
-0.000028 -0.002030 -0.000215 101 0.002447 -0.000138 
0.000023 -0.001942 -0.000253 172 0.002346 -0.000175


0.000014 -0.001957 -0.000205 144 0.002363 -0.000127


0.000368 -0.001343 0.001010 26 0.001655 0.001088 
0.000369 -0.001342 0.000943 230 0.001654 0.001021 
0.000393 -0.001301 0.000910 157 0.001606 0.000988 
0.000416 -0.001261 0.001010 27 0.001560 0.001088 
0.000368 -0.001343 0.001010 26 0.001655 0.001088


0.000387 -0.001312 0.000968 145 0.001618 0.001046


0.000345 -0.001383 0.000910 132 0.001701 0.000988 
0.000369 -0.001342 0.000943 230 0.001654 0.001021 
0.000368 -0.001343 0.001010 26 0.001655 0.001088 
0.000321 -0.001426 0.001010 25 0.001750 0.001088 
0.000345 -0.001383 0.000910 132 0.001701 0.000988


0.000351 -0.001374 0.000968 146 0.001690 0.001046


0.000393 -0.001301 0.000910 157 0.001606 0.000988 
0.000369 -0.001342 0.000943 230 0.001654 0.001021 
0.000345 -0.001383 0.000910 132 0.001701 0.000988 
0.000370 -0.001341 0.000810 98 0.001652 0.000888 
0.000393 -0.001301 0.000910 157 0.001606 0.000988


0.000369 -0.001342 0.000893 147 0.001653 0.000971


0.000474 -0.001160 0.000710 162 0.001443 0.000788 
0.000440 -0.001220 0.000743 231 0.001512 0.000821 
0.000416 -0.001261 0.000710 158 0.001559 0.000788 
0.000462 -0.001181 0.000610 53 0.001467 0.000687 
0.000474 -0.001160 0.000710 162 0.001443 0.000788


0.000448 -0.001205 0.000693 148 0.001495 0.000771


0.000428 -0.001240 0.000810 155 0.001535 0.000888 
0.000440 -0.001220 0.000743 231 0.001512 0.000821 
0.000474 -0.001160 0.000710 162 0.001443 0.000788 
0.000487 -0.001138 0.000810 106 0.001418 0.000888 
0.000428 -0.001240 0.000810 155 0.001535 0.000888


0.000457 -0.001189 0.000768 149 0.001477 0.000846


0.000416 -0.001261 0.000710 158 0.001559 0.000788 
0.000440 -0.001220 0.000743 231 0.001512 0.000821 
0.000428 -0.001240 0.000810 155 0.001535 0.000888 
0.000370 -0.001341 0.000810 98 0.001652 0.000888 
0.000416 -0.001261 0.000710 158 0.001559 0.000788


0.000413 -0.001265 0.000768 150 0.001565 0.000846


0.000610 -0.000924 0.000611 50 0.001171 0.000688 
0.000592 -0.000956 0.000677 232 0.001207 0.000755 
0.000578 -0.000980 0.000710 177 0.001235 0.000788 
0.000600 -0.000941 0.000610 51 0.001191 0.000687 
0.000610 -0.000924 0.000611 50 0.001171 0.000688


0.000595 -0.000950 0.000652 151 0.001201 0.000730


0.000588 -0.000963 0.000711 124 0.001216 0.000789 
0.000592 -0.000956 0.000677 232 0.001207 0.000755 
0.000610 -0.000924 0.000611 50 0.001171 0.000688 
0.000620 -0.000907 0.000613 49 0.001151 0.000691 
0.000588 -0.000963 0.000711 124 0.001216 0.000789


0.000603 -0.000938 0.000653 152 0.001186 0.000731


0.000578 -0.000980 0.000710 177 0.001235 0.000788 
0.000592 -0.000956 0.000677 232 0.001207 0.000755 
0.000588 -0.000963 0.000711 124 0.001216 0.000789 
0.000556 -0.001019 0.000810 99 0.001280 0.000888 
0.000578 -0.000980 0.000710 177 0.001235 0.000788


0.000578 -0.000979 0.000727 153 0.001235 0.000805


0.000531 -0.001061 0.000610 52 0.001329 0.000687 
0.000539 -0.001047 0.000676 233 0.001313 0.000754 
0.000509 -0.001100 0.000710 163 0.001374 0.000788 
0.000462 -0.001181 0.000610 53 0.001467 0.000687 
0.000531 -0.001061 0.000610 52 0.001329 0.000687


0.000511 -0.001097 0.000651 154 0.001370 0.000729


0.000578 -0.000980 0.000710 177 0.001235 0.000788 
0.000539 -0.001047 0.000676 233 0.001313 0.000754 
0.000531 -0.001061 0.000610 52 0.001329 0.000687 
0.000600 -0.000941 0.000610 51 0.001191 0.000687 
0.000578 -0.000980 0.000710 177 0.001235 0.000788


0.000562 -0.001007 0.000651 155 0.001267 0.000729


0.000509 -0.001100 0.000710 163 0.001374 0.000788 
0.000539 -0.001047 0.000676 233 0.001313 0.000754 
0.000578 -0.000980 0.000710 177 0.001235 0.000788 
0.000556 -0.001019 0.000810 99 0.001280 0.000888 
0.000509 -0.001100 0.000710 163 0.001374 0.000788


0.000546 -0.001036 0.000726 156 0.001300 0.000804


-0.000078 -0.002117 -0.000765 175 0.002548 -0.000688 
-0.000061 -0.002088 -0.000699 234 0.002514 -0.000621 
-0.000079 -0.002118 -0.000603 178 0.002549 -0.000525 
-0.000129 -0.002205 -0.000640 3 0.002650 -0.000563 
-0.000078 -0.002117 -0.000765 175 0.002548 -0.000688


-0.000087 -0.002132 -0.000677 157 0.002565 -0.000599


-0.000027 -0.002029 -0.000728 176 0.002446 -0.000650 
-0.000061 -0.002088 -0.000699 234 0.002514 -0.000621 
-0.000078 -0.002117 -0.000765 175 0.002548 -0.000688 
-0.000027 -0.002028 -0.000890 95 0.002445 -0.000813 
-0.000027 -0.002029 -0.000728 176 0.002446 -0.000650


-0.000048 -0.002065 -0.000771 158 0.002488 -0.000693


-0.000079 -0.002118 -0.000603 178 0.002549 -0.000525 
-0.000061 -0.002088 -0.000699 234 0.002514 -0.000621 
-0.000027 -0.002029 -0.000728 176 0.002446 -0.000650 
-0.000028 -0.002030 -0.000565 100 0.002447 -0.000488 
-0.000079 -0.002118 -0.000603 178 0.002549 -0.000525


-0.000049 -0.002066 -0.000649 159 0.002489 -0.000571


-0.000129 -0.002205 -0.000515 4 0.002650 -0.000438 
-0.000095 -0.002147 -0.000532 235 0.002582 -0.000454 
-0.000079 -0.002118 -0.000478 174 0.002549 -0.000400 
-0.000129 -0.002205 -0.000390 5 0.002650 -0.000313 
-0.000129 -0.002205 -0.000515 4 0.002650 -0.000438


-0.000108 -0.002169 -0.000479 160 0.002608 -0.000401


-0.000079 -0.002118 -0.000603 178 0.002549 -0.000525 
-0.000095 -0.002147 -0.000532 235 0.002582 -0.000454 
-0.000129 -0.002205 -0.000515 4 0.002650 -0.000438 
-0.000129 -0.002205 -0.000640 3 0.002650 -0.000563 
-0.000079 -0.002118 -0.000603 178 0.002549 -0.000525


-0.000108 -0.002169 -0.000573 161 0.002608 -0.000495


-0.000079 -0.002118 -0.000478 174 0.002549 -0.000400 
-0.000095 -0.002147 -0.000532 235 0.002582 -0.000454 
-0.000079 -0.002118 -0.000603 178 0.002549 -0.000525 
-0.000028 -0.002030 -0.000565 100 0.002447 -0.000488 
-0.000079 -0.002118 -0.000478 174 0.002549 -0.000400


-0.000070 -0.002103 -0.000545 162 0.002532 -0.000467


-0.000129 -0.002205 -0.000265 6 0.002650 -0.000188 
-0.000095 -0.002147 -0.000249 236 0.002582 -0.000171 
-0.000079 -0.002118 -0.000178 179 0.002549 -0.000100 
-0.000129 -0.002205 -0.000140 7 0.002650 -0.000063 
-0.000129 -0.002205 -0.000265 6 0.002650 -0.000188


-0.000108 -0.002169 -0.000208 163 0.002608 -0.000130


-0.000079 -0.002118 -0.000303 173 0.002549 -0.000225 
-0.000095 -0.002147 -0.000249 236 0.002582 -0.000171 
-0.000129 -0.002205 -0.000265 6 0.002650 -0.000188 
-0.000129 -0.002205 -0.000390 5 0.002650 -0.000313 
-0.000079 -0.002118 -0.000303 173 0.002549 -0.000225


-0.000108 -0.002169 -0.000302 164 0.002608 -0.000224


-0.000079 -0.002118 -0.000178 179 0.002549 -0.000100 
-0.000095 -0.002147 -0.000249 236 0.002582 -0.000171 
-0.000079 -0.002118 -0.000303 173 0.002549 -0.000225 
-0.000028 -0.002030 -0.000215 101 0.002447 -0.000138 
-0.000079 -0.002118 -0.000178 179 0.002549 -0.000100


-0.000070 -0.002103 -0.000236 165 0.002532 -0.000158


-0.000079 -0.002118 -0.000065 169 0.002549 0.000012 
-0.000062 -0.002088 -0.000115 237 0.002515 -0.000038 
-0.000028 -0.002030 -0.000103 168 0.002447 -0.000025 
-0.000028 -0.002030 0.000010 97 0.002447 0.000087 
-0.000079 -0.002118 -0.000065 169 0.002549 0.000012


-0.000049 -0.002066 -0.000069 166 0.002490 0.000009


-0.000079 -0.002118 -0.000178 179 0.002549 -0.000100 
-0.000062 -0.002088 -0.000115 237 0.002515 -0.000038 
-0.000079 -0.002118 -0.000065 169 0.002549 0.000012 
-0.000129 -0.002205 -0.000140 7 0.002650 -0.000063 
-0.000079 -0.002118 -0.000178 179 0.002549 -0.000100


-0.000087 -0.002132 -0.000125 167 0.002566 -0.000047


-0.000028 -0.002030 -0.000103 168 0.002447 -0.000025 
-0.000062 -0.002088 -0.000115 237 0.002515 -0.000038 
-0.000079 -0.002118 -0.000178 179 0.002549 -0.000100 
-0.000028 -0.002030 -0.000215 101 0.002447 -0.000138 
-0.000028 -0.002030 -0.000103 168 0.002447 -0.000025


-0.000049 -0.002066 -0.000153 168 0.002490 -0.000075


0.000084 -0.001836 0.000256 68 0.002223 0.000333 
0.000054 -0.001888 0.000280 238 0.002284 0.000358 
0.000035 -0.001921 0.000269 150 0.002322 0.000347 
0.000078 -0.001846 0.000208 69 0.002235 0.000286 
0.000084 -0.001836 0.000256 68 0.002223 0.000333


0.000063 -0.001873 0.000253 169 0.002266 0.000331


0.000042 -0.001909 0.000316 134 0.002307 0.000394 
0.000054 -0.001888 0.000280 238 0.002284 0.000358 
0.000084 -0.001836 0.000256 68 0.002223 0.000333 
0.000092 -0.001821 0.000302 67 0.002207 0.000380 
0.000042 -0.001909 0.000316 134 0.002307 0.000394


0.000068 -0.001863 0.000288 170 0.002255 0.000366


0.000035 -0.001921 0.000269 150 0.002322 0.000347 
0.000054 -0.001888 0.000280 238 0.002284 0.000358 
0.000042 -0.001909 0.000316 134 0.002307 0.000394 
-0.000008 -0.001996 0.000331 102 0.002408 0.000409 
0.000035 -0.001921 0.000269 150 0.002322 0.000347


0.000031 -0.001928 0.000299 171 0.002330 0.000377


-0.000127 -0.002201 0.000198 10 0.002646 0.000276 
-0.000087 -0.002132 0.000242 239 0.002565 0.000320 
-0.000065 -0.002093 0.000308 151 0.002521 0.000386 
-0.000121 -0.002190 0.000285 11 0.002633 0.000363 
-0.000127 -0.002201 0.000198 10 0.002646 0.000276


-0.000100 -0.002154 0.000258 172 0.002591 0.000336


-0.000069 -0.002101 0.000220 152 0.002529 0.000298 
-0.000087 -0.002132 0.000242 239 0.002565 0.000320 
-0.000127 -0.002201 0.000198 10 0.002646 0.000276 
-0.000129 -0.002205 0.000110 9 0.002650 0.000187 
-0.000069 -0.002101 0.000220 152 0.002529 0.000298


-0.000103 -0.002160 0.000192 173 0.002597 0.000270


-0.000065 -0.002093 0.000308 151 0.002521 0.000386 
-0.000087 -0.002132 0.000242 239 0.002565 0.000320 
-0.000069 -0.002101 0.000220 152 0.002529 0.000298 
-0.000008 -0.001996 0.000331 102 0.002408 0.000409 
-0.000065 -0.002093 0.000308 151 0.002521 0.000386


-0.000057 -0.002080 0.000275 174 0.002506 0.000353


0.000347 -0.001380 0.000710 159 0.001698 0.000788 
0.000324 -0.001420 0.000740 240 0.001743 0.000818 
0.000301 -0.001460 0.000705 180 0.001789 0.000783 
0.000324 -0.001420 0.000610 55 0.001744 0.000687 
0.000347 -0.001380 0.000710 159 0.001698 0.000788


0.000324 -0.001420 0.000691 175 0.001743 0.000769


0.000324 -0.001420 0.000805 131 0.001743 0.000883 
0.000324 -0.001420 0.000740 240 0.001743 0.000818 
0.000347 -0.001380 0.000710 159 0.001698 0.000788 
0.000370 -0.001341 0.000810 98 0.001652 0.000888 
0.000324 -0.001420 0.000805 131 0.001743 0.000883


0.000341 -0.001390 0.000766 176 0.001709 0.000844


0.000301 -0.001460 0.000705 180 0.001789 0.000783 
0.000324 -0.001420 0.000740 240 0.001743 0.000818 
0.000324 -0.001420 0.000805 131 0.001743 0.000883 
0.000278 -0.001499 0.000801 103 0.001835 0.000879 
0.000301 -0.001460 0.000705 180 0.001789 0.000783


0.000307 -0.001450 0.000763 177 0.001777 0.000841


0.000299 -0.001463 0.000607 56 0.001793 0.000685 
0.000292 -0.001475 0.000671 241 0.001807 0.000749 
0.000277 -0.001502 0.000700 141 0.001838 0.000778 
0.000275 -0.001505 0.000600 57 0.001841 0.000678 
0.000299 -0.001463 0.000607 56 0.001793 0.000685


0.000286 -0.001486 0.000645 178 0.001820 0.000723


0.000301 -0.001460 0.000705 180 0.001789 0.000783 
0.000292 -0.001475 0.000671 241 0.001807 0.000749 
0.000299 -0.001463 0.000607 56 0.001793 0.000685 
0.000324 -0.001420 0.000610 55 0.001744 0.000687 
0.000301 -0.001460 0.000705 180 0.001789 0.000783


0.000304 -0.001454 0.000648 179 0.001783 0.000726


0.000277 -0.001502 0.000700 141 0.001838 0.000778 
0.000292 -0.001475 0.000671 241 0.001807 0.000749 
0.000301 -0.001460 0.000705 180 0.001789 0.000783 
0.000278 -0.001499 0.000801 103 0.001835 0.000879 
0.000277 -0.001502 0.000700 141 0.001838 0.000778


0.000287 -0.001484 0.000719 180 0.001817 0.000797


0.000130 -0.001755 0.000427 64 0.002131 0.000505 
0.000107 -0.001796 0.000473 242 0.002178 0.000551 
0.000087 -0.001830 0.000478 136 0.002217 0.000555 
0.000116 -0.001781 0.000388 65 0.002160 0.000466 
0.000130 -0.001755 0.000427 64 0.002131 0.000505


0.000110 -0.001791 0.000442 181 0.002171 0.000520


0.000103 -0.001803 0.000515 129 0.002186 0.000593 
0.000107 -0.001796 0.000473 242 0.002178 0.000551 
0.000130 -0.001755 0.000427 64 0.002131 0.000505 
0.000147 -0.001727 0.000464 63 0.002098 0.000541 
0.000103 -0.001803 0.000515 129 0.002186 0.000593


0.000122 -0.001770 0.000470 182 0.002148 0.000548


0.000087 -0.001830 0.000478 136 0.002217 0.000555 
0.000107 -0.001796 0.000473 242 0.002178 0.000551 
0.000103 -0.001803 0.000515 129 0.002186 0.000593 
0.000059 -0.001879 0.000567 104 0.002273 0.000645 
0.000087 -0.001830 0.000478 136 0.002217 0.000555


0.000089 -0.001827 0.000508 183 0.002213 0.000586


-0.000031 -0.002035 0.000470 137 0.002453 0.000548 
-0.000001 -0.001983 0.000502 243 0.002393 0.000580 
0.000003 -0.001976 0.000588 139 0.002386 0.000666 
-0.000053 -0.002074 0.000610 15 0.002498 0.000688 
-0.000031 -0.002035 0.000470 137 0.002453 0.000548


-0.000021 -0.002017 0.000543 184 0.002433 0.000621


0.000025 -0.001937 0.000449 135 0.002341 0.000527 
-0.000001 -0.001983 0.000502 243 0.002393 0.000580 
-0.000031 -0.002035 0.000470 137 0.002453 0.000548 
-0.000008 -0.001996 0.000331 102 0.002408 0.000409 
0.000025 -0.001937 0.000449 135 0.002341 0.000527


-0.000004 -0.001988 0.000438 185 0.002399 0.000516


0.000003 -0.001976 0.000588 139 0.002386 0.000666 
-0.000001 -0.001983 0.000502 243 0.002393 0.000580 
0.000025 -0.001937 0.000449 135 0.002341 0.000527 
0.000059 -0.001879 0.000567 104 0.002273 0.000645 
0.000003 -0.001976 0.000588 139 0.002386 0.000666


0.000022 -0.001944 0.000527 186 0.002348 0.000605


0.000206 -0.001625 0.000551 60 0.001980 0.000629 
0.000193 -0.001647 0.000611 244 0.002005 0.000689 
0.000176 -0.001677 0.000630 146 0.002040 0.000707 
0.000185 -0.001661 0.000526 61 0.002022 0.000604 
0.000206 -0.001625 0.000551 60 0.001980 0.000629


0.000190 -0.001652 0.000579 187 0.002012 0.000657


0.000197 -0.001639 0.000653 126 0.001997 0.000730 
0.000193 -0.001647 0.000611 244 0.002005 0.000689 
0.000206 -0.001625 0.000551 60 0.001980 0.000629 
0.000228 -0.001586 0.000572 59 0.001935 0.000650 
0.000197 -0.001639 0.000653 126 0.001997 0.000730


0.000206 -0.001624 0.000596 188 0.001979 0.000674


0.000176 -0.001677 0.000630 146 0.002040 0.000707 
0.000193 -0.001647 0.000611 244 0.002005 0.000689 
0.000197 -0.001639 0.000653 126 0.001997 0.000730 
0.000167 -0.001693 0.000733 105 0.002058 0.000811 
0.000176 -0.001677 0.000630 146 0.002040 0.000707


0.000183 -0.001664 0.000657 189 0.002025 0.000735


0.000065 -0.001869 0.000712 147 0.002262 0.000790 
0.000099 -0.001810 0.000719 245 0.002194 0.000797 
0.000119 -0.001776 0.000796 148 0.002154 0.000874 
0.000071 -0.001859 0.000858 19 0.002250 0.000936 
0.000065 -0.001869 0.000712 147 0.002262 0.000790


0.000088 -0.001828 0.000771 190 0.002215 0.000849


0.000113 -0.001786 0.000650 145 0.002166 0.000728 
0.000099 -0.001810 0.000719 245 0.002194 0.000797 
0.000065 -0.001869 0.000712 147 0.002262 0.000790 
0.000059 -0.001879 0.000567 104 0.002273 0.000645 
0.000113 -0.001786 0.000650 145 0.002166 0.000728


0.000084 -0.001836 0.000662 191 0.002224 0.000740


0.000119 -0.001776 0.000796 148 0.002154 0.000874 
0.000099 -0.001810 0.000719 245 0.002194 0.000797 
0.000113 -0.001786 0.000650 145 0.002166 0.000728 
0.000167 -0.001693 0.000733 105 0.002058 0.000811 
0.000119 -0.001776 0.000796 148 0.002154 0.000874


0.000124 -0.001766 0.000725 192 0.002143 0.000803


0.000464 -0.001179 0.001010 28 0.001465 0.001088 
0.000471 -0.001165 0.000943 246 0.001449 0.001021 
0.000499 -0.001117 0.000910 181 0.001394 0.000988 
0.000511 -0.001096 0.001010 29 0.001369 0.001088 
0.000464 -0.001179 0.001010 28 0.001465 0.001088


0.000486 -0.001139 0.000968 193 0.001419 0.001046


0.000451 -0.001200 0.000910 156 0.001489 0.000988 
0.000471 -0.001165 0.000943 246 0.001449 0.001021 
0.000464 -0.001179 0.001010 28 0.001465 0.001088 
0.000416 -0.001261 0.001010 27 0.001560 0.001088 
0.000451 -0.001200 0.000910 156 0.001489 0.000988


0.000450 -0.001201 0.000968 194 0.001491 0.001046


0.000499 -0.001117 0.000910 181 0.001394 0.000988 
0.000471 -0.001165 0.000943 246 0.001449 0.001021 
0.000451 -0.001200 0.000910 156 0.001489 0.000988 
0.000487 -0.001138 0.000810 106 0.001418 0.000888 
0.000499 -0.001117 0.000910 181 0.001394 0.000988


0.000477 -0.001155 0.000893 195 0.001437 0.000971


0.000533 -0.001057 0.000910 160 0.001325 0.000988 
0.000518 -0.001084 0.000876 247 0.001356 0.000954 
0.000521 -0.001079 0.000810 161 0.001349 0.000888 
0.000556 -0.001019 0.000810 99 0.001280 0.000888 
0.000533 -0.001057 0.000910 160 0.001325 0.000988


0.000532 -0.001060 0.000851 196 0.001327 0.000929


0.000499 -0.001117 0.000910 181 0.001394 0.000988 
0.000518 -0.001084 0.000876 247 0.001356 0.000954 
0.000533 -0.001057 0.000910 160 0.001325 0.000988 
0.000511 -0.001096 0.001010 29 0.001369 0.001088 
0.000499 -0.001117 0.000910 181 0.001394 0.000988


0.000515 -0.001089 0.000926 197 0.001361 0.001004


0.000521 -0.001079 0.000810 161 0.001349 0.000888 
0.000518 -0.001084 0.000876 247 0.001356 0.000954 
0.000499 -0.001117 0.000910 181 0.001394 0.000988 
0.000487 -0.001138 0.000810 106 0.001418 0.000888 
0.000521 -0.001079 0.000810 161 0.001349 0.000888


0.000506 -0.001105 0.000851 198 0.001379 0.000929


