0.003797 0.001099 -0.000891 52 -0.000556 0.000732 
0.003807 0.001085 -0.000813 158 -0.000477 0.000742 
0.003821 0.001087 -0.000826 87 -0.000491 0.000755 
0.003810 0.001099 -0.000893 51 -0.000558 0.000744 
0.003797 0.001099 -0.000891 52 -0.000556 0.000732


0.003809 0.001093 -0.000856 1 -0.000521 0.000743


0.003791 0.001072 -0.000738 90 -0.000401 0.000726 
0.003807 0.001085 -0.000813 158 -0.000477 0.000742 
0.003797 0.001099 -0.000891 52 -0.000556 0.000732 
0.003785 0.001099 -0.000890 53 -0.000556 0.000719 
0.003791 0.001072 -0.000738 90 -0.000401 0.000726


0.003795 0.001089 -0.000833 2 -0.000498 0.000729


0.003821 0.001087 -0.000826 87 -0.000491 0.000755 
0.003807 0.001085 -0.000813 158 -0.000477 0.000742 
0.003791 0.001072 -0.000738 90 -0.000401 0.000726 
0.003843 0.001075 -0.000759 84 -0.000422 0.000777 
0.003821 0.001087 -0.000826 87 -0.000491 0.000755


0.003816 0.001080 -0.000784 3 -0.000448 0.000750


0.003866 0.001103 -0.000918 46 -0.000584 0.000800 
0.003924 0.001087 -0.000827 159 -0.000491 0.000859 
0.003958 0.001080 -0.000785 89 -0.000449 0.000893 
0.003875 0.001105 -0.000926 45 -0.000592 0.000809 
0.003866 0.001103 -0.000918 46 -0.000584 0.000800


0.003906 0.001094 -0.000864 4 -0.000529 0.000840


0.003949 0.001079 -0.000777 88 -0.000441 0.000883 
0.003924 0.001087 -0.000827 159 -0.000491 0.000859 
0.003866 0.001103 -0.000918 46 -0.000584 0.000800 
0.003856 0.001102 -0.000911 47 -0.000576 0.000790 
0.003949 0.001079 -0.000777 88 -0.000441 0.000883


0.003899 0.001093 -0.000858 5 -0.000523 0.000833


0.003958 0.001080 -0.000785 89 -0.000449 0.000893 
0.003924 0.001087 -0.000827 159 -0.000491 0.000859 
0.003949 0.001079 -0.000777 88 -0.000441 0.000883 
0.004042 0.001055 -0.000644 74 -0.000306 0.000976 
0.003958 0.001080 -0.000785 89 -0.000449 0.000893


0.003968 0.001075 -0.000758 6 -0.000422 0.000902


0.003791 0.001072 -0.000738 90 -0.000401 0.000726 
0.003785 0.001099 -0.000890 53 -0.000556 0.000719 
0.003715 0.001078 -0.000775 91 -0.000439 0.000649 
0.003692 0.001053 -0.000634 76 -0.000295 0.000627 
0.003791 0.001072 -0.000738 90 -0.000401 0.000726


0.003746 0.001076 -0.000759 8 -0.000423 0.000680


0.003966 0.001082 -0.000795 94 -0.000459 0.000900 
0.004032 0.001086 -0.000818 161 -0.000482 0.000966 
0.004020 0.001098 -0.000885 93 -0.000550 0.000954 
0.003891 0.001108 -0.000945 43 -0.000611 0.000825 
0.003966 0.001082 -0.000795 94 -0.000459 0.000900


0.003977 0.001093 -0.000861 10 -0.000526 0.000911


0.004102 0.001079 -0.000782 92 -0.000445 0.001036 
0.004032 0.001086 -0.000818 161 -0.000482 0.000966 
0.003966 0.001082 -0.000795 94 -0.000459 0.000900 
0.004042 0.001055 -0.000644 74 -0.000306 0.000976 
0.004102 0.001079 -0.000782 92 -0.000445 0.001036


0.004036 0.001076 -0.000760 11 -0.000423 0.000970


0.004020 0.001098 -0.000885 93 -0.000550 0.000954 
0.004032 0.001086 -0.000818 161 -0.000482 0.000966 
0.004102 0.001079 -0.000782 92 -0.000445 0.001036 
0.004167 0.001103 -0.000917 75 -0.000583 0.001102 
0.004020 0.001098 -0.000885 93 -0.000550 0.000954


0.004080 0.001092 -0.000850 12 -0.000515 0.001015


0.004594 0.001022 -0.000458 96 -0.000117 0.001528 
0.004529 0.001016 -0.000420 162 -0.000078 0.001463 
0.004504 0.001002 -0.000343 16 -0.000000 0.001438 
0.004608 0.001002 -0.000343 17 -0.000000 0.001542 
0.004594 0.001022 -0.000458 96 -0.000117 0.001528


0.004559 0.001011 -0.000391 13 -0.000049 0.001493


0.004490 0.001022 -0.000458 95 -0.000117 0.001424 
0.004529 0.001016 -0.000420 162 -0.000078 0.001463 
0.004594 0.001022 -0.000458 96 -0.000117 0.001528 
0.004579 0.001043 -0.000574 81 -0.000234 0.001513 
0.004490 0.001022 -0.000458 95 -0.000117 0.001424


0.004548 0.001026 -0.000478 14 -0.000137 0.001482


0.004504 0.001002 -0.000343 16 -0.000000 0.001438 
0.004529 0.001016 -0.000420 162 -0.000078 0.001463 
0.004490 0.001022 -0.000458 95 -0.000117 0.001424 
0.004400 0.001002 -0.000343 15 -0.000000 0.001335 
0.004504 0.001002 -0.000343 16 -0.000000 0.001438


0.004481 0.001011 -0.000391 15 -0.000049 0.001415


0.003821 0.001087 -0.000826 87 -0.000491 0.000755 
0.003834 0.001089 -0.000838 163 -0.000503 0.000768 
0.003822 0.001100 -0.000896 50 -0.000561 0.000756 
0.003810 0.001099 -0.000893 51 -0.000558 0.000744 
0.003821 0.001087 -0.000826 87 -0.000491 0.000755


0.003822 0.001094 -0.000863 16 -0.000528 0.000756


0.003859 0.001081 -0.000792 97 -0.000456 0.000793 
0.003834 0.001089 -0.000838 163 -0.000503 0.000768 
0.003821 0.001087 -0.000826 87 -0.000491 0.000755 
0.003843 0.001075 -0.000759 84 -0.000422 0.000777 
0.003859 0.001081 -0.000792 97 -0.000456 0.000793


0.003839 0.001083 -0.000804 17 -0.000468 0.000773


0.003822 0.001100 -0.000896 50 -0.000561 0.000756 
0.003834 0.001089 -0.000838 163 -0.000503 0.000768 
0.003859 0.001081 -0.000792 97 -0.000456 0.000793 
0.003834 0.001100 -0.000899 49 -0.000565 0.000768 
0.003822 0.001100 -0.000896 50 -0.000561 0.000756


0.003837 0.001093 -0.000856 18 -0.000521 0.000771


0.004013 0.001029 -0.000494 100 -0.000153 0.000948 
0.003979 0.001029 -0.000494 164 -0.000153 0.000913 
0.003947 0.001015 -0.000418 99 -0.000076 0.000881 
0.003985 0.001002 -0.000343 11 -0.000000 0.000919 
0.004013 0.001029 -0.000494 100 -0.000153 0.000948


0.003981 0.001019 -0.000437 19 -0.000096 0.000915


0.003976 0.001042 -0.000569 98 -0.000229 0.000910 
0.003979 0.001029 -0.000494 164 -0.000153 0.000913 
0.004013 0.001029 -0.000494 100 -0.000153 0.000948 
0.004042 0.001055 -0.000644 74 -0.000306 0.000976 
0.003976 0.001042 -0.000569 98 -0.000229 0.000910


0.004002 0.001039 -0.000550 20 -0.000210 0.000937


0.003947 0.001015 -0.000418 99 -0.000076 0.000881 
0.003979 0.001029 -0.000494 164 -0.000153 0.000913 
0.003976 0.001042 -0.000569 98 -0.000229 0.000910 
0.003910 0.001029 -0.000494 82 -0.000153 0.000844 
0.003947 0.001015 -0.000418 99 -0.000076 0.000881


0.003953 0.001029 -0.000494 21 -0.000153 0.000887


0.004117 0.001029 -0.000494 101 -0.000153 0.001051 
0.004073 0.001020 -0.000443 165 -0.000102 0.001007 
0.004089 0.001002 -0.000343 12 -0.000000 0.001023 
0.004193 0.001002 -0.000343 13 -0.000000 0.001127 
0.004117 0.001029 -0.000494 101 -0.000153 0.001051


0.004118 0.001013 -0.000406 22 -0.000064 0.001052


0.004013 0.001029 -0.000494 100 -0.000153 0.000948 
0.004073 0.001020 -0.000443 165 -0.000102 0.001007 
0.004117 0.001029 -0.000494 101 -0.000153 0.001051 
0.004042 0.001055 -0.000644 74 -0.000306 0.000976 
0.004013 0.001029 -0.000494 100 -0.000153 0.000948


0.004061 0.001033 -0.000519 23 -0.000178 0.000996


0.004089 0.001002 -0.000343 12 -0.000000 0.001023 
0.004073 0.001020 -0.000443 165 -0.000102 0.001007 
0.004013 0.001029 -0.000494 100 -0.000153 0.000948 
0.003985 0.001002 -0.000343 11 -0.000000 0.000919 
0.004089 0.001002 -0.000343 12 -0.000000 0.001023


0.004040 0.001013 -0.000406 24 -0.000064 0.000974


0.003845 0.001101 -0.000905 48 -0.000570 0.000779 
0.003911 0.001086 -0.000818 166 -0.000482 0.000845 
0.003949 0.001079 -0.000777 88 -0.000441 0.000883 
0.003856 0.001102 -0.000911 47 -0.000576 0.000790 
0.003845 0.001101 -0.000905 48 -0.000570 0.000779


0.003890 0.001092 -0.000853 25 -0.000517 0.000824


0.003938 0.001078 -0.000772 102 -0.000435 0.000872 
0.003911 0.001086 -0.000818 166 -0.000482 0.000845 
0.003845 0.001101 -0.000905 48 -0.000570 0.000779 
0.003834 0.001100 -0.000899 49 -0.000565 0.000768 
0.003938 0.001078 -0.000772 102 -0.000435 0.000872


0.003882 0.001091 -0.000848 26 -0.000513 0.000816


0.003949 0.001079 -0.000777 88 -0.000441 0.000883 
0.003911 0.001086 -0.000818 166 -0.000482 0.000845 
0.003938 0.001078 -0.000772 102 -0.000435 0.000872 
0.004042 0.001055 -0.000644 74 -0.000306 0.000976 
0.003949 0.001079 -0.000777 88 -0.000441 0.000883


0.003960 0.001074 -0.000753 27 -0.000416 0.000894


0.003906 0.001114 -0.000979 40 -0.000645 0.000840 
0.003978 0.001112 -0.000964 167 -0.000630 0.000912 
0.003993 0.001113 -0.000970 104 -0.000637 0.000927 
0.003908 0.001116 -0.000991 39 -0.000658 0.000843 
0.003906 0.001114 -0.000979 40 -0.000645 0.000840


0.003946 0.001114 -0.000976 28 -0.000643 0.000880


0.004034 0.001107 -0.000939 103 -0.000606 0.000968 
0.003978 0.001112 -0.000964 167 -0.000630 0.000912 
0.003906 0.001114 -0.000979 40 -0.000645 0.000840 
0.003902 0.001112 -0.000967 41 -0.000634 0.000836 
0.004034 0.001107 -0.000939 103 -0.000606 0.000968


0.003955 0.001111 -0.000962 29 -0.000629 0.000889


0.003993 0.001113 -0.000970 104 -0.000637 0.000927 
0.003978 0.001112 -0.000964 167 -0.000630 0.000912 
0.004034 0.001107 -0.000939 103 -0.000606 0.000968 
0.004167 0.001103 -0.000917 75 -0.000583 0.001102 
0.003993 0.001113 -0.000970 104 -0.000637 0.000927


0.004043 0.001109 -0.000948 30 -0.000614 0.000977


0.004359 0.001088 -0.000832 107 -0.000497 0.001293 
0.004378 0.001100 -0.000900 168 -0.000566 0.001312 
0.004321 0.001109 -0.000950 106 -0.000616 0.001255 
0.004167 0.001103 -0.000917 75 -0.000583 0.001102 
0.004359 0.001088 -0.000832 107 -0.000497 0.001293


0.004306 0.001100 -0.000900 31 -0.000565 0.001240


0.004451 0.001102 -0.000910 105 -0.000576 0.001385 
0.004378 0.001100 -0.000900 168 -0.000566 0.001312 
0.004359 0.001088 -0.000832 107 -0.000497 0.001293 
0.004493 0.001083 -0.000804 73 -0.000468 0.001427 
0.004451 0.001102 -0.000910 105 -0.000576 0.001385


0.004420 0.001094 -0.000862 32 -0.000527 0.001354


0.004321 0.001109 -0.000950 106 -0.000616 0.001255 
0.004378 0.001100 -0.000900 168 -0.000566 0.001312 
0.004451 0.001102 -0.000910 105 -0.000576 0.001385 
0.004411 0.001124 -0.001037 79 -0.000704 0.001346 
0.004321 0.001109 -0.000950 106 -0.000616 0.001255


0.004390 0.001109 -0.000949 33 -0.000616 0.001324


0.004009 0.001165 -0.001265 34 -0.000937 0.000944 
0.003976 0.001150 -0.001182 169 -0.000852 0.000910 
0.004017 0.001143 -0.001140 108 -0.000810 0.000951 
0.004125 0.001165 -0.001265 33 -0.000937 0.001059 
0.004009 0.001165 -0.001265 34 -0.000937 0.000944


0.004032 0.001156 -0.001213 34 -0.000884 0.000966


0.003902 0.001143 -0.001141 36 -0.000810 0.000836 
0.003976 0.001150 -0.001182 169 -0.000852 0.000910 
0.004009 0.001165 -0.001265 34 -0.000937 0.000944 
0.003894 0.001165 -0.001265 35 -0.000937 0.000828 
0.003902 0.001143 -0.001141 36 -0.000810 0.000836


0.003945 0.001156 -0.001213 35 -0.000884 0.000880


0.004017 0.001143 -0.001140 108 -0.000810 0.000951 
0.003976 0.001150 -0.001182 169 -0.000852 0.000910 
0.003902 0.001143 -0.001141 36 -0.000810 0.000836 
0.003909 0.001121 -0.001015 37 -0.000683 0.000844 
0.004017 0.001143 -0.001140 108 -0.000810 0.000951


0.003951 0.001139 -0.001120 36 -0.000789 0.000885


0.003128 0.001067 -0.000710 72 -0.000373 0.000062 
0.003239 0.001061 -0.000679 170 -0.000341 0.000173 
0.003295 0.001060 -0.000673 110 -0.000335 0.000229 
0.003130 0.001070 -0.000730 71 -0.000393 0.000064 
0.003128 0.001067 -0.000710 72 -0.000373 0.000062


0.003198 0.001065 -0.000698 37 -0.000361 0.000132


0.003256 0.001054 -0.000640 109 -0.000301 0.000190 
0.003239 0.001061 -0.000679 170 -0.000341 0.000173 
0.003128 0.001067 -0.000710 72 -0.000373 0.000062 
0.003129 0.001063 -0.000690 1 -0.000353 0.000063 
0.003256 0.001054 -0.000640 109 -0.000301 0.000190


0.003188 0.001062 -0.000680 38 -0.000342 0.000122


0.003295 0.001060 -0.000673 110 -0.000335 0.000229 
0.003239 0.001061 -0.000679 170 -0.000341 0.000173 
0.003256 0.001054 -0.000640 109 -0.000301 0.000190 
0.003460 0.001050 -0.000617 77 -0.000278 0.000394 
0.003295 0.001060 -0.000673 110 -0.000335 0.000229


0.003312 0.001057 -0.000652 39 -0.000314 0.000247


0.003256 0.001054 -0.000640 109 -0.000301 0.000190 
0.003245 0.001030 -0.000501 80 -0.000160 0.000179 
0.003411 0.001026 -0.000480 146 -0.000139 0.000345 
0.003460 0.001050 -0.000617 77 -0.000278 0.000394 
0.003256 0.001054 -0.000640 109 -0.000301 0.000190


0.003343 0.001040 -0.000559 40 -0.000220 0.000277


0.003233 0.001095 -0.000868 62 -0.000533 0.000168 
0.003309 0.001080 -0.000784 172 -0.000448 0.000243 
0.003356 0.001073 -0.000747 114 -0.000410 0.000290 
0.003252 0.001096 -0.000876 61 -0.000542 0.000186 
0.003233 0.001095 -0.000868 62 -0.000533 0.000168


0.003288 0.001086 -0.000819 43 -0.000483 0.000222


0.003338 0.001072 -0.000738 113 -0.000401 0.000272 
0.003309 0.001080 -0.000784 172 -0.000448 0.000243 
0.003233 0.001095 -0.000868 62 -0.000533 0.000168 
0.003216 0.001093 -0.000859 63 -0.000524 0.000150 
0.003338 0.001072 -0.000738 113 -0.000401 0.000272


0.003274 0.001085 -0.000812 44 -0.000476 0.000208


0.003356 0.001073 -0.000747 114 -0.000410 0.000290 
0.003309 0.001080 -0.000784 172 -0.000448 0.000243 
0.003338 0.001072 -0.000738 113 -0.000401 0.000272 
0.003460 0.001050 -0.000617 77 -0.000278 0.000394 
0.003356 0.001073 -0.000747 114 -0.000410 0.000290


0.003366 0.001069 -0.000721 45 -0.000384 0.000300


0.003170 0.001086 -0.000820 66 -0.000484 0.000105 
0.003267 0.001074 -0.000752 173 -0.000415 0.000201 
0.003322 0.001070 -0.000725 116 -0.000388 0.000256 
0.003184 0.001089 -0.000834 65 -0.000499 0.000118 
0.003170 0.001086 -0.000820 66 -0.000484 0.000105


0.003236 0.001080 -0.000783 46 -0.000447 0.000170


0.003309 0.001067 -0.000710 115 -0.000373 0.000243 
0.003267 0.001074 -0.000752 173 -0.000415 0.000201 
0.003170 0.001086 -0.000820 66 -0.000484 0.000105 
0.003158 0.001083 -0.000804 67 -0.000468 0.000092 
0.003309 0.001067 -0.000710 115 -0.000373 0.000243


0.003226 0.001078 -0.000771 47 -0.000435 0.000160


0.003322 0.001070 -0.000725 116 -0.000388 0.000256 
0.003267 0.001074 -0.000752 173 -0.000415 0.000201 
0.003309 0.001067 -0.000710 115 -0.000373 0.000243 
0.003460 0.001050 -0.000617 77 -0.000278 0.000394 
0.003322 0.001070 -0.000725 116 -0.000388 0.000256


0.003340 0.001065 -0.000701 48 -0.000364 0.000274


0.003199 0.001091 -0.000847 64 -0.000512 0.000133 
0.003286 0.001077 -0.000770 174 -0.000434 0.000221 
0.003338 0.001072 -0.000738 113 -0.000401 0.000272 
0.003216 0.001093 -0.000859 63 -0.000524 0.000150 
0.003199 0.001091 -0.000847 64 -0.000512 0.000133


0.003260 0.001083 -0.000803 49 -0.000468 0.000194


0.003322 0.001070 -0.000725 116 -0.000388 0.000256 
0.003286 0.001077 -0.000770 174 -0.000434 0.000221 
0.003199 0.001091 -0.000847 64 -0.000512 0.000133 
0.003184 0.001089 -0.000834 65 -0.000499 0.000118 
0.003322 0.001070 -0.000725 116 -0.000388 0.000256


0.003248 0.001082 -0.000794 50 -0.000458 0.000182


0.003338 0.001072 -0.000738 113 -0.000401 0.000272 
0.003286 0.001077 -0.000770 174 -0.000434 0.000221 
0.003322 0.001070 -0.000725 116 -0.000388 0.000256 
0.003460 0.001050 -0.000617 77 -0.000278 0.000394 
0.003338 0.001072 -0.000738 113 -0.000401 0.000272


0.003352 0.001067 -0.000713 51 -0.000375 0.000286


0.003134 0.001074 -0.000750 70 -0.000413 0.000068 
0.003243 0.001066 -0.000705 175 -0.000368 0.000177 
0.003300 0.001064 -0.000693 117 -0.000355 0.000234 
0.003140 0.001077 -0.000769 69 -0.000432 0.000074 
0.003134 0.001074 -0.000750 70 -0.000413 0.000068


0.003204 0.001070 -0.000729 52 -0.000392 0.000138


0.003295 0.001060 -0.000673 110 -0.000335 0.000229 
0.003243 0.001066 -0.000705 175 -0.000368 0.000177 
0.003134 0.001074 -0.000750 70 -0.000413 0.000068 
0.003130 0.001070 -0.000730 71 -0.000393 0.000064 
0.003295 0.001060 -0.000673 110 -0.000335 0.000229


0.003200 0.001068 -0.000715 53 -0.000377 0.000135


0.003300 0.001064 -0.000693 117 -0.000355 0.000234 
0.003243 0.001066 -0.000705 175 -0.000368 0.000177 
0.003295 0.001060 -0.000673 110 -0.000335 0.000229 
0.003460 0.001050 -0.000617 77 -0.000278 0.000394 
0.003300 0.001064 -0.000693 117 -0.000355 0.000234


0.003324 0.001060 -0.000672 54 -0.000334 0.000259


0.003148 0.001080 -0.000787 68 -0.000450 0.000082 
0.003252 0.001070 -0.000730 176 -0.000393 0.000187 
0.003309 0.001067 -0.000710 115 -0.000373 0.000243 
0.003158 0.001083 -0.000804 67 -0.000468 0.000092 
0.003148 0.001080 -0.000787 68 -0.000450 0.000082


0.003217 0.001075 -0.000758 55 -0.000421 0.000151


0.003300 0.001064 -0.000693 117 -0.000355 0.000234 
0.003252 0.001070 -0.000730 176 -0.000393 0.000187 
0.003148 0.001080 -0.000787 68 -0.000450 0.000082 
0.003140 0.001077 -0.000769 69 -0.000432 0.000074 
0.003300 0.001064 -0.000693 117 -0.000355 0.000234


0.003210 0.001073 -0.000744 56 -0.000408 0.000144


0.003309 0.001067 -0.000710 115 -0.000373 0.000243 
0.003252 0.001070 -0.000730 176 -0.000393 0.000187 
0.003300 0.001064 -0.000693 117 -0.000355 0.000234 
0.003460 0.001050 -0.000617 77 -0.000278 0.000394 
0.003309 0.001067 -0.000710 115 -0.000373 0.000243


0.003330 0.001063 -0.000687 57 -0.000350 0.000264


0.004712 0.001002 -0.000343 18 -0.000000 0.001646 
0.004747 0.001016 -0.000420 177 -0.000078 0.001681 
0.004712 0.001022 -0.000458 118 -0.000117 0.001646 
0.004608 0.001002 -0.000343 17 -0.000000 0.001542 
0.004712 0.001002 -0.000343 18 -0.000000 0.001646


0.004695 0.001011 -0.000391 58 -0.000049 0.001629


0.004816 0.001022 -0.000458 20 -0.000117 0.001750 
0.004747 0.001016 -0.000420 177 -0.000078 0.001681 
0.004712 0.001002 -0.000343 18 -0.000000 0.001646 
0.004816 0.001002 -0.000343 19 0.000000 0.001750 
0.004816 0.001022 -0.000458 20 -0.000117 0.001750


0.004773 0.001011 -0.000391 59 -0.000049 0.001707


0.004712 0.001022 -0.000458 118 -0.000117 0.001646 
0.004747 0.001016 -0.000420 177 -0.000078 0.001681 
0.004816 0.001022 -0.000458 20 -0.000117 0.001750 
0.004816 0.001043 -0.000574 21 -0.000234 0.001750 
0.004712 0.001022 -0.000458 118 -0.000117 0.001646


0.004773 0.001026 -0.000478 60 -0.000137 0.001707


0.003859 0.001081 -0.000792 97 -0.000456 0.000793 
0.003903 0.001076 -0.000759 178 -0.000423 0.000837 
0.003938 0.001078 -0.000772 102 -0.000435 0.000872 
0.003834 0.001100 -0.000899 49 -0.000565 0.000768 
0.003859 0.001081 -0.000792 97 -0.000456 0.000793


0.003883 0.001084 -0.000806 61 -0.000470 0.000817


0.003925 0.001064 -0.000692 119 -0.000354 0.000859 
0.003903 0.001076 -0.000759 178 -0.000423 0.000837 
0.003859 0.001081 -0.000792 97 -0.000456 0.000793 
0.003843 0.001075 -0.000759 84 -0.000422 0.000777 
0.003925 0.001064 -0.000692 119 -0.000354 0.000859


0.003882 0.001074 -0.000751 62 -0.000414 0.000816


0.003938 0.001078 -0.000772 102 -0.000435 0.000872 
0.003903 0.001076 -0.000759 178 -0.000423 0.000837 
0.003925 0.001064 -0.000692 119 -0.000354 0.000859 
0.004042 0.001055 -0.000644 74 -0.000306 0.000976 
0.003938 0.001078 -0.000772 102 -0.000435 0.000872


0.003952 0.001068 -0.000717 63 -0.000379 0.000886


0.004359 0.001088 -0.000832 107 -0.000497 0.001293 
0.004342 0.001075 -0.000758 179 -0.000421 0.001276 
0.004418 0.001063 -0.000689 121 -0.000351 0.001352 
0.004493 0.001083 -0.000804 73 -0.000468 0.001427 
0.004359 0.001088 -0.000832 107 -0.000497 0.001293


0.004403 0.001078 -0.000771 64 -0.000434 0.001337


0.004264 0.001071 -0.000735 120 -0.000398 0.001198 
0.004342 0.001075 -0.000758 179 -0.000421 0.001276 
0.004359 0.001088 -0.000832 107 -0.000497 0.001293 
0.004167 0.001103 -0.000917 75 -0.000583 0.001102 
0.004264 0.001071 -0.000735 120 -0.000398 0.001198


0.004283 0.001085 -0.000810 65 -0.000475 0.001217


0.004418 0.001063 -0.000689 121 -0.000351 0.001352 
0.004342 0.001075 -0.000758 179 -0.000421 0.001276 
0.004264 0.001071 -0.000735 120 -0.000398 0.001198 
0.004343 0.001043 -0.000574 78 -0.000234 0.001277 
0.004418 0.001063 -0.000689 121 -0.000351 0.001352


0.004342 0.001063 -0.000689 66 -0.000351 0.001276


0.003142 0.001033 -0.000517 2 -0.000176 0.000076 
0.003245 0.001030 -0.000501 80 -0.000160 0.000179 
0.003256 0.001054 -0.000640 109 -0.000301 0.000190 
0.003129 0.001063 -0.000690 1 -0.000353 0.000063 
0.003142 0.001033 -0.000517 2 -0.000176 0.000076


0.003193 0.001045 -0.000587 67 -0.000248 0.000127


0.003219 0.001015 -0.000416 122 -0.000074 0.000153 
0.003245 0.001030 -0.000501 80 -0.000160 0.000179 
0.003142 0.001033 -0.000517 2 -0.000176 0.000076 
0.003154 0.001002 -0.000343 3 -0.000000 0.000088 
0.003219 0.001015 -0.000416 122 -0.000074 0.000153


0.003190 0.001020 -0.000444 68 -0.000103 0.000124


0.003569 0.001050 -0.000617 125 -0.000278 0.000503 
0.003569 0.001034 -0.000526 181 -0.000185 0.000503 
0.003623 0.001026 -0.000480 124 -0.000139 0.000558 
0.003692 0.001053 -0.000634 76 -0.000295 0.000627 
0.003569 0.001050 -0.000617 125 -0.000278 0.000503


0.003613 0.001041 -0.000564 70 -0.000224 0.000548


0.003515 0.001026 -0.000480 123 -0.000139 0.000449 
0.003569 0.001034 -0.000526 181 -0.000185 0.000503 
0.003569 0.001050 -0.000617 125 -0.000278 0.000503 
0.003460 0.001050 -0.000617 77 -0.000278 0.000394 
0.003515 0.001026 -0.000480 123 -0.000139 0.000449


0.003528 0.001040 -0.000560 71 -0.000220 0.000462


0.003623 0.001026 -0.000480 124 -0.000139 0.000558 
0.003569 0.001034 -0.000526 181 -0.000185 0.000503 
0.003515 0.001026 -0.000480 123 -0.000139 0.000449 
0.003570 0.001002 -0.000343 7 -0.000000 0.000504 
0.003623 0.001026 -0.000480 124 -0.000139 0.000558


0.003569 0.001022 -0.000457 72 -0.000116 0.000503


0.003671 0.001099 -0.000890 54 -0.000556 0.000606 
0.003669 0.001084 -0.000807 182 -0.000471 0.000603 
0.003715 0.001078 -0.000775 91 -0.000439 0.000649 
0.003785 0.001099 -0.000890 53 -0.000556 0.000719 
0.003671 0.001099 -0.000890 54 -0.000556 0.000606


0.003710 0.001090 -0.000841 73 -0.000506 0.000644


0.003621 0.001075 -0.000757 126 -0.000421 0.000555 
0.003669 0.001084 -0.000807 182 -0.000471 0.000603 
0.003671 0.001099 -0.000890 54 -0.000556 0.000606 
0.003558 0.001099 -0.000890 55 -0.000556 0.000492 
0.003621 0.001075 -0.000757 126 -0.000421 0.000555


0.003630 0.001089 -0.000836 74 -0.000501 0.000564


0.003715 0.001078 -0.000775 91 -0.000439 0.000649 
0.003669 0.001084 -0.000807 182 -0.000471 0.000603 
0.003621 0.001075 -0.000757 126 -0.000421 0.000555 
0.003692 0.001053 -0.000634 76 -0.000295 0.000627 
0.003715 0.001078 -0.000775 91 -0.000439 0.000649


0.003674 0.001073 -0.000743 75 -0.000407 0.000608


0.004418 0.001063 -0.000689 121 -0.000351 0.001352 
0.004472 0.001056 -0.000651 183 -0.000312 0.001406 
0.004536 0.001063 -0.000689 128 -0.000351 0.001470 
0.004493 0.001083 -0.000804 73 -0.000468 0.001427 
0.004418 0.001063 -0.000689 121 -0.000351 0.001352


0.004480 0.001067 -0.000708 76 -0.000371 0.001414


0.004461 0.001043 -0.000574 127 -0.000234 0.001395 
0.004472 0.001056 -0.000651 183 -0.000312 0.001406 
0.004418 0.001063 -0.000689 121 -0.000351 0.001352 
0.004343 0.001043 -0.000574 78 -0.000234 0.001277 
0.004461 0.001043 -0.000574 127 -0.000234 0.001395


0.004423 0.001051 -0.000622 77 -0.000283 0.001358


0.004536 0.001063 -0.000689 128 -0.000351 0.001470 
0.004472 0.001056 -0.000651 183 -0.000312 0.001406 
0.004461 0.001043 -0.000574 127 -0.000234 0.001395 
0.004579 0.001043 -0.000574 81 -0.000234 0.001513 
0.004536 0.001063 -0.000689 128 -0.000351 0.001470


0.004512 0.001051 -0.000622 78 -0.000283 0.001446


0.003311 0.001098 -0.000890 58 -0.000555 0.000245 
0.003360 0.001082 -0.000798 184 -0.000462 0.000295 
0.003395 0.001075 -0.000754 130 -0.000417 0.000330 
0.003331 0.001099 -0.000890 57 -0.000556 0.000265 
0.003311 0.001098 -0.000890 58 -0.000555 0.000245


0.003349 0.001089 -0.000833 79 -0.000497 0.000284


0.003375 0.001074 -0.000752 129 -0.000415 0.000310 
0.003360 0.001082 -0.000798 184 -0.000462 0.000295 
0.003311 0.001098 -0.000890 58 -0.000555 0.000245 
0.003291 0.001098 -0.000887 59 -0.000552 0.000225 
0.003375 0.001074 -0.000752 129 -0.000415 0.000310


0.003334 0.001088 -0.000832 80 -0.000496 0.000268


0.003395 0.001075 -0.000754 130 -0.000417 0.000330 
0.003360 0.001082 -0.000798 184 -0.000462 0.000295 
0.003375 0.001074 -0.000752 129 -0.000415 0.000310 
0.003460 0.001050 -0.000617 77 -0.000278 0.000394 
0.003395 0.001075 -0.000754 130 -0.000417 0.000330


0.003398 0.001070 -0.000730 81 -0.000393 0.000332


0.003271 0.001097 -0.000883 60 -0.000548 0.000205 
0.003334 0.001082 -0.000794 185 -0.000458 0.000268 
0.003375 0.001074 -0.000752 129 -0.000415 0.000310 
0.003291 0.001098 -0.000887 59 -0.000552 0.000225 
0.003271 0.001097 -0.000883 60 -0.000548 0.000205


0.003318 0.001088 -0.000829 82 -0.000493 0.000252


0.003356 0.001073 -0.000747 114 -0.000410 0.000290 
0.003334 0.001082 -0.000794 185 -0.000458 0.000268 
0.003271 0.001097 -0.000883 60 -0.000548 0.000205 
0.003252 0.001096 -0.000876 61 -0.000542 0.000186 
0.003356 0.001073 -0.000747 114 -0.000410 0.000290


0.003303 0.001087 -0.000825 83 -0.000489 0.000237


0.003375 0.001074 -0.000752 129 -0.000415 0.000310 
0.003334 0.001082 -0.000794 185 -0.000458 0.000268 
0.003356 0.001073 -0.000747 114 -0.000410 0.000290 
0.003460 0.001050 -0.000617 77 -0.000278 0.000394 
0.003375 0.001074 -0.000752 129 -0.000415 0.000310


0.003381 0.001070 -0.000727 84 -0.000390 0.000316


0.004017 0.001143 -0.001140 108 -0.000810 0.000951 
0.004104 0.001140 -0.001123 186 -0.000792 0.001038 
0.004201 0.001149 -0.001177 132 -0.000846 0.001136 
0.004125 0.001165 -0.001265 33 -0.000937 0.001059 
0.004017 0.001143 -0.001140 108 -0.000810 0.000951


0.004112 0.001149 -0.001176 85 -0.000846 0.001046


0.004078 0.001132 -0.001081 131 -0.000750 0.001013 
0.004104 0.001140 -0.001123 186 -0.000792 0.001038 
0.004017 0.001143 -0.001140 108 -0.000810 0.000951 
0.003909 0.001121 -0.001015 37 -0.000683 0.000844 
0.004078 0.001132 -0.001081 131 -0.000750 0.001013


0.004027 0.001134 -0.001090 86 -0.000758 0.000961


0.004201 0.001149 -0.001177 132 -0.000846 0.001136 
0.004104 0.001140 -0.001123 186 -0.000792 0.001038 
0.004078 0.001132 -0.001081 131 -0.000750 0.001013 
0.004222 0.001137 -0.001105 85 -0.000774 0.001156 
0.004201 0.001149 -0.001177 132 -0.000846 0.001136


0.004151 0.001139 -0.001121 87 -0.000790 0.001086


0.004701 0.001165 -0.001265 28 -0.000937 0.001635 
0.004739 0.001151 -0.001189 187 -0.000859 0.001673 
0.004816 0.001144 -0.001150 26 -0.000820 0.001750 
0.004816 0.001165 -0.001265 27 -0.000937 0.001750 
0.004701 0.001165 -0.001265 28 -0.000937 0.001635


0.004768 0.001156 -0.001217 88 -0.000888 0.001702


0.004701 0.001144 -0.001150 133 -0.000820 0.001635 
0.004739 0.001151 -0.001189 187 -0.000859 0.001673 
0.004701 0.001165 -0.001265 28 -0.000937 0.001635 
0.004585 0.001165 -0.001265 29 -0.000937 0.001520 
0.004701 0.001144 -0.001150 133 -0.000820 0.001635


0.004681 0.001156 -0.001217 89 -0.000888 0.001616


0.004816 0.001144 -0.001150 26 -0.000820 0.001750 
0.004739 0.001151 -0.001189 187 -0.000859 0.001673 
0.004701 0.001144 -0.001150 133 -0.000820 0.001635 
0.004816 0.001124 -0.001035 25 -0.000702 0.001750 
0.004816 0.001144 -0.001150 26 -0.000820 0.001750


0.004768 0.001141 -0.001131 90 -0.000800 0.001702


0.004539 0.001114 -0.000977 136 -0.000644 0.001473 
0.004555 0.001131 -0.001073 188 -0.000741 0.001489 
0.004505 0.001144 -0.001150 135 -0.000820 0.001439 
0.004411 0.001124 -0.001037 79 -0.000704 0.001346 
0.004539 0.001114 -0.000977 136 -0.000644 0.001473


0.004502 0.001128 -0.001059 91 -0.000727 0.001437


0.004620 0.001134 -0.001092 134 -0.000761 0.001554 
0.004555 0.001131 -0.001073 188 -0.000741 0.001489 
0.004539 0.001114 -0.000977 136 -0.000644 0.001473 
0.004654 0.001104 -0.000920 83 -0.000585 0.001589 
0.004620 0.001134 -0.001092 134 -0.000761 0.001554


0.004592 0.001121 -0.001016 92 -0.000683 0.001526


0.004505 0.001144 -0.001150 135 -0.000820 0.001439 
0.004555 0.001131 -0.001073 188 -0.000741 0.001489 
0.004620 0.001134 -0.001092 134 -0.000761 0.001554 
0.004585 0.001165 -0.001265 29 -0.000937 0.001520 
0.004505 0.001144 -0.001150 135 -0.000820 0.001439


0.004566 0.001144 -0.001145 93 -0.000815 0.001500


0.004735 0.001094 -0.000862 139 -0.000527 0.001669 
0.004683 0.001077 -0.000766 189 -0.000429 0.001617 
0.004698 0.001063 -0.000689 138 -0.000351 0.001632 
0.004816 0.001083 -0.000804 23 -0.000468 0.001750 
0.004735 0.001094 -0.000862 139 -0.000527 0.001669


0.004733 0.001079 -0.000780 94 -0.000444 0.001667


0.004617 0.001073 -0.000747 137 -0.000410 0.001551 
0.004683 0.001077 -0.000766 189 -0.000429 0.001617 
0.004735 0.001094 -0.000862 139 -0.000527 0.001669 
0.004654 0.001104 -0.000920 83 -0.000585 0.001589 
0.004617 0.001073 -0.000747 137 -0.000410 0.001551


0.004672 0.001087 -0.000823 95 -0.000488 0.001607


0.004698 0.001063 -0.000689 138 -0.000351 0.001632 
0.004683 0.001077 -0.000766 189 -0.000429 0.001617 
0.004617 0.001073 -0.000747 137 -0.000410 0.001551 
0.004579 0.001043 -0.000574 81 -0.000234 0.001513 
0.004698 0.001063 -0.000689 138 -0.000351 0.001632


0.004644 0.001064 -0.000694 96 -0.000356 0.001578


0.003897 0.001110 -0.000956 42 -0.000622 0.000831 
0.003986 0.001107 -0.000935 190 -0.000601 0.000920 
0.004034 0.001107 -0.000939 103 -0.000606 0.000968 
0.003902 0.001112 -0.000967 41 -0.000634 0.000836 
0.003897 0.001110 -0.000956 42 -0.000622 0.000831


0.003955 0.001109 -0.000949 97 -0.000616 0.000889


0.004020 0.001098 -0.000885 93 -0.000550 0.000954 
0.003986 0.001107 -0.000935 190 -0.000601 0.000920 
0.003897 0.001110 -0.000956 42 -0.000622 0.000831 
0.003891 0.001108 -0.000945 43 -0.000611 0.000825 
0.004020 0.001098 -0.000885 93 -0.000550 0.000954


0.003948 0.001106 -0.000930 98 -0.000596 0.000883


0.004034 0.001107 -0.000939 103 -0.000606 0.000968 
0.003986 0.001107 -0.000935 190 -0.000601 0.000920 
0.004020 0.001098 -0.000885 93 -0.000550 0.000954 
0.004167 0.001103 -0.000917 75 -0.000583 0.001102 
0.004034 0.001107 -0.000939 103 -0.000606 0.000968


0.004052 0.001104 -0.000919 99 -0.000585 0.000986


0.004372 0.001022 -0.000458 140 -0.000117 0.001306 
0.004441 0.001029 -0.000497 191 -0.000156 0.001375 
0.004461 0.001043 -0.000574 127 -0.000234 0.001395 
0.004343 0.001043 -0.000574 78 -0.000234 0.001277 
0.004372 0.001022 -0.000458 140 -0.000117 0.001306


0.004404 0.001034 -0.000526 100 -0.000185 0.001338


0.004490 0.001022 -0.000458 95 -0.000117 0.001424 
0.004441 0.001029 -0.000497 191 -0.000156 0.001375 
0.004372 0.001022 -0.000458 140 -0.000117 0.001306 
0.004400 0.001002 -0.000343 15 -0.000000 0.001335 
0.004490 0.001022 -0.000458 95 -0.000117 0.001424


0.004426 0.001019 -0.000439 101 -0.000098 0.001360


0.004461 0.001043 -0.000574 127 -0.000234 0.001395 
0.004441 0.001029 -0.000497 191 -0.000156 0.001375 
0.004490 0.001022 -0.000458 95 -0.000117 0.001424 
0.004579 0.001043 -0.000574 81 -0.000234 0.001513 
0.004461 0.001043 -0.000574 127 -0.000234 0.001395


0.004493 0.001034 -0.000526 102 -0.000185 0.001427


0.004451 0.001102 -0.000910 105 -0.000576 0.001385 
0.004524 0.001104 -0.000920 192 -0.000585 0.001458 
0.004539 0.001114 -0.000977 136 -0.000644 0.001473 
0.004411 0.001124 -0.001037 79 -0.000704 0.001346 
0.004451 0.001102 -0.000910 105 -0.000576 0.001385


0.004481 0.001111 -0.000961 103 -0.000627 0.001415


0.004574 0.001094 -0.000862 141 -0.000527 0.001508 
0.004524 0.001104 -0.000920 192 -0.000585 0.001458 
0.004451 0.001102 -0.000910 105 -0.000576 0.001385 
0.004493 0.001083 -0.000804 73 -0.000468 0.001427 
0.004574 0.001094 -0.000862 141 -0.000527 0.001508


0.004510 0.001096 -0.000874 104 -0.000539 0.001444


0.004539 0.001114 -0.000977 136 -0.000644 0.001473 
0.004524 0.001104 -0.000920 192 -0.000585 0.001458 
0.004574 0.001094 -0.000862 141 -0.000527 0.001508 
0.004654 0.001104 -0.000920 83 -0.000585 0.001589 
0.004539 0.001114 -0.000977 136 -0.000644 0.001473


0.004573 0.001104 -0.000920 105 -0.000585 0.001507


0.004536 0.001063 -0.000689 128 -0.000351 0.001470 
0.004576 0.001077 -0.000766 193 -0.000429 0.001510 
0.004574 0.001094 -0.000862 141 -0.000527 0.001508 
0.004493 0.001083 -0.000804 73 -0.000468 0.001427 
0.004536 0.001063 -0.000689 128 -0.000351 0.001470


0.004545 0.001079 -0.000780 106 -0.000444 0.001479


0.004617 0.001073 -0.000747 137 -0.000410 0.001551 
0.004576 0.001077 -0.000766 193 -0.000429 0.001510 
0.004536 0.001063 -0.000689 128 -0.000351 0.001470 
0.004579 0.001043 -0.000574 81 -0.000234 0.001513 
0.004617 0.001073 -0.000747 137 -0.000410 0.001551


0.004577 0.001064 -0.000694 107 -0.000356 0.001511


0.004574 0.001094 -0.000862 141 -0.000527 0.001508 
0.004576 0.001077 -0.000766 193 -0.000429 0.001510 
0.004617 0.001073 -0.000747 137 -0.000410 0.001551 
0.004654 0.001104 -0.000920 83 -0.000585 0.001589 
0.004574 0.001094 -0.000862 141 -0.000527 0.001508


0.004605 0.001087 -0.000823 108 -0.000488 0.001539


0.003883 0.001107 -0.000935 44 -0.000601 0.000818 
0.003936 0.001089 -0.000838 194 -0.000503 0.000870 
0.003966 0.001082 -0.000795 94 -0.000459 0.000900 
0.003891 0.001108 -0.000945 43 -0.000611 0.000825 
0.003883 0.001107 -0.000935 44 -0.000601 0.000818


0.003919 0.001097 -0.000878 109 -0.000544 0.000853


0.003958 0.001080 -0.000785 89 -0.000449 0.000893 
0.003936 0.001089 -0.000838 194 -0.000503 0.000870 
0.003883 0.001107 -0.000935 44 -0.000601 0.000818 
0.003875 0.001105 -0.000926 45 -0.000592 0.000809 
0.003958 0.001080 -0.000785 89 -0.000449 0.000893


0.003913 0.001095 -0.000871 110 -0.000536 0.000847


0.003966 0.001082 -0.000795 94 -0.000459 0.000900 
0.003936 0.001089 -0.000838 194 -0.000503 0.000870 
0.003958 0.001080 -0.000785 89 -0.000449 0.000893 
0.004042 0.001055 -0.000644 74 -0.000306 0.000976 
0.003966 0.001082 -0.000795 94 -0.000459 0.000900


0.003976 0.001077 -0.000766 111 -0.000429 0.000910


0.004192 0.001049 -0.000609 142 -0.000270 0.001126 
0.004185 0.001067 -0.000710 195 -0.000373 0.001120 
0.004102 0.001079 -0.000782 92 -0.000445 0.001036 
0.004042 0.001055 -0.000644 74 -0.000306 0.000976 
0.004192 0.001049 -0.000609 142 -0.000270 0.001126


0.004130 0.001063 -0.000686 112 -0.000348 0.001065


0.004264 0.001071 -0.000735 120 -0.000398 0.001198 
0.004185 0.001067 -0.000710 195 -0.000373 0.001120 
0.004192 0.001049 -0.000609 142 -0.000270 0.001126 
0.004343 0.001043 -0.000574 78 -0.000234 0.001277 
0.004264 0.001071 -0.000735 120 -0.000398 0.001198


0.004246 0.001057 -0.000657 113 -0.000319 0.001180


0.004102 0.001079 -0.000782 92 -0.000445 0.001036 
0.004185 0.001067 -0.000710 195 -0.000373 0.001120 
0.004264 0.001071 -0.000735 120 -0.000398 0.001198 
0.004167 0.001103 -0.000917 75 -0.000583 0.001102 
0.004102 0.001079 -0.000782 92 -0.000445 0.001036


0.004180 0.001080 -0.000786 114 -0.000450 0.001114


0.003910 0.001119 -0.001003 38 -0.000670 0.000844 
0.003998 0.001115 -0.000981 196 -0.000648 0.000932 
0.004074 0.001119 -0.001005 143 -0.000672 0.001008 
0.003909 0.001121 -0.001015 37 -0.000683 0.000844 
0.003910 0.001119 -0.001003 38 -0.000670 0.000844


0.003973 0.001118 -0.001001 115 -0.000668 0.000907


0.003993 0.001113 -0.000970 104 -0.000637 0.000927 
0.003998 0.001115 -0.000981 196 -0.000648 0.000932 
0.003910 0.001119 -0.001003 38 -0.000670 0.000844 
0.003908 0.001116 -0.000991 39 -0.000658 0.000843 
0.003993 0.001113 -0.000970 104 -0.000637 0.000927


0.003952 0.001116 -0.000986 116 -0.000653 0.000886


0.004074 0.001119 -0.001005 143 -0.000672 0.001008 
0.003998 0.001115 -0.000981 196 -0.000648 0.000932 
0.003993 0.001113 -0.000970 104 -0.000637 0.000927 
0.004167 0.001103 -0.000917 75 -0.000583 0.001102 
0.004074 0.001119 -0.001005 143 -0.000672 0.001008


0.004058 0.001112 -0.000968 117 -0.000635 0.000992


0.004078 0.001132 -0.001081 131 -0.000750 0.001013 
0.003909 0.001121 -0.001015 37 -0.000683 0.000844 
0.004074 0.001119 -0.001005 143 -0.000672 0.001008 
0.004222 0.001137 -0.001105 85 -0.000774 0.001156 
0.004078 0.001132 -0.001081 131 -0.000750 0.001013


0.004071 0.001127 -0.001052 119 -0.000720 0.001005


0.003673 0.001002 -0.000343 8 -0.000000 0.000608 
0.003675 0.001018 -0.000434 198 -0.000093 0.000609 
0.003623 0.001026 -0.000480 124 -0.000139 0.000558 
0.003570 0.001002 -0.000343 7 -0.000000 0.000504 
0.003673 0.001002 -0.000343 8 -0.000000 0.000608


0.003635 0.001012 -0.000400 121 -0.000058 0.000569


0.003727 0.001026 -0.000480 145 -0.000139 0.000661 
0.003675 0.001018 -0.000434 198 -0.000093 0.000609 
0.003673 0.001002 -0.000343 8 -0.000000 0.000608 
0.003777 0.001002 -0.000343 9 -0.000000 0.000711 
0.003727 0.001026 -0.000480 145 -0.000139 0.000661


0.003713 0.001012 -0.000400 122 -0.000058 0.000647


0.003623 0.001026 -0.000480 124 -0.000139 0.000558 
0.003675 0.001018 -0.000434 198 -0.000093 0.000609 
0.003727 0.001026 -0.000480 145 -0.000139 0.000661 
0.003692 0.001053 -0.000634 76 -0.000295 0.000627 
0.003623 0.001026 -0.000480 124 -0.000139 0.000558


0.003679 0.001031 -0.000507 123 -0.000166 0.000614


0.003466 0.001002 -0.000343 6 -0.000000 0.000400 
0.003464 0.001018 -0.000434 199 -0.000093 0.000398 
0.003411 0.001026 -0.000480 146 -0.000139 0.000345 
0.003362 0.001002 -0.000343 5 -0.000000 0.000296 
0.003466 0.001002 -0.000343 6 -0.000000 0.000400


0.003426 0.001012 -0.000400 124 -0.000058 0.000360


0.003515 0.001026 -0.000480 123 -0.000139 0.000449 
0.003464 0.001018 -0.000434 199 -0.000093 0.000398 
0.003466 0.001002 -0.000343 6 -0.000000 0.000400 
0.003570 0.001002 -0.000343 7 -0.000000 0.000504 
0.003515 0.001026 -0.000480 123 -0.000139 0.000449


0.003504 0.001012 -0.000400 125 -0.000058 0.000438


0.003411 0.001026 -0.000480 146 -0.000139 0.000345 
0.003464 0.001018 -0.000434 199 -0.000093 0.000398 
0.003515 0.001026 -0.000480 123 -0.000139 0.000449 
0.003460 0.001050 -0.000617 77 -0.000278 0.000394 
0.003411 0.001026 -0.000480 146 -0.000139 0.000345


0.003462 0.001030 -0.000503 126 -0.000162 0.000397


0.003444 0.001099 -0.000890 56 -0.000556 0.000379 
0.003450 0.001083 -0.000799 200 -0.000463 0.000384 
0.003509 0.001075 -0.000754 147 -0.000417 0.000443 
0.003558 0.001099 -0.000890 55 -0.000556 0.000492 
0.003444 0.001099 -0.000890 56 -0.000556 0.000379


0.003490 0.001089 -0.000833 127 -0.000498 0.000424


0.003395 0.001075 -0.000754 130 -0.000417 0.000330 
0.003450 0.001083 -0.000799 200 -0.000463 0.000384 
0.003444 0.001099 -0.000890 56 -0.000556 0.000379 
0.003331 0.001099 -0.000890 57 -0.000556 0.000265 
0.003395 0.001075 -0.000754 130 -0.000417 0.000330


0.003405 0.001089 -0.000833 128 -0.000498 0.000339


0.003509 0.001075 -0.000754 147 -0.000417 0.000443 
0.003450 0.001083 -0.000799 200 -0.000463 0.000384 
0.003395 0.001075 -0.000754 130 -0.000417 0.000330 
0.003460 0.001050 -0.000617 77 -0.000278 0.000394 
0.003509 0.001075 -0.000754 147 -0.000417 0.000443


0.003453 0.001070 -0.000731 129 -0.000394 0.000388


0.003621 0.001075 -0.000757 126 -0.000421 0.000555 
0.003565 0.001066 -0.000708 201 -0.000371 0.000499 
0.003569 0.001050 -0.000617 125 -0.000278 0.000503 
0.003692 0.001053 -0.000634 76 -0.000295 0.000627 
0.003621 0.001075 -0.000757 126 -0.000421 0.000555


0.003612 0.001061 -0.000679 130 -0.000341 0.000546


0.003509 0.001075 -0.000754 147 -0.000417 0.000443 
0.003565 0.001066 -0.000708 201 -0.000371 0.000499 
0.003621 0.001075 -0.000757 126 -0.000421 0.000555 
0.003558 0.001099 -0.000890 55 -0.000556 0.000492 
0.003509 0.001075 -0.000754 147 -0.000417 0.000443


0.003563 0.001079 -0.000777 131 -0.000441 0.000497


0.003569 0.001050 -0.000617 125 -0.000278 0.000503 
0.003565 0.001066 -0.000708 201 -0.000371 0.000499 
0.003509 0.001075 -0.000754 147 -0.000417 0.000443 
0.003460 0.001050 -0.000617 77 -0.000278 0.000394 
0.003569 0.001050 -0.000617 125 -0.000278 0.000503


0.003526 0.001060 -0.000674 132 -0.000336 0.000460


0.004297 0.001002 -0.000343 14 -0.000000 0.001231 
0.004312 0.001016 -0.000420 202 -0.000078 0.001246 
0.004268 0.001022 -0.000458 148 -0.000117 0.001202 
0.004193 0.001002 -0.000343 13 -0.000000 0.001127 
0.004297 0.001002 -0.000343 14 -0.000000 0.001231


0.004267 0.001011 -0.000391 133 -0.000049 0.001201


0.004372 0.001022 -0.000458 140 -0.000117 0.001306 
0.004312 0.001016 -0.000420 202 -0.000078 0.001246 
0.004297 0.001002 -0.000343 14 -0.000000 0.001231 
0.004400 0.001002 -0.000343 15 -0.000000 0.001335 
0.004372 0.001022 -0.000458 140 -0.000117 0.001306


0.004345 0.001011 -0.000391 134 -0.000049 0.001279


0.004268 0.001022 -0.000458 148 -0.000117 0.001202 
0.004312 0.001016 -0.000420 202 -0.000078 0.001246 
0.004372 0.001022 -0.000458 140 -0.000117 0.001306 
0.004343 0.001043 -0.000574 78 -0.000234 0.001277 
0.004268 0.001022 -0.000458 148 -0.000117 0.001202


0.004324 0.001026 -0.000478 135 -0.000137 0.001258


0.004117 0.001029 -0.000494 101 -0.000153 0.001051 
0.004192 0.001033 -0.000520 203 -0.000180 0.001127 
0.004192 0.001049 -0.000609 142 -0.000270 0.001126 
0.004042 0.001055 -0.000644 74 -0.000306 0.000976 
0.004117 0.001029 -0.000494 101 -0.000153 0.001051


0.004136 0.001042 -0.000567 136 -0.000227 0.001070


0.004268 0.001022 -0.000458 148 -0.000117 0.001202 
0.004192 0.001033 -0.000520 203 -0.000180 0.001127 
0.004117 0.001029 -0.000494 101 -0.000153 0.001051 
0.004193 0.001002 -0.000343 13 -0.000000 0.001127 
0.004268 0.001022 -0.000458 148 -0.000117 0.001202


0.004193 0.001022 -0.000454 137 -0.000112 0.001127


0.004192 0.001049 -0.000609 142 -0.000270 0.001126 
0.004192 0.001033 -0.000520 203 -0.000180 0.001127 
0.004268 0.001022 -0.000458 148 -0.000117 0.001202 
0.004343 0.001043 -0.000574 78 -0.000234 0.001277 
0.004192 0.001049 -0.000609 142 -0.000270 0.001126


0.004249 0.001037 -0.000540 138 -0.000200 0.001183


0.004319 0.001130 -0.001066 149 -0.000735 0.001253 
0.004167 0.001103 -0.000917 75 -0.000583 0.001102 
0.004321 0.001109 -0.000950 106 -0.000616 0.001255 
0.004411 0.001124 -0.001037 79 -0.000704 0.001346 
0.004319 0.001130 -0.001066 149 -0.000735 0.001253


0.004305 0.001117 -0.000992 140 -0.000659 0.001239


0.004074 0.001119 -0.001005 143 -0.000672 0.001008 
0.004167 0.001103 -0.000917 75 -0.000583 0.001102 
0.004319 0.001130 -0.001066 149 -0.000735 0.001253 
0.004222 0.001137 -0.001105 85 -0.000774 0.001156 
0.004074 0.001119 -0.001005 143 -0.000672 0.001008


0.004196 0.001122 -0.001023 141 -0.000691 0.001130


0.004470 0.001165 -0.001265 30 -0.000937 0.001404 
0.004455 0.001151 -0.001189 205 -0.000859 0.001389 
0.004505 0.001144 -0.001150 135 -0.000820 0.001439 
0.004585 0.001165 -0.001265 29 -0.000937 0.001520 
0.004470 0.001165 -0.001265 30 -0.000937 0.001404


0.004504 0.001156 -0.001217 142 -0.000888 0.001438


0.004390 0.001144 -0.001150 150 -0.000820 0.001324 
0.004455 0.001151 -0.001189 205 -0.000859 0.001389 
0.004470 0.001165 -0.001265 30 -0.000937 0.001404 
0.004355 0.001165 -0.001265 31 -0.000937 0.001289 
0.004390 0.001144 -0.001150 150 -0.000820 0.001324


0.004417 0.001156 -0.001217 143 -0.000888 0.001352


0.004505 0.001144 -0.001150 135 -0.000820 0.001439 
0.004455 0.001151 -0.001189 205 -0.000859 0.001389 
0.004390 0.001144 -0.001150 150 -0.000820 0.001324 
0.004411 0.001124 -0.001037 79 -0.000704 0.001346 
0.004505 0.001144 -0.001150 135 -0.000820 0.001439


0.004440 0.001141 -0.001131 144 -0.000800 0.001374


0.003411 0.001026 -0.000480 146 -0.000139 0.000345 
0.003245 0.001030 -0.000501 80 -0.000160 0.000179 
0.003289 0.001015 -0.000414 151 -0.000072 0.000223 
0.003362 0.001002 -0.000343 5 -0.000000 0.000296 
0.003411 0.001026 -0.000480 146 -0.000139 0.000345


0.003327 0.001018 -0.000435 145 -0.000093 0.000261


0.003258 0.001002 -0.000343 4 -0.000000 0.000192 
0.003261 0.001012 -0.000399 207 -0.000056 0.000195 
0.003219 0.001015 -0.000416 122 -0.000074 0.000153 
0.003154 0.001002 -0.000343 3 -0.000000 0.000088 
0.003258 0.001002 -0.000343 4 -0.000000 0.000192


0.003223 0.001008 -0.000375 148 -0.000033 0.000157


0.003289 0.001015 -0.000414 151 -0.000072 0.000223 
0.003261 0.001012 -0.000399 207 -0.000056 0.000195 
0.003258 0.001002 -0.000343 4 -0.000000 0.000192 
0.003362 0.001002 -0.000343 5 -0.000000 0.000296 
0.003289 0.001015 -0.000414 151 -0.000072 0.000223


0.003293 0.001008 -0.000375 149 -0.000032 0.000227


0.003219 0.001015 -0.000416 122 -0.000074 0.000153 
0.003261 0.001012 -0.000399 207 -0.000056 0.000195 
0.003289 0.001015 -0.000414 151 -0.000072 0.000223 
0.003245 0.001030 -0.000501 80 -0.000160 0.000179 
0.003219 0.001015 -0.000416 122 -0.000074 0.000153


0.003254 0.001018 -0.000433 150 -0.000091 0.000188


0.004816 0.001063 -0.000689 22 -0.000351 0.001750 
0.004737 0.001056 -0.000651 208 -0.000312 0.001671 
0.004698 0.001043 -0.000574 152 -0.000234 0.001632 
0.004816 0.001043 -0.000574 21 -0.000234 0.001750 
0.004816 0.001063 -0.000689 22 -0.000351 0.001750


0.004767 0.001051 -0.000622 151 -0.000283 0.001701


0.004698 0.001063 -0.000689 138 -0.000351 0.001632 
0.004737 0.001056 -0.000651 208 -0.000312 0.001671 
0.004816 0.001063 -0.000689 22 -0.000351 0.001750 
0.004816 0.001083 -0.000804 23 -0.000468 0.001750 
0.004698 0.001063 -0.000689 138 -0.000351 0.001632


0.004767 0.001067 -0.000708 152 -0.000371 0.001701


0.004698 0.001043 -0.000574 152 -0.000234 0.001632 
0.004737 0.001056 -0.000651 208 -0.000312 0.001671 
0.004698 0.001063 -0.000689 138 -0.000351 0.001632 
0.004579 0.001043 -0.000574 81 -0.000234 0.001513 
0.004698 0.001043 -0.000574 152 -0.000234 0.001632


0.004678 0.001051 -0.000622 153 -0.000283 0.001612


0.004712 0.001022 -0.000458 118 -0.000117 0.001646 
0.004668 0.001029 -0.000497 209 -0.000156 0.001602 
0.004594 0.001022 -0.000458 96 -0.000117 0.001528 
0.004608 0.001002 -0.000343 17 -0.000000 0.001542 
0.004712 0.001022 -0.000458 118 -0.000117 0.001646


0.004645 0.001019 -0.000439 154 -0.000098 0.001580


0.004698 0.001043 -0.000574 152 -0.000234 0.001632 
0.004668 0.001029 -0.000497 209 -0.000156 0.001602 
0.004712 0.001022 -0.000458 118 -0.000117 0.001646 
0.004816 0.001043 -0.000574 21 -0.000234 0.001750 
0.004698 0.001043 -0.000574 152 -0.000234 0.001632


0.004723 0.001034 -0.000526 155 -0.000185 0.001657


0.004594 0.001022 -0.000458 96 -0.000117 0.001528 
0.004668 0.001029 -0.000497 209 -0.000156 0.001602 
0.004698 0.001043 -0.000574 152 -0.000234 0.001632 
0.004579 0.001043 -0.000574 81 -0.000234 0.001513 
0.004594 0.001022 -0.000458 96 -0.000117 0.001528


0.004635 0.001034 -0.000526 156 -0.000185 0.001569


0.003881 0.001002 -0.000343 10 -0.000000 0.000815 
0.003891 0.001011 -0.000393 210 -0.000051 0.000825 
0.003843 0.001015 -0.000418 153 -0.000076 0.000778 
0.003777 0.001002 -0.000343 9 -0.000000 0.000711 
0.003881 0.001002 -0.000343 10 -0.000000 0.000815


0.003848 0.001008 -0.000374 157 -0.000032 0.000782


0.003947 0.001015 -0.000418 99 -0.000076 0.000881 
0.003891 0.001011 -0.000393 210 -0.000051 0.000825 
0.003881 0.001002 -0.000343 10 -0.000000 0.000815 
0.003985 0.001002 -0.000343 11 -0.000000 0.000919 
0.003947 0.001015 -0.000418 99 -0.000076 0.000881


0.003926 0.001008 -0.000374 158 -0.000032 0.000860


0.003843 0.001015 -0.000418 153 -0.000076 0.000778 
0.003891 0.001011 -0.000393 210 -0.000051 0.000825 
0.003947 0.001015 -0.000418 99 -0.000076 0.000881 
0.003910 0.001029 -0.000494 82 -0.000153 0.000844 
0.003843 0.001015 -0.000418 153 -0.000076 0.000778


0.003898 0.001018 -0.000431 159 -0.000089 0.000832


0.003727 0.001026 -0.000480 145 -0.000139 0.000661 
0.003788 0.001027 -0.000484 211 -0.000144 0.000722 
0.003806 0.001041 -0.000562 154 -0.000222 0.000740 
0.003692 0.001053 -0.000634 76 -0.000295 0.000627 
0.003727 0.001026 -0.000480 145 -0.000139 0.000661


0.003753 0.001037 -0.000540 160 -0.000200 0.000688


0.003843 0.001015 -0.000418 153 -0.000076 0.000778 
0.003788 0.001027 -0.000484 211 -0.000144 0.000722 
0.003727 0.001026 -0.000480 145 -0.000139 0.000661 
0.003777 0.001002 -0.000343 9 -0.000000 0.000711 
0.003843 0.001015 -0.000418 153 -0.000076 0.000778


0.003784 0.001018 -0.000431 161 -0.000090 0.000718


0.003806 0.001041 -0.000562 154 -0.000222 0.000740 
0.003788 0.001027 -0.000484 211 -0.000144 0.000722 
0.003843 0.001015 -0.000418 153 -0.000076 0.000778 
0.003910 0.001029 -0.000494 82 -0.000153 0.000844 
0.003806 0.001041 -0.000562 154 -0.000222 0.000740


0.003837 0.001028 -0.000489 162 -0.000149 0.000771


0.004701 0.001144 -0.001150 133 -0.000820 0.001635 
0.004685 0.001131 -0.001073 212 -0.000741 0.001619 
0.004735 0.001114 -0.000977 155 -0.000644 0.001669 
0.004816 0.001124 -0.001035 25 -0.000702 0.001750 
0.004701 0.001144 -0.001150 133 -0.000820 0.001635


0.004734 0.001128 -0.001059 163 -0.000727 0.001668


0.004620 0.001134 -0.001092 134 -0.000761 0.001554 
0.004685 0.001131 -0.001073 212 -0.000741 0.001619 
0.004701 0.001144 -0.001150 133 -0.000820 0.001635 
0.004585 0.001165 -0.001265 29 -0.000937 0.001520 
0.004620 0.001134 -0.001092 134 -0.000761 0.001554


0.004648 0.001144 -0.001145 164 -0.000815 0.001582


0.004735 0.001114 -0.000977 155 -0.000644 0.001669 
0.004685 0.001131 -0.001073 212 -0.000741 0.001619 
0.004620 0.001134 -0.001092 134 -0.000761 0.001554 
0.004654 0.001104 -0.000920 83 -0.000585 0.001589 
0.004735 0.001114 -0.000977 155 -0.000644 0.001669


0.004674 0.001121 -0.001016 165 -0.000683 0.001608


0.004816 0.001104 -0.000920 24 -0.000585 0.001750 
0.004762 0.001104 -0.000920 213 -0.000585 0.001696 
0.004735 0.001094 -0.000862 139 -0.000527 0.001669 
0.004816 0.001083 -0.000804 23 -0.000468 0.001750 
0.004816 0.001104 -0.000920 24 -0.000585 0.001750


0.004782 0.001096 -0.000876 166 -0.000541 0.001716


0.004735 0.001114 -0.000977 155 -0.000644 0.001669 
0.004762 0.001104 -0.000920 213 -0.000585 0.001696 
0.004816 0.001104 -0.000920 24 -0.000585 0.001750 
0.004816 0.001124 -0.001035 25 -0.000702 0.001750 
0.004735 0.001114 -0.000977 155 -0.000644 0.001669


0.004782 0.001111 -0.000963 167 -0.000629 0.001716


0.004735 0.001094 -0.000862 139 -0.000527 0.001669 
0.004762 0.001104 -0.000920 213 -0.000585 0.001696 
0.004735 0.001114 -0.000977 155 -0.000644 0.001669 
0.004654 0.001104 -0.000920 83 -0.000585 0.001589 
0.004735 0.001094 -0.000862 139 -0.000527 0.001669


0.004722 0.001104 -0.000920 168 -0.000585 0.001656


0.003976 0.001042 -0.000569 98 -0.000229 0.000910 
0.003929 0.001053 -0.000629 214 -0.000290 0.000863 
0.003877 0.001053 -0.000631 156 -0.000293 0.000812 
0.003910 0.001029 -0.000494 82 -0.000153 0.000844 
0.003976 0.001042 -0.000569 98 -0.000229 0.000910


0.003923 0.001044 -0.000581 169 -0.000241 0.000857


0.003925 0.001064 -0.000692 119 -0.000354 0.000859 
0.003929 0.001053 -0.000629 214 -0.000290 0.000863 
0.003976 0.001042 -0.000569 98 -0.000229 0.000910 
0.004042 0.001055 -0.000644 74 -0.000306 0.000976 
0.003925 0.001064 -0.000692 119 -0.000354 0.000859


0.003968 0.001053 -0.000633 170 -0.000295 0.000902


0.003877 0.001053 -0.000631 156 -0.000293 0.000812 
0.003929 0.001053 -0.000629 214 -0.000290 0.000863 
0.003925 0.001064 -0.000692 119 -0.000354 0.000859 
0.003843 0.001075 -0.000759 84 -0.000422 0.000777 
0.003877 0.001053 -0.000631 156 -0.000293 0.000812


0.003894 0.001061 -0.000678 171 -0.000340 0.000828


0.003806 0.001041 -0.000562 154 -0.000222 0.000740 
0.003825 0.001054 -0.000639 215 -0.000300 0.000759 
0.003791 0.001072 -0.000738 90 -0.000401 0.000726 
0.003692 0.001053 -0.000634 76 -0.000295 0.000627 
0.003806 0.001041 -0.000562 154 -0.000222 0.000740


0.003779 0.001055 -0.000643 172 -0.000304 0.000713


0.003877 0.001053 -0.000631 156 -0.000293 0.000812 
0.003825 0.001054 -0.000639 215 -0.000300 0.000759 
0.003806 0.001041 -0.000562 154 -0.000222 0.000740 
0.003910 0.001029 -0.000494 82 -0.000153 0.000844 
0.003877 0.001053 -0.000631 156 -0.000293 0.000812


0.003855 0.001044 -0.000581 173 -0.000242 0.000789


0.003791 0.001072 -0.000738 90 -0.000401 0.000726 
0.003825 0.001054 -0.000639 215 -0.000300 0.000759 
0.003877 0.001053 -0.000631 156 -0.000293 0.000812 
0.003843 0.001075 -0.000759 84 -0.000422 0.000777 
0.003791 0.001072 -0.000738 90 -0.000401 0.000726


0.003834 0.001064 -0.000692 174 -0.000354 0.000768


0.004240 0.001165 -0.001265 32 -0.000937 0.001174 
0.004253 0.001154 -0.001206 216 -0.000876 0.001187 
0.004317 0.001149 -0.001177 157 -0.000846 0.001251 
0.004355 0.001165 -0.001265 31 -0.000937 0.001289 
0.004240 0.001165 -0.001265 32 -0.000937 0.001174


0.004291 0.001158 -0.001228 175 -0.000899 0.001225


0.004201 0.001149 -0.001177 132 -0.000846 0.001136 
0.004253 0.001154 -0.001206 216 -0.000876 0.001187 
0.004240 0.001165 -0.001265 32 -0.000937 0.001174 
0.004125 0.001165 -0.001265 33 -0.000937 0.001059 
0.004201 0.001149 -0.001177 132 -0.000846 0.001136


0.004205 0.001158 -0.001228 176 -0.000899 0.001139


0.004317 0.001149 -0.001177 157 -0.000846 0.001251 
0.004253 0.001154 -0.001206 216 -0.000876 0.001187 
0.004201 0.001149 -0.001177 132 -0.000846 0.001136 
0.004222 0.001137 -0.001105 85 -0.000774 0.001156 
0.004317 0.001149 -0.001177 157 -0.000846 0.001251


0.004248 0.001147 -0.001166 177 -0.000836 0.001182


0.004390 0.001144 -0.001150 150 -0.000820 0.001324 
0.004352 0.001141 -0.001129 217 -0.000798 0.001287 
0.004319 0.001130 -0.001066 149 -0.000735 0.001253 
0.004411 0.001124 -0.001037 79 -0.000704 0.001346 
0.004390 0.001144 -0.001150 150 -0.000820 0.001324


0.004368 0.001135 -0.001096 178 -0.000764 0.001302


0.004317 0.001149 -0.001177 157 -0.000846 0.001251 
0.004352 0.001141 -0.001129 217 -0.000798 0.001287 
0.004390 0.001144 -0.001150 150 -0.000820 0.001324 
0.004355 0.001165 -0.001265 31 -0.000937 0.001289 
0.004317 0.001149 -0.001177 157 -0.000846 0.001251


0.004353 0.001150 -0.001180 179 -0.000850 0.001288


0.004319 0.001130 -0.001066 149 -0.000735 0.001253 
0.004352 0.001141 -0.001129 217 -0.000798 0.001287 
0.004317 0.001149 -0.001177 157 -0.000846 0.001251 
0.004222 0.001137 -0.001105 85 -0.000774 0.001156 
0.004319 0.001130 -0.001066 149 -0.000735 0.001253


0.004302 0.001139 -0.001119 180 -0.000788 0.001237


