0.000002 0.002307 -0.000882 38 -0.002387 -0.000804 
-0.000008 0.002325 -0.000776 182 -0.002407 -0.000698 
-0.000008 0.002325 -0.000720 108 -0.002408 -0.000642 
0.000011 0.002291 -0.000875 39 -0.002369 -0.000797 
0.000002 0.002307 -0.000882 38 -0.002387 -0.000804


-0.000001 0.002312 -0.000813 1 -0.002393 -0.000735


-0.000018 0.002342 -0.000726 107 -0.002427 -0.000648 
-0.000008 0.002325 -0.000776 182 -0.002407 -0.000698 
0.000002 0.002307 -0.000882 38 -0.002387 -0.000804 
-0.000007 0.002324 -0.000887 37 -0.002406 -0.000809 
-0.000018 0.002342 -0.000726 107 -0.002427 -0.000648


-0.000008 0.002324 -0.000818 2 -0.002407 -0.000740


-0.000008 0.002325 -0.000720 108 -0.002408 -0.000642 
-0.000008 0.002325 -0.000776 182 -0.002407 -0.000698 
-0.000018 0.002342 -0.000726 107 -0.002427 -0.000648 
-0.000028 0.002359 -0.000565 100 -0.002447 -0.000488 
-0.000008 0.002325 -0.000720 108 -0.002408 -0.000642


-0.000016 0.002338 -0.000697 3 -0.002423 -0.000619


0.000037 0.002248 -0.000845 42 -0.002318 -0.000767 
0.000015 0.002285 -0.000752 183 -0.002362 -0.000674 
0.000008 0.002297 -0.000699 110 -0.002376 -0.000621 
0.000044 0.002235 -0.000832 43 -0.002304 -0.000754 
0.000037 0.002248 -0.000845 42 -0.002318 -0.000767


0.000026 0.002266 -0.000782 4 -0.002340 -0.000704


0.000000 0.002310 -0.000711 109 -0.002391 -0.000633 
0.000015 0.002285 -0.000752 183 -0.002362 -0.000674 
0.000037 0.002248 -0.000845 42 -0.002318 -0.000767 
0.000029 0.002261 -0.000857 41 -0.002334 -0.000779 
0.000000 0.002310 -0.000711 109 -0.002391 -0.000633


0.000020 0.002276 -0.000791 5 -0.002351 -0.000713


0.000008 0.002297 -0.000699 110 -0.002376 -0.000621 
0.000015 0.002285 -0.000752 183 -0.002362 -0.000674 
0.000000 0.002310 -0.000711 109 -0.002391 -0.000633 
-0.000028 0.002359 -0.000565 100 -0.002447 -0.000488 
0.000008 0.002297 -0.000699 110 -0.002376 -0.000621


-0.000001 0.002313 -0.000682 6 -0.002394 -0.000604


0.000020 0.002276 -0.000867 40 -0.002351 -0.000789 
0.000004 0.002304 -0.000766 184 -0.002383 -0.000688 
0.000000 0.002310 -0.000711 109 -0.002391 -0.000633 
0.000029 0.002261 -0.000857 41 -0.002334 -0.000779 
0.000020 0.002276 -0.000867 40 -0.002351 -0.000789


0.000013 0.002288 -0.000800 7 -0.002365 -0.000722


-0.000008 0.002325 -0.000720 108 -0.002408 -0.000642 
0.000004 0.002304 -0.000766 184 -0.002383 -0.000688 
0.000020 0.002276 -0.000867 40 -0.002351 -0.000789 
0.000011 0.002291 -0.000875 39 -0.002369 -0.000797 
-0.000008 0.002325 -0.000720 108 -0.002408 -0.000642


0.000007 0.002299 -0.000807 8 -0.002378 -0.000729


0.000000 0.002310 -0.000711 109 -0.002391 -0.000633 
0.000004 0.002304 -0.000766 184 -0.002383 -0.000688 
-0.000008 0.002325 -0.000720 108 -0.002408 -0.000642 
-0.000028 0.002359 -0.000565 100 -0.002447 -0.000488 
0.000000 0.002310 -0.000711 109 -0.002391 -0.000633


-0.000008 0.002325 -0.000691 9 -0.002407 -0.000613


-0.000079 0.002447 -0.000603 113 -0.002549 -0.000525 
-0.000061 0.002417 -0.000699 185 -0.002514 -0.000621 
-0.000078 0.002446 -0.000765 112 -0.002548 -0.000688 
-0.000129 0.002535 -0.000640 31 -0.002650 -0.000563 
-0.000079 0.002447 -0.000603 113 -0.002549 -0.000525


-0.000087 0.002461 -0.000677 10 -0.002565 -0.000599


-0.000027 0.002358 -0.000728 111 -0.002446 -0.000650 
-0.000061 0.002417 -0.000699 185 -0.002514 -0.000621 
-0.000079 0.002447 -0.000603 113 -0.002549 -0.000525 
-0.000028 0.002359 -0.000565 100 -0.002447 -0.000488 
-0.000027 0.002358 -0.000728 111 -0.002446 -0.000650


-0.000049 0.002396 -0.000649 11 -0.002489 -0.000571


-0.000078 0.002446 -0.000765 112 -0.002548 -0.000688 
-0.000061 0.002417 -0.000699 185 -0.002514 -0.000621 
-0.000027 0.002358 -0.000728 111 -0.002446 -0.000650 
-0.000027 0.002358 -0.000890 35 -0.002445 -0.000813 
-0.000078 0.002446 -0.000765 112 -0.002548 -0.000688


-0.000048 0.002395 -0.000771 12 -0.002488 -0.000693


-0.000017 0.002341 -0.000889 36 -0.002426 -0.000812 
-0.000021 0.002347 -0.000781 186 -0.002433 -0.000703 
-0.000018 0.002342 -0.000726 107 -0.002427 -0.000648 
-0.000007 0.002324 -0.000887 37 -0.002406 -0.000809 
-0.000017 0.002341 -0.000889 36 -0.002426 -0.000812


-0.000016 0.002338 -0.000821 13 -0.002423 -0.000743


-0.000027 0.002358 -0.000728 111 -0.002446 -0.000650 
-0.000021 0.002347 -0.000781 186 -0.002433 -0.000703 
-0.000017 0.002341 -0.000889 36 -0.002426 -0.000812 
-0.000027 0.002358 -0.000890 35 -0.002445 -0.000813 
-0.000027 0.002358 -0.000728 111 -0.002446 -0.000650


-0.000023 0.002351 -0.000822 14 -0.002438 -0.000744


-0.000018 0.002342 -0.000726 107 -0.002427 -0.000648 
-0.000021 0.002347 -0.000781 186 -0.002433 -0.000703 
-0.000027 0.002358 -0.000728 111 -0.002446 -0.000650 
-0.000028 0.002359 -0.000565 100 -0.002447 -0.000488 
-0.000018 0.002342 -0.000726 107 -0.002427 -0.000648


-0.000023 0.002352 -0.000700 15 -0.002438 -0.000622


0.000597 0.001276 0.000717 115 -0.001197 0.000795 
0.000617 0.001242 0.000692 187 -0.001157 0.000770 
0.000648 0.001189 0.000633 84 -0.001096 0.000711 
0.000639 0.001204 0.000625 83 -0.001114 0.000703 
0.000597 0.001276 0.000717 115 -0.001197 0.000795


0.000625 0.001228 0.000667 16 -0.001141 0.000745


0.000606 0.001261 0.000726 114 -0.001179 0.000804 
0.000617 0.001242 0.000692 187 -0.001157 0.000770 
0.000597 0.001276 0.000717 115 -0.001197 0.000795 
0.000588 0.001292 0.000777 99 -0.001215 0.000855 
0.000606 0.001261 0.000726 114 -0.001179 0.000804


0.000602 0.001268 0.000728 17 -0.001187 0.000806


0.000648 0.001189 0.000633 84 -0.001096 0.000711 
0.000617 0.001242 0.000692 187 -0.001157 0.000770 
0.000606 0.001261 0.000726 114 -0.001179 0.000804 
0.000656 0.001174 0.000643 85 -0.001079 0.000721 
0.000648 0.001189 0.000633 84 -0.001096 0.000711


0.000632 0.001217 0.000674 18 -0.001128 0.000752


0.000614 0.001248 0.000739 117 -0.001164 0.000817 
0.000637 0.001207 0.000725 188 -0.001117 0.000803 
0.000678 0.001136 0.000682 88 -0.001035 0.000760 
0.000672 0.001148 0.000668 87 -0.001048 0.000746 
0.000614 0.001248 0.000739 117 -0.001164 0.000817


0.000650 0.001185 0.000703 19 -0.001091 0.000781


0.000620 0.001237 0.000754 116 -0.001152 0.000832 
0.000637 0.001207 0.000725 188 -0.001117 0.000803 
0.000614 0.001248 0.000739 117 -0.001164 0.000817 
0.000588 0.001292 0.000777 99 -0.001215 0.000855 
0.000620 0.001237 0.000754 116 -0.001152 0.000832


0.000615 0.001246 0.000749 20 -0.001162 0.000826


0.000678 0.001136 0.000682 88 -0.001035 0.000760 
0.000637 0.001207 0.000725 188 -0.001117 0.000803 
0.000620 0.001237 0.000754 116 -0.001152 0.000832 
0.000684 0.001126 0.000698 89 -0.001023 0.000776 
0.000678 0.001136 0.000682 88 -0.001035 0.000760


0.000655 0.001176 0.000715 21 -0.001082 0.000793


0.000606 0.001261 0.000726 114 -0.001179 0.000804 
0.000628 0.001223 0.000707 189 -0.001136 0.000784 
0.000664 0.001160 0.000655 86 -0.001063 0.000733 
0.000656 0.001174 0.000643 85 -0.001079 0.000721 
0.000606 0.001261 0.000726 114 -0.001179 0.000804


0.000639 0.001205 0.000683 22 -0.001114 0.000761


0.000614 0.001248 0.000739 117 -0.001164 0.000817 
0.000628 0.001223 0.000707 189 -0.001136 0.000784 
0.000606 0.001261 0.000726 114 -0.001179 0.000804 
0.000588 0.001292 0.000777 99 -0.001215 0.000855 
0.000614 0.001248 0.000739 117 -0.001164 0.000817


0.000609 0.001256 0.000737 23 -0.001173 0.000815


0.000664 0.001160 0.000655 86 -0.001063 0.000733 
0.000628 0.001223 0.000707 189 -0.001136 0.000784 
0.000614 0.001248 0.000739 117 -0.001164 0.000817 
0.000672 0.001148 0.000668 87 -0.001048 0.000746 
0.000664 0.001160 0.000655 86 -0.001063 0.000733


0.000644 0.001195 0.000692 24 -0.001103 0.000770


0.000061 0.002205 -0.000785 46 -0.002269 -0.000707 
0.000031 0.002256 -0.000712 190 -0.002329 -0.000634 
0.000019 0.002278 -0.000666 119 -0.002354 -0.000588 
0.000066 0.002197 -0.000767 47 -0.002260 -0.000689 
0.000061 0.002205 -0.000785 46 -0.002269 -0.000707


0.000044 0.002234 -0.000733 25 -0.002303 -0.000655


0.000014 0.002286 -0.000684 118 -0.002363 -0.000606 
0.000031 0.002256 -0.000712 190 -0.002329 -0.000634 
0.000061 0.002205 -0.000785 46 -0.002269 -0.000707 
0.000056 0.002213 -0.000802 45 -0.002279 -0.000724 
0.000014 0.002286 -0.000684 118 -0.002363 -0.000606


0.000041 0.002240 -0.000745 26 -0.002310 -0.000668


0.000019 0.002278 -0.000666 119 -0.002354 -0.000588 
0.000031 0.002256 -0.000712 190 -0.002329 -0.000634 
0.000014 0.002286 -0.000684 118 -0.002363 -0.000606 
-0.000028 0.002359 -0.000565 100 -0.002447 -0.000488 
0.000019 0.002278 -0.000666 119 -0.002354 -0.000588


0.000009 0.002295 -0.000657 27 -0.002373 -0.000579


0.000050 0.002224 -0.000818 44 -0.002291 -0.000740 
0.000024 0.002269 -0.000733 191 -0.002343 -0.000655 
0.000014 0.002286 -0.000684 118 -0.002363 -0.000606 
0.000056 0.002213 -0.000802 45 -0.002279 -0.000724 
0.000050 0.002224 -0.000818 44 -0.002291 -0.000740


0.000036 0.002248 -0.000759 28 -0.002319 -0.000681


0.000008 0.002297 -0.000699 110 -0.002376 -0.000621 
0.000024 0.002269 -0.000733 191 -0.002343 -0.000655 
0.000050 0.002224 -0.000818 44 -0.002291 -0.000740 
0.000044 0.002235 -0.000832 43 -0.002304 -0.000754 
0.000008 0.002297 -0.000699 110 -0.002376 -0.000621


0.000032 0.002256 -0.000770 29 -0.002328 -0.000692


0.000014 0.002286 -0.000684 118 -0.002363 -0.000606 
0.000024 0.002269 -0.000733 191 -0.002343 -0.000655 
0.000008 0.002297 -0.000699 110 -0.002376 -0.000621 
-0.000028 0.002359 -0.000565 100 -0.002447 -0.000488 
0.000014 0.002286 -0.000684 118 -0.002363 -0.000606


0.000005 0.002303 -0.000670 30 -0.002382 -0.000592


0.000578 0.001310 0.000710 121 -0.001235 0.000788 
0.000592 0.001285 0.000677 192 -0.001207 0.000755 
0.000610 0.001254 0.000611 80 -0.001171 0.000688 
0.000600 0.001271 0.000610 79 -0.001191 0.000687 
0.000578 0.001310 0.000710 121 -0.001235 0.000788


0.000595 0.001280 0.000652 31 -0.001201 0.000730


0.000588 0.001293 0.000711 120 -0.001216 0.000789 
0.000592 0.001285 0.000677 192 -0.001207 0.000755 
0.000578 0.001310 0.000710 121 -0.001235 0.000788 
0.000588 0.001292 0.000777 99 -0.001215 0.000855 
0.000588 0.001293 0.000711 120 -0.001216 0.000789


0.000587 0.001295 0.000719 32 -0.001218 0.000797


0.000610 0.001254 0.000611 80 -0.001171 0.000688 
0.000592 0.001285 0.000677 192 -0.001207 0.000755 
0.000588 0.001293 0.000711 120 -0.001216 0.000789 
0.000620 0.001237 0.000613 81 -0.001151 0.000691 
0.000610 0.001254 0.000611 80 -0.001171 0.000688


0.000603 0.001267 0.000653 33 -0.001186 0.000731


0.000588 0.001293 0.000711 120 -0.001216 0.000789 
0.000605 0.001263 0.000682 193 -0.001182 0.000760 
0.000630 0.001220 0.000618 82 -0.001132 0.000696 
0.000620 0.001237 0.000613 81 -0.001151 0.000691 
0.000588 0.001293 0.000711 120 -0.001216 0.000789


0.000611 0.001253 0.000656 34 -0.001170 0.000734


0.000597 0.001276 0.000717 115 -0.001197 0.000795 
0.000605 0.001263 0.000682 193 -0.001182 0.000760 
0.000588 0.001293 0.000711 120 -0.001216 0.000789 
0.000588 0.001292 0.000777 99 -0.001215 0.000855 
0.000597 0.001276 0.000717 115 -0.001197 0.000795


0.000595 0.001281 0.000722 35 -0.001202 0.000800


0.000630 0.001220 0.000618 82 -0.001132 0.000696 
0.000605 0.001263 0.000682 193 -0.001182 0.000760 
0.000597 0.001276 0.000717 115 -0.001197 0.000795 
0.000639 0.001204 0.000625 83 -0.001114 0.000703 
0.000630 0.001220 0.000618 82 -0.001132 0.000696


0.000618 0.001241 0.000661 36 -0.001156 0.000738


0.000625 0.001229 0.000771 123 -0.001142 0.000849 
0.000650 0.001185 0.000771 194 -0.001092 0.000849 
0.000697 0.001104 0.000751 92 -0.000998 0.000829 
0.000694 0.001109 0.000733 91 -0.001004 0.000811 
0.000625 0.001229 0.000771 123 -0.001142 0.000849


0.000666 0.001157 0.000756 37 -0.001059 0.000834


0.000628 0.001224 0.000790 122 -0.001136 0.000868 
0.000650 0.001185 0.000771 194 -0.001092 0.000849 
0.000625 0.001229 0.000771 123 -0.001142 0.000849 
0.000588 0.001292 0.000777 99 -0.001215 0.000855 
0.000628 0.001224 0.000790 122 -0.001136 0.000868


0.000623 0.001232 0.000777 38 -0.001146 0.000855


0.000697 0.001104 0.000751 92 -0.000998 0.000829 
0.000650 0.001185 0.000771 194 -0.001092 0.000849 
0.000628 0.001224 0.000790 122 -0.001136 0.000868 
0.000699 0.001099 0.000770 93 -0.000993 0.000848 
0.000697 0.001104 0.000751 92 -0.000998 0.000829


0.000668 0.001153 0.000770 39 -0.001055 0.000848


0.000620 0.001237 0.000754 116 -0.001152 0.000832 
0.000645 0.001194 0.000747 195 -0.001102 0.000824 
0.000689 0.001117 0.000715 90 -0.001013 0.000793 
0.000684 0.001126 0.000698 89 -0.001023 0.000776 
0.000620 0.001237 0.000754 116 -0.001152 0.000832


0.000660 0.001168 0.000728 40 -0.001072 0.000806


0.000625 0.001229 0.000771 123 -0.001142 0.000849 
0.000645 0.001194 0.000747 195 -0.001102 0.000824 
0.000620 0.001237 0.000754 116 -0.001152 0.000832 
0.000588 0.001292 0.000777 99 -0.001215 0.000855 
0.000625 0.001229 0.000771 123 -0.001142 0.000849


0.000619 0.001238 0.000762 41 -0.001153 0.000840


0.000689 0.001117 0.000715 90 -0.001013 0.000793 
0.000645 0.001194 0.000747 195 -0.001102 0.000824 
0.000625 0.001229 0.000771 123 -0.001142 0.000849 
0.000694 0.001109 0.000733 91 -0.001004 0.000811 
0.000689 0.001117 0.000715 90 -0.001013 0.000793


0.000663 0.001162 0.000741 42 -0.001065 0.000819


0.000628 0.001224 0.000790 122 -0.001136 0.000868 
0.000652 0.001181 0.000796 196 -0.001087 0.000874 
0.000701 0.001097 0.000790 94 -0.000990 0.000868 
0.000699 0.001099 0.000770 93 -0.000993 0.000848 
0.000628 0.001224 0.000790 122 -0.001136 0.000868


0.000670 0.001150 0.000787 43 -0.001051 0.000864


0.000629 0.001222 0.000810 124 -0.001134 0.000888 
0.000652 0.001181 0.000796 196 -0.001087 0.000874 
0.000628 0.001224 0.000790 122 -0.001136 0.000868 
0.000588 0.001292 0.000777 99 -0.001215 0.000855 
0.000629 0.001222 0.000810 124 -0.001134 0.000888


0.000624 0.001230 0.000793 44 -0.001143 0.000871


0.000701 0.001097 0.000790 94 -0.000990 0.000868 
0.000652 0.001181 0.000796 196 -0.001087 0.000874 
0.000629 0.001222 0.000810 124 -0.001134 0.000888 
0.000701 0.001096 0.000810 95 -0.000989 0.000887 
0.000701 0.001097 0.000790 94 -0.000990 0.000868


0.000671 0.001149 0.000801 45 -0.001050 0.000879


0.000654 0.001178 0.000910 125 -0.001084 0.000988 
0.000670 0.001151 0.000943 197 -0.001052 0.001021 
0.000701 0.001096 0.000910 96 -0.000989 0.000988 
0.000701 0.001096 0.000810 95 -0.000989 0.000887 
0.000654 0.001178 0.000910 125 -0.001084 0.000988


0.000682 0.001130 0.000893 46 -0.001028 0.000971


0.000654 0.001178 0.001010 2 -0.001084 0.001088 
0.000670 0.001151 0.000943 197 -0.001052 0.001021 
0.000654 0.001178 0.000910 125 -0.001084 0.000988 
0.000606 0.001261 0.001010 3 -0.001179 0.001088 
0.000654 0.001178 0.001010 2 -0.001084 0.001088


0.000646 0.001192 0.000968 47 -0.001100 0.001046


0.000701 0.001096 0.000910 96 -0.000989 0.000988 
0.000670 0.001151 0.000943 197 -0.001052 0.001021 
0.000654 0.001178 0.001010 2 -0.001084 0.001088 
0.000701 0.001096 0.001010 1 -0.000989 0.001088 
0.000701 0.001096 0.000910 96 -0.000989 0.000988


0.000682 0.001130 0.000968 48 -0.001028 0.001046


0.000042 0.002238 0.000316 127 -0.002308 0.000394 
0.000066 0.002196 0.000340 198 -0.002259 0.000418 
0.000103 0.002133 0.000345 64 -0.002186 0.000423 
0.000092 0.002151 0.000301 63 -0.002207 0.000379 
0.000042 0.002238 0.000316 127 -0.002308 0.000394


0.000076 0.002180 0.000326 49 -0.002240 0.000404


0.000054 0.002218 0.000359 126 -0.002284 0.000437 
0.000066 0.002196 0.000340 198 -0.002259 0.000418 
0.000042 0.002238 0.000316 127 -0.002308 0.000394 
-0.000008 0.002326 0.000331 102 -0.002408 0.000408 
0.000054 0.002218 0.000359 126 -0.002284 0.000437


0.000038 0.002245 0.000336 50 -0.002315 0.000414


0.000103 0.002133 0.000345 64 -0.002186 0.000423 
0.000066 0.002196 0.000340 198 -0.002259 0.000418 
0.000054 0.002218 0.000359 126 -0.002284 0.000437 
0.000115 0.002111 0.000387 65 -0.002161 0.000465 
0.000103 0.002133 0.000345 64 -0.002186 0.000423


0.000084 0.002165 0.000358 51 -0.002223 0.000436


0.000103 0.002133 0.000515 129 -0.002186 0.000593 
0.000130 0.002086 0.000519 199 -0.002132 0.000597 
0.000165 0.002025 0.000496 68 -0.002062 0.000574 
0.000147 0.002057 0.000463 67 -0.002098 0.000541 
0.000103 0.002133 0.000515 129 -0.002186 0.000593


0.000136 0.002075 0.000498 52 -0.002119 0.000576


0.000138 0.002072 0.000580 133 -0.002115 0.000658 
0.000130 0.002086 0.000519 199 -0.002132 0.000597 
0.000103 0.002133 0.000515 129 -0.002186 0.000593 
0.000059 0.002209 0.000567 103 -0.002273 0.000645 
0.000138 0.002072 0.000580 133 -0.002115 0.000658


0.000107 0.002125 0.000545 53 -0.002177 0.000623


0.000165 0.002025 0.000496 68 -0.002062 0.000574 
0.000130 0.002086 0.000519 199 -0.002132 0.000597 
0.000138 0.002072 0.000580 133 -0.002115 0.000658 
0.000185 0.001991 0.000525 69 -0.002022 0.000603 
0.000165 0.002025 0.000496 68 -0.002062 0.000574


0.000154 0.002043 0.000530 54 -0.002083 0.000608


0.000023 0.002272 0.000060 132 -0.002346 0.000137 
0.000012 0.002290 0.000150 200 -0.002367 0.000228 
0.000032 0.002255 0.000220 131 -0.002327 0.000298 
0.000073 0.002184 0.000110 59 -0.002245 0.000187 
0.000023 0.002272 0.000060 132 -0.002346 0.000137


0.000035 0.002250 0.000135 55 -0.002321 0.000213


-0.000018 0.002342 0.000170 130 -0.002428 0.000248 
0.000012 0.002290 0.000150 200 -0.002367 0.000228 
0.000023 0.002272 0.000060 132 -0.002346 0.000137 
-0.000028 0.002359 0.000010 97 -0.002447 0.000087 
-0.000018 0.002342 0.000170 130 -0.002428 0.000248


-0.000003 0.002316 0.000097 56 -0.002397 0.000175


0.000032 0.002255 0.000220 131 -0.002327 0.000298 
0.000012 0.002290 0.000150 200 -0.002367 0.000228 
-0.000018 0.002342 0.000170 130 -0.002428 0.000248 
-0.000008 0.002326 0.000331 102 -0.002408 0.000408 
0.000032 0.002255 0.000220 131 -0.002327 0.000298


0.000004 0.002303 0.000218 57 -0.002383 0.000296


0.000206 0.001954 0.000551 70 -0.001980 0.000629 
0.000179 0.002001 0.000709 201 -0.002033 0.000787 
0.000236 0.001901 0.000685 134 -0.001919 0.000763 
0.000228 0.001916 0.000571 71 -0.001936 0.000649 
0.000206 0.001954 0.000551 70 -0.001980 0.000629


0.000212 0.001943 0.000629 58 -0.001967 0.000707


0.000138 0.002072 0.000580 133 -0.002115 0.000658 
0.000179 0.002001 0.000709 201 -0.002033 0.000787 
0.000206 0.001954 0.000551 70 -0.001980 0.000629 
0.000185 0.001991 0.000525 69 -0.002022 0.000603 
0.000138 0.002072 0.000580 133 -0.002115 0.000658


0.000177 0.002004 0.000591 59 -0.002038 0.000669


0.000113 0.002115 0.000665 135 -0.002166 0.000743 
0.000179 0.002001 0.000709 201 -0.002033 0.000787 
0.000138 0.002072 0.000580 133 -0.002115 0.000658 
0.000059 0.002209 0.000567 103 -0.002273 0.000645 
0.000113 0.002115 0.000665 135 -0.002166 0.000743


0.000122 0.002099 0.000630 62 -0.002147 0.000708


0.000230 0.001913 0.000785 136 -0.001932 0.000863 
0.000278 0.001829 0.000801 104 -0.001835 0.000879 
0.000236 0.001901 0.000685 134 -0.001919 0.000763 
0.000179 0.002001 0.000709 201 -0.002033 0.000787 
0.000230 0.001913 0.000785 136 -0.001932 0.000863


0.000231 0.001911 0.000745 65 -0.001930 0.000823


0.000230 0.001913 0.000785 136 -0.001932 0.000863 
0.000231 0.001910 0.000846 204 -0.001929 0.000924 
0.000256 0.001868 0.000897 139 -0.001880 0.000975 
0.000278 0.001829 0.000801 104 -0.001835 0.000879 
0.000230 0.001913 0.000785 136 -0.001932 0.000863


0.000249 0.001880 0.000832 67 -0.001894 0.000910


0.000207 0.001952 0.000870 138 -0.001977 0.000948 
0.000231 0.001910 0.000846 204 -0.001929 0.000924 
0.000230 0.001913 0.000785 136 -0.001932 0.000863 
0.000179 0.002001 0.000709 201 -0.002033 0.000787 
0.000207 0.001952 0.000870 138 -0.001977 0.000948


0.000212 0.001944 0.000803 68 -0.001968 0.000880


0.000256 0.001868 0.000897 139 -0.001880 0.000975 
0.000231 0.001910 0.000846 204 -0.001929 0.000924 
0.000207 0.001952 0.000870 138 -0.001977 0.000948 
0.000233 0.001907 0.000992 11 -0.001926 0.001070 
0.000256 0.001868 0.000897 139 -0.001880 0.000975


0.000232 0.001909 0.000901 69 -0.001928 0.000979


0.000084 0.002165 0.000255 62 -0.002223 0.000333 
0.000054 0.002218 0.000280 205 -0.002284 0.000358 
0.000042 0.002238 0.000316 127 -0.002308 0.000394 
0.000092 0.002151 0.000301 63 -0.002207 0.000379 
0.000084 0.002165 0.000255 62 -0.002223 0.000333


0.000068 0.002193 0.000288 70 -0.002256 0.000366


0.000035 0.002251 0.000269 140 -0.002322 0.000347 
0.000054 0.002218 0.000280 205 -0.002284 0.000358 
0.000084 0.002165 0.000255 62 -0.002223 0.000333 
0.000078 0.002176 0.000207 61 -0.002235 0.000285 
0.000035 0.002251 0.000269 140 -0.002322 0.000347


0.000063 0.002202 0.000253 71 -0.002266 0.000331


0.000042 0.002238 0.000316 127 -0.002308 0.000394 
0.000054 0.002218 0.000280 205 -0.002284 0.000358 
0.000035 0.002251 0.000269 140 -0.002322 0.000347 
-0.000008 0.002326 0.000331 102 -0.002408 0.000408 
0.000042 0.002238 0.000316 127 -0.002308 0.000394


0.000030 0.002258 0.000299 72 -0.002331 0.000377


0.000003 0.002306 0.000588 143 -0.002386 0.000666 
-0.000001 0.002313 0.000502 206 -0.002393 0.000580 
-0.000031 0.002364 0.000470 142 -0.002453 0.000548 
-0.000053 0.002403 0.000610 19 -0.002498 0.000688 
0.000003 0.002306 0.000588 143 -0.002386 0.000666


-0.000021 0.002347 0.000542 73 -0.002433 0.000620


0.000025 0.002267 0.000449 141 -0.002341 0.000527 
-0.000001 0.002313 0.000502 206 -0.002393 0.000580 
0.000003 0.002306 0.000588 143 -0.002386 0.000666 
0.000059 0.002209 0.000567 103 -0.002273 0.000645 
0.000025 0.002267 0.000449 141 -0.002341 0.000527


0.000022 0.002274 0.000526 74 -0.002348 0.000604


-0.000031 0.002364 0.000470 142 -0.002453 0.000548 
-0.000001 0.002313 0.000502 206 -0.002393 0.000580 
0.000025 0.002267 0.000449 141 -0.002341 0.000527 
-0.000008 0.002326 0.000331 102 -0.002408 0.000408 
-0.000031 0.002364 0.000470 142 -0.002453 0.000548


-0.000004 0.002317 0.000438 75 -0.002399 0.000516


0.000074 0.002182 0.000159 60 -0.002243 0.000237 
0.000047 0.002229 0.000216 207 -0.002297 0.000294 
0.000035 0.002251 0.000269 140 -0.002322 0.000347 
0.000078 0.002176 0.000207 61 -0.002235 0.000285 
0.000074 0.002182 0.000159 60 -0.002243 0.000237


0.000059 0.002209 0.000213 76 -0.002274 0.000291


0.000032 0.002255 0.000220 131 -0.002327 0.000298 
0.000047 0.002229 0.000216 207 -0.002297 0.000294 
0.000074 0.002182 0.000159 60 -0.002243 0.000237 
0.000073 0.002184 0.000110 59 -0.002245 0.000187 
0.000032 0.002255 0.000220 131 -0.002327 0.000298


0.000057 0.002212 0.000176 77 -0.002278 0.000254


0.000035 0.002251 0.000269 140 -0.002322 0.000347 
0.000047 0.002229 0.000216 207 -0.002297 0.000294 
0.000032 0.002255 0.000220 131 -0.002327 0.000298 
-0.000008 0.002326 0.000331 102 -0.002408 0.000408 
0.000035 0.002251 0.000269 140 -0.002322 0.000347


0.000026 0.002265 0.000259 78 -0.002339 0.000337


0.000130 0.002085 0.000427 66 -0.002131 0.000505 
0.000107 0.002126 0.000473 208 -0.002178 0.000551 
0.000103 0.002133 0.000515 129 -0.002186 0.000593 
0.000147 0.002057 0.000463 67 -0.002098 0.000541 
0.000130 0.002085 0.000427 66 -0.002131 0.000505


0.000122 0.002100 0.000470 79 -0.002148 0.000547


0.000087 0.002160 0.000477 144 -0.002217 0.000555 
0.000107 0.002126 0.000473 208 -0.002178 0.000551 
0.000130 0.002085 0.000427 66 -0.002131 0.000505 
0.000115 0.002111 0.000387 65 -0.002161 0.000465 
0.000087 0.002160 0.000477 144 -0.002217 0.000555


0.000110 0.002120 0.000441 80 -0.002172 0.000519


0.000103 0.002133 0.000515 129 -0.002186 0.000593 
0.000107 0.002126 0.000473 208 -0.002178 0.000551 
0.000087 0.002160 0.000477 144 -0.002217 0.000555 
0.000059 0.002209 0.000567 103 -0.002273 0.000645 
0.000103 0.002133 0.000515 129 -0.002186 0.000593


0.000089 0.002157 0.000508 81 -0.002214 0.000586


0.000054 0.002218 0.000359 126 -0.002284 0.000437 
0.000055 0.002215 0.000428 209 -0.002281 0.000506 
0.000087 0.002160 0.000477 144 -0.002217 0.000555 
0.000115 0.002111 0.000387 65 -0.002161 0.000465 
0.000054 0.002218 0.000359 126 -0.002284 0.000437


0.000078 0.002176 0.000413 82 -0.002236 0.000491


0.000025 0.002267 0.000449 141 -0.002341 0.000527 
0.000055 0.002215 0.000428 209 -0.002281 0.000506 
0.000054 0.002218 0.000359 126 -0.002284 0.000437 
-0.000008 0.002326 0.000331 102 -0.002408 0.000408 
0.000025 0.002267 0.000449 141 -0.002341 0.000527


0.000031 0.002256 0.000392 83 -0.002329 0.000470


0.000087 0.002160 0.000477 144 -0.002217 0.000555 
0.000055 0.002215 0.000428 209 -0.002281 0.000506 
0.000025 0.002267 0.000449 141 -0.002341 0.000527 
0.000059 0.002209 0.000567 103 -0.002273 0.000645 
0.000087 0.002160 0.000477 144 -0.002217 0.000555


0.000057 0.002213 0.000480 84 -0.002278 0.000558


0.000123 0.002097 0.000778 146 -0.002145 0.000856 
0.000100 0.002137 0.000718 210 -0.002191 0.000796 
0.000065 0.002198 0.000712 145 -0.002262 0.000790 
0.000071 0.002188 0.000858 15 -0.002250 0.000936 
0.000123 0.002097 0.000778 146 -0.002145 0.000856


0.000090 0.002155 0.000767 85 -0.002212 0.000845


0.000113 0.002115 0.000665 135 -0.002166 0.000743 
0.000100 0.002137 0.000718 210 -0.002191 0.000796 
0.000123 0.002097 0.000778 146 -0.002145 0.000856 
0.000179 0.002001 0.000709 201 -0.002033 0.000787 
0.000113 0.002115 0.000665 135 -0.002166 0.000743


0.000129 0.002088 0.000718 86 -0.002134 0.000796


0.000065 0.002198 0.000712 145 -0.002262 0.000790 
0.000100 0.002137 0.000718 210 -0.002191 0.000796 
0.000113 0.002115 0.000665 135 -0.002166 0.000743 
0.000059 0.002209 0.000567 103 -0.002273 0.000645 
0.000065 0.002198 0.000712 145 -0.002262 0.000790


0.000084 0.002165 0.000665 87 -0.002223 0.000743


0.000347 0.001710 0.000710 149 -0.001698 0.000788 
0.000324 0.001749 0.000740 211 -0.001743 0.000818 
0.000324 0.001749 0.000805 148 -0.001743 0.000883 
0.000370 0.001670 0.000810 98 -0.001652 0.000888 
0.000347 0.001710 0.000710 149 -0.001698 0.000788


0.000341 0.001720 0.000766 88 -0.001709 0.000844


0.000301 0.001789 0.000705 147 -0.001789 0.000783 
0.000324 0.001749 0.000740 211 -0.001743 0.000818 
0.000347 0.001710 0.000710 149 -0.001698 0.000788 
0.000324 0.001750 0.000610 75 -0.001744 0.000687 
0.000301 0.001789 0.000705 147 -0.001789 0.000783


0.000324 0.001750 0.000691 89 -0.001743 0.000769


0.000324 0.001749 0.000805 148 -0.001743 0.000883 
0.000324 0.001749 0.000740 211 -0.001743 0.000818 
0.000301 0.001789 0.000705 147 -0.001789 0.000783 
0.000278 0.001829 0.000801 104 -0.001835 0.000879 
0.000324 0.001749 0.000805 148 -0.001743 0.000883


0.000307 0.001779 0.000763 90 -0.001777 0.000841


0.000324 0.001749 0.000805 148 -0.001743 0.000883 
0.000323 0.001751 0.000873 212 -0.001745 0.000951 
0.000345 0.001713 0.000910 151 -0.001701 0.000988 
0.000370 0.001670 0.000810 98 -0.001652 0.000888 
0.000324 0.001749 0.000805 148 -0.001743 0.000883


0.000341 0.001721 0.000849 91 -0.001710 0.000927


0.000300 0.001792 0.000905 150 -0.001792 0.000983 
0.000323 0.001751 0.000873 212 -0.001745 0.000951 
0.000324 0.001749 0.000805 148 -0.001743 0.000883 
0.000278 0.001829 0.000801 104 -0.001835 0.000879 
0.000300 0.001792 0.000905 150 -0.001792 0.000983


0.000306 0.001780 0.000846 92 -0.001779 0.000924


0.000345 0.001713 0.000910 151 -0.001701 0.000988 
0.000323 0.001751 0.000873 212 -0.001745 0.000951 
0.000300 0.001792 0.000905 150 -0.001792 0.000983 
0.000321 0.001755 0.001010 9 -0.001750 0.001087 
0.000345 0.001713 0.000910 151 -0.001701 0.000988


0.000322 0.001753 0.000924 93 -0.001747 0.001002


-0.000079 0.002447 0.000060 153 -0.002549 0.000137 
-0.000055 0.002407 0.000150 213 -0.002502 0.000228 
-0.000018 0.002342 0.000170 130 -0.002428 0.000248 
-0.000028 0.002359 0.000010 97 -0.002447 0.000087 
-0.000079 0.002447 0.000060 153 -0.002549 0.000137


-0.000045 0.002389 0.000097 94 -0.002482 0.000175


-0.000069 0.002430 0.000220 152 -0.002529 0.000298 
-0.000055 0.002407 0.000150 213 -0.002502 0.000228 
-0.000079 0.002447 0.000060 153 -0.002549 0.000137 
-0.000129 0.002535 0.000110 25 -0.002650 0.000187 
-0.000069 0.002430 0.000220 152 -0.002529 0.000298


-0.000083 0.002455 0.000135 95 -0.002557 0.000213


-0.000018 0.002342 0.000170 130 -0.002428 0.000248 
-0.000055 0.002407 0.000150 213 -0.002502 0.000228 
-0.000069 0.002430 0.000220 152 -0.002529 0.000298 
-0.000008 0.002326 0.000331 102 -0.002408 0.000408 
-0.000018 0.002342 0.000170 130 -0.002428 0.000248


-0.000038 0.002376 0.000218 96 -0.002467 0.000296


0.000368 0.001673 0.001010 8 -0.001655 0.001088 
0.000369 0.001672 0.000943 214 -0.001654 0.001021 
0.000345 0.001713 0.000910 151 -0.001701 0.000988 
0.000321 0.001755 0.001010 9 -0.001750 0.001087 
0.000368 0.001673 0.001010 8 -0.001655 0.001088


0.000351 0.001703 0.000968 97 -0.001690 0.001046


0.000393 0.001630 0.000910 154 -0.001606 0.000988 
0.000369 0.001672 0.000943 214 -0.001654 0.001021 
0.000368 0.001673 0.001010 8 -0.001655 0.001088 
0.000416 0.001590 0.001010 7 -0.001560 0.001088 
0.000393 0.001630 0.000910 154 -0.001606 0.000988


0.000387 0.001641 0.000968 98 -0.001618 0.001046


0.000345 0.001713 0.000910 151 -0.001701 0.000988 
0.000369 0.001672 0.000943 214 -0.001654 0.001021 
0.000393 0.001630 0.000910 154 -0.001606 0.000988 
0.000370 0.001670 0.000810 98 -0.001652 0.000888 
0.000345 0.001713 0.000910 151 -0.001701 0.000988


0.000369 0.001671 0.000893 99 -0.001653 0.000971


0.000654 0.001178 0.000910 125 -0.001084 0.000988 
0.000621 0.001235 0.000876 215 -0.001149 0.000954 
0.000581 0.001305 0.000910 155 -0.001229 0.000988 
0.000606 0.001261 0.001010 3 -0.001179 0.001088 
0.000654 0.001178 0.000910 125 -0.001084 0.000988


0.000616 0.001245 0.000926 100 -0.001160 0.001004


0.000629 0.001222 0.000810 124 -0.001134 0.000888 
0.000621 0.001235 0.000876 215 -0.001149 0.000954 
0.000654 0.001178 0.000910 125 -0.001084 0.000988 
0.000701 0.001096 0.000810 95 -0.000989 0.000887 
0.000629 0.001222 0.000810 124 -0.001134 0.000888


0.000651 0.001183 0.000851 101 -0.001089 0.000929


0.000581 0.001305 0.000910 155 -0.001229 0.000988 
0.000621 0.001235 0.000876 215 -0.001149 0.000954 
0.000629 0.001222 0.000810 124 -0.001134 0.000888 
0.000588 0.001292 0.000777 99 -0.001215 0.000855 
0.000581 0.001305 0.000910 155 -0.001229 0.000988


0.000605 0.001263 0.000843 102 -0.001182 0.000921


0.000464 0.001508 0.001010 6 -0.001465 0.001088 
0.000468 0.001501 0.000946 216 -0.001456 0.001024 
0.000445 0.001540 0.000914 157 -0.001501 0.000992 
0.000416 0.001590 0.001010 7 -0.001560 0.001088 
0.000464 0.001508 0.001010 6 -0.001465 0.001088


0.000448 0.001535 0.000970 103 -0.001495 0.001048


0.000494 0.001455 0.000915 156 -0.001403 0.000993 
0.000468 0.001501 0.000946 216 -0.001456 0.001024 
0.000464 0.001508 0.001010 6 -0.001465 0.001088 
0.000511 0.001426 0.001010 5 -0.001369 0.001088 
0.000494 0.001455 0.000915 156 -0.001403 0.000993


0.000484 0.001472 0.000970 104 -0.001423 0.001048


0.000445 0.001540 0.000914 157 -0.001501 0.000992 
0.000468 0.001501 0.000946 216 -0.001456 0.001024 
0.000494 0.001455 0.000915 156 -0.001403 0.000993 
0.000477 0.001484 0.000821 106 -0.001437 0.000899 
0.000445 0.001540 0.000914 157 -0.001501 0.000992


0.000471 0.001495 0.000899 105 -0.001449 0.000977


0.000445 0.001540 0.000914 157 -0.001501 0.000992 
0.000421 0.001582 0.000880 217 -0.001550 0.000957 
0.000393 0.001630 0.000910 154 -0.001606 0.000988 
0.000416 0.001590 0.001010 7 -0.001560 0.001088 
0.000445 0.001540 0.000914 157 -0.001501 0.000992


0.000419 0.001586 0.000928 106 -0.001554 0.001006


0.000425 0.001575 0.000815 158 -0.001542 0.000893 
0.000421 0.001582 0.000880 217 -0.001550 0.000957 
0.000445 0.001540 0.000914 157 -0.001501 0.000992 
0.000477 0.001484 0.000821 106 -0.001437 0.000899 
0.000425 0.001575 0.000815 158 -0.001542 0.000893


0.000442 0.001545 0.000857 107 -0.001507 0.000935


0.000393 0.001630 0.000910 154 -0.001606 0.000988 
0.000421 0.001582 0.000880 217 -0.001550 0.000957 
0.000425 0.001575 0.000815 158 -0.001542 0.000893 
0.000370 0.001670 0.000810 98 -0.001652 0.000888 
0.000393 0.001630 0.000910 154 -0.001606 0.000988


0.000402 0.001614 0.000853 108 -0.001587 0.000931


0.000531 0.001391 0.000610 78 -0.001329 0.000687 
0.000539 0.001376 0.000676 218 -0.001313 0.000754 
0.000578 0.001310 0.000710 121 -0.001235 0.000788 
0.000600 0.001271 0.000610 79 -0.001191 0.000687 
0.000531 0.001391 0.000610 78 -0.001329 0.000687


0.000562 0.001337 0.000651 109 -0.001267 0.000729


0.000517 0.001416 0.000721 159 -0.001358 0.000799 
0.000539 0.001376 0.000676 218 -0.001313 0.000754 
0.000531 0.001391 0.000610 78 -0.001329 0.000687 
0.000462 0.001510 0.000610 77 -0.001467 0.000687 
0.000517 0.001416 0.000721 159 -0.001358 0.000799


0.000512 0.001423 0.000654 110 -0.001367 0.000732


0.000578 0.001310 0.000710 121 -0.001235 0.000788 
0.000539 0.001376 0.000676 218 -0.001313 0.000754 
0.000517 0.001416 0.000721 159 -0.001358 0.000799 
0.000588 0.001292 0.000777 99 -0.001215 0.000855 
0.000578 0.001310 0.000710 121 -0.001235 0.000788


0.000556 0.001348 0.000721 111 -0.001280 0.000799


0.000073 0.002185 -0.000710 50 -0.002246 -0.000632 
0.000039 0.002243 -0.000662 219 -0.002313 -0.000584 
0.000023 0.002272 -0.000628 161 -0.002346 -0.000550 
0.000073 0.002184 -0.000690 51 -0.002245 -0.000613 
0.000073 0.002185 -0.000710 50 -0.002246 -0.000632


0.000052 0.002221 -0.000673 112 -0.002288 -0.000595


0.000022 0.002273 -0.000648 160 -0.002348 -0.000570 
0.000039 0.002243 -0.000662 219 -0.002313 -0.000584 
0.000073 0.002185 -0.000710 50 -0.002246 -0.000632 
0.000071 0.002187 -0.000730 49 -0.002249 -0.000652 
0.000022 0.002273 -0.000648 160 -0.002348 -0.000570


0.000051 0.002222 -0.000687 113 -0.002289 -0.000609


0.000023 0.002272 -0.000628 161 -0.002346 -0.000550 
0.000039 0.002243 -0.000662 219 -0.002313 -0.000584 
0.000022 0.002273 -0.000648 160 -0.002348 -0.000570 
-0.000028 0.002359 -0.000565 100 -0.002447 -0.000488 
0.000023 0.002272 -0.000628 161 -0.002346 -0.000550


0.000014 0.002287 -0.000626 114 -0.002364 -0.000548


0.000023 0.002272 -0.000528 163 -0.002346 -0.000450 
0.000040 0.002242 -0.000449 220 -0.002312 -0.000371 
0.000073 0.002184 -0.000390 54 -0.002245 -0.000313 
0.000073 0.002184 -0.000490 53 -0.002245 -0.000413 
0.000023 0.002272 -0.000528 163 -0.002346 -0.000450


0.000052 0.002221 -0.000464 115 -0.002287 -0.000386


0.000023 0.002272 -0.000428 162 -0.002346 -0.000350 
0.000040 0.002242 -0.000449 220 -0.002312 -0.000371 
0.000023 0.002272 -0.000528 163 -0.002346 -0.000450 
-0.000028 0.002359 -0.000565 100 -0.002447 -0.000488 
0.000023 0.002272 -0.000428 162 -0.002346 -0.000350


0.000014 0.002286 -0.000493 116 -0.002363 -0.000415


0.000073 0.002184 -0.000390 54 -0.002245 -0.000313 
0.000040 0.002242 -0.000449 220 -0.002312 -0.000371 
0.000023 0.002272 -0.000428 162 -0.002346 -0.000350 
0.000073 0.002184 -0.000290 55 -0.002245 -0.000213 
0.000073 0.002184 -0.000390 54 -0.002245 -0.000313


0.000052 0.002221 -0.000389 117 -0.002287 -0.000311


-0.000129 0.002535 -0.000515 30 -0.002650 -0.000438 
-0.000095 0.002476 -0.000532 221 -0.002582 -0.000454 
-0.000079 0.002447 -0.000603 113 -0.002549 -0.000525 
-0.000129 0.002535 -0.000640 31 -0.002650 -0.000563 
-0.000129 0.002535 -0.000515 30 -0.002650 -0.000438


-0.000108 0.002498 -0.000573 118 -0.002608 -0.000495


-0.000079 0.002447 -0.000478 164 -0.002549 -0.000400 
-0.000095 0.002476 -0.000532 221 -0.002582 -0.000454 
-0.000129 0.002535 -0.000515 30 -0.002650 -0.000438 
-0.000129 0.002535 -0.000390 29 -0.002650 -0.000313 
-0.000079 0.002447 -0.000478 164 -0.002549 -0.000400


-0.000108 0.002498 -0.000479 119 -0.002608 -0.000401


-0.000079 0.002447 -0.000603 113 -0.002549 -0.000525 
-0.000095 0.002476 -0.000532 221 -0.002582 -0.000454 
-0.000079 0.002447 -0.000478 164 -0.002549 -0.000400 
-0.000028 0.002359 -0.000565 100 -0.002447 -0.000488 
-0.000079 0.002447 -0.000603 113 -0.002549 -0.000525


-0.000070 0.002432 -0.000545 120 -0.002532 -0.000467


0.000023 0.002272 -0.000040 167 -0.002346 0.000037 
0.000006 0.002301 -0.000099 222 -0.002380 -0.000021 
-0.000028 0.002359 -0.000103 166 -0.002447 -0.000025 
-0.000028 0.002359 0.000010 97 -0.002447 0.000087 
0.000023 0.002272 -0.000040 167 -0.002346 0.000037


-0.000007 0.002323 -0.000058 121 -0.002405 0.000020


0.000023 0.002272 -0.000153 165 -0.002346 -0.000075 
0.000006 0.002301 -0.000099 222 -0.002380 -0.000021 
0.000023 0.002272 -0.000040 167 -0.002346 0.000037 
0.000073 0.002184 -0.000090 57 -0.002245 -0.000013 
0.000023 0.002272 -0.000153 165 -0.002346 -0.000075


0.000031 0.002257 -0.000096 122 -0.002329 -0.000018


-0.000028 0.002359 -0.000103 166 -0.002447 -0.000025 
0.000006 0.002301 -0.000099 222 -0.002380 -0.000021 
0.000023 0.002272 -0.000153 165 -0.002346 -0.000075 
-0.000028 0.002359 -0.000215 101 -0.002447 -0.000138 
-0.000028 0.002359 -0.000103 166 -0.002447 -0.000025


-0.000007 0.002323 -0.000143 123 -0.002405 -0.000065


0.000023 0.002272 -0.000428 162 -0.002346 -0.000350 
0.000006 0.002301 -0.000357 223 -0.002380 -0.000279 
0.000023 0.002272 -0.000253 169 -0.002346 -0.000175 
0.000073 0.002184 -0.000290 55 -0.002245 -0.000213 
0.000023 0.002272 -0.000428 162 -0.002346 -0.000350


0.000031 0.002257 -0.000332 124 -0.002329 -0.000254


-0.000028 0.002359 -0.000390 168 -0.002447 -0.000313 
0.000006 0.002301 -0.000357 223 -0.002380 -0.000279 
0.000023 0.002272 -0.000428 162 -0.002346 -0.000350 
-0.000028 0.002359 -0.000565 100 -0.002447 -0.000488 
-0.000028 0.002359 -0.000390 168 -0.002447 -0.000313


-0.000007 0.002323 -0.000435 125 -0.002405 -0.000357


0.000023 0.002272 -0.000253 169 -0.002346 -0.000175 
0.000006 0.002301 -0.000357 223 -0.002380 -0.000279 
-0.000028 0.002359 -0.000390 168 -0.002447 -0.000313 
-0.000028 0.002359 -0.000215 101 -0.002447 -0.000138 
0.000023 0.002272 -0.000253 169 -0.002346 -0.000175


-0.000007 0.002323 -0.000304 126 -0.002405 -0.000226


0.000073 0.002184 0.000010 58 -0.002245 0.000087 
0.000040 0.002242 0.000010 224 -0.002312 0.000087 
0.000023 0.002272 0.000060 132 -0.002346 0.000137 
0.000073 0.002184 0.000110 59 -0.002245 0.000187 
0.000073 0.002184 0.000010 58 -0.002245 0.000087


0.000052 0.002221 0.000047 127 -0.002287 0.000125


0.000023 0.002272 -0.000040 167 -0.002346 0.000037 
0.000040 0.002242 0.000010 224 -0.002312 0.000087 
0.000073 0.002184 0.000010 58 -0.002245 0.000087 
0.000073 0.002184 -0.000090 57 -0.002245 -0.000013 
0.000023 0.002272 -0.000040 167 -0.002346 0.000037


0.000052 0.002221 -0.000028 128 -0.002287 0.000050


0.000023 0.002272 0.000060 132 -0.002346 0.000137 
0.000040 0.002242 0.000010 224 -0.002312 0.000087 
0.000023 0.002272 -0.000040 167 -0.002346 0.000037 
-0.000028 0.002359 0.000010 97 -0.002447 0.000087 
0.000023 0.002272 0.000060 132 -0.002346 0.000137


0.000014 0.002286 0.000010 129 -0.002363 0.000087


0.000023 0.002272 -0.000253 169 -0.002346 -0.000175 
0.000040 0.002242 -0.000199 225 -0.002312 -0.000121 
0.000073 0.002184 -0.000190 56 -0.002245 -0.000113 
0.000073 0.002184 -0.000290 55 -0.002245 -0.000213 
0.000023 0.002272 -0.000253 169 -0.002346 -0.000175


0.000052 0.002221 -0.000233 130 -0.002287 -0.000155


0.000023 0.002272 -0.000153 165 -0.002346 -0.000075 
0.000040 0.002242 -0.000199 225 -0.002312 -0.000121 
0.000023 0.002272 -0.000253 169 -0.002346 -0.000175 
-0.000028 0.002359 -0.000215 101 -0.002447 -0.000138 
0.000023 0.002272 -0.000153 165 -0.002346 -0.000075


0.000014 0.002286 -0.000205 131 -0.002363 -0.000127


0.000073 0.002184 -0.000190 56 -0.002245 -0.000113 
0.000040 0.002242 -0.000199 225 -0.002312 -0.000121 
0.000023 0.002272 -0.000153 165 -0.002346 -0.000075 
0.000073 0.002184 -0.000090 57 -0.002245 -0.000013 
0.000073 0.002184 -0.000190 56 -0.002245 -0.000113


0.000052 0.002221 -0.000158 132 -0.002287 -0.000080


-0.000129 0.002535 -0.000765 32 -0.002650 -0.000688 
-0.000095 0.002476 -0.000807 226 -0.002582 -0.000729 
-0.000078 0.002446 -0.000890 34 -0.002548 -0.000813 
-0.000129 0.002535 -0.000890 33 -0.002650 -0.000813 
-0.000129 0.002535 -0.000765 32 -0.002650 -0.000688


-0.000108 0.002498 -0.000838 133 -0.002607 -0.000760


-0.000078 0.002446 -0.000765 112 -0.002548 -0.000688 
-0.000095 0.002476 -0.000807 226 -0.002582 -0.000729 
-0.000129 0.002535 -0.000765 32 -0.002650 -0.000688 
-0.000129 0.002535 -0.000640 31 -0.002650 -0.000563 
-0.000078 0.002446 -0.000765 112 -0.002548 -0.000688


-0.000108 0.002498 -0.000745 134 -0.002607 -0.000667


-0.000078 0.002446 -0.000890 34 -0.002548 -0.000813 
-0.000095 0.002476 -0.000807 226 -0.002582 -0.000729 
-0.000078 0.002446 -0.000765 112 -0.002548 -0.000688 
-0.000027 0.002358 -0.000890 35 -0.002445 -0.000813 
-0.000078 0.002446 -0.000890 34 -0.002548 -0.000813


-0.000070 0.002431 -0.000838 135 -0.002531 -0.000760


0.000069 0.002192 -0.000749 48 -0.002254 -0.000671 
0.000036 0.002248 -0.000688 227 -0.002319 -0.000610 
0.000022 0.002273 -0.000648 160 -0.002348 -0.000570 
0.000071 0.002187 -0.000730 49 -0.002249 -0.000652 
0.000069 0.002192 -0.000749 48 -0.002254 -0.000671


0.000050 0.002225 -0.000703 136 -0.002292 -0.000625


0.000019 0.002278 -0.000666 119 -0.002354 -0.000588 
0.000036 0.002248 -0.000688 227 -0.002319 -0.000610 
0.000069 0.002192 -0.000749 48 -0.002254 -0.000671 
0.000066 0.002197 -0.000767 47 -0.002260 -0.000689 
0.000019 0.002278 -0.000666 119 -0.002354 -0.000588


0.000047 0.002229 -0.000717 137 -0.002297 -0.000640


0.000022 0.002273 -0.000648 160 -0.002348 -0.000570 
0.000036 0.002248 -0.000688 227 -0.002319 -0.000610 
0.000019 0.002278 -0.000666 119 -0.002354 -0.000588 
-0.000028 0.002359 -0.000565 100 -0.002447 -0.000488 
0.000022 0.002273 -0.000648 160 -0.002348 -0.000570


0.000012 0.002290 -0.000642 138 -0.002367 -0.000564


-0.000065 0.002423 0.000308 170 -0.002521 0.000386 
-0.000087 0.002461 0.000242 228 -0.002565 0.000320 
-0.000127 0.002531 0.000198 24 -0.002646 0.000276 
-0.000121 0.002520 0.000285 23 -0.002633 0.000363 
-0.000065 0.002423 0.000308 170 -0.002521 0.000386


-0.000100 0.002484 0.000258 139 -0.002591 0.000336


-0.000069 0.002430 0.000220 152 -0.002529 0.000298 
-0.000087 0.002461 0.000242 228 -0.002565 0.000320 
-0.000065 0.002423 0.000308 170 -0.002521 0.000386 
-0.000008 0.002326 0.000331 102 -0.002408 0.000408 
-0.000069 0.002430 0.000220 152 -0.002529 0.000298


-0.000057 0.002410 0.000275 140 -0.002506 0.000353


-0.000127 0.002531 0.000198 24 -0.002646 0.000276 
-0.000087 0.002461 0.000242 228 -0.002565 0.000320 
-0.000069 0.002430 0.000220 152 -0.002529 0.000298 
-0.000129 0.002535 0.000110 25 -0.002650 0.000187 
-0.000127 0.002531 0.000198 24 -0.002646 0.000276


-0.000103 0.002489 0.000192 141 -0.002598 0.000270


-0.000129 0.002535 -0.000015 26 -0.002650 0.000062 
-0.000095 0.002476 -0.000007 229 -0.002582 0.000071 
-0.000079 0.002447 -0.000065 171 -0.002549 0.000012 
-0.000129 0.002535 -0.000140 27 -0.002650 -0.000063 
-0.000129 0.002535 -0.000015 26 -0.002650 0.000062


-0.000108 0.002498 -0.000057 142 -0.002608 0.000021


-0.000079 0.002447 0.000060 153 -0.002549 0.000137 
-0.000095 0.002476 -0.000007 229 -0.002582 0.000071 
-0.000129 0.002535 -0.000015 26 -0.002650 0.000062 
-0.000129 0.002535 0.000110 25 -0.002650 0.000187 
-0.000079 0.002447 0.000060 153 -0.002549 0.000137


-0.000108 0.002498 0.000037 143 -0.002608 0.000115


-0.000079 0.002447 -0.000065 171 -0.002549 0.000012 
-0.000095 0.002476 -0.000007 229 -0.002582 0.000071 
-0.000079 0.002447 0.000060 153 -0.002549 0.000137 
-0.000028 0.002359 0.000010 97 -0.002447 0.000087 
-0.000079 0.002447 -0.000065 171 -0.002549 0.000012


-0.000070 0.002432 -0.000001 144 -0.002532 0.000077


0.000299 0.001792 0.000607 74 -0.001793 0.000685 
0.000292 0.001804 0.000671 230 -0.001807 0.000749 
0.000301 0.001789 0.000705 147 -0.001789 0.000783 
0.000324 0.001750 0.000610 75 -0.001744 0.000687 
0.000299 0.001792 0.000607 74 -0.001793 0.000685


0.000304 0.001784 0.000648 145 -0.001783 0.000726


0.000277 0.001832 0.000700 172 -0.001838 0.000778 
0.000292 0.001804 0.000671 230 -0.001807 0.000749 
0.000299 0.001792 0.000607 74 -0.001793 0.000685 
0.000275 0.001835 0.000600 73 -0.001842 0.000678 
0.000277 0.001832 0.000700 172 -0.001838 0.000778


0.000286 0.001816 0.000645 146 -0.001820 0.000723


0.000301 0.001789 0.000705 147 -0.001789 0.000783 
0.000292 0.001804 0.000671 230 -0.001807 0.000749 
0.000277 0.001832 0.000700 172 -0.001838 0.000778 
0.000278 0.001829 0.000801 104 -0.001835 0.000879 
0.000301 0.001789 0.000705 147 -0.001789 0.000783


0.000287 0.001813 0.000719 147 -0.001817 0.000797


0.000393 0.001630 0.000610 76 -0.001605 0.000687 
0.000385 0.001643 0.000676 231 -0.001621 0.000754 
0.000412 0.001597 0.000711 173 -0.001567 0.000789 
0.000462 0.001510 0.000610 77 -0.001467 0.000687 
0.000393 0.001630 0.000610 76 -0.001605 0.000687


0.000413 0.001595 0.000652 148 -0.001565 0.000730


0.000347 0.001710 0.000710 149 -0.001698 0.000788 
0.000385 0.001643 0.000676 231 -0.001621 0.000754 
0.000393 0.001630 0.000610 76 -0.001605 0.000687 
0.000324 0.001750 0.000610 75 -0.001744 0.000687 
0.000347 0.001710 0.000710 149 -0.001698 0.000788


0.000362 0.001683 0.000651 149 -0.001667 0.000729


0.000412 0.001597 0.000711 173 -0.001567 0.000789 
0.000385 0.001643 0.000676 231 -0.001621 0.000754 
0.000347 0.001710 0.000710 149 -0.001698 0.000788 
0.000370 0.001670 0.000810 98 -0.001652 0.000888 
0.000412 0.001597 0.000711 173 -0.001567 0.000789


0.000379 0.001655 0.000727 150 -0.001634 0.000805


0.000559 0.001343 0.001010 4 -0.001274 0.001088 
0.000558 0.001345 0.000943 232 -0.001276 0.001021 
0.000545 0.001367 0.000903 174 -0.001302 0.000981 
0.000511 0.001426 0.001010 5 -0.001369 0.001088 
0.000559 0.001343 0.001010 4 -0.001274 0.001088


0.000543 0.001370 0.000966 151 -0.001305 0.001044


0.000581 0.001305 0.000910 155 -0.001229 0.000988 
0.000558 0.001345 0.000943 232 -0.001276 0.001021 
0.000559 0.001343 0.001010 4 -0.001274 0.001088 
0.000606 0.001261 0.001010 3 -0.001179 0.001088 
0.000581 0.001305 0.000910 155 -0.001229 0.000988


0.000576 0.001313 0.000968 152 -0.001240 0.001046


0.000545 0.001367 0.000903 174 -0.001302 0.000981 
0.000558 0.001345 0.000943 232 -0.001276 0.001021 
0.000581 0.001305 0.000910 155 -0.001229 0.000988 
0.000588 0.001292 0.000777 99 -0.001215 0.000855 
0.000545 0.001367 0.000903 174 -0.001302 0.000981


0.000568 0.001327 0.000883 153 -0.001256 0.000961


0.000545 0.001367 0.000903 174 -0.001302 0.000981 
0.000522 0.001406 0.000882 233 -0.001347 0.000960 
0.000494 0.001455 0.000915 156 -0.001403 0.000993 
0.000511 0.001426 0.001010 5 -0.001369 0.001088 
0.000545 0.001367 0.000903 174 -0.001302 0.000981


0.000518 0.001414 0.000927 154 -0.001355 0.001005


0.000529 0.001394 0.000827 175 -0.001333 0.000904 
0.000522 0.001406 0.000882 233 -0.001347 0.000960 
0.000545 0.001367 0.000903 174 -0.001302 0.000981 
0.000588 0.001292 0.000777 99 -0.001215 0.000855 
0.000529 0.001394 0.000827 175 -0.001333 0.000904


0.000546 0.001365 0.000847 155 -0.001299 0.000925


0.000494 0.001455 0.000915 156 -0.001403 0.000993 
0.000522 0.001406 0.000882 233 -0.001347 0.000960 
0.000529 0.001394 0.000827 175 -0.001333 0.000904 
0.000477 0.001484 0.000821 106 -0.001437 0.000899 
0.000494 0.001455 0.000915 156 -0.001403 0.000993


0.000506 0.001435 0.000861 156 -0.001380 0.000939


0.000073 0.002184 -0.000590 52 -0.002245 -0.000513 
0.000040 0.002242 -0.000582 234 -0.002312 -0.000504 
0.000023 0.002272 -0.000528 163 -0.002346 -0.000450 
0.000073 0.002184 -0.000490 53 -0.002245 -0.000413 
0.000073 0.002184 -0.000590 52 -0.002245 -0.000513


0.000052 0.002221 -0.000548 157 -0.002287 -0.000470


0.000023 0.002272 -0.000628 161 -0.002346 -0.000550 
0.000040 0.002242 -0.000582 234 -0.002312 -0.000504 
0.000073 0.002184 -0.000590 52 -0.002245 -0.000513 
0.000073 0.002184 -0.000690 51 -0.002245 -0.000613 
0.000023 0.002272 -0.000628 161 -0.002346 -0.000550


0.000052 0.002221 -0.000623 158 -0.002287 -0.000545


0.000023 0.002272 -0.000528 163 -0.002346 -0.000450 
0.000040 0.002242 -0.000582 234 -0.002312 -0.000504 
0.000023 0.002272 -0.000628 161 -0.002346 -0.000550 
-0.000028 0.002359 -0.000565 100 -0.002447 -0.000488 
0.000023 0.002272 -0.000528 163 -0.002346 -0.000450


0.000014 0.002286 -0.000576 159 -0.002363 -0.000498


-0.000079 0.002447 -0.000303 176 -0.002549 -0.000225 
-0.000062 0.002418 -0.000390 235 -0.002515 -0.000313 
-0.000079 0.002447 -0.000478 164 -0.002549 -0.000400 
-0.000129 0.002535 -0.000390 29 -0.002650 -0.000313 
-0.000079 0.002447 -0.000303 176 -0.002549 -0.000225


-0.000087 0.002462 -0.000390 160 -0.002566 -0.000313


-0.000028 0.002359 -0.000390 168 -0.002447 -0.000313 
-0.000062 0.002418 -0.000390 235 -0.002515 -0.000313 
-0.000079 0.002447 -0.000303 176 -0.002549 -0.000225 
-0.000028 0.002359 -0.000215 101 -0.002447 -0.000138 
-0.000028 0.002359 -0.000390 168 -0.002447 -0.000313


-0.000049 0.002396 -0.000325 161 -0.002490 -0.000247


-0.000079 0.002447 -0.000478 164 -0.002549 -0.000400 
-0.000062 0.002418 -0.000390 235 -0.002515 -0.000313 
-0.000028 0.002359 -0.000390 168 -0.002447 -0.000313 
-0.000028 0.002359 -0.000565 100 -0.002447 -0.000488 
-0.000079 0.002447 -0.000478 164 -0.002549 -0.000400


-0.000049 0.002396 -0.000456 162 -0.002490 -0.000378


-0.000079 0.002447 -0.000065 171 -0.002549 0.000012 
-0.000062 0.002418 -0.000115 236 -0.002515 -0.000038 
-0.000079 0.002447 -0.000178 177 -0.002549 -0.000100 
-0.000129 0.002535 -0.000140 27 -0.002650 -0.000063 
-0.000079 0.002447 -0.000065 171 -0.002549 0.000012


-0.000087 0.002462 -0.000125 163 -0.002566 -0.000047


-0.000028 0.002359 -0.000103 166 -0.002447 -0.000025 
-0.000062 0.002418 -0.000115 236 -0.002515 -0.000038 
-0.000079 0.002447 -0.000065 171 -0.002549 0.000012 
-0.000028 0.002359 0.000010 97 -0.002447 0.000087 
-0.000028 0.002359 -0.000103 166 -0.002447 -0.000025


-0.000049 0.002396 -0.000069 164 -0.002490 0.000009


-0.000079 0.002447 -0.000178 177 -0.002549 -0.000100 
-0.000062 0.002418 -0.000115 236 -0.002515 -0.000038 
-0.000028 0.002359 -0.000103 166 -0.002447 -0.000025 
-0.000028 0.002359 -0.000215 101 -0.002447 -0.000138 
-0.000079 0.002447 -0.000178 177 -0.002549 -0.000100


-0.000049 0.002396 -0.000153 165 -0.002490 -0.000075


-0.000129 0.002535 -0.000265 28 -0.002650 -0.000188 
-0.000095 0.002476 -0.000249 237 -0.002582 -0.000171 
-0.000079 0.002447 -0.000303 176 -0.002549 -0.000225 
-0.000129 0.002535 -0.000390 29 -0.002650 -0.000313 
-0.000129 0.002535 -0.000265 28 -0.002650 -0.000188


-0.000108 0.002498 -0.000302 166 -0.002608 -0.000224


-0.000079 0.002447 -0.000178 177 -0.002549 -0.000100 
-0.000095 0.002476 -0.000249 237 -0.002582 -0.000171 
-0.000129 0.002535 -0.000265 28 -0.002650 -0.000188 
-0.000129 0.002535 -0.000140 27 -0.002650 -0.000063 
-0.000079 0.002447 -0.000178 177 -0.002549 -0.000100


-0.000108 0.002498 -0.000208 167 -0.002608 -0.000130


-0.000079 0.002447 -0.000303 176 -0.002549 -0.000225 
-0.000095 0.002476 -0.000249 237 -0.002582 -0.000171 
-0.000079 0.002447 -0.000178 177 -0.002549 -0.000100 
-0.000028 0.002359 -0.000215 101 -0.002447 -0.000138 
-0.000079 0.002447 -0.000303 176 -0.002549 -0.000225


-0.000070 0.002432 -0.000236 168 -0.002532 -0.000158


-0.000076 0.002443 0.000534 20 -0.002544 0.000612 
-0.000053 0.002403 0.000465 238 -0.002497 0.000543 
-0.000052 0.002400 0.000392 178 -0.002495 0.000470 
-0.000095 0.002475 0.000454 21 -0.002581 0.000532 
-0.000076 0.002443 0.000534 20 -0.002544 0.000612


-0.000069 0.002430 0.000461 169 -0.002529 0.000539


-0.000031 0.002364 0.000470 142 -0.002453 0.000548 
-0.000053 0.002403 0.000465 238 -0.002497 0.000543 
-0.000076 0.002443 0.000534 20 -0.002544 0.000612 
-0.000053 0.002403 0.000610 19 -0.002498 0.000688 
-0.000031 0.002364 0.000470 142 -0.002453 0.000548


-0.000053 0.002403 0.000520 170 -0.002498 0.000598


-0.000052 0.002400 0.000392 178 -0.002495 0.000470 
-0.000053 0.002403 0.000465 238 -0.002497 0.000543 
-0.000031 0.002364 0.000470 142 -0.002453 0.000548 
-0.000008 0.002326 0.000331 102 -0.002408 0.000408 
-0.000052 0.002400 0.000392 178 -0.002495 0.000470


-0.000036 0.002373 0.000415 171 -0.002464 0.000492


-0.000110 0.002501 0.000371 22 -0.002611 0.000449 
-0.000075 0.002441 0.000357 239 -0.002542 0.000435 
-0.000065 0.002423 0.000308 170 -0.002521 0.000386 
-0.000121 0.002520 0.000285 23 -0.002633 0.000363 
-0.000110 0.002501 0.000371 22 -0.002611 0.000449


-0.000093 0.002471 0.000330 172 -0.002577 0.000408


-0.000052 0.002400 0.000392 178 -0.002495 0.000470 
-0.000075 0.002441 0.000357 239 -0.002542 0.000435 
-0.000110 0.002501 0.000371 22 -0.002611 0.000449 
-0.000095 0.002475 0.000454 21 -0.002581 0.000532 
-0.000052 0.002400 0.000392 178 -0.002495 0.000470


-0.000083 0.002455 0.000394 173 -0.002557 0.000471


-0.000065 0.002423 0.000308 170 -0.002521 0.000386 
-0.000075 0.002441 0.000357 239 -0.002542 0.000435 
-0.000052 0.002400 0.000392 178 -0.002495 0.000470 
-0.000008 0.002326 0.000331 102 -0.002408 0.000408 
-0.000065 0.002423 0.000308 170 -0.002521 0.000386


-0.000050 0.002398 0.000347 174 -0.002492 0.000425


0.000035 0.002250 0.000805 16 -0.002321 0.000883 
0.000044 0.002235 0.000725 240 -0.002304 0.000803 
0.000031 0.002258 0.000656 179 -0.002330 0.000734 
0.000003 0.002306 0.000746 17 -0.002386 0.000824 
0.000035 0.002250 0.000805 16 -0.002321 0.000883


0.000028 0.002262 0.000733 175 -0.002335 0.000811


0.000065 0.002198 0.000712 145 -0.002262 0.000790 
0.000044 0.002235 0.000725 240 -0.002304 0.000803 
0.000035 0.002250 0.000805 16 -0.002321 0.000883 
0.000071 0.002188 0.000858 15 -0.002250 0.000936 
0.000065 0.002198 0.000712 145 -0.002262 0.000790


0.000054 0.002218 0.000775 176 -0.002284 0.000853


0.000031 0.002258 0.000656 179 -0.002330 0.000734 
0.000044 0.002235 0.000725 240 -0.002304 0.000803 
0.000065 0.002198 0.000712 145 -0.002262 0.000790 
0.000059 0.002209 0.000567 103 -0.002273 0.000645 
0.000031 0.002258 0.000656 179 -0.002330 0.000734


0.000050 0.002225 0.000665 177 -0.002292 0.000743


-0.000027 0.002358 0.000681 18 -0.002446 0.000758 
0.000002 0.002307 0.000642 241 -0.002387 0.000720 
0.000003 0.002306 0.000588 143 -0.002386 0.000666 
-0.000053 0.002403 0.000610 19 -0.002498 0.000688 
-0.000027 0.002358 0.000681 18 -0.002446 0.000758


-0.000019 0.002344 0.000630 178 -0.002429 0.000708


0.000031 0.002258 0.000656 179 -0.002330 0.000734 
0.000002 0.002307 0.000642 241 -0.002387 0.000720 
-0.000027 0.002358 0.000681 18 -0.002446 0.000758 
0.000003 0.002306 0.000746 17 -0.002386 0.000824 
0.000031 0.002258 0.000656 179 -0.002330 0.000734


0.000002 0.002307 0.000681 179 -0.002387 0.000759


0.000003 0.002306 0.000588 143 -0.002386 0.000666 
0.000002 0.002307 0.000642 241 -0.002387 0.000720 
0.000031 0.002258 0.000656 179 -0.002330 0.000734 
0.000059 0.002209 0.000567 103 -0.002273 0.000645 
0.000003 0.002306 0.000588 143 -0.002386 0.000666


0.000024 0.002270 0.000613 180 -0.002344 0.000691


0.000277 0.001832 0.001005 10 -0.001838 0.001083 
0.000277 0.001831 0.000936 242 -0.001837 0.001014 
0.000256 0.001868 0.000897 139 -0.001880 0.000975 
0.000233 0.001907 0.000992 11 -0.001926 0.001070 
0.000277 0.001832 0.001005 10 -0.001838 0.001083


0.000261 0.001859 0.000957 181 -0.001870 0.001035


0.000300 0.001792 0.000905 150 -0.001792 0.000983 
0.000277 0.001831 0.000936 242 -0.001837 0.001014 
0.000277 0.001832 0.001005 10 -0.001838 0.001083 
0.000321 0.001755 0.001010 9 -0.001750 0.001087 
0.000300 0.001792 0.000905 150 -0.001792 0.000983


0.000294 0.001802 0.000964 182 -0.001804 0.001042


0.000256 0.001868 0.000897 139 -0.001880 0.000975 
0.000277 0.001831 0.000936 242 -0.001837 0.001014 
0.000300 0.001792 0.000905 150 -0.001792 0.000983 
0.000278 0.001829 0.000801 104 -0.001835 0.000879 
0.000256 0.001868 0.000897 139 -0.001880 0.000975


0.000278 0.001830 0.000885 183 -0.001836 0.000963


0.000251 0.001876 0.000588 72 -0.001890 0.000666 
0.000260 0.001860 0.000658 243 -0.001871 0.000736 
0.000277 0.001832 0.000700 172 -0.001838 0.000778 
0.000275 0.001835 0.000600 73 -0.001842 0.000678 
0.000251 0.001876 0.000588 72 -0.001890 0.000666


0.000266 0.001851 0.000637 184 -0.001860 0.000715


0.000236 0.001901 0.000685 134 -0.001919 0.000763 
0.000260 0.001860 0.000658 243 -0.001871 0.000736 
0.000251 0.001876 0.000588 72 -0.001890 0.000666 
0.000228 0.001916 0.000571 71 -0.001936 0.000649 
0.000236 0.001901 0.000685 134 -0.001919 0.000763


0.000244 0.001888 0.000626 185 -0.001904 0.000704


0.000277 0.001832 0.000700 172 -0.001838 0.000778 
0.000260 0.001860 0.000658 243 -0.001871 0.000736 
0.000236 0.001901 0.000685 134 -0.001919 0.000763 
0.000278 0.001829 0.000801 104 -0.001835 0.000879 
0.000277 0.001832 0.000700 172 -0.001838 0.000778


0.000263 0.001855 0.000711 186 -0.001866 0.000789


0.000190 0.001982 0.000971 12 -0.002011 0.001049 
0.000184 0.001992 0.000900 244 -0.002023 0.000978 
0.000157 0.002038 0.000868 180 -0.002077 0.000946 
0.000149 0.002054 0.000941 13 -0.002094 0.001019 
0.000190 0.001982 0.000971 12 -0.002011 0.001049


0.000170 0.002016 0.000920 187 -0.002051 0.000998


0.000207 0.001952 0.000870 138 -0.001977 0.000948 
0.000184 0.001992 0.000900 244 -0.002023 0.000978 
0.000190 0.001982 0.000971 12 -0.002011 0.001049 
0.000233 0.001907 0.000992 11 -0.001926 0.001070 
0.000207 0.001952 0.000870 138 -0.001977 0.000948


0.000204 0.001958 0.000933 188 -0.001984 0.001011


0.000157 0.002038 0.000868 180 -0.002077 0.000946 
0.000184 0.001992 0.000900 244 -0.002023 0.000978 
0.000207 0.001952 0.000870 138 -0.001977 0.000948 
0.000179 0.002001 0.000709 201 -0.002033 0.000787 
0.000157 0.002038 0.000868 180 -0.002077 0.000946


0.000182 0.001996 0.000837 189 -0.002027 0.000915


0.000109 0.002123 0.000903 14 -0.002174 0.000981 
0.000130 0.002085 0.000843 245 -0.002131 0.000921 
0.000123 0.002097 0.000778 146 -0.002145 0.000856 
0.000071 0.002188 0.000858 15 -0.002250 0.000936 
0.000109 0.002123 0.000903 14 -0.002174 0.000981


0.000108 0.002123 0.000846 190 -0.002175 0.000924


0.000157 0.002038 0.000868 180 -0.002077 0.000946 
0.000130 0.002085 0.000843 245 -0.002131 0.000921 
0.000109 0.002123 0.000903 14 -0.002174 0.000981 
0.000149 0.002054 0.000941 13 -0.002094 0.001019 
0.000157 0.002038 0.000868 180 -0.002077 0.000946


0.000136 0.002075 0.000889 191 -0.002119 0.000967


0.000123 0.002097 0.000778 146 -0.002145 0.000856 
0.000130 0.002085 0.000843 245 -0.002131 0.000921 
0.000157 0.002038 0.000868 180 -0.002077 0.000946 
0.000179 0.002001 0.000709 201 -0.002033 0.000787 
0.000123 0.002097 0.000778 146 -0.002145 0.000856


0.000148 0.002055 0.000800 192 -0.002096 0.000878


0.000412 0.001597 0.000711 173 -0.001567 0.000789 
0.000431 0.001564 0.000752 246 -0.001529 0.000830 
0.000457 0.001520 0.000728 181 -0.001478 0.000806 
0.000462 0.001510 0.000610 77 -0.001467 0.000687 
0.000412 0.001597 0.000711 173 -0.001567 0.000789


0.000441 0.001548 0.000700 193 -0.001510 0.000778


0.000425 0.001575 0.000815 158 -0.001542 0.000893 
0.000431 0.001564 0.000752 246 -0.001529 0.000830 
0.000412 0.001597 0.000711 173 -0.001567 0.000789 
0.000370 0.001670 0.000810 98 -0.001652 0.000888 
0.000425 0.001575 0.000815 158 -0.001542 0.000893


0.000410 0.001601 0.000772 194 -0.001572 0.000850


0.000457 0.001520 0.000728 181 -0.001478 0.000806 
0.000431 0.001564 0.000752 246 -0.001529 0.000830 
0.000425 0.001575 0.000815 158 -0.001542 0.000893 
0.000477 0.001484 0.000821 106 -0.001437 0.000899 
0.000457 0.001520 0.000728 181 -0.001478 0.000806


0.000448 0.001536 0.000779 195 -0.001496 0.000857


0.000517 0.001416 0.000721 159 -0.001358 0.000799 
0.000477 0.001484 0.000821 106 -0.001437 0.000899 
0.000529 0.001394 0.000827 175 -0.001333 0.000904 
0.000588 0.001292 0.000777 99 -0.001215 0.000855 
0.000517 0.001416 0.000721 159 -0.001358 0.000799


0.000528 0.001396 0.000786 196 -0.001336 0.000864


0.000457 0.001520 0.000728 181 -0.001478 0.000806 
0.000477 0.001484 0.000821 106 -0.001437 0.000899 
0.000517 0.001416 0.000721 159 -0.001358 0.000799 
0.000462 0.001510 0.000610 77 -0.001467 0.000687 
0.000457 0.001520 0.000728 181 -0.001478 0.000806


0.000478 0.001482 0.000720 197 -0.001435 0.000798


