0.002113 0.002278 -0.000666 108 0.002354 -0.000588 
0.002100 0.002256 -0.000711 182 0.002329 -0.000634 
0.002070 0.002204 -0.000785 84 0.002269 -0.000707 
0.002066 0.002197 -0.000767 83 0.002260 -0.000689 
0.002113 0.002278 -0.000666 108 0.002354 -0.000588


0.002087 0.002234 -0.000732 1 0.002303 -0.000654


0.002118 0.002286 -0.000683 107 0.002363 -0.000606 
0.002100 0.002256 -0.000711 182 0.002329 -0.000634 
0.002113 0.002278 -0.000666 108 0.002354 -0.000588 
0.002160 0.002359 -0.000565 100 0.002447 -0.000488 
0.002118 0.002286 -0.000683 107 0.002363 -0.000606


0.002123 0.002295 -0.000657 2 0.002373 -0.000579


0.002070 0.002204 -0.000785 84 0.002269 -0.000707 
0.002100 0.002256 -0.000711 182 0.002329 -0.000634 
0.002118 0.002286 -0.000683 107 0.002363 -0.000606 
0.002075 0.002213 -0.000802 85 0.002279 -0.000724 
0.002070 0.002204 -0.000785 84 0.002269 -0.000707


0.002091 0.002240 -0.000745 3 0.002310 -0.000667


0.002124 0.002297 -0.000699 110 0.002376 -0.000621 
0.002117 0.002285 -0.000752 183 0.002362 -0.000674 
0.002095 0.002247 -0.000845 88 0.002318 -0.000767 
0.002088 0.002235 -0.000832 87 0.002304 -0.000754 
0.002124 0.002297 -0.000699 110 0.002376 -0.000621


0.002106 0.002266 -0.000782 4 0.002340 -0.000704


0.002131 0.002310 -0.000711 109 0.002391 -0.000633 
0.002117 0.002285 -0.000752 183 0.002362 -0.000674 
0.002124 0.002297 -0.000699 110 0.002376 -0.000621 
0.002160 0.002359 -0.000565 100 0.002447 -0.000488 
0.002131 0.002310 -0.000711 109 0.002391 -0.000633


0.002133 0.002313 -0.000682 5 0.002394 -0.000604


0.002095 0.002247 -0.000845 88 0.002318 -0.000767 
0.002117 0.002285 -0.000752 183 0.002362 -0.000674 
0.002131 0.002310 -0.000711 109 0.002391 -0.000633 
0.002103 0.002261 -0.000857 89 0.002334 -0.000779 
0.002095 0.002247 -0.000845 88 0.002318 -0.000767


0.002112 0.002276 -0.000791 6 0.002351 -0.000713


0.002118 0.002286 -0.000683 107 0.002363 -0.000606 
0.002107 0.002269 -0.000733 184 0.002343 -0.000655 
0.002081 0.002223 -0.000817 86 0.002291 -0.000739 
0.002075 0.002213 -0.000802 85 0.002279 -0.000724 
0.002118 0.002286 -0.000683 107 0.002363 -0.000606


0.002095 0.002248 -0.000759 7 0.002319 -0.000681


0.002124 0.002297 -0.000699 110 0.002376 -0.000621 
0.002107 0.002269 -0.000733 184 0.002343 -0.000655 
0.002118 0.002286 -0.000683 107 0.002363 -0.000606 
0.002160 0.002359 -0.000565 100 0.002447 -0.000488 
0.002124 0.002297 -0.000699 110 0.002376 -0.000621


0.002127 0.002303 -0.000670 8 0.002382 -0.000592


0.002081 0.002223 -0.000817 86 0.002291 -0.000739 
0.002107 0.002269 -0.000733 184 0.002343 -0.000655 
0.002124 0.002297 -0.000699 110 0.002376 -0.000621 
0.002088 0.002235 -0.000832 87 0.002304 -0.000754 
0.002081 0.002223 -0.000817 86 0.002291 -0.000739


0.002100 0.002256 -0.000770 9 0.002328 -0.000692


0.002109 0.002272 -0.000628 112 0.002346 -0.000550 
0.002093 0.002243 -0.000662 185 0.002313 -0.000584 
0.002059 0.002185 -0.000710 80 0.002246 -0.000632 
0.002058 0.002184 -0.000690 79 0.002245 -0.000613 
0.002109 0.002272 -0.000628 112 0.002346 -0.000550


0.002080 0.002221 -0.000673 10 0.002288 -0.000595


0.002110 0.002273 -0.000647 111 0.002348 -0.000570 
0.002093 0.002243 -0.000662 185 0.002313 -0.000584 
0.002109 0.002272 -0.000628 112 0.002346 -0.000550 
0.002160 0.002359 -0.000565 100 0.002447 -0.000488 
0.002110 0.002273 -0.000647 111 0.002348 -0.000570


0.002118 0.002287 -0.000626 11 0.002364 -0.000548


0.002059 0.002185 -0.000710 80 0.002246 -0.000632 
0.002093 0.002243 -0.000662 185 0.002313 -0.000584 
0.002110 0.002273 -0.000647 111 0.002348 -0.000570 
0.002060 0.002187 -0.000729 81 0.002249 -0.000652 
0.002059 0.002185 -0.000710 80 0.002246 -0.000632


0.002081 0.002222 -0.000687 12 0.002289 -0.000609


0.002110 0.002273 -0.000647 111 0.002348 -0.000570 
0.002095 0.002248 -0.000687 186 0.002319 -0.000609 
0.002063 0.002191 -0.000748 82 0.002254 -0.000671 
0.002060 0.002187 -0.000729 81 0.002249 -0.000652 
0.002110 0.002273 -0.000647 111 0.002348 -0.000570


0.002082 0.002225 -0.000703 13 0.002292 -0.000625


0.002113 0.002278 -0.000666 108 0.002354 -0.000588 
0.002095 0.002248 -0.000687 186 0.002319 -0.000609 
0.002110 0.002273 -0.000647 111 0.002348 -0.000570 
0.002160 0.002359 -0.000565 100 0.002447 -0.000488 
0.002113 0.002278 -0.000666 108 0.002354 -0.000588


0.002119 0.002290 -0.000642 14 0.002367 -0.000564


0.002063 0.002191 -0.000748 82 0.002254 -0.000671 
0.002095 0.002248 -0.000687 186 0.002319 -0.000609 
0.002113 0.002278 -0.000666 108 0.002354 -0.000588 
0.002066 0.002197 -0.000767 83 0.002260 -0.000689 
0.002063 0.002191 -0.000748 82 0.002254 -0.000671


0.002084 0.002229 -0.000717 15 0.002297 -0.000639


0.001435 0.001104 0.000751 38 0.000997 0.000829 
0.001482 0.001185 0.000771 187 0.001092 0.000849 
0.001507 0.001229 0.000771 114 0.001142 0.000849 
0.001438 0.001109 0.000733 39 0.001004 0.000811 
0.001435 0.001104 0.000751 38 0.000997 0.000829


0.001465 0.001157 0.000757 16 0.001059 0.000834


0.001504 0.001224 0.000790 113 0.001136 0.000868 
0.001482 0.001185 0.000771 187 0.001092 0.000849 
0.001435 0.001104 0.000751 38 0.000997 0.000829 
0.001432 0.001099 0.000770 37 0.000993 0.000848 
0.001504 0.001224 0.000790 113 0.001136 0.000868


0.001463 0.001153 0.000771 17 0.001055 0.000849


0.001507 0.001229 0.000771 114 0.001142 0.000849 
0.001482 0.001185 0.000771 187 0.001092 0.000849 
0.001504 0.001224 0.000790 113 0.001136 0.000868 
0.001543 0.001292 0.000776 99 0.001215 0.000854 
0.001507 0.001229 0.000771 114 0.001142 0.000849


0.001509 0.001232 0.000777 18 0.001146 0.000855


0.002140 0.002325 -0.000720 116 0.002408 -0.000642 
0.002140 0.002325 -0.000776 188 0.002407 -0.000698 
0.002129 0.002307 -0.000882 92 0.002387 -0.000804 
0.002120 0.002291 -0.000875 91 0.002369 -0.000797 
0.002140 0.002325 -0.000720 116 0.002408 -0.000642


0.002132 0.002312 -0.000813 19 0.002393 -0.000735


0.002149 0.002341 -0.000726 115 0.002427 -0.000648 
0.002140 0.002325 -0.000776 188 0.002407 -0.000698 
0.002140 0.002325 -0.000720 116 0.002408 -0.000642 
0.002160 0.002359 -0.000565 100 0.002447 -0.000488 
0.002149 0.002341 -0.000726 115 0.002427 -0.000648


0.002147 0.002338 -0.000697 20 0.002422 -0.000619


0.002129 0.002307 -0.000882 92 0.002387 -0.000804 
0.002140 0.002325 -0.000776 188 0.002407 -0.000698 
0.002149 0.002341 -0.000726 115 0.002427 -0.000648 
0.002139 0.002324 -0.000887 93 0.002406 -0.000809 
0.002129 0.002307 -0.000882 92 0.002387 -0.000804


0.002139 0.002324 -0.000818 21 0.002407 -0.000740


0.002131 0.002310 -0.000711 109 0.002391 -0.000633 
0.002128 0.002304 -0.000766 189 0.002383 -0.000688 
0.002111 0.002276 -0.000867 90 0.002351 -0.000789 
0.002103 0.002261 -0.000857 89 0.002334 -0.000779 
0.002131 0.002310 -0.000711 109 0.002391 -0.000633


0.002118 0.002288 -0.000800 22 0.002365 -0.000722


0.002140 0.002325 -0.000720 116 0.002408 -0.000642 
0.002128 0.002304 -0.000766 189 0.002383 -0.000688 
0.002131 0.002310 -0.000711 109 0.002391 -0.000633 
0.002160 0.002359 -0.000565 100 0.002447 -0.000488 
0.002140 0.002325 -0.000720 116 0.002408 -0.000642


0.002140 0.002325 -0.000691 23 0.002407 -0.000613


0.002111 0.002276 -0.000867 90 0.002351 -0.000789 
0.002128 0.002304 -0.000766 189 0.002383 -0.000688 
0.002140 0.002325 -0.000720 116 0.002408 -0.000642 
0.002120 0.002291 -0.000875 91 0.002369 -0.000797 
0.002111 0.002276 -0.000867 90 0.002351 -0.000789


0.002125 0.002299 -0.000807 24 0.002378 -0.000729


0.001453 0.001136 0.000682 42 0.001035 0.000760 
0.001494 0.001207 0.000725 190 0.001117 0.000803 
0.001518 0.001248 0.000739 118 0.001164 0.000817 
0.001460 0.001147 0.000668 43 0.001048 0.000746 
0.001453 0.001136 0.000682 42 0.001035 0.000760


0.001481 0.001185 0.000704 25 0.001091 0.000781


0.001512 0.001237 0.000754 117 0.001151 0.000832 
0.001494 0.001207 0.000725 190 0.001117 0.000803 
0.001453 0.001136 0.000682 42 0.001035 0.000760 
0.001447 0.001126 0.000698 41 0.001023 0.000776 
0.001512 0.001237 0.000754 117 0.001151 0.000832


0.001477 0.001176 0.000715 26 0.001081 0.000793


0.001518 0.001248 0.000739 118 0.001164 0.000817 
0.001494 0.001207 0.000725 190 0.001117 0.000803 
0.001512 0.001237 0.000754 117 0.001151 0.000832 
0.001543 0.001292 0.000776 99 0.001215 0.000854 
0.001518 0.001248 0.000739 118 0.001164 0.000817


0.001517 0.001246 0.000748 27 0.001162 0.000826


0.001442 0.001117 0.000715 40 0.001013 0.000793 
0.001487 0.001194 0.000747 191 0.001102 0.000825 
0.001512 0.001237 0.000754 117 0.001151 0.000832 
0.001447 0.001126 0.000698 41 0.001023 0.000776 
0.001442 0.001117 0.000715 40 0.001013 0.000793


0.001472 0.001168 0.000728 28 0.001072 0.000806


0.001507 0.001229 0.000771 114 0.001142 0.000849 
0.001487 0.001194 0.000747 191 0.001102 0.000825 
0.001442 0.001117 0.000715 40 0.001013 0.000793 
0.001438 0.001109 0.000733 39 0.001004 0.000811 
0.001507 0.001229 0.000771 114 0.001142 0.000849


0.001469 0.001162 0.000741 29 0.001065 0.000819


0.001512 0.001237 0.000754 117 0.001151 0.000832 
0.001487 0.001194 0.000747 191 0.001102 0.000825 
0.001507 0.001229 0.000771 114 0.001142 0.000849 
0.001543 0.001292 0.000776 99 0.001215 0.000854 
0.001512 0.001237 0.000754 117 0.001151 0.000832


0.001512 0.001238 0.000762 30 0.001153 0.000840


0.001551 0.001305 0.000910 121 0.001229 0.000988 
0.001511 0.001235 0.000876 192 0.001149 0.000954 
0.001478 0.001178 0.000910 120 0.001084 0.000988 
0.001525 0.001261 0.001010 31 0.001179 0.001088 
0.001551 0.001305 0.000910 121 0.001229 0.000988


0.001516 0.001245 0.000926 31 0.001160 0.001004


0.001503 0.001222 0.000810 119 0.001134 0.000888 
0.001511 0.001235 0.000876 192 0.001149 0.000954 
0.001551 0.001305 0.000910 121 0.001229 0.000988 
0.001543 0.001292 0.000776 99 0.001215 0.000854 
0.001503 0.001222 0.000810 119 0.001134 0.000888


0.001527 0.001263 0.000843 32 0.001182 0.000921


0.001478 0.001178 0.000910 120 0.001084 0.000988 
0.001511 0.001235 0.000876 192 0.001149 0.000954 
0.001503 0.001222 0.000810 119 0.001134 0.000888 
0.001430 0.001096 0.000810 35 0.000989 0.000887 
0.001478 0.001178 0.000910 120 0.001084 0.000988


0.001480 0.001183 0.000851 33 0.001089 0.000929


0.001478 0.001178 0.000910 120 0.001084 0.000988 
0.001462 0.001151 0.000943 193 0.001052 0.001021 
0.001478 0.001178 0.001010 32 0.001084 0.001088 
0.001525 0.001261 0.001010 31 0.001179 0.001088 
0.001478 0.001178 0.000910 120 0.001084 0.000988


0.001486 0.001192 0.000968 34 0.001100 0.001046


0.001430 0.001096 0.000910 34 0.000989 0.000988 
0.001462 0.001151 0.000943 193 0.001052 0.001021 
0.001478 0.001178 0.000910 120 0.001084 0.000988 
0.001430 0.001096 0.000810 35 0.000989 0.000887 
0.001430 0.001096 0.000910 34 0.000989 0.000988


0.001450 0.001130 0.000893 35 0.001028 0.000971


0.001478 0.001178 0.001010 32 0.001084 0.001088 
0.001462 0.001151 0.000943 193 0.001052 0.001021 
0.001430 0.001096 0.000910 34 0.000989 0.000988 
0.001430 0.001096 0.001010 33 0.000989 0.001088 
0.001478 0.001178 0.001010 32 0.001084 0.001088


0.001450 0.001130 0.000968 36 0.001028 0.001046


0.001431 0.001097 0.000790 36 0.000990 0.000868 
0.001479 0.001181 0.000796 194 0.001087 0.000874 
0.001504 0.001224 0.000790 113 0.001136 0.000868 
0.001432 0.001099 0.000770 37 0.000993 0.000848 
0.001431 0.001097 0.000790 36 0.000990 0.000868


0.001462 0.001150 0.000787 37 0.001051 0.000865


0.001503 0.001222 0.000810 119 0.001134 0.000888 
0.001479 0.001181 0.000796 194 0.001087 0.000874 
0.001431 0.001097 0.000790 36 0.000990 0.000868 
0.001430 0.001096 0.000810 35 0.000989 0.000887 
0.001503 0.001222 0.000810 119 0.001134 0.000888


0.001461 0.001149 0.000801 38 0.001050 0.000879


0.001504 0.001224 0.000790 113 0.001136 0.000868 
0.001479 0.001181 0.000796 194 0.001087 0.000874 
0.001503 0.001222 0.000810 119 0.001134 0.000888 
0.001543 0.001292 0.000776 99 0.001215 0.000854 
0.001504 0.001224 0.000790 113 0.001136 0.000868


0.001507 0.001230 0.000793 39 0.001143 0.000871


0.001467 0.001160 0.000655 44 0.001063 0.000733 
0.001504 0.001223 0.000707 195 0.001135 0.000785 
0.001526 0.001261 0.000726 122 0.001179 0.000804 
0.001475 0.001174 0.000643 45 0.001079 0.000721 
0.001467 0.001160 0.000655 44 0.001063 0.000733


0.001493 0.001205 0.000683 40 0.001114 0.000761


0.001518 0.001248 0.000739 118 0.001164 0.000817 
0.001504 0.001223 0.000707 195 0.001135 0.000785 
0.001467 0.001160 0.000655 44 0.001063 0.000733 
0.001460 0.001147 0.000668 43 0.001048 0.000746 
0.001518 0.001248 0.000739 118 0.001164 0.000817


0.001487 0.001195 0.000692 41 0.001103 0.000770


0.001526 0.001261 0.000726 122 0.001179 0.000804 
0.001504 0.001223 0.000707 195 0.001135 0.000785 
0.001518 0.001248 0.000739 118 0.001164 0.000817 
0.001543 0.001292 0.000776 99 0.001215 0.000854 
0.001526 0.001261 0.000726 122 0.001179 0.000804


0.001523 0.001256 0.000737 42 0.001173 0.000815


0.001484 0.001189 0.000633 46 0.001096 0.000711 
0.001515 0.001242 0.000692 196 0.001157 0.000770 
0.001534 0.001276 0.000717 123 0.001197 0.000795 
0.001493 0.001204 0.000625 47 0.001113 0.000703 
0.001484 0.001189 0.000633 46 0.001096 0.000711


0.001506 0.001228 0.000667 43 0.001141 0.000745


0.001526 0.001261 0.000726 122 0.001179 0.000804 
0.001515 0.001242 0.000692 196 0.001157 0.000770 
0.001484 0.001189 0.000633 46 0.001096 0.000711 
0.001475 0.001174 0.000643 45 0.001079 0.000721 
0.001526 0.001261 0.000726 122 0.001179 0.000804


0.001500 0.001216 0.000674 44 0.001128 0.000752


0.001534 0.001276 0.000717 123 0.001197 0.000795 
0.001515 0.001242 0.000692 196 0.001157 0.000770 
0.001526 0.001261 0.000726 122 0.001179 0.000804 
0.001543 0.001292 0.000776 99 0.001215 0.000854 
0.001534 0.001276 0.000717 123 0.001197 0.000795


0.001529 0.001268 0.000728 45 0.001187 0.000806


0.001502 0.001220 0.000618 48 0.001132 0.000696 
0.001527 0.001263 0.000682 197 0.001181 0.000760 
0.001544 0.001293 0.000711 124 0.001216 0.000789 
0.001512 0.001237 0.000613 49 0.001151 0.000691 
0.001502 0.001220 0.000618 48 0.001132 0.000696


0.001521 0.001253 0.000656 46 0.001170 0.000734


0.001534 0.001276 0.000717 123 0.001197 0.000795 
0.001527 0.001263 0.000682 197 0.001181 0.000760 
0.001502 0.001220 0.000618 48 0.001132 0.000696 
0.001493 0.001204 0.000625 47 0.001113 0.000703 
0.001534 0.001276 0.000717 123 0.001197 0.000795


0.001514 0.001241 0.000661 47 0.001156 0.000739


0.001544 0.001293 0.000711 124 0.001216 0.000789 
0.001527 0.001263 0.000682 197 0.001181 0.000760 
0.001534 0.001276 0.000717 123 0.001197 0.000795 
0.001543 0.001292 0.000776 99 0.001215 0.000854 
0.001544 0.001293 0.000711 124 0.001216 0.000789


0.001537 0.001281 0.000722 48 0.001202 0.000800


0.001903 0.001914 0.000782 125 0.001933 0.000860 
0.001953 0.002001 0.000708 244 0.002033 0.000786 
0.001895 0.001901 0.000685 126 0.001918 0.000763 
0.001853 0.001829 0.000801 103 0.001835 0.000879 
0.001903 0.001914 0.000782 125 0.001933 0.000860


0.001901 0.001911 0.000744 50 0.001930 0.000822


0.001967 0.002025 0.000496 62 0.002061 0.000574 
0.002002 0.002086 0.000519 199 0.002131 0.000597 
0.002029 0.002132 0.000515 129 0.002186 0.000593 
0.001985 0.002056 0.000464 63 0.002098 0.000541 
0.001967 0.002025 0.000496 62 0.002061 0.000574


0.001995 0.002075 0.000499 52 0.002119 0.000577


0.002009 0.002098 0.000554 128 0.002146 0.000632 
0.002002 0.002086 0.000519 199 0.002131 0.000597 
0.001967 0.002025 0.000496 62 0.002061 0.000574 
0.001947 0.001991 0.000526 61 0.002022 0.000604 
0.002009 0.002098 0.000554 128 0.002146 0.000632


0.001981 0.002050 0.000524 53 0.002090 0.000602


0.002029 0.002132 0.000515 129 0.002186 0.000593 
0.002002 0.002086 0.000519 199 0.002131 0.000597 
0.002009 0.002098 0.000554 128 0.002146 0.000632 
0.002073 0.002208 0.000567 104 0.002273 0.000645 
0.002029 0.002132 0.000515 129 0.002186 0.000593


0.002028 0.002131 0.000539 54 0.002184 0.000617


0.001786 0.001713 0.000910 132 0.001701 0.000988 
0.001809 0.001751 0.000873 200 0.001745 0.000951 
0.001807 0.001749 0.000805 131 0.001743 0.000883 
0.001762 0.001670 0.000810 98 0.001652 0.000888 
0.001786 0.001713 0.000910 132 0.001701 0.000988


0.001791 0.001721 0.000849 55 0.001710 0.000927


0.001832 0.001792 0.000905 130 0.001792 0.000983 
0.001809 0.001751 0.000873 200 0.001745 0.000951 
0.001786 0.001713 0.000910 132 0.001701 0.000988 
0.001811 0.001755 0.001010 25 0.001750 0.001088 
0.001832 0.001792 0.000905 130 0.001792 0.000983


0.001810 0.001753 0.000924 56 0.001747 0.001002


0.001807 0.001749 0.000805 131 0.001743 0.000883 
0.001809 0.001751 0.000873 200 0.001745 0.000951 
0.001832 0.001792 0.000905 130 0.001792 0.000983 
0.001853 0.001829 0.000801 103 0.001835 0.000879 
0.001807 0.001749 0.000805 131 0.001743 0.000883


0.001825 0.001780 0.000846 57 0.001779 0.000924


0.002029 0.002132 0.000346 66 0.002186 0.000424 
0.002065 0.002196 0.000340 201 0.002259 0.000418 
0.002090 0.002238 0.000316 134 0.002307 0.000394 
0.002039 0.002151 0.000302 67 0.002207 0.000380 
0.002029 0.002132 0.000346 66 0.002186 0.000424


0.002056 0.002179 0.000326 58 0.002240 0.000404


0.002078 0.002218 0.000359 133 0.002284 0.000437 
0.002065 0.002196 0.000340 201 0.002259 0.000418 
0.002029 0.002132 0.000346 66 0.002186 0.000424 
0.002016 0.002110 0.000388 65 0.002160 0.000466 
0.002078 0.002218 0.000359 133 0.002284 0.000437


0.002047 0.002164 0.000358 59 0.002222 0.000436


0.002090 0.002238 0.000316 134 0.002307 0.000394 
0.002065 0.002196 0.000340 201 0.002259 0.000418 
0.002078 0.002218 0.000359 133 0.002284 0.000437 
0.002140 0.002325 0.000331 102 0.002408 0.000409 
0.002090 0.002238 0.000316 134 0.002307 0.000394


0.002093 0.002244 0.000337 60 0.002315 0.000415


0.002044 0.002159 0.000478 136 0.002217 0.000555 
0.002076 0.002215 0.000429 202 0.002281 0.000507 
0.002078 0.002218 0.000359 133 0.002284 0.000437 
0.002016 0.002110 0.000388 65 0.002160 0.000466 
0.002044 0.002159 0.000478 136 0.002217 0.000555


0.002054 0.002176 0.000413 61 0.002235 0.000491


0.002106 0.002267 0.000449 135 0.002341 0.000527 
0.002076 0.002215 0.000429 202 0.002281 0.000507 
0.002044 0.002159 0.000478 136 0.002217 0.000555 
0.002073 0.002208 0.000567 104 0.002273 0.000645 
0.002106 0.002267 0.000449 135 0.002341 0.000527


0.002075 0.002212 0.000481 62 0.002278 0.000558


0.002078 0.002218 0.000359 133 0.002284 0.000437 
0.002076 0.002215 0.000429 202 0.002281 0.000507 
0.002106 0.002267 0.000449 135 0.002341 0.000527 
0.002140 0.002325 0.000331 102 0.002408 0.000409 
0.002078 0.002218 0.000359 133 0.002284 0.000437


0.002100 0.002256 0.000392 63 0.002328 0.000470


0.002183 0.002400 0.000392 138 0.002495 0.000470 
0.002185 0.002403 0.000465 203 0.002497 0.000543 
0.002208 0.002443 0.000534 14 0.002544 0.000612 
0.002227 0.002475 0.000454 13 0.002581 0.000532 
0.002183 0.002400 0.000392 138 0.002495 0.000470


0.002201 0.002430 0.000461 64 0.002529 0.000539


0.002163 0.002364 0.000470 137 0.002453 0.000548 
0.002185 0.002403 0.000465 203 0.002497 0.000543 
0.002183 0.002400 0.000392 138 0.002495 0.000470 
0.002140 0.002325 0.000331 102 0.002408 0.000409 
0.002163 0.002364 0.000470 137 0.002453 0.000548


0.002168 0.002373 0.000415 65 0.002463 0.000493


0.002208 0.002443 0.000534 14 0.002544 0.000612 
0.002185 0.002403 0.000465 203 0.002497 0.000543 
0.002163 0.002364 0.000470 137 0.002453 0.000548 
0.002185 0.002403 0.000610 15 0.002498 0.000688 
0.002208 0.002443 0.000534 14 0.002544 0.000612


0.002185 0.002403 0.000520 66 0.002498 0.000598


0.002159 0.002358 0.000681 16 0.002446 0.000758 
0.002129 0.002307 0.000642 204 0.002387 0.000720 
0.002101 0.002257 0.000656 140 0.002330 0.000734 
0.002129 0.002306 0.000746 17 0.002386 0.000824 
0.002159 0.002358 0.000681 16 0.002446 0.000758


0.002130 0.002307 0.000681 67 0.002387 0.000759


0.002129 0.002306 0.000588 139 0.002386 0.000666 
0.002129 0.002307 0.000642 204 0.002387 0.000720 
0.002159 0.002358 0.000681 16 0.002446 0.000758 
0.002185 0.002403 0.000610 15 0.002498 0.000688 
0.002129 0.002306 0.000588 139 0.002386 0.000666


0.002151 0.002344 0.000630 68 0.002429 0.000708


0.002101 0.002257 0.000656 140 0.002330 0.000734 
0.002129 0.002307 0.000642 204 0.002387 0.000720 
0.002129 0.002306 0.000588 139 0.002386 0.000666 
0.002073 0.002208 0.000567 104 0.002273 0.000645 
0.002101 0.002257 0.000656 140 0.002330 0.000734


0.002108 0.002270 0.000613 69 0.002344 0.000691


0.001855 0.001831 0.000700 141 0.001838 0.000778 
0.001871 0.001860 0.000658 205 0.001870 0.000736 
0.001880 0.001875 0.000588 58 0.001889 0.000666 
0.001857 0.001834 0.000600 57 0.001841 0.000678 
0.001855 0.001831 0.000700 141 0.001838 0.000778


0.001866 0.001850 0.000637 70 0.001860 0.000715


0.001895 0.001901 0.000685 126 0.001918 0.000763 
0.001871 0.001860 0.000658 205 0.001870 0.000736 
0.001855 0.001831 0.000700 141 0.001838 0.000778 
0.001853 0.001829 0.000801 103 0.001835 0.000879 
0.001895 0.001901 0.000685 126 0.001918 0.000763


0.001869 0.001855 0.000711 71 0.001865 0.000789


0.001880 0.001875 0.000588 58 0.001889 0.000666 
0.001871 0.001860 0.000658 205 0.001870 0.000736 
0.001895 0.001901 0.000685 126 0.001918 0.000763 
0.001904 0.001916 0.000572 59 0.001935 0.000650 
0.001880 0.001875 0.000588 58 0.001889 0.000666


0.001888 0.001888 0.000626 72 0.001903 0.000704


0.001876 0.001868 0.000897 143 0.001880 0.000975 
0.001902 0.001913 0.000836 206 0.001932 0.000914 
0.001903 0.001914 0.000782 125 0.001933 0.000860 
0.001853 0.001829 0.000801 103 0.001835 0.000879 
0.001876 0.001868 0.000897 143 0.001880 0.000975


0.001883 0.001881 0.000829 73 0.001895 0.000907


0.001925 0.001952 0.000864 142 0.001977 0.000942 
0.001902 0.001913 0.000836 206 0.001932 0.000914 
0.001876 0.001868 0.000897 143 0.001880 0.000975 
0.001899 0.001907 0.000992 23 0.001926 0.001070 
0.001925 0.001952 0.000864 142 0.001977 0.000942


0.001900 0.001910 0.000897 74 0.001929 0.000975


0.001903 0.001914 0.000782 125 0.001933 0.000860 
0.001902 0.001913 0.000836 206 0.001932 0.000914 
0.001925 0.001952 0.000864 142 0.001977 0.000942 
0.001953 0.002001 0.000708 244 0.002033 0.000786 
0.001903 0.001914 0.000782 125 0.001933 0.000860


0.001920 0.001945 0.000798 75 0.001969 0.000876


0.001970 0.002031 0.000823 144 0.002069 0.000901 
0.001946 0.001990 0.000894 207 0.002021 0.000972 
0.001942 0.001982 0.000971 22 0.002011 0.001049 
0.001983 0.002054 0.000941 21 0.002094 0.001019 
0.001970 0.002031 0.000823 144 0.002069 0.000901


0.001960 0.002014 0.000907 76 0.002049 0.000985


0.001925 0.001952 0.000864 142 0.001977 0.000942 
0.001946 0.001990 0.000894 207 0.002021 0.000972 
0.001970 0.002031 0.000823 144 0.002069 0.000901 
0.001953 0.002001 0.000708 244 0.002033 0.000786 
0.001925 0.001952 0.000864 142 0.001977 0.000942


0.001948 0.001994 0.000823 77 0.002025 0.000901


0.001942 0.001982 0.000971 22 0.002011 0.001049 
0.001946 0.001990 0.000894 207 0.002021 0.000972 
0.001925 0.001952 0.000864 142 0.001977 0.000942 
0.001899 0.001907 0.000992 23 0.001926 0.001070 
0.001942 0.001982 0.000971 22 0.002011 0.001049


0.001928 0.001958 0.000930 78 0.001984 0.001008


0.001967 0.002025 0.000614 146 0.002061 0.000692 
0.001997 0.002077 0.000606 208 0.002121 0.000684 
0.002009 0.002098 0.000554 128 0.002146 0.000632 
0.001947 0.001991 0.000526 61 0.002022 0.000604 
0.001967 0.002025 0.000614 146 0.002061 0.000692


0.001980 0.002048 0.000575 79 0.002088 0.000653


0.002014 0.002106 0.000659 145 0.002155 0.000737 
0.001997 0.002077 0.000606 208 0.002121 0.000684 
0.001967 0.002025 0.000614 146 0.002061 0.000692 
0.001953 0.002001 0.000708 244 0.002033 0.000786 
0.002014 0.002106 0.000659 145 0.002155 0.000737


0.001982 0.002052 0.000647 80 0.002093 0.000725


0.002009 0.002098 0.000554 128 0.002146 0.000632 
0.001997 0.002077 0.000606 208 0.002121 0.000684 
0.002014 0.002106 0.000659 145 0.002155 0.000737 
0.002073 0.002208 0.000567 104 0.002273 0.000645 
0.002009 0.002098 0.000554 128 0.002146 0.000632


0.002023 0.002122 0.000596 81 0.002174 0.000674


0.002101 0.002257 0.000656 140 0.002330 0.000734 
0.002088 0.002235 0.000725 209 0.002304 0.000803 
0.002096 0.002250 0.000805 18 0.002321 0.000883 
0.002129 0.002306 0.000746 17 0.002386 0.000824 
0.002101 0.002257 0.000656 140 0.002330 0.000734


0.002104 0.002262 0.000733 82 0.002335 0.000811


0.002067 0.002198 0.000712 147 0.002262 0.000790 
0.002088 0.002235 0.000725 209 0.002304 0.000803 
0.002101 0.002257 0.000656 140 0.002330 0.000734 
0.002073 0.002208 0.000567 104 0.002273 0.000645 
0.002067 0.002198 0.000712 147 0.002262 0.000790


0.002082 0.002225 0.000665 83 0.002292 0.000743


0.002096 0.002250 0.000805 18 0.002321 0.000883 
0.002088 0.002235 0.000725 209 0.002304 0.000803 
0.002067 0.002198 0.000712 147 0.002262 0.000790 
0.002061 0.002188 0.000858 19 0.002250 0.000936 
0.002096 0.002250 0.000805 18 0.002321 0.000883


0.002078 0.002218 0.000775 84 0.002284 0.000853


0.002023 0.002123 0.000903 20 0.002174 0.000981 
0.002002 0.002087 0.000837 210 0.002133 0.000915 
0.001970 0.002031 0.000823 144 0.002069 0.000901 
0.001983 0.002054 0.000941 21 0.002094 0.001019 
0.002023 0.002123 0.000903 20 0.002174 0.000981


0.001995 0.002074 0.000876 85 0.002118 0.000954


0.002008 0.002097 0.000779 148 0.002145 0.000857 
0.002002 0.002087 0.000837 210 0.002133 0.000915 
0.002023 0.002123 0.000903 20 0.002174 0.000981 
0.002061 0.002188 0.000858 19 0.002250 0.000936 
0.002008 0.002097 0.000779 148 0.002145 0.000857


0.002024 0.002124 0.000844 86 0.002175 0.000922


0.001970 0.002031 0.000823 144 0.002069 0.000901 
0.002002 0.002087 0.000837 210 0.002133 0.000915 
0.002008 0.002097 0.000779 148 0.002145 0.000857 
0.001953 0.002001 0.000708 244 0.002033 0.000786 
0.001970 0.002031 0.000823 144 0.002069 0.000901


0.001983 0.002054 0.000787 87 0.002095 0.000865


0.002097 0.002251 0.000269 150 0.002322 0.000347 
0.002084 0.002229 0.000216 211 0.002297 0.000294 
0.002057 0.002182 0.000159 70 0.002243 0.000237 
0.002054 0.002176 0.000208 69 0.002235 0.000286 
0.002097 0.002251 0.000269 150 0.002322 0.000347


0.002073 0.002209 0.000213 88 0.002274 0.000291


0.002099 0.002255 0.000220 149 0.002327 0.000298 
0.002084 0.002229 0.000216 211 0.002297 0.000294 
0.002097 0.002251 0.000269 150 0.002322 0.000347 
0.002140 0.002325 0.000331 102 0.002408 0.000409 
0.002099 0.002255 0.000220 149 0.002327 0.000298


0.002105 0.002265 0.000259 89 0.002338 0.000337


0.002057 0.002182 0.000159 70 0.002243 0.000237 
0.002084 0.002229 0.000216 211 0.002297 0.000294 
0.002099 0.002255 0.000220 149 0.002327 0.000298 
0.002058 0.002184 0.000110 71 0.002245 0.000187 
0.002057 0.002182 0.000159 70 0.002243 0.000237


0.002075 0.002212 0.000176 90 0.002278 0.000254


0.002242 0.002501 0.000371 12 0.002611 0.000449 
0.002207 0.002441 0.000357 212 0.002542 0.000435 
0.002183 0.002400 0.000392 138 0.002495 0.000470 
0.002227 0.002475 0.000454 13 0.002581 0.000532 
0.002242 0.002501 0.000371 12 0.002611 0.000449


0.002215 0.002455 0.000394 91 0.002557 0.000472


0.002196 0.002423 0.000308 151 0.002521 0.000386 
0.002207 0.002441 0.000357 212 0.002542 0.000435 
0.002242 0.002501 0.000371 12 0.002611 0.000449 
0.002252 0.002520 0.000285 11 0.002633 0.000363 
0.002196 0.002423 0.000308 151 0.002521 0.000386


0.002224 0.002471 0.000330 92 0.002577 0.000408


0.002183 0.002400 0.000392 138 0.002495 0.000470 
0.002207 0.002441 0.000357 212 0.002542 0.000435 
0.002196 0.002423 0.000308 151 0.002521 0.000386 
0.002140 0.002325 0.000331 102 0.002408 0.000409 
0.002183 0.002400 0.000392 138 0.002495 0.000470


0.002182 0.002397 0.000347 93 0.002492 0.000425


0.002150 0.002342 0.000170 154 0.002428 0.000248 
0.002187 0.002407 0.000150 213 0.002502 0.000228 
0.002210 0.002447 0.000060 153 0.002549 0.000137 
0.002160 0.002359 0.000010 97 0.002447 0.000087 
0.002150 0.002342 0.000170 154 0.002428 0.000248


0.002177 0.002389 0.000097 94 0.002482 0.000175


0.002201 0.002430 0.000220 152 0.002529 0.000298 
0.002187 0.002407 0.000150 213 0.002502 0.000228 
0.002150 0.002342 0.000170 154 0.002428 0.000248 
0.002140 0.002325 0.000331 102 0.002408 0.000409 
0.002201 0.002430 0.000220 152 0.002529 0.000298


0.002169 0.002376 0.000218 95 0.002467 0.000296


0.002210 0.002447 0.000060 153 0.002549 0.000137 
0.002187 0.002407 0.000150 213 0.002502 0.000228 
0.002201 0.002430 0.000220 152 0.002529 0.000298 
0.002261 0.002535 0.000110 9 0.002650 0.000187 
0.002210 0.002447 0.000060 153 0.002549 0.000137


0.002215 0.002455 0.000135 96 0.002557 0.000213


0.001876 0.001868 0.000897 143 0.001880 0.000975 
0.001854 0.001831 0.000936 214 0.001837 0.001014 
0.001855 0.001832 0.001005 24 0.001838 0.001083 
0.001899 0.001907 0.000992 23 0.001926 0.001070 
0.001876 0.001868 0.000897 143 0.001880 0.000975


0.001871 0.001859 0.000957 97 0.001870 0.001035


0.001832 0.001792 0.000905 130 0.001792 0.000983 
0.001854 0.001831 0.000936 214 0.001837 0.001014 
0.001876 0.001868 0.000897 143 0.001880 0.000975 
0.001853 0.001829 0.000801 103 0.001835 0.000879 
0.001832 0.001792 0.000905 130 0.001792 0.000983


0.001854 0.001830 0.000885 98 0.001836 0.000963


0.001855 0.001832 0.001005 24 0.001838 0.001083 
0.001854 0.001831 0.000936 214 0.001837 0.001014 
0.001832 0.001792 0.000905 130 0.001792 0.000983 
0.001811 0.001755 0.001010 25 0.001750 0.001088 
0.001855 0.001832 0.001005 24 0.001838 0.001083


0.001838 0.001802 0.000964 99 0.001804 0.001042


0.001739 0.001630 0.000910 157 0.001606 0.000988 
0.001710 0.001580 0.000878 215 0.001547 0.000956 
0.001685 0.001537 0.000912 156 0.001498 0.000990 
0.001716 0.001590 0.001010 27 0.001560 0.001088 
0.001739 0.001630 0.000910 157 0.001606 0.000988


0.001712 0.001584 0.000927 100 0.001553 0.001005


0.001705 0.001572 0.000813 155 0.001539 0.000891 
0.001710 0.001580 0.000878 215 0.001547 0.000956 
0.001739 0.001630 0.000910 157 0.001606 0.000988 
0.001762 0.001670 0.000810 98 0.001652 0.000888 
0.001705 0.001572 0.000813 155 0.001539 0.000891


0.001729 0.001613 0.000853 101 0.001586 0.000931


0.001685 0.001537 0.000912 156 0.001498 0.000990 
0.001710 0.001580 0.000878 215 0.001547 0.000956 
0.001705 0.001572 0.000813 155 0.001539 0.000891 
0.001652 0.001481 0.000817 106 0.001433 0.000895 
0.001685 0.001537 0.000912 156 0.001498 0.000990


0.001688 0.001543 0.000855 102 0.001504 0.000933


0.001739 0.001630 0.000610 54 0.001605 0.000687 
0.001746 0.001643 0.000676 216 0.001621 0.000754 
0.001785 0.001710 0.000710 159 0.001698 0.000788 
0.001808 0.001750 0.000610 55 0.001744 0.000687 
0.001739 0.001630 0.000610 54 0.001605 0.000687


0.001769 0.001683 0.000651 103 0.001667 0.000729


0.001719 0.001596 0.000711 158 0.001566 0.000789 
0.001746 0.001643 0.000676 216 0.001621 0.000754 
0.001739 0.001630 0.000610 54 0.001605 0.000687 
0.001669 0.001510 0.000610 53 0.001467 0.000687 
0.001719 0.001596 0.000711 158 0.001566 0.000789


0.001718 0.001595 0.000652 104 0.001565 0.000730


0.001785 0.001710 0.000710 159 0.001698 0.000788 
0.001746 0.001643 0.000676 216 0.001621 0.000754 
0.001719 0.001596 0.000711 158 0.001566 0.000789 
0.001762 0.001670 0.000810 98 0.001652 0.000888 
0.001785 0.001710 0.000710 159 0.001698 0.000788


0.001753 0.001655 0.000727 105 0.001634 0.000805


0.001573 0.001343 0.001010 30 0.001274 0.001088 
0.001574 0.001345 0.000943 217 0.001276 0.001021 
0.001551 0.001305 0.000910 121 0.001229 0.000988 
0.001525 0.001261 0.001010 31 0.001179 0.001088 
0.001573 0.001343 0.001010 30 0.001274 0.001088


0.001556 0.001313 0.000968 106 0.001240 0.001046


0.001587 0.001367 0.000902 160 0.001301 0.000980 
0.001574 0.001345 0.000943 217 0.001276 0.001021 
0.001573 0.001343 0.001010 30 0.001274 0.001088 
0.001621 0.001426 0.001010 29 0.001369 0.001088 
0.001587 0.001367 0.000902 160 0.001301 0.000980


0.001589 0.001370 0.000966 107 0.001305 0.001044


0.001551 0.001305 0.000910 121 0.001229 0.000988 
0.001574 0.001345 0.000943 217 0.001276 0.001021 
0.001587 0.001367 0.000902 160 0.001301 0.000980 
0.001543 0.001292 0.000776 99 0.001215 0.000854 
0.001551 0.001305 0.000910 121 0.001229 0.000988


0.001564 0.001327 0.000883 108 0.001255 0.000961


0.001614 0.001415 0.000720 163 0.001357 0.000798 
0.001652 0.001481 0.000817 106 0.001433 0.000895 
0.001674 0.001517 0.000725 162 0.001475 0.000803 
0.001669 0.001510 0.000610 53 0.001467 0.000687 
0.001614 0.001415 0.000720 163 0.001357 0.000798


0.001652 0.001481 0.000718 109 0.001433 0.000796


0.001601 0.001392 0.000824 161 0.001331 0.000902 
0.001652 0.001481 0.000817 106 0.001433 0.000895 
0.001614 0.001415 0.000720 163 0.001357 0.000798 
0.001543 0.001292 0.000776 99 0.001215 0.000854 
0.001601 0.001392 0.000824 161 0.001331 0.000902


0.001603 0.001395 0.000784 110 0.001334 0.000862


0.002058 0.002184 -0.000590 78 0.002245 -0.000513 
0.002092 0.002242 -0.000582 219 0.002312 -0.000504 
0.002109 0.002272 -0.000628 112 0.002346 -0.000550 
0.002058 0.002184 -0.000690 79 0.002245 -0.000613 
0.002058 0.002184 -0.000590 78 0.002245 -0.000513


0.002080 0.002221 -0.000623 112 0.002287 -0.000545


0.002109 0.002272 -0.000528 164 0.002346 -0.000450 
0.002092 0.002242 -0.000582 219 0.002312 -0.000504 
0.002058 0.002184 -0.000590 78 0.002245 -0.000513 
0.002058 0.002184 -0.000490 77 0.002245 -0.000413 
0.002109 0.002272 -0.000528 164 0.002346 -0.000450


0.002080 0.002221 -0.000548 113 0.002287 -0.000470


0.002109 0.002272 -0.000628 112 0.002346 -0.000550 
0.002092 0.002242 -0.000582 219 0.002312 -0.000504 
0.002109 0.002272 -0.000528 164 0.002346 -0.000450 
0.002160 0.002359 -0.000565 100 0.002447 -0.000488 
0.002109 0.002272 -0.000628 112 0.002346 -0.000550


0.002118 0.002286 -0.000576 114 0.002363 -0.000498


0.002099 0.002255 0.000220 149 0.002327 0.000298 
0.002119 0.002290 0.000150 220 0.002367 0.000228 
0.002109 0.002272 0.000060 165 0.002346 0.000137 
0.002058 0.002184 0.000110 71 0.002245 0.000187 
0.002099 0.002255 0.000220 149 0.002327 0.000298


0.002097 0.002250 0.000135 115 0.002321 0.000213


0.002150 0.002342 0.000170 154 0.002428 0.000248 
0.002119 0.002290 0.000150 220 0.002367 0.000228 
0.002099 0.002255 0.000220 149 0.002327 0.000298 
0.002140 0.002325 0.000331 102 0.002408 0.000409 
0.002150 0.002342 0.000170 154 0.002428 0.000248


0.002127 0.002303 0.000218 116 0.002382 0.000296


0.002109 0.002272 0.000060 165 0.002346 0.000137 
0.002119 0.002290 0.000150 220 0.002367 0.000228 
0.002150 0.002342 0.000170 154 0.002428 0.000248 
0.002160 0.002359 0.000010 97 0.002447 0.000087 
0.002109 0.002272 0.000060 165 0.002346 0.000137


0.002135 0.002316 0.000097 117 0.002397 0.000175


0.002160 0.002359 -0.000103 168 0.002447 -0.000025 
0.002126 0.002301 -0.000099 221 0.002380 -0.000021 
0.002109 0.002272 -0.000040 167 0.002346 0.000037 
0.002160 0.002359 0.000010 97 0.002447 0.000087 
0.002160 0.002359 -0.000103 168 0.002447 -0.000025


0.002139 0.002323 -0.000058 118 0.002405 0.000020


0.002109 0.002272 -0.000153 166 0.002346 -0.000075 
0.002126 0.002301 -0.000099 221 0.002380 -0.000021 
0.002160 0.002359 -0.000103 168 0.002447 -0.000025 
0.002160 0.002359 -0.000215 101 0.002447 -0.000138 
0.002109 0.002272 -0.000153 166 0.002346 -0.000075


0.002139 0.002323 -0.000143 119 0.002405 -0.000065


0.002109 0.002272 -0.000040 167 0.002346 0.000037 
0.002126 0.002301 -0.000099 221 0.002380 -0.000021 
0.002109 0.002272 -0.000153 166 0.002346 -0.000075 
0.002058 0.002184 -0.000090 73 0.002245 -0.000013 
0.002109 0.002272 -0.000040 167 0.002346 0.000037


0.002101 0.002257 -0.000096 120 0.002329 -0.000018


0.002261 0.002535 -0.000015 8 0.002650 0.000062 
0.002227 0.002476 -0.000007 222 0.002582 0.000071 
0.002210 0.002447 0.000060 153 0.002549 0.000137 
0.002261 0.002535 0.000110 9 0.002650 0.000187 
0.002261 0.002535 -0.000015 8 0.002650 0.000062


0.002240 0.002498 0.000037 121 0.002608 0.000115


0.002210 0.002447 -0.000065 169 0.002549 0.000012 
0.002227 0.002476 -0.000007 222 0.002582 0.000071 
0.002261 0.002535 -0.000015 8 0.002650 0.000062 
0.002261 0.002535 -0.000140 7 0.002650 -0.000063 
0.002210 0.002447 -0.000065 169 0.002549 0.000012


0.002240 0.002498 -0.000057 122 0.002608 0.000021


0.002210 0.002447 0.000060 153 0.002549 0.000137 
0.002227 0.002476 -0.000007 222 0.002582 0.000071 
0.002210 0.002447 -0.000065 169 0.002549 0.000012 
0.002160 0.002359 0.000010 97 0.002447 0.000087 
0.002210 0.002447 0.000060 153 0.002549 0.000137


0.002202 0.002432 -0.000001 123 0.002532 0.000077


0.002109 0.002272 -0.000253 172 0.002346 -0.000175 
0.002126 0.002301 -0.000357 223 0.002380 -0.000279 
0.002109 0.002272 -0.000428 171 0.002346 -0.000350 
0.002058 0.002184 -0.000290 75 0.002245 -0.000213 
0.002109 0.002272 -0.000253 172 0.002346 -0.000175


0.002101 0.002257 -0.000332 124 0.002329 -0.000254


0.002160 0.002359 -0.000390 170 0.002447 -0.000313 
0.002126 0.002301 -0.000357 223 0.002380 -0.000279 
0.002109 0.002272 -0.000253 172 0.002346 -0.000175 
0.002160 0.002359 -0.000215 101 0.002447 -0.000138 
0.002160 0.002359 -0.000390 170 0.002447 -0.000313


0.002139 0.002323 -0.000304 125 0.002405 -0.000226


0.002109 0.002272 -0.000428 171 0.002346 -0.000350 
0.002126 0.002301 -0.000357 223 0.002380 -0.000279 
0.002160 0.002359 -0.000390 170 0.002447 -0.000313 
0.002160 0.002359 -0.000565 100 0.002447 -0.000488 
0.002109 0.002272 -0.000428 171 0.002346 -0.000350


0.002139 0.002323 -0.000435 126 0.002405 -0.000357


0.002058 0.002184 -0.000390 76 0.002245 -0.000313 
0.002092 0.002242 -0.000449 224 0.002312 -0.000371 
0.002109 0.002272 -0.000528 164 0.002346 -0.000450 
0.002058 0.002184 -0.000490 77 0.002245 -0.000413 
0.002058 0.002184 -0.000390 76 0.002245 -0.000313


0.002080 0.002221 -0.000464 127 0.002287 -0.000386


0.002109 0.002272 -0.000428 171 0.002346 -0.000350 
0.002092 0.002242 -0.000449 224 0.002312 -0.000371 
0.002058 0.002184 -0.000390 76 0.002245 -0.000313 
0.002058 0.002184 -0.000290 75 0.002245 -0.000213 
0.002109 0.002272 -0.000428 171 0.002346 -0.000350


0.002080 0.002221 -0.000389 128 0.002287 -0.000311


0.002109 0.002272 -0.000528 164 0.002346 -0.000450 
0.002092 0.002242 -0.000449 224 0.002312 -0.000371 
0.002109 0.002272 -0.000428 171 0.002346 -0.000350 
0.002160 0.002359 -0.000565 100 0.002447 -0.000488 
0.002109 0.002272 -0.000528 164 0.002346 -0.000450


0.002118 0.002286 -0.000493 129 0.002363 -0.000415


0.002210 0.002447 -0.000478 174 0.002549 -0.000400 
0.002193 0.002418 -0.000390 225 0.002515 -0.000313 
0.002210 0.002447 -0.000303 173 0.002549 -0.000225 
0.002261 0.002535 -0.000390 5 0.002650 -0.000313 
0.002210 0.002447 -0.000478 174 0.002549 -0.000400


0.002219 0.002462 -0.000390 130 0.002566 -0.000313


0.002160 0.002359 -0.000390 170 0.002447 -0.000313 
0.002193 0.002418 -0.000390 225 0.002515 -0.000313 
0.002210 0.002447 -0.000478 174 0.002549 -0.000400 
0.002160 0.002359 -0.000565 100 0.002447 -0.000488 
0.002160 0.002359 -0.000390 170 0.002447 -0.000313


0.002181 0.002396 -0.000456 131 0.002490 -0.000378


0.002210 0.002447 -0.000303 173 0.002549 -0.000225 
0.002193 0.002418 -0.000390 225 0.002515 -0.000313 
0.002160 0.002359 -0.000390 170 0.002447 -0.000313 
0.002160 0.002359 -0.000215 101 0.002447 -0.000138 
0.002210 0.002447 -0.000303 173 0.002549 -0.000225


0.002181 0.002396 -0.000325 132 0.002490 -0.000247


0.002210 0.002446 -0.000765 175 0.002548 -0.000688 
0.002227 0.002476 -0.000807 226 0.002582 -0.000729 
0.002210 0.002446 -0.000890 96 0.002548 -0.000813 
0.002159 0.002358 -0.000890 95 0.002445 -0.000813 
0.002210 0.002446 -0.000765 175 0.002548 -0.000688


0.002201 0.002431 -0.000838 133 0.002531 -0.000760


0.002261 0.002535 -0.000765 2 0.002650 -0.000688 
0.002227 0.002476 -0.000807 226 0.002582 -0.000729 
0.002210 0.002446 -0.000765 175 0.002548 -0.000688 
0.002261 0.002535 -0.000640 3 0.002650 -0.000563 
0.002261 0.002535 -0.000765 2 0.002650 -0.000688


0.002240 0.002498 -0.000745 134 0.002607 -0.000667


0.002210 0.002446 -0.000890 96 0.002548 -0.000813 
0.002227 0.002476 -0.000807 226 0.002582 -0.000729 
0.002261 0.002535 -0.000765 2 0.002650 -0.000688 
0.002261 0.002535 -0.000890 1 0.002650 -0.000813 
0.002210 0.002446 -0.000890 96 0.002548 -0.000813


0.002240 0.002498 -0.000838 135 0.002607 -0.000760


0.002149 0.002341 -0.000726 115 0.002427 -0.000648 
0.002152 0.002347 -0.000781 227 0.002433 -0.000703 
0.002149 0.002340 -0.000889 94 0.002426 -0.000812 
0.002139 0.002324 -0.000887 93 0.002406 -0.000809 
0.002149 0.002341 -0.000726 115 0.002427 -0.000648


0.002147 0.002338 -0.000821 136 0.002423 -0.000743


0.002159 0.002358 -0.000728 176 0.002446 -0.000650 
0.002152 0.002347 -0.000781 227 0.002433 -0.000703 
0.002149 0.002341 -0.000726 115 0.002427 -0.000648 
0.002160 0.002359 -0.000565 100 0.002447 -0.000488 
0.002159 0.002358 -0.000728 176 0.002446 -0.000650


0.002155 0.002352 -0.000700 137 0.002438 -0.000622


0.002149 0.002340 -0.000889 94 0.002426 -0.000812 
0.002152 0.002347 -0.000781 227 0.002433 -0.000703 
0.002159 0.002358 -0.000728 176 0.002446 -0.000650 
0.002159 0.002358 -0.000890 95 0.002445 -0.000813 
0.002149 0.002340 -0.000889 94 0.002426 -0.000812


0.002155 0.002351 -0.000822 138 0.002438 -0.000744


0.002058 0.002184 0.000010 72 0.002245 0.000087 
0.002092 0.002242 0.000010 228 0.002312 0.000087 
0.002109 0.002272 -0.000040 167 0.002346 0.000037 
0.002058 0.002184 -0.000090 73 0.002245 -0.000013 
0.002058 0.002184 0.000010 72 0.002245 0.000087


0.002080 0.002221 -0.000028 139 0.002287 0.000050


0.002109 0.002272 0.000060 165 0.002346 0.000137 
0.002092 0.002242 0.000010 228 0.002312 0.000087 
0.002058 0.002184 0.000010 72 0.002245 0.000087 
0.002058 0.002184 0.000110 71 0.002245 0.000187 
0.002109 0.002272 0.000060 165 0.002346 0.000137


0.002080 0.002221 0.000047 140 0.002287 0.000125


0.002109 0.002272 -0.000040 167 0.002346 0.000037 
0.002092 0.002242 0.000010 228 0.002312 0.000087 
0.002109 0.002272 0.000060 165 0.002346 0.000137 
0.002160 0.002359 0.000010 97 0.002447 0.000087 
0.002109 0.002272 -0.000040 167 0.002346 0.000037


0.002118 0.002286 0.000010 141 0.002363 0.000087


0.002058 0.002184 -0.000190 74 0.002245 -0.000113 
0.002092 0.002242 -0.000199 229 0.002312 -0.000121 
0.002109 0.002272 -0.000253 172 0.002346 -0.000175 
0.002058 0.002184 -0.000290 75 0.002245 -0.000213 
0.002058 0.002184 -0.000190 74 0.002245 -0.000113


0.002080 0.002221 -0.000233 142 0.002287 -0.000155


0.002109 0.002272 -0.000153 166 0.002346 -0.000075 
0.002092 0.002242 -0.000199 229 0.002312 -0.000121 
0.002058 0.002184 -0.000190 74 0.002245 -0.000113 
0.002058 0.002184 -0.000090 73 0.002245 -0.000013 
0.002109 0.002272 -0.000153 166 0.002346 -0.000075


0.002080 0.002221 -0.000158 143 0.002287 -0.000080


0.002109 0.002272 -0.000253 172 0.002346 -0.000175 
0.002092 0.002242 -0.000199 229 0.002312 -0.000121 
0.002109 0.002272 -0.000153 166 0.002346 -0.000075 
0.002160 0.002359 -0.000215 101 0.002447 -0.000138 
0.002109 0.002272 -0.000253 172 0.002346 -0.000175


0.002118 0.002286 -0.000205 144 0.002363 -0.000127


0.001763 0.001673 0.001010 26 0.001655 0.001088 
0.001763 0.001672 0.000943 230 0.001654 0.001021 
0.001739 0.001630 0.000910 157 0.001606 0.000988 
0.001716 0.001590 0.001010 27 0.001560 0.001088 
0.001763 0.001673 0.001010 26 0.001655 0.001088


0.001745 0.001641 0.000968 145 0.001618 0.001046


0.001786 0.001713 0.000910 132 0.001701 0.000988 
0.001763 0.001672 0.000943 230 0.001654 0.001021 
0.001763 0.001673 0.001010 26 0.001655 0.001088 
0.001811 0.001755 0.001010 25 0.001750 0.001088 
0.001786 0.001713 0.000910 132 0.001701 0.000988


0.001781 0.001703 0.000968 146 0.001690 0.001046


0.001739 0.001630 0.000910 157 0.001606 0.000988 
0.001763 0.001672 0.000943 230 0.001654 0.001021 
0.001786 0.001713 0.000910 132 0.001701 0.000988 
0.001762 0.001670 0.000810 98 0.001652 0.000888 
0.001739 0.001630 0.000910 157 0.001606 0.000988


0.001762 0.001671 0.000893 147 0.001653 0.000971


0.001674 0.001517 0.000725 162 0.001475 0.000803 
0.001699 0.001562 0.000750 231 0.001526 0.000828 
0.001719 0.001596 0.000711 158 0.001566 0.000789 
0.001669 0.001510 0.000610 53 0.001467 0.000687 
0.001674 0.001517 0.000725 162 0.001475 0.000803


0.001690 0.001546 0.000699 148 0.001509 0.000777


0.001705 0.001572 0.000813 155 0.001539 0.000891 
0.001699 0.001562 0.000750 231 0.001526 0.000828 
0.001674 0.001517 0.000725 162 0.001475 0.000803 
0.001652 0.001481 0.000817 106 0.001433 0.000895 
0.001705 0.001572 0.000813 155 0.001539 0.000891


0.001683 0.001533 0.000776 149 0.001493 0.000854


0.001719 0.001596 0.000711 158 0.001566 0.000789 
0.001699 0.001562 0.000750 231 0.001526 0.000828 
0.001705 0.001572 0.000813 155 0.001539 0.000891 
0.001762 0.001670 0.000810 98 0.001652 0.000888 
0.001719 0.001596 0.000711 158 0.001566 0.000789


0.001721 0.001600 0.000771 150 0.001571 0.000849


0.001521 0.001254 0.000611 50 0.001171 0.000688 
0.001540 0.001285 0.000677 232 0.001207 0.000755 
0.001554 0.001310 0.000710 177 0.001235 0.000788 
0.001531 0.001271 0.000610 51 0.001191 0.000687 
0.001521 0.001254 0.000611 50 0.001171 0.000688


0.001536 0.001280 0.000652 151 0.001201 0.000730


0.001544 0.001293 0.000711 124 0.001216 0.000789 
0.001540 0.001285 0.000677 232 0.001207 0.000755 
0.001521 0.001254 0.000611 50 0.001171 0.000688 
0.001512 0.001237 0.000613 49 0.001151 0.000691 
0.001544 0.001293 0.000711 124 0.001216 0.000789


0.001529 0.001267 0.000653 152 0.001186 0.000731


0.001554 0.001310 0.000710 177 0.001235 0.000788 
0.001540 0.001285 0.000677 232 0.001207 0.000755 
0.001544 0.001293 0.000711 124 0.001216 0.000789 
0.001543 0.001292 0.000776 99 0.001215 0.000854 
0.001554 0.001310 0.000710 177 0.001235 0.000788


0.001545 0.001295 0.000719 153 0.001218 0.000797


0.001600 0.001391 0.000610 52 0.001329 0.000687 
0.001592 0.001376 0.000676 233 0.001313 0.000754 
0.001614 0.001415 0.000720 163 0.001357 0.000798 
0.001669 0.001510 0.000610 53 0.001467 0.000687 
0.001600 0.001391 0.000610 52 0.001329 0.000687


0.001619 0.001423 0.000654 154 0.001366 0.000732


0.001554 0.001310 0.000710 177 0.001235 0.000788 
0.001592 0.001376 0.000676 233 0.001313 0.000754 
0.001600 0.001391 0.000610 52 0.001329 0.000687 
0.001531 0.001271 0.000610 51 0.001191 0.000687 
0.001554 0.001310 0.000710 177 0.001235 0.000788


0.001569 0.001337 0.000651 155 0.001267 0.000729


0.001614 0.001415 0.000720 163 0.001357 0.000798 
0.001592 0.001376 0.000676 233 0.001313 0.000754 
0.001554 0.001310 0.000710 177 0.001235 0.000788 
0.001543 0.001292 0.000776 99 0.001215 0.000854 
0.001614 0.001415 0.000720 163 0.001357 0.000798


0.001576 0.001348 0.000720 156 0.001280 0.000798


0.002210 0.002446 -0.000765 175 0.002548 -0.000688 
0.002193 0.002417 -0.000699 234 0.002514 -0.000621 
0.002210 0.002447 -0.000603 178 0.002549 -0.000525 
0.002261 0.002535 -0.000640 3 0.002650 -0.000563 
0.002210 0.002446 -0.000765 175 0.002548 -0.000688


0.002219 0.002461 -0.000677 157 0.002565 -0.000599


0.002159 0.002358 -0.000728 176 0.002446 -0.000650 
0.002193 0.002417 -0.000699 234 0.002514 -0.000621 
0.002210 0.002446 -0.000765 175 0.002548 -0.000688 
0.002159 0.002358 -0.000890 95 0.002445 -0.000813 
0.002159 0.002358 -0.000728 176 0.002446 -0.000650


0.002180 0.002395 -0.000771 158 0.002488 -0.000693


0.002210 0.002447 -0.000603 178 0.002549 -0.000525 
0.002193 0.002417 -0.000699 234 0.002514 -0.000621 
0.002159 0.002358 -0.000728 176 0.002446 -0.000650 
0.002160 0.002359 -0.000565 100 0.002447 -0.000488 
0.002210 0.002447 -0.000603 178 0.002549 -0.000525


0.002181 0.002396 -0.000649 159 0.002489 -0.000571


0.002261 0.002535 -0.000515 4 0.002650 -0.000438 
0.002227 0.002476 -0.000532 235 0.002582 -0.000454 
0.002210 0.002447 -0.000478 174 0.002549 -0.000400 
0.002261 0.002535 -0.000390 5 0.002650 -0.000313 
0.002261 0.002535 -0.000515 4 0.002650 -0.000438


0.002240 0.002498 -0.000479 160 0.002608 -0.000401


0.002210 0.002447 -0.000603 178 0.002549 -0.000525 
0.002227 0.002476 -0.000532 235 0.002582 -0.000454 
0.002261 0.002535 -0.000515 4 0.002650 -0.000438 
0.002261 0.002535 -0.000640 3 0.002650 -0.000563 
0.002210 0.002447 -0.000603 178 0.002549 -0.000525


0.002240 0.002498 -0.000573 161 0.002608 -0.000495


0.002210 0.002447 -0.000478 174 0.002549 -0.000400 
0.002227 0.002476 -0.000532 235 0.002582 -0.000454 
0.002210 0.002447 -0.000603 178 0.002549 -0.000525 
0.002160 0.002359 -0.000565 100 0.002447 -0.000488 
0.002210 0.002447 -0.000478 174 0.002549 -0.000400


0.002202 0.002432 -0.000545 162 0.002532 -0.000467


0.002261 0.002535 -0.000265 6 0.002650 -0.000188 
0.002227 0.002476 -0.000249 236 0.002582 -0.000171 
0.002210 0.002447 -0.000178 179 0.002549 -0.000100 
0.002261 0.002535 -0.000140 7 0.002650 -0.000063 
0.002261 0.002535 -0.000265 6 0.002650 -0.000188


0.002240 0.002498 -0.000208 163 0.002608 -0.000130


0.002210 0.002447 -0.000303 173 0.002549 -0.000225 
0.002227 0.002476 -0.000249 236 0.002582 -0.000171 
0.002261 0.002535 -0.000265 6 0.002650 -0.000188 
0.002261 0.002535 -0.000390 5 0.002650 -0.000313 
0.002210 0.002447 -0.000303 173 0.002549 -0.000225


0.002240 0.002498 -0.000302 164 0.002608 -0.000224


0.002210 0.002447 -0.000178 179 0.002549 -0.000100 
0.002227 0.002476 -0.000249 236 0.002582 -0.000171 
0.002210 0.002447 -0.000303 173 0.002549 -0.000225 
0.002160 0.002359 -0.000215 101 0.002447 -0.000138 
0.002210 0.002447 -0.000178 179 0.002549 -0.000100


0.002202 0.002432 -0.000236 165 0.002532 -0.000158


0.002210 0.002447 -0.000065 169 0.002549 0.000012 
0.002193 0.002418 -0.000115 237 0.002515 -0.000038 
0.002160 0.002359 -0.000103 168 0.002447 -0.000025 
0.002160 0.002359 0.000010 97 0.002447 0.000087 
0.002210 0.002447 -0.000065 169 0.002549 0.000012


0.002181 0.002396 -0.000069 166 0.002490 0.000009


0.002210 0.002447 -0.000178 179 0.002549 -0.000100 
0.002193 0.002418 -0.000115 237 0.002515 -0.000038 
0.002210 0.002447 -0.000065 169 0.002549 0.000012 
0.002261 0.002535 -0.000140 7 0.002650 -0.000063 
0.002210 0.002447 -0.000178 179 0.002549 -0.000100


0.002219 0.002462 -0.000125 167 0.002566 -0.000047


0.002160 0.002359 -0.000103 168 0.002447 -0.000025 
0.002193 0.002418 -0.000115 237 0.002515 -0.000038 
0.002210 0.002447 -0.000178 179 0.002549 -0.000100 
0.002160 0.002359 -0.000215 101 0.002447 -0.000138 
0.002160 0.002359 -0.000103 168 0.002447 -0.000025


0.002181 0.002396 -0.000153 168 0.002490 -0.000075


0.002048 0.002165 0.000256 68 0.002223 0.000333 
0.002078 0.002218 0.000280 238 0.002284 0.000358 
0.002097 0.002251 0.000269 150 0.002322 0.000347 
0.002054 0.002176 0.000208 69 0.002235 0.000286 
0.002048 0.002165 0.000256 68 0.002223 0.000333


0.002069 0.002202 0.000253 169 0.002266 0.000331


0.002090 0.002238 0.000316 134 0.002307 0.000394 
0.002078 0.002218 0.000280 238 0.002284 0.000358 
0.002048 0.002165 0.000256 68 0.002223 0.000333 
0.002039 0.002151 0.000302 67 0.002207 0.000380 
0.002090 0.002238 0.000316 134 0.002307 0.000394


0.002064 0.002193 0.000288 170 0.002255 0.000366


0.002097 0.002251 0.000269 150 0.002322 0.000347 
0.002078 0.002218 0.000280 238 0.002284 0.000358 
0.002090 0.002238 0.000316 134 0.002307 0.000394 
0.002140 0.002325 0.000331 102 0.002408 0.000409 
0.002097 0.002251 0.000269 150 0.002322 0.000347


0.002101 0.002258 0.000299 171 0.002330 0.000377


0.002259 0.002531 0.000198 10 0.002646 0.000276 
0.002219 0.002461 0.000242 239 0.002565 0.000320 
0.002196 0.002423 0.000308 151 0.002521 0.000386 
0.002252 0.002520 0.000285 11 0.002633 0.000363 
0.002259 0.002531 0.000198 10 0.002646 0.000276


0.002231 0.002484 0.000258 172 0.002591 0.000336


0.002201 0.002430 0.000220 152 0.002529 0.000298 
0.002219 0.002461 0.000242 239 0.002565 0.000320 
0.002259 0.002531 0.000198 10 0.002646 0.000276 
0.002261 0.002535 0.000110 9 0.002650 0.000187 
0.002201 0.002430 0.000220 152 0.002529 0.000298


0.002235 0.002489 0.000192 173 0.002597 0.000270


0.002196 0.002423 0.000308 151 0.002521 0.000386 
0.002219 0.002461 0.000242 239 0.002565 0.000320 
0.002201 0.002430 0.000220 152 0.002529 0.000298 
0.002140 0.002325 0.000331 102 0.002408 0.000409 
0.002196 0.002423 0.000308 151 0.002521 0.000386


0.002189 0.002410 0.000275 174 0.002506 0.000353


0.001785 0.001710 0.000710 159 0.001698 0.000788 
0.001808 0.001749 0.000740 240 0.001743 0.000818 
0.001830 0.001789 0.000705 180 0.001789 0.000783 
0.001808 0.001750 0.000610 55 0.001744 0.000687 
0.001785 0.001710 0.000710 159 0.001698 0.000788


0.001808 0.001750 0.000691 175 0.001743 0.000769


0.001807 0.001749 0.000805 131 0.001743 0.000883 
0.001808 0.001749 0.000740 240 0.001743 0.000818 
0.001785 0.001710 0.000710 159 0.001698 0.000788 
0.001762 0.001670 0.000810 98 0.001652 0.000888 
0.001807 0.001749 0.000805 131 0.001743 0.000883


0.001790 0.001720 0.000766 176 0.001709 0.000844


0.001830 0.001789 0.000705 180 0.001789 0.000783 
0.001808 0.001749 0.000740 240 0.001743 0.000818 
0.001807 0.001749 0.000805 131 0.001743 0.000883 
0.001853 0.001829 0.000801 103 0.001835 0.000879 
0.001830 0.001789 0.000705 180 0.001789 0.000783


0.001825 0.001779 0.000763 177 0.001777 0.000841


0.001832 0.001792 0.000607 56 0.001793 0.000685 
0.001839 0.001804 0.000671 241 0.001807 0.000749 
0.001855 0.001831 0.000700 141 0.001838 0.000778 
0.001857 0.001834 0.000600 57 0.001841 0.000678 
0.001832 0.001792 0.000607 56 0.001793 0.000685


0.001846 0.001816 0.000645 178 0.001820 0.000723


0.001830 0.001789 0.000705 180 0.001789 0.000783 
0.001839 0.001804 0.000671 241 0.001807 0.000749 
0.001832 0.001792 0.000607 56 0.001793 0.000685 
0.001808 0.001750 0.000610 55 0.001744 0.000687 
0.001830 0.001789 0.000705 180 0.001789 0.000783


0.001827 0.001784 0.000648 179 0.001783 0.000726


0.001855 0.001831 0.000700 141 0.001838 0.000778 
0.001839 0.001804 0.000671 241 0.001807 0.000749 
0.001830 0.001789 0.000705 180 0.001789 0.000783 
0.001853 0.001829 0.000801 103 0.001835 0.000879 
0.001855 0.001831 0.000700 141 0.001838 0.000778


0.001844 0.001813 0.000719 180 0.001817 0.000797


0.002001 0.002085 0.000427 64 0.002131 0.000505 
0.002025 0.002126 0.000473 242 0.002178 0.000551 
0.002044 0.002159 0.000478 136 0.002217 0.000555 
0.002016 0.002110 0.000388 65 0.002160 0.000466 
0.002001 0.002085 0.000427 64 0.002131 0.000505


0.002022 0.002120 0.000442 181 0.002171 0.000520


0.002029 0.002132 0.000515 129 0.002186 0.000593 
0.002025 0.002126 0.000473 242 0.002178 0.000551 
0.002001 0.002085 0.000427 64 0.002131 0.000505 
0.001985 0.002056 0.000464 63 0.002098 0.000541 
0.002029 0.002132 0.000515 129 0.002186 0.000593


0.002010 0.002100 0.000470 182 0.002148 0.000548


0.002044 0.002159 0.000478 136 0.002217 0.000555 
0.002025 0.002126 0.000473 242 0.002178 0.000551 
0.002029 0.002132 0.000515 129 0.002186 0.000593 
0.002073 0.002208 0.000567 104 0.002273 0.000645 
0.002044 0.002159 0.000478 136 0.002217 0.000555


0.002043 0.002156 0.000508 183 0.002213 0.000586


0.002163 0.002364 0.000470 137 0.002453 0.000548 
0.002133 0.002312 0.000502 243 0.002393 0.000580 
0.002129 0.002306 0.000588 139 0.002386 0.000666 
0.002185 0.002403 0.000610 15 0.002498 0.000688 
0.002163 0.002364 0.000470 137 0.002453 0.000548


0.002152 0.002347 0.000543 184 0.002433 0.000621


0.002106 0.002267 0.000449 135 0.002341 0.000527 
0.002133 0.002312 0.000502 243 0.002393 0.000580 
0.002163 0.002364 0.000470 137 0.002453 0.000548 
0.002140 0.002325 0.000331 102 0.002408 0.000409 
0.002106 0.002267 0.000449 135 0.002341 0.000527


0.002135 0.002317 0.000438 185 0.002399 0.000516


0.002129 0.002306 0.000588 139 0.002386 0.000666 
0.002133 0.002312 0.000502 243 0.002393 0.000580 
0.002106 0.002267 0.000449 135 0.002341 0.000527 
0.002073 0.002208 0.000567 104 0.002273 0.000645 
0.002129 0.002306 0.000588 139 0.002386 0.000666


0.002110 0.002273 0.000527 186 0.002348 0.000605


0.001926 0.001954 0.000551 60 0.001980 0.000629 
0.001953 0.002001 0.000708 244 0.002033 0.000786 
0.001967 0.002025 0.000614 146 0.002061 0.000692 
0.001947 0.001991 0.000526 61 0.002022 0.000604 
0.001926 0.001954 0.000551 60 0.001980 0.000629


0.001948 0.001993 0.000600 187 0.002024 0.000678


0.001895 0.001901 0.000685 126 0.001918 0.000763 
0.001953 0.002001 0.000708 244 0.002033 0.000786 
0.001926 0.001954 0.000551 60 0.001980 0.000629 
0.001904 0.001916 0.000572 59 0.001935 0.000650 
0.001895 0.001901 0.000685 126 0.001918 0.000763


0.001919 0.001943 0.000629 188 0.001967 0.000707


0.002067 0.002198 0.000712 147 0.002262 0.000790 
0.002030 0.002134 0.000717 245 0.002187 0.000795 
0.002008 0.002097 0.000779 148 0.002145 0.000857 
0.002061 0.002188 0.000858 19 0.002250 0.000936 
0.002067 0.002198 0.000712 147 0.002262 0.000790


0.002041 0.002154 0.000766 190 0.002211 0.000844


0.002014 0.002106 0.000659 145 0.002155 0.000737 
0.002030 0.002134 0.000717 245 0.002187 0.000795 
0.002067 0.002198 0.000712 147 0.002262 0.000790 
0.002073 0.002208 0.000567 104 0.002273 0.000645 
0.002014 0.002106 0.000659 145 0.002155 0.000737


0.002046 0.002162 0.000664 191 0.002219 0.000742


0.002008 0.002097 0.000779 148 0.002145 0.000857 
0.002030 0.002134 0.000717 245 0.002187 0.000795 
0.002014 0.002106 0.000659 145 0.002155 0.000737 
0.001953 0.002001 0.000708 244 0.002033 0.000786 
0.002008 0.002097 0.000779 148 0.002145 0.000857


0.002001 0.002084 0.000716 192 0.002130 0.000794


0.001668 0.001508 0.001010 28 0.001465 0.001088 
0.001663 0.001499 0.000945 246 0.001454 0.001022 
0.001636 0.001452 0.000913 181 0.001400 0.000991 
0.001621 0.001426 0.001010 29 0.001369 0.001088 
0.001668 0.001508 0.001010 28 0.001465 0.001088


0.001647 0.001471 0.000969 193 0.001422 0.001047


0.001685 0.001537 0.000912 156 0.001498 0.000990 
0.001663 0.001499 0.000945 246 0.001454 0.001022 
0.001668 0.001508 0.001010 28 0.001465 0.001088 
0.001716 0.001590 0.001010 27 0.001560 0.001088 
0.001685 0.001537 0.000912 156 0.001498 0.000990


0.001683 0.001534 0.000969 194 0.001494 0.001047


0.001636 0.001452 0.000913 181 0.001400 0.000991 
0.001663 0.001499 0.000945 246 0.001454 0.001022 
0.001685 0.001537 0.000912 156 0.001498 0.000990 
0.001652 0.001481 0.000817 106 0.001433 0.000895 
0.001636 0.001452 0.000913 181 0.001400 0.000991


0.001659 0.001492 0.000897 195 0.001446 0.000974


0.001587 0.001367 0.000902 160 0.001301 0.000980 
0.001608 0.001404 0.000880 247 0.001345 0.000958 
0.001601 0.001392 0.000824 161 0.001331 0.000902 
0.001543 0.001292 0.000776 99 0.001215 0.000854 
0.001587 0.001367 0.000902 160 0.001301 0.000980


0.001585 0.001364 0.000846 196 0.001298 0.000924


0.001636 0.001452 0.000913 181 0.001400 0.000991 
0.001608 0.001404 0.000880 247 0.001345 0.000958 
0.001587 0.001367 0.000902 160 0.001301 0.000980 
0.001621 0.001426 0.001010 29 0.001369 0.001088 
0.001636 0.001452 0.000913 181 0.001400 0.000991


0.001613 0.001412 0.000926 197 0.001354 0.001004


0.001601 0.001392 0.000824 161 0.001331 0.000902 
0.001608 0.001404 0.000880 247 0.001345 0.000958 
0.001636 0.001452 0.000913 181 0.001400 0.000991 
0.001652 0.001481 0.000817 106 0.001433 0.000895 
0.001601 0.001392 0.000824 161 0.001331 0.000902


0.001624 0.001432 0.000859 198 0.001377 0.000936


