0.000790 -0.000796 0.000810 64 0.383101 -0.000175 
0.000760 -0.000787 0.000876 240 0.352015 -0.000108 
0.000701 -0.000766 0.000910 62 0.289843 -0.000075 
0.000701 -0.000766 0.000810 63 0.289843 -0.000175 
0.000790 -0.000796 0.000810 64 0.383101 -0.000175


0.000738 -0.000780 0.000851 1 0.328698 -0.000133


0.000790 -0.000796 0.000910 144 0.383101 -0.000075 
0.000760 -0.000787 0.000876 240 0.352015 -0.000108 
0.000790 -0.000796 0.000810 64 0.383101 -0.000175 
0.000880 -0.000818 0.000810 65 0.476359 -0.000175 
0.000790 -0.000796 0.000910 144 0.383101 -0.000075


0.000805 -0.000801 0.000851 2 0.398629 -0.000133


0.000701 -0.000766 0.000910 62 0.289843 -0.000075 
0.000760 -0.000787 0.000876 240 0.352015 -0.000108 
0.000790 -0.000796 0.000910 144 0.383101 -0.000075 
0.000701 -0.000766 0.001010 61 0.289843 0.000025 
0.000701 -0.000766 0.000910 62 0.289843 -0.000075


0.000738 -0.000780 0.000926 3 0.328698 -0.000058


0.001292 -0.000809 0.001083 147 0.890966 0.000099 
0.001341 -0.000797 0.001073 241 0.941800 0.000089 
0.001368 -0.000789 0.001098 146 0.969752 0.000114 
0.001324 -0.000801 0.001175 133 0.923923 0.000191 
0.001292 -0.000809 0.001083 147 0.890966 0.000099


0.001331 -0.000799 0.001108 4 0.931611 0.000123


0.001362 -0.000790 0.001038 145 0.963788 0.000054 
0.001341 -0.000797 0.001073 241 0.941800 0.000089 
0.001292 -0.000809 0.001083 147 0.890966 0.000099 
0.001281 -0.000812 0.000997 143 0.880020 0.000013 
0.001362 -0.000790 0.001038 145 0.963788 0.000054


0.001319 -0.000803 0.001048 5 0.919143 0.000063


0.001368 -0.000789 0.001098 146 0.969752 0.000114 
0.001341 -0.000797 0.001073 241 0.941800 0.000089 
0.001362 -0.000790 0.001038 145 0.963788 0.000054 
0.001437 -0.000764 0.001048 77 1.043627 0.000063 
0.001368 -0.000789 0.001098 146 0.969752 0.000114


0.001377 -0.000785 0.001064 6 0.979733 0.000080


0.001774 -0.000542 0.000810 110 1.449120 -0.000175 
0.001747 -0.000568 0.000876 242 1.411760 -0.000108 
0.001690 -0.000616 0.000910 108 1.337041 -0.000075 
0.001690 -0.000616 0.000810 109 1.337041 -0.000175 
0.001774 -0.000542 0.000810 110 1.449120 -0.000175


0.001726 -0.000586 0.000851 7 1.383736 -0.000133


0.001774 -0.000542 0.000910 148 1.449120 -0.000075 
0.001747 -0.000568 0.000876 242 1.411760 -0.000108 
0.001774 -0.000542 0.000810 110 1.449120 -0.000175 
0.001848 -0.000458 0.000810 111 1.561198 -0.000175 
0.001774 -0.000542 0.000910 148 1.449120 -0.000075


0.001787 -0.000528 0.000851 8 1.467773 -0.000133


0.001690 -0.000616 0.000910 108 1.337041 -0.000075 
0.001747 -0.000568 0.000876 242 1.411760 -0.000108 
0.001774 -0.000542 0.000910 148 1.449120 -0.000075 
0.001690 -0.000616 0.001010 107 1.337041 0.000025 
0.001690 -0.000616 0.000910 108 1.337041 -0.000075


0.001726 -0.000586 0.000926 9 1.383736 -0.000058


0.001766 0.000879 0.001059 150 3.029426 0.000074 
0.001741 0.000902 0.001042 243 3.062814 0.000058 
0.001690 0.000946 0.001021 128 3.131021 0.000037 
0.001688 0.000948 0.001033 129 3.133160 0.000049 
0.001766 0.000879 0.001059 150 3.029426 0.000074


0.001722 0.000920 0.001039 10 3.089108 0.000054


0.001767 0.000878 0.001047 149 3.027996 0.000063 
0.001741 0.000902 0.001042 243 3.062814 0.000058 
0.001766 0.000879 0.001059 150 3.029426 0.000074 
0.001836 0.000803 0.001085 134 2.925693 0.000100 
0.001767 0.000878 0.001047 149 3.027996 0.000063


0.001778 0.000867 0.001058 11 3.011503 0.000074


0.001690 0.000946 0.001021 128 3.131021 0.000037 
0.001741 0.000902 0.001042 243 3.062814 0.000058 
0.001767 0.000878 0.001047 149 3.027996 0.000063 
0.001690 0.000946 0.001010 127 3.130299 0.000025 
0.001690 0.000946 0.001021 128 3.131021 0.000037


0.001723 0.000919 0.001030 12 3.088036 0.000046


0.001681 0.000953 0.001208 132 3.141593 0.000223 
0.001736 0.000907 0.001167 244 3.069626 0.000182 
0.001763 0.000882 0.001070 152 3.033643 0.000085 
0.001681 0.000953 0.001055 131 3.141593 0.000071 
0.001681 0.000953 0.001208 132 3.141593 0.000223


0.001716 0.000925 0.001125 13 3.096617 0.000140


0.001763 0.000882 0.001222 151 3.033643 0.000238 
0.001736 0.000907 0.001167 244 3.069626 0.000182 
0.001681 0.000953 0.001208 132 3.141593 0.000223 
0.001681 0.000953 0.001360 1 3.141593 0.000375 
0.001763 0.000882 0.001222 151 3.033643 0.000238


0.001716 0.000925 0.001239 14 3.096617 0.000254


0.001763 0.000882 0.001070 152 3.033643 0.000085 
0.001736 0.000907 0.001167 244 3.069626 0.000182 
0.001763 0.000882 0.001222 151 3.033643 0.000238 
0.001836 0.000803 0.001085 134 2.925693 0.000100 
0.001763 0.000882 0.001070 152 3.033643 0.000085


0.001775 0.000869 0.001136 15 3.015674 0.000151


0.000450 -0.000623 0.001208 34 0.000000 0.000223 
0.000454 -0.000627 0.001164 245 0.005016 0.000180 
0.000457 -0.000628 0.001219 153 0.007919 0.000234 
0.000450 -0.000623 0.001360 33 0.000000 0.000375 
0.000450 -0.000623 0.001208 34 0.000000 0.000223


0.000453 -0.000625 0.001238 16 0.003234 0.000253


0.000456 -0.000628 0.001067 36 0.007130 0.000083 
0.000454 -0.000627 0.001164 245 0.005016 0.000180 
0.000450 -0.000623 0.001208 34 0.000000 0.000223 
0.000450 -0.000623 0.001055 35 0.000000 0.000071 
0.000456 -0.000628 0.001067 36 0.007130 0.000083


0.000453 -0.000625 0.001124 17 0.003036 0.000139


0.000457 -0.000628 0.001219 153 0.007919 0.000234 
0.000454 -0.000627 0.001164 245 0.005016 0.000180 
0.000456 -0.000628 0.001067 36 0.007130 0.000083 
0.000463 -0.000633 0.001078 37 0.015837 0.000093 
0.000457 -0.000628 0.001219 153 0.007919 0.000234


0.000458 -0.000629 0.001132 18 0.008975 0.000147


0.001441 -0.000762 0.001057 78 1.047857 0.000072 
0.001399 -0.000778 0.001092 246 1.002008 0.000107 
0.001368 -0.000789 0.001098 146 0.969752 0.000114 
0.001437 -0.000764 0.001048 77 1.043627 0.000063 
0.001441 -0.000762 0.001057 78 1.047857 0.000072


0.001412 -0.000774 0.001074 19 1.015813 0.000089


0.001384 -0.000783 0.001118 154 0.986894 0.000134 
0.001399 -0.000778 0.001092 246 1.002008 0.000107 
0.001441 -0.000762 0.001057 78 1.047857 0.000072 
0.001446 -0.000760 0.001065 79 1.052930 0.000081 
0.001384 -0.000783 0.001118 154 0.986894 0.000134


0.001418 -0.000771 0.001083 20 1.022423 0.000098


0.001368 -0.000789 0.001098 146 0.969752 0.000114 
0.001399 -0.000778 0.001092 246 1.002008 0.000107 
0.001384 -0.000783 0.001118 154 0.986894 0.000134 
0.001324 -0.000801 0.001175 133 0.923923 0.000191 
0.001368 -0.000789 0.001098 146 0.969752 0.000114


0.001369 -0.000788 0.001121 21 0.970647 0.000136


0.001850 -0.000456 0.000947 156 1.563598 -0.000037 
0.001801 -0.000514 0.000968 247 1.488079 -0.000017 
0.001774 -0.000542 0.000910 148 1.449120 -0.000075 
0.001848 -0.000458 0.000810 111 1.561198 -0.000175 
0.001850 -0.000456 0.000947 156 1.563598 -0.000037


0.001819 -0.000493 0.000909 22 1.515503 -0.000076


0.001775 -0.000540 0.001047 155 1.451519 0.000063 
0.001801 -0.000514 0.000968 247 1.488079 -0.000017 
0.001850 -0.000456 0.000947 156 1.563598 -0.000037 
0.001851 -0.000454 0.001085 135 1.565997 0.000100 
0.001775 -0.000540 0.001047 155 1.451519 0.000063


0.001820 -0.000492 0.001012 23 1.517302 0.000027


0.001774 -0.000542 0.000910 148 1.449120 -0.000075 
0.001801 -0.000514 0.000968 247 1.488079 -0.000017 
0.001775 -0.000540 0.001047 155 1.451519 0.000063 
0.001690 -0.000616 0.001010 107 1.337041 0.000025 
0.001774 -0.000542 0.000910 148 1.449120 -0.000075


0.001761 -0.000554 0.000984 24 1.431467 -0.000001


0.001047 -0.000835 0.000947 158 0.644418 -0.000037 
0.000991 -0.000832 0.000901 248 0.588398 -0.000083 
0.000973 -0.000831 0.000810 66 0.569616 -0.000175 
0.001066 -0.000835 0.000810 67 0.662874 -0.000175 
0.001047 -0.000835 0.000947 158 0.644418 -0.000037


0.001019 -0.000834 0.000867 25 0.616326 -0.000118


0.000954 -0.000829 0.000947 157 0.551160 -0.000037 
0.000991 -0.000832 0.000901 248 0.588398 -0.000083 
0.001047 -0.000835 0.000947 158 0.644418 -0.000037 
0.001029 -0.000835 0.001085 139 0.625961 0.000100 
0.000954 -0.000829 0.000947 157 0.551160 -0.000037


0.001005 -0.000833 0.000970 26 0.602486 -0.000015


0.000973 -0.000831 0.000810 66 0.569616 -0.000175 
0.000991 -0.000832 0.000901 248 0.588398 -0.000083 
0.000954 -0.000829 0.000947 157 0.551160 -0.000037 
0.000880 -0.000818 0.000810 65 0.476359 -0.000175 
0.000973 -0.000831 0.000810 66 0.569616 -0.000175


0.000950 -0.000828 0.000867 27 0.546394 -0.000118


0.001830 0.000810 0.001222 159 2.935468 0.000238 
0.001783 0.000861 0.001268 249 3.004176 0.000283 
0.001756 0.000889 0.001360 2 3.043418 0.000375 
0.001823 0.000818 0.001360 3 2.945243 0.000375 
0.001830 0.000810 0.001222 159 2.935468 0.000238


0.001799 0.000845 0.001302 28 2.982072 0.000318


0.001763 0.000882 0.001222 151 3.033643 0.000238 
0.001783 0.000861 0.001268 249 3.004176 0.000283 
0.001830 0.000810 0.001222 159 2.935468 0.000238 
0.001836 0.000803 0.001085 134 2.925693 0.000100 
0.001763 0.000882 0.001222 151 3.033643 0.000238


0.001804 0.000840 0.001199 29 2.974743 0.000215


0.001756 0.000889 0.001360 2 3.043418 0.000375 
0.001783 0.000861 0.001268 249 3.004176 0.000283 
0.001763 0.000882 0.001222 151 3.033643 0.000238 
0.001681 0.000953 0.001360 1 3.141593 0.000375 
0.001756 0.000889 0.001360 2 3.043418 0.000375


0.001747 0.000897 0.001302 30 3.055687 0.000318


0.001685 0.000950 0.001045 130 3.136714 0.000060 
0.001739 0.000905 0.001058 250 3.066594 0.000073 
0.001766 0.000879 0.001059 150 3.029426 0.000074 
0.001688 0.000948 0.001033 129 3.133160 0.000049 
0.001685 0.000950 0.001045 130 3.136714 0.000060


0.001720 0.000921 0.001049 31 3.091477 0.000064


0.001763 0.000882 0.001070 152 3.033643 0.000085 
0.001739 0.000905 0.001058 250 3.066594 0.000073 
0.001685 0.000950 0.001045 130 3.136714 0.000060 
0.001681 0.000953 0.001055 131 3.141593 0.000071 
0.001763 0.000882 0.001070 152 3.033643 0.000085


0.001718 0.000923 0.001057 32 3.094639 0.000072


0.001766 0.000879 0.001059 150 3.029426 0.000074 
0.001739 0.000905 0.001058 250 3.066594 0.000073 
0.001763 0.000882 0.001070 152 3.033643 0.000085 
0.001836 0.000803 0.001085 134 2.925693 0.000100 
0.001766 0.000879 0.001059 150 3.029426 0.000074


0.001777 0.000868 0.001068 33 3.013861 0.000083


0.001452 -0.000758 0.001073 80 1.058846 0.000088 
0.001409 -0.000774 0.001106 251 1.013477 0.000122 
0.001384 -0.000783 0.001118 154 0.986894 0.000134 
0.001446 -0.000760 0.001065 79 1.052930 0.000081 
0.001452 -0.000758 0.001073 80 1.058846 0.000088


0.001423 -0.000769 0.001091 34 1.028038 0.000106


0.001392 -0.000780 0.001129 160 0.995473 0.000144 
0.001409 -0.000774 0.001106 251 1.013477 0.000122 
0.001452 -0.000758 0.001073 80 1.058846 0.000088 
0.001458 -0.000755 0.001080 81 1.065483 0.000096 
0.001392 -0.000780 0.001129 160 0.995473 0.000144


0.001428 -0.000767 0.001097 35 1.033320 0.000113


0.001384 -0.000783 0.001118 154 0.986894 0.000134 
0.001409 -0.000774 0.001106 251 1.013477 0.000122 
0.001392 -0.000780 0.001129 160 0.995473 0.000144 
0.001324 -0.000801 0.001175 133 0.923923 0.000191 
0.001384 -0.000783 0.001118 154 0.986894 0.000134


0.001378 -0.000785 0.001132 36 0.979947 0.000148


0.001690 -0.000617 0.001019 106 1.336548 0.000035 
0.001747 -0.000567 0.001041 252 1.412867 0.000057 
0.001775 -0.000541 0.001057 161 1.450534 0.000072 
0.001689 -0.000618 0.001029 105 1.335072 0.000045 
0.001690 -0.000617 0.001019 106 1.336548 0.000035


0.001726 -0.000586 0.001037 37 1.383751 0.000052


0.001775 -0.000540 0.001047 155 1.451519 0.000063 
0.001747 -0.000567 0.001041 252 1.412867 0.000057 
0.001690 -0.000617 0.001019 106 1.336548 0.000035 
0.001690 -0.000616 0.001010 107 1.337041 0.000025 
0.001775 -0.000540 0.001047 155 1.451519 0.000063


0.001726 -0.000586 0.001029 38 1.384489 0.000045


0.001775 -0.000541 0.001057 161 1.450534 0.000072 
0.001747 -0.000567 0.001041 252 1.412867 0.000057 
0.001775 -0.000540 0.001047 155 1.451519 0.000063 
0.001851 -0.000454 0.001085 135 1.565997 0.000100 
0.001775 -0.000541 0.001057 161 1.450534 0.000072


0.001788 -0.000527 0.001057 39 1.470201 0.000073


0.000862 -0.000814 0.001047 163 0.457902 0.000063 
0.000807 -0.000801 0.001041 253 0.401390 0.000057 
0.000701 -0.000766 0.001019 60 0.289350 0.000035 
0.000701 -0.000766 0.001010 61 0.289843 0.000025 
0.000862 -0.000814 0.001047 163 0.457902 0.000063


0.000767 -0.000790 0.001029 40 0.359607 0.000045


0.000861 -0.000814 0.001057 162 0.456918 0.000072 
0.000807 -0.000801 0.001041 253 0.401390 0.000057 
0.000862 -0.000814 0.001047 163 0.457902 0.000063 
0.001029 -0.000835 0.001085 139 0.625961 0.000100 
0.000861 -0.000814 0.001057 162 0.456918 0.000072


0.000889 -0.000820 0.001057 41 0.485454 0.000073


0.000701 -0.000766 0.001019 60 0.289350 0.000035 
0.000807 -0.000801 0.001041 253 0.401390 0.000057 
0.000861 -0.000814 0.001057 162 0.456918 0.000072 
0.000700 -0.000766 0.001029 59 0.287874 0.000045 
0.000701 -0.000766 0.001019 60 0.289350 0.000035


0.000767 -0.000789 0.001037 42 0.358869 0.000052


0.001464 -0.000752 0.001087 82 1.072756 0.000102 
0.001419 -0.000771 0.001122 254 1.023956 0.000137 
0.001392 -0.000780 0.001129 160 0.995473 0.000144 
0.001458 -0.000755 0.001080 81 1.065483 0.000096 
0.001464 -0.000752 0.001087 82 1.072756 0.000102


0.001434 -0.000765 0.001104 43 1.039418 0.000120


0.001405 -0.000776 0.001146 164 1.008608 0.000161 
0.001419 -0.000771 0.001122 254 1.023956 0.000137 
0.001464 -0.000752 0.001087 82 1.072756 0.000102 
0.001472 -0.000749 0.001093 83 1.080668 0.000108 
0.001405 -0.000776 0.001146 164 1.008608 0.000161


0.001440 -0.000763 0.001112 44 1.046497 0.000127


0.001392 -0.000780 0.001129 160 0.995473 0.000144 
0.001419 -0.000771 0.001122 254 1.023956 0.000137 
0.001405 -0.000776 0.001146 164 1.008608 0.000161 
0.001324 -0.000801 0.001175 133 0.923923 0.000191 
0.001392 -0.000780 0.001129 160 0.995473 0.000144


0.001385 -0.000783 0.001143 45 0.987998 0.000158


0.000861 -0.000814 0.001057 162 0.456918 0.000072 
0.000805 -0.000801 0.001054 255 0.398792 0.000069 
0.000697 -0.000765 0.001039 58 0.285434 0.000054 
0.000700 -0.000766 0.001029 59 0.287874 0.000045 
0.000861 -0.000814 0.001057 162 0.456918 0.000072


0.000765 -0.000789 0.001045 46 0.357239 0.000060


0.000859 -0.000814 0.001066 165 0.454024 0.000082 
0.000805 -0.000801 0.001054 255 0.398792 0.000069 
0.000861 -0.000814 0.001057 162 0.456918 0.000072 
0.001029 -0.000835 0.001085 139 0.625961 0.000100 
0.000859 -0.000814 0.001066 165 0.454024 0.000082


0.000888 -0.000819 0.001065 47 0.483832 0.000081


0.000697 -0.000765 0.001039 58 0.285434 0.000054 
0.000805 -0.000801 0.001054 255 0.398792 0.000069 
0.000859 -0.000814 0.001066 165 0.454024 0.000082 
0.000694 -0.000764 0.001048 57 0.282087 0.000063 
0.000697 -0.000765 0.001039 58 0.285434 0.000054


0.000763 -0.000788 0.001052 48 0.355071 0.000067


0.001793 -0.000522 0.001130 168 1.476803 0.000145 
0.001772 -0.000543 0.001108 256 1.447076 0.000123 
0.001773 -0.000543 0.001066 167 1.447641 0.000082 
0.001851 -0.000454 0.001085 135 1.565997 0.000100 
0.001793 -0.000522 0.001130 168 1.476803 0.000145


0.001798 -0.000516 0.001097 49 1.484361 0.000112


0.001739 -0.000575 0.001115 166 1.400710 0.000130 
0.001772 -0.000543 0.001108 256 1.447076 0.000123 
0.001793 -0.000522 0.001130 168 1.476803 0.000145 
0.001751 -0.000564 0.001197 138 1.417336 0.000212 
0.001739 -0.000575 0.001115 166 1.400710 0.000130


0.001764 -0.000551 0.001137 50 1.435480 0.000153


0.001773 -0.000543 0.001066 167 1.447641 0.000082 
0.001772 -0.000543 0.001108 256 1.447076 0.000123 
0.001739 -0.000575 0.001115 166 1.400710 0.000130 
0.001684 -0.000621 0.001048 103 1.329285 0.000063 
0.001773 -0.000543 0.001066 167 1.447641 0.000082


0.001743 -0.000571 0.001084 51 1.406191 0.000100


0.001672 -0.000631 0.001073 100 1.314025 0.000089 
0.001699 -0.000610 0.001115 257 1.347880 0.000130 
0.001709 -0.000601 0.001140 170 1.360982 0.000155 
0.001667 -0.000635 0.001080 99 1.307415 0.000096 
0.001672 -0.000631 0.001073 100 1.314025 0.000089


0.001687 -0.000619 0.001102 52 1.332575 0.000117


0.001715 -0.000596 0.001130 169 1.369701 0.000146 
0.001699 -0.000610 0.001115 257 1.347880 0.000130 
0.001672 -0.000631 0.001073 100 1.314025 0.000089 
0.001677 -0.000627 0.001065 101 1.319921 0.000081 
0.001715 -0.000596 0.001130 169 1.369701 0.000146


0.001691 -0.000616 0.001096 53 1.337881 0.000111


0.001709 -0.000601 0.001140 170 1.360982 0.000155 
0.001699 -0.000610 0.001115 257 1.347880 0.000130 
0.001715 -0.000596 0.001130 169 1.369701 0.000146 
0.001751 -0.000564 0.001197 138 1.417336 0.000212 
0.001709 -0.000601 0.001140 170 1.360982 0.000155


0.001719 -0.000593 0.001145 54 1.373972 0.000161


0.000690 -0.000762 0.001057 56 0.277851 0.000072 
0.000730 -0.000777 0.001092 258 0.320768 0.000107 
0.000730 -0.000777 0.001106 172 0.320193 0.000121 
0.000686 -0.000760 0.001065 55 0.272723 0.000081 
0.000690 -0.000762 0.001057 56 0.277851 0.000072


0.000709 -0.000769 0.001080 55 0.297884 0.000095


0.000785 -0.000795 0.001114 171 0.378571 0.000130 
0.000730 -0.000777 0.001092 258 0.320768 0.000107 
0.000690 -0.000762 0.001057 56 0.277851 0.000072 
0.000694 -0.000764 0.001048 57 0.282087 0.000063 
0.000785 -0.000795 0.001114 171 0.378571 0.000130


0.000725 -0.000775 0.001078 56 0.314812 0.000093


0.000730 -0.000777 0.001106 172 0.320193 0.000121 
0.000730 -0.000777 0.001092 258 0.320768 0.000107 
0.000785 -0.000795 0.001114 171 0.378571 0.000130 
0.000813 -0.000803 0.001189 136 0.407544 0.000205 
0.000730 -0.000777 0.001106 172 0.320193 0.000121


0.000765 -0.000789 0.001125 57 0.356767 0.000141


0.000622 -0.000731 0.001234 174 0.202587 0.000249 
0.000679 -0.000757 0.001276 259 0.265957 0.000291 
0.000706 -0.000768 0.001360 30 0.294524 0.000375 
0.000616 -0.000728 0.001360 31 0.196350 0.000375 
0.000622 -0.000731 0.001234 174 0.202587 0.000249


0.000655 -0.000747 0.001307 58 0.239853 0.000323


0.000712 -0.000770 0.001234 173 0.300761 0.000249 
0.000679 -0.000757 0.001276 259 0.265957 0.000291 
0.000622 -0.000731 0.001234 174 0.202587 0.000249 
0.000627 -0.000734 0.001108 47 0.208824 0.000123 
0.000712 -0.000770 0.001234 173 0.300761 0.000249


0.000660 -0.000749 0.001213 59 0.244529 0.000228


0.000706 -0.000768 0.001360 30 0.294524 0.000375 
0.000679 -0.000757 0.001276 259 0.265957 0.000291 
0.000712 -0.000770 0.001234 173 0.300761 0.000249 
0.000799 -0.000799 0.001360 29 0.392699 0.000375 
0.000706 -0.000768 0.001360 30 0.294524 0.000375


0.000724 -0.000775 0.001307 60 0.313470 0.000323


0.001407 -0.000775 0.001219 176 1.011075 0.000234 
0.001324 -0.000801 0.001175 133 0.923923 0.000191 
0.001405 -0.000776 0.001146 164 1.008608 0.000161 
0.001472 -0.000749 0.001093 83 1.080668 0.000108 
0.001407 -0.000775 0.001219 176 1.011075 0.000234


0.001402 -0.000777 0.001158 61 1.006074 0.000174


0.001229 -0.000822 0.001247 177 0.826539 0.000262 
0.001324 -0.000801 0.001175 133 0.923923 0.000191 
0.001285 -0.000811 0.001360 24 0.883573 0.000375 
0.001188 -0.000828 0.001360 25 0.785398 0.000375 
0.001229 -0.000822 0.001247 177 0.826539 0.000262


0.001257 -0.000817 0.001285 64 0.854858 0.000301


0.001285 -0.000811 0.001360 24 0.883573 0.000375 
0.001324 -0.000801 0.001175 133 0.923923 0.000191 
0.001407 -0.000775 0.001219 176 1.011075 0.000234 
0.001379 -0.000785 0.001360 23 0.981748 0.000375 
0.001285 -0.000811 0.001360 24 0.883573 0.000375


0.001349 -0.000794 0.001278 66 0.950082 0.000294


0.000741 -0.000781 0.001138 179 0.331844 0.000153 
0.000706 -0.000768 0.001127 262 0.294912 0.000142 
0.000667 -0.000752 0.001087 52 0.252896 0.000102 
0.000674 -0.000755 0.001080 53 0.260217 0.000096 
0.000741 -0.000781 0.001138 179 0.331844 0.000153


0.000697 -0.000765 0.001108 67 0.284965 0.000123


0.000710 -0.000770 0.001157 178 0.298809 0.000173 
0.000706 -0.000768 0.001127 262 0.294912 0.000142 
0.000741 -0.000781 0.001138 179 0.331844 0.000153 
0.000813 -0.000803 0.001189 136 0.407544 0.000205 
0.000710 -0.000770 0.001157 178 0.298809 0.000173


0.000742 -0.000781 0.001153 68 0.333264 0.000168


0.000667 -0.000752 0.001087 52 0.252896 0.000102 
0.000706 -0.000768 0.001127 262 0.294912 0.000142 
0.000710 -0.000770 0.001157 178 0.298809 0.000173 
0.000660 -0.000749 0.001093 51 0.244947 0.000108 
0.000667 -0.000752 0.001087 52 0.252896 0.000102


0.000686 -0.000760 0.001116 69 0.272891 0.000131


0.001709 -0.000601 0.001140 170 1.360982 0.000155 
0.001692 -0.000615 0.001129 263 1.339753 0.000145 
0.001661 -0.000639 0.001087 98 1.300094 0.000102 
0.001667 -0.000635 0.001080 99 1.307415 0.000096 
0.001709 -0.000601 0.001140 170 1.360982 0.000155


0.001682 -0.000623 0.001109 70 1.327060 0.000125


0.001705 -0.000604 0.001163 180 1.356781 0.000178 
0.001692 -0.000615 0.001129 263 1.339753 0.000145 
0.001709 -0.000601 0.001140 170 1.360982 0.000155 
0.001751 -0.000564 0.001197 138 1.417336 0.000212 
0.001705 -0.000604 0.001163 180 1.356781 0.000178


0.001715 -0.000596 0.001157 71 1.368709 0.000173


0.001661 -0.000639 0.001087 98 1.300094 0.000102 
0.001692 -0.000615 0.001129 263 1.339753 0.000145 
0.001705 -0.000604 0.001163 180 1.356781 0.000178 
0.001654 -0.000644 0.001093 97 1.292145 0.000108 
0.001661 -0.000639 0.001087 98 1.300094 0.000102


0.001678 -0.000626 0.001118 72 1.322193 0.000133


0.000457 -0.000628 0.001219 153 0.007919 0.000234 
0.000464 -0.000634 0.001178 264 0.017423 0.000193 
0.000465 -0.000635 0.001227 181 0.018523 0.000243 
0.000450 -0.000623 0.001360 33 0.000000 0.000375 
0.000457 -0.000628 0.001219 153 0.007919 0.000234


0.000459 -0.000630 0.001246 73 0.010966 0.000261


0.000471 -0.000639 0.001087 38 0.025826 0.000102 
0.000464 -0.000634 0.001178 264 0.017423 0.000193 
0.000457 -0.000628 0.001219 153 0.007919 0.000234 
0.000463 -0.000633 0.001078 37 0.015837 0.000093 
0.000471 -0.000639 0.001087 38 0.025826 0.000102


0.000464 -0.000634 0.001140 74 0.016751 0.000156


0.000465 -0.000635 0.001227 181 0.018523 0.000243 
0.000464 -0.000634 0.001178 264 0.017423 0.000193 
0.000471 -0.000639 0.001087 38 0.025826 0.000102 
0.000480 -0.000646 0.001095 39 0.037046 0.000110 
0.000465 -0.000635 0.001227 181 0.018523 0.000243


0.000470 -0.000638 0.001147 75 0.024704 0.000162


0.001648 -0.000649 0.001098 96 1.283731 0.000113 
0.001672 -0.000631 0.001185 265 1.313893 0.000200 
0.001680 -0.000624 0.001231 183 1.324652 0.000246 
0.001640 -0.000654 0.001102 95 1.274856 0.000117 
0.001648 -0.000649 0.001098 96 1.283731 0.000113


0.001660 -0.000639 0.001154 76 1.299283 0.000169


0.001704 -0.000605 0.001219 182 1.355349 0.000235 
0.001672 -0.000631 0.001185 265 1.313893 0.000200 
0.001648 -0.000649 0.001098 96 1.283731 0.000113 
0.001654 -0.000644 0.001093 97 1.292145 0.000108 
0.001704 -0.000605 0.001219 182 1.355349 0.000235


0.001670 -0.000632 0.001149 77 1.311277 0.000164


0.001680 -0.000624 0.001231 183 1.324652 0.000246 
0.001672 -0.000631 0.001185 265 1.313893 0.000200 
0.001704 -0.000605 0.001219 182 1.355349 0.000235 
0.001719 -0.000593 0.001360 19 1.374447 0.000375 
0.001680 -0.000624 0.001231 183 1.324652 0.000246


0.001694 -0.000613 0.001249 78 1.342085 0.000264


0.000710 -0.000770 0.001157 178 0.298809 0.000173 
0.000694 -0.000764 0.001162 266 0.281844 0.000177 
0.000652 -0.000746 0.001098 50 0.236533 0.000113 
0.000660 -0.000749 0.001093 51 0.244947 0.000108 
0.000710 -0.000770 0.001157 178 0.298809 0.000173


0.000679 -0.000757 0.001127 79 0.265533 0.000143


0.000691 -0.000762 0.001181 184 0.278177 0.000196 
0.000694 -0.000764 0.001162 266 0.281844 0.000177 
0.000710 -0.000770 0.001157 178 0.298809 0.000173 
0.000799 -0.000799 0.001360 29 0.392699 0.000375 
0.000691 -0.000762 0.001181 184 0.278177 0.000196


0.000723 -0.000775 0.001215 80 0.312864 0.000230


0.000652 -0.000746 0.001098 50 0.236533 0.000113 
0.000694 -0.000764 0.001162 266 0.281844 0.000177 
0.000691 -0.000762 0.001181 184 0.278177 0.000196 
0.000644 -0.000742 0.001102 49 0.227659 0.000117 
0.000652 -0.000746 0.001098 50 0.236533 0.000113


0.000670 -0.000754 0.001136 81 0.256053 0.000151


0.001479 -0.000746 0.001098 84 1.089149 0.000113 
0.001447 -0.000760 0.001185 267 1.053411 0.000200 
0.001407 -0.000775 0.001219 176 1.011075 0.000234 
0.001472 -0.000749 0.001093 83 1.080668 0.000108 
0.001479 -0.000746 0.001098 84 1.089149 0.000113


0.001451 -0.000758 0.001148 82 1.058578 0.000164


0.001434 -0.000765 0.001231 186 1.039878 0.000246 
0.001447 -0.000760 0.001185 267 1.053411 0.000200 
0.001479 -0.000746 0.001098 84 1.089149 0.000113 
0.001487 -0.000742 0.001102 85 1.098008 0.000117 
0.001434 -0.000765 0.001231 186 1.039878 0.000246


0.001462 -0.000753 0.001154 83 1.070112 0.000169


0.001407 -0.000775 0.001219 176 1.011075 0.000234 
0.001447 -0.000760 0.001185 267 1.053411 0.000200 
0.001434 -0.000765 0.001231 186 1.039878 0.000246 
0.001379 -0.000785 0.001360 23 0.981748 0.000375 
0.001407 -0.000775 0.001219 176 1.011075 0.000234


0.001417 -0.000772 0.001248 84 1.021529 0.000264


0.001471 -0.000750 0.001360 22 1.079922 0.000375 
0.001482 -0.000744 0.001276 268 1.092221 0.000291 
0.001532 -0.000720 0.001234 188 1.147458 0.000249 
0.001559 -0.000705 0.001360 21 1.178097 0.000375 
0.001471 -0.000750 0.001360 22 1.079922 0.000375


0.001511 -0.000731 0.001307 85 1.124423 0.000323


0.001443 -0.000762 0.001234 187 1.049284 0.000249 
0.001482 -0.000744 0.001276 268 1.092221 0.000291 
0.001471 -0.000750 0.001360 22 1.079922 0.000375 
0.001379 -0.000785 0.001360 23 0.981748 0.000375 
0.001443 -0.000762 0.001234 187 1.049284 0.000249


0.001444 -0.000761 0.001307 86 1.050804 0.000323


0.001532 -0.000720 0.001234 188 1.147458 0.000249 
0.001482 -0.000744 0.001276 268 1.092221 0.000291 
0.001443 -0.000762 0.001234 187 1.049284 0.000249 
0.001504 -0.000734 0.001108 87 1.116819 0.000123 
0.001532 -0.000720 0.001234 188 1.147458 0.000249


0.001490 -0.000741 0.001213 87 1.101447 0.000228


0.001496 -0.000738 0.001105 86 1.107234 0.000121 
0.001458 -0.000755 0.001190 269 1.065465 0.000205 
0.001434 -0.000765 0.001231 186 1.039878 0.000246 
0.001487 -0.000742 0.001102 85 1.098008 0.000117 
0.001496 -0.000738 0.001105 86 1.107234 0.000121


0.001469 -0.000750 0.001157 88 1.077647 0.000172


0.001443 -0.000762 0.001234 187 1.049284 0.000249 
0.001458 -0.000755 0.001190 269 1.065465 0.000205 
0.001496 -0.000738 0.001105 86 1.107234 0.000121 
0.001504 -0.000734 0.001108 87 1.116819 0.000123 
0.001443 -0.000762 0.001234 187 1.049284 0.000249


0.001475 -0.000748 0.001159 89 1.084701 0.000175


0.001434 -0.000765 0.001231 186 1.039878 0.000246 
0.001458 -0.000755 0.001190 269 1.065465 0.000205 
0.001443 -0.000762 0.001234 187 1.049284 0.000249 
0.001379 -0.000785 0.001360 23 0.981748 0.000375 
0.001434 -0.000765 0.001231 186 1.039878 0.000246


0.001429 -0.000767 0.001253 90 1.034098 0.000269


0.000691 -0.000762 0.001181 184 0.278177 0.000196 
0.000689 -0.000761 0.001190 270 0.276429 0.000205 
0.000636 -0.000738 0.001105 48 0.218347 0.000121 
0.000644 -0.000742 0.001102 49 0.227659 0.000117 
0.000691 -0.000762 0.001181 184 0.278177 0.000196


0.000665 -0.000751 0.001144 91 0.250153 0.000160


0.000712 -0.000770 0.001234 173 0.300761 0.000249 
0.000689 -0.000761 0.001190 270 0.276429 0.000205 
0.000691 -0.000762 0.001181 184 0.278177 0.000196 
0.000799 -0.000799 0.001360 29 0.392699 0.000375 
0.000712 -0.000770 0.001234 173 0.300761 0.000249


0.000722 -0.000774 0.001241 92 0.311998 0.000256


0.000636 -0.000738 0.001105 48 0.218347 0.000121 
0.000689 -0.000761 0.001190 270 0.276429 0.000205 
0.000712 -0.000770 0.001234 173 0.300761 0.000249 
0.000627 -0.000734 0.001108 47 0.208824 0.000123 
0.000636 -0.000738 0.001105 48 0.218347 0.000121


0.000666 -0.000752 0.001159 93 0.251089 0.000175


0.000622 -0.000731 0.001234 174 0.202587 0.000249 
0.000618 -0.000729 0.001192 271 0.198183 0.000208 
0.000619 -0.000730 0.001109 46 0.199141 0.000125 
0.000627 -0.000734 0.001108 47 0.208824 0.000123 
0.000622 -0.000731 0.001234 174 0.202587 0.000249


0.000621 -0.000731 0.001161 94 0.202184 0.000176


0.000613 -0.000727 0.001235 189 0.192823 0.000250 
0.000618 -0.000729 0.001192 271 0.198183 0.000208 
0.000622 -0.000731 0.001234 174 0.202587 0.000249 
0.000616 -0.000728 0.001360 31 0.196350 0.000375 
0.000613 -0.000727 0.001235 189 0.192823 0.000250


0.000617 -0.000729 0.001255 95 0.197486 0.000270


0.000619 -0.000730 0.001109 46 0.199141 0.000125 
0.000618 -0.000729 0.001192 271 0.198183 0.000208 
0.000613 -0.000727 0.001235 189 0.192823 0.000250 
0.000610 -0.000725 0.001110 45 0.189296 0.000125 
0.000619 -0.000730 0.001109 46 0.199141 0.000125


0.000615 -0.000728 0.001161 96 0.194861 0.000177


0.000613 -0.000727 0.001235 189 0.192823 0.000250 
0.000582 -0.000711 0.001193 272 0.158300 0.000208 
0.000566 -0.000701 0.001110 44 0.139275 0.000125 
0.000610 -0.000725 0.001110 45 0.189296 0.000125 
0.000613 -0.000727 0.001235 189 0.192823 0.000250


0.000593 -0.000716 0.001162 97 0.169924 0.000177


0.000569 -0.000703 0.001235 190 0.142802 0.000250 
0.000582 -0.000711 0.001193 272 0.158300 0.000208 
0.000613 -0.000727 0.001235 189 0.192823 0.000250 
0.000616 -0.000728 0.001360 31 0.196350 0.000375 
0.000569 -0.000703 0.001235 190 0.142802 0.000250


0.000595 -0.000717 0.001255 98 0.172569 0.000271


0.000566 -0.000701 0.001110 44 0.139275 0.000125 
0.000582 -0.000711 0.001193 272 0.158300 0.000208 
0.000569 -0.000703 0.001235 190 0.142802 0.000250 
0.000523 -0.000675 0.001110 43 0.089254 0.000125 
0.000566 -0.000701 0.001110 44 0.139275 0.000125


0.000560 -0.000698 0.001162 99 0.132410 0.000177


0.001680 -0.000624 0.001231 183 1.324652 0.000246 
0.001662 -0.000638 0.001190 273 1.301810 0.000205 
0.001633 -0.000659 0.001105 94 1.265544 0.000121 
0.001640 -0.000654 0.001102 95 1.274856 0.000117 
0.001680 -0.000624 0.001231 183 1.324652 0.000246


0.001654 -0.000644 0.001157 100 1.291715 0.000172


0.001673 -0.000630 0.001234 191 1.315234 0.000249 
0.001662 -0.000638 0.001190 273 1.301810 0.000205 
0.001680 -0.000624 0.001231 183 1.324652 0.000246 
0.001719 -0.000593 0.001360 19 1.374447 0.000375 
0.001673 -0.000630 0.001234 191 1.315234 0.000249


0.001684 -0.000621 0.001253 101 1.329033 0.000269


0.001633 -0.000659 0.001105 94 1.265544 0.000121 
0.001662 -0.000638 0.001190 273 1.301810 0.000205 
0.001673 -0.000630 0.001234 191 1.315234 0.000249 
0.001625 -0.000664 0.001108 93 1.256021 0.000123 
0.001633 -0.000659 0.001105 94 1.265544 0.000121


0.001648 -0.000648 0.001159 102 1.284652 0.000175


0.001592 -0.000686 0.001234 192 1.217059 0.000249 
0.001636 -0.000657 0.001276 274 1.269522 0.000291 
0.001641 -0.000653 0.001360 20 1.276272 0.000375 
0.001559 -0.000705 0.001360 21 1.178097 0.000375 
0.001592 -0.000686 0.001234 192 1.217059 0.000249


0.001607 -0.000676 0.001307 103 1.235241 0.000323


0.001673 -0.000630 0.001234 191 1.315234 0.000249 
0.001636 -0.000657 0.001276 274 1.269522 0.000291 
0.001592 -0.000686 0.001234 192 1.217059 0.000249 
0.001625 -0.000664 0.001108 93 1.256021 0.000123 
0.001673 -0.000630 0.001234 191 1.315234 0.000249


0.001632 -0.000660 0.001213 104 1.264458 0.000228


0.001641 -0.000653 0.001360 20 1.276272 0.000375 
0.001636 -0.000657 0.001276 274 1.269522 0.000291 
0.001673 -0.000630 0.001234 191 1.315234 0.000249 
0.001719 -0.000593 0.001360 19 1.374447 0.000375 
0.001641 -0.000653 0.001360 20 1.276272 0.000375


0.001668 -0.000634 0.001307 105 1.308861 0.000323


0.001617 -0.000670 0.001109 92 1.246339 0.000125 
0.001598 -0.000682 0.001192 275 1.223564 0.000208 
0.001584 -0.000691 0.001235 193 1.207295 0.000250 
0.001609 -0.000675 0.001110 91 1.236493 0.000125 
0.001617 -0.000670 0.001109 92 1.246339 0.000125


0.001602 -0.000680 0.001161 106 1.228423 0.000177


0.001592 -0.000686 0.001234 192 1.217059 0.000249 
0.001598 -0.000682 0.001192 275 1.223564 0.000208 
0.001617 -0.000670 0.001109 92 1.246339 0.000125 
0.001625 -0.000664 0.001108 93 1.256021 0.000123 
0.001592 -0.000686 0.001234 192 1.217059 0.000249


0.001608 -0.000676 0.001161 107 1.235746 0.000176


0.001584 -0.000691 0.001235 193 1.207295 0.000250 
0.001598 -0.000682 0.001192 275 1.223564 0.000208 
0.001592 -0.000686 0.001234 192 1.217059 0.000249 
0.001559 -0.000705 0.001360 21 1.178097 0.000375 
0.001584 -0.000691 0.001235 193 1.207295 0.000250


0.001583 -0.000691 0.001255 108 1.206505 0.000270


0.001513 -0.000730 0.001109 88 1.126580 0.000125 
0.001528 -0.000722 0.001192 276 1.143771 0.000208 
0.001532 -0.000720 0.001234 188 1.147458 0.000249 
0.001504 -0.000734 0.001108 87 1.116819 0.000123 
0.001513 -0.000730 0.001109 88 1.126580 0.000125


0.001519 -0.000726 0.001161 109 1.133657 0.000176


0.001540 -0.000715 0.001235 194 1.157274 0.000250 
0.001528 -0.000722 0.001192 276 1.143771 0.000208 
0.001513 -0.000730 0.001109 88 1.126580 0.000125 
0.001522 -0.000725 0.001110 89 1.136452 0.000125 
0.001540 -0.000715 0.001235 194 1.157274 0.000250


0.001526 -0.000723 0.001161 110 1.141019 0.000177


0.001532 -0.000720 0.001234 188 1.147458 0.000249 
0.001528 -0.000722 0.001192 276 1.143771 0.000208 
0.001540 -0.000715 0.001235 194 1.157274 0.000250 
0.001559 -0.000705 0.001360 21 1.178097 0.000375 
0.001532 -0.000720 0.001234 188 1.147458 0.000249


0.001540 -0.000716 0.001255 111 1.156650 0.000270


0.001540 -0.000715 0.001235 194 1.157274 0.000250 
0.001563 -0.000703 0.001193 277 1.183681 0.000208 
0.001584 -0.000691 0.001235 193 1.207295 0.000250 
0.001559 -0.000705 0.001360 21 1.178097 0.000375 
0.001540 -0.000715 0.001235 194 1.157274 0.000250


0.001562 -0.000704 0.001255 112 1.181587 0.000271


0.001566 -0.000701 0.001110 90 1.186473 0.000125 
0.001563 -0.000703 0.001193 277 1.183681 0.000208 
0.001540 -0.000715 0.001235 194 1.157274 0.000250 
0.001522 -0.000725 0.001110 89 1.136452 0.000125 
0.001566 -0.000701 0.001110 90 1.186473 0.000125


0.001548 -0.000711 0.001162 113 1.165970 0.000177


0.001584 -0.000691 0.001235 193 1.207295 0.000250 
0.001563 -0.000703 0.001193 277 1.183681 0.000208 
0.001566 -0.000701 0.001110 90 1.186473 0.000125 
0.001609 -0.000675 0.001110 91 1.236493 0.000125 
0.001584 -0.000691 0.001235 193 1.207295 0.000250


0.001581 -0.000693 0.001162 114 1.203485 0.000177


0.000490 -0.000653 0.001101 40 0.049199 0.000117 
0.000477 -0.000643 0.001187 278 0.032917 0.000202 
0.000465 -0.000635 0.001227 181 0.018523 0.000243 
0.000480 -0.000646 0.001095 39 0.037046 0.000110 
0.000490 -0.000653 0.001101 40 0.049199 0.000117


0.000478 -0.000644 0.001153 115 0.034421 0.000168


0.000475 -0.000642 0.001233 195 0.031030 0.000248 
0.000477 -0.000643 0.001187 278 0.032917 0.000202 
0.000490 -0.000653 0.001101 40 0.049199 0.000117 
0.000501 -0.000660 0.001106 41 0.062061 0.000121 
0.000475 -0.000642 0.001233 195 0.031030 0.000248


0.000486 -0.000650 0.001157 116 0.043802 0.000172


0.000465 -0.000635 0.001227 181 0.018523 0.000243 
0.000477 -0.000643 0.001187 278 0.032917 0.000202 
0.000475 -0.000642 0.001233 195 0.031030 0.000248 
0.000450 -0.000623 0.001360 33 0.000000 0.000375 
0.000465 -0.000635 0.001227 181 0.018523 0.000243


0.000467 -0.000636 0.001252 117 0.020618 0.000267


0.000512 -0.000668 0.001109 42 0.075534 0.000124 
0.000491 -0.000653 0.001192 279 0.050397 0.000207 
0.000475 -0.000642 0.001233 195 0.031030 0.000248 
0.000501 -0.000660 0.001106 41 0.062061 0.000121 
0.000512 -0.000668 0.001109 42 0.075534 0.000124


0.000495 -0.000656 0.001160 118 0.054756 0.000175


0.000486 -0.000650 0.001235 196 0.044627 0.000250 
0.000491 -0.000653 0.001192 279 0.050397 0.000207 
0.000512 -0.000668 0.001109 42 0.075534 0.000124 
0.000523 -0.000675 0.001110 43 0.089254 0.000125 
0.000486 -0.000650 0.001235 196 0.044627 0.000250


0.000503 -0.000662 0.001161 119 0.064953 0.000177


0.000475 -0.000642 0.001233 195 0.031030 0.000248 
0.000491 -0.000653 0.001192 279 0.050397 0.000207 
0.000486 -0.000650 0.001235 196 0.044627 0.000250 
0.000450 -0.000623 0.001360 33 0.000000 0.000375 
0.000475 -0.000642 0.001233 195 0.031030 0.000248


0.000476 -0.000642 0.001255 120 0.031515 0.000270


0.000531 -0.000680 0.001360 32 0.098175 0.000375 
0.000528 -0.000678 0.001276 280 0.095201 0.000292 
0.000569 -0.000703 0.001235 190 0.142802 0.000250 
0.000616 -0.000728 0.001360 31 0.196350 0.000375 
0.000531 -0.000680 0.001360 32 0.098175 0.000375


0.000561 -0.000698 0.001307 121 0.133125 0.000323


0.000486 -0.000650 0.001235 196 0.044627 0.000250 
0.000528 -0.000678 0.001276 280 0.095201 0.000292 
0.000531 -0.000680 0.001360 32 0.098175 0.000375 
0.000450 -0.000623 0.001360 33 0.000000 0.000375 
0.000486 -0.000650 0.001235 196 0.044627 0.000250


0.000498 -0.000659 0.001307 122 0.059505 0.000323


0.000569 -0.000703 0.001235 190 0.142802 0.000250 
0.000528 -0.000678 0.001276 280 0.095201 0.000292 
0.000486 -0.000650 0.001235 196 0.044627 0.000250 
0.000523 -0.000675 0.001110 43 0.089254 0.000125 
0.000569 -0.000703 0.001235 190 0.142802 0.000250


0.000526 -0.000677 0.001214 123 0.092971 0.000229


0.001775 -0.000541 0.001057 161 1.450534 0.000072 
0.001746 -0.000569 0.001054 281 1.410269 0.000069 
0.001687 -0.000619 0.001039 104 1.332631 0.000054 
0.001689 -0.000618 0.001029 105 1.335072 0.000045 
0.001775 -0.000541 0.001057 161 1.450534 0.000072


0.001725 -0.000588 0.001045 124 1.382122 0.000060


0.001773 -0.000543 0.001066 167 1.447641 0.000082 
0.001746 -0.000569 0.001054 281 1.410269 0.000069 
0.001775 -0.000541 0.001057 161 1.450534 0.000072 
0.001851 -0.000454 0.001085 135 1.565997 0.000100 
0.001773 -0.000543 0.001066 167 1.447641 0.000082


0.001787 -0.000528 0.001065 125 1.468581 0.000081


0.001687 -0.000619 0.001039 104 1.332631 0.000054 
0.001746 -0.000569 0.001054 281 1.410269 0.000069 
0.001773 -0.000543 0.001066 167 1.447641 0.000082 
0.001684 -0.000621 0.001048 103 1.329285 0.000063 
0.001687 -0.000619 0.001039 104 1.332631 0.000054


0.001723 -0.000589 0.001052 126 1.379952 0.000067


0.001366 -0.000789 0.001007 198 0.967785 0.000022 
0.001281 -0.000812 0.000997 143 0.880020 0.000013 
0.001430 -0.000766 0.000910 72 1.035904 -0.000075 
0.001430 -0.000766 0.001010 73 1.035904 0.000025 
0.001366 -0.000789 0.001007 198 0.967785 0.000022


0.001378 -0.000785 0.000981 127 0.979930 -0.000004


0.001430 -0.000766 0.000910 72 1.035904 -0.000075 
0.001281 -0.000812 0.000997 143 0.880020 0.000013 
0.001342 -0.000796 0.000810 70 0.942647 -0.000175 
0.001430 -0.000766 0.000810 71 1.035904 -0.000175 
0.001430 -0.000766 0.000910 72 1.035904 -0.000075


0.001372 -0.000787 0.000881 129 0.973634 -0.000103


0.000954 -0.000829 0.000947 157 0.551160 -0.000037 
0.000868 -0.000816 0.000968 283 0.464054 -0.000017 
0.000790 -0.000796 0.000910 144 0.383101 -0.000075 
0.000880 -0.000818 0.000810 65 0.476359 -0.000175 
0.000954 -0.000829 0.000947 157 0.551160 -0.000037


0.000873 -0.000816 0.000909 130 0.468671 -0.000076


0.000862 -0.000814 0.001047 163 0.457902 0.000063 
0.000868 -0.000816 0.000968 283 0.464054 -0.000017 
0.000954 -0.000829 0.000947 157 0.551160 -0.000037 
0.001029 -0.000835 0.001085 139 0.625961 0.000100 
0.000862 -0.000814 0.001047 163 0.457902 0.000063


0.000928 -0.000826 0.001012 131 0.524747 0.000027


0.000790 -0.000796 0.000910 144 0.383101 -0.000075 
0.000868 -0.000816 0.000968 283 0.464054 -0.000017 
0.000862 -0.000814 0.001047 163 0.457902 0.000063 
0.000701 -0.000766 0.001010 61 0.289843 0.000025 
0.000790 -0.000796 0.000910 144 0.383101 -0.000075


0.000805 -0.000801 0.000984 132 0.398759 -0.000001


0.000895 -0.000820 0.001360 28 0.490874 0.000375 
0.000813 -0.000803 0.001189 136 0.407544 0.000205 
0.001005 -0.000833 0.001243 236 0.601881 0.000258 
0.000992 -0.000833 0.001360 27 0.589049 0.000375 
0.000895 -0.000820 0.001360 28 0.490874 0.000375


0.000926 -0.000825 0.001288 133 0.522368 0.000303


0.000710 -0.000770 0.001157 178 0.298809 0.000173 
0.000813 -0.000803 0.001189 136 0.407544 0.000205 
0.000895 -0.000820 0.001360 28 0.490874 0.000375 
0.000799 -0.000799 0.001360 29 0.392699 0.000375 
0.000710 -0.000770 0.001157 178 0.298809 0.000173


0.000804 -0.000800 0.001266 134 0.397488 0.000282


0.000785 -0.000795 0.001114 171 0.378571 0.000130 
0.000846 -0.000811 0.001114 285 0.441277 0.000130 
0.000895 -0.000821 0.001162 201 0.491214 0.000177 
0.000813 -0.000803 0.001189 136 0.407544 0.000205 
0.000785 -0.000795 0.001114 171 0.378571 0.000130


0.000835 -0.000808 0.001145 136 0.429648 0.000160


0.000859 -0.000814 0.001066 165 0.454024 0.000082 
0.000846 -0.000811 0.001114 285 0.441277 0.000130 
0.000785 -0.000795 0.001114 171 0.378571 0.000130 
0.000694 -0.000764 0.001048 57 0.282087 0.000063 
0.000859 -0.000814 0.001066 165 0.454024 0.000082


0.000795 -0.000798 0.001086 137 0.389024 0.000101


0.000895 -0.000821 0.001162 201 0.491214 0.000177 
0.000846 -0.000811 0.001114 285 0.441277 0.000130 
0.000859 -0.000814 0.001066 165 0.454024 0.000082 
0.001029 -0.000835 0.001085 139 0.625961 0.000100 
0.000895 -0.000821 0.001162 201 0.491214 0.000177


0.000907 -0.000822 0.001107 138 0.503057 0.000122


0.001243 -0.000819 0.000892 203 0.841143 -0.000093 
0.001197 -0.000827 0.000869 286 0.794020 -0.000115 
0.001159 -0.000831 0.000810 68 0.756131 -0.000175 
0.001251 -0.000818 0.000810 69 0.849389 -0.000175 
0.001243 -0.000819 0.000892 203 0.841143 -0.000093


0.001213 -0.000824 0.000845 139 0.810174 -0.000139


0.001168 -0.000830 0.000911 202 0.765288 -0.000074 
0.001197 -0.000827 0.000869 286 0.794020 -0.000115 
0.001243 -0.000819 0.000892 203 0.841143 -0.000093 
0.001281 -0.000812 0.000997 143 0.880020 0.000013 
0.001168 -0.000830 0.000911 202 0.765288 -0.000074


0.001222 -0.000823 0.000917 140 0.820116 -0.000067


0.001159 -0.000831 0.000810 68 0.756131 -0.000175 
0.001197 -0.000827 0.000869 286 0.794020 -0.000115 
0.001168 -0.000830 0.000911 202 0.765288 -0.000074 
0.001066 -0.000835 0.000810 67 0.662874 -0.000175 
0.001159 -0.000831 0.000810 68 0.756131 -0.000175


0.001147 -0.000832 0.000850 141 0.744596 -0.000135


0.001047 -0.000835 0.000947 158 0.644418 -0.000037 
0.001126 -0.000833 0.000964 287 0.723395 -0.000021 
0.001164 -0.000830 0.001033 204 0.761128 0.000049 
0.001029 -0.000835 0.001085 139 0.625961 0.000100 
0.001047 -0.000835 0.000947 158 0.644418 -0.000037


0.001092 -0.000835 0.001007 142 0.688722 0.000023


0.001168 -0.000830 0.000911 202 0.765288 -0.000074 
0.001126 -0.000833 0.000964 287 0.723395 -0.000021 
0.001047 -0.000835 0.000947 158 0.644418 -0.000037 
0.001066 -0.000835 0.000810 67 0.662874 -0.000175 
0.001168 -0.000830 0.000911 202 0.765288 -0.000074


0.001102 -0.000835 0.000908 143 0.698990 -0.000077


0.001164 -0.000830 0.001033 204 0.761128 0.000049 
0.001126 -0.000833 0.000964 287 0.723395 -0.000021 
0.001168 -0.000830 0.000911 202 0.765288 -0.000074 
0.001281 -0.000812 0.000997 143 0.880020 0.000013 
0.001164 -0.000830 0.001033 204 0.761128 0.000049


0.001185 -0.000828 0.000976 144 0.782428 -0.000008


0.001110 -0.000834 0.001221 206 0.706695 0.000237 
0.001176 -0.000829 0.001205 288 0.772865 0.000221 
0.001229 -0.000822 0.001247 177 0.826539 0.000262 
0.001188 -0.000828 0.001360 25 0.785398 0.000375 
0.001110 -0.000834 0.001221 206 0.706695 0.000237


0.001176 -0.000829 0.001258 145 0.772880 0.000274


0.001193 -0.000827 0.001147 205 0.789964 0.000163 
0.001176 -0.000829 0.001205 288 0.772865 0.000221 
0.001110 -0.000834 0.001221 206 0.706695 0.000237 
0.001029 -0.000835 0.001085 139 0.625961 0.000100 
0.001193 -0.000827 0.001147 205 0.789964 0.000163


0.001127 -0.000833 0.001165 146 0.723894 0.000180


0.001229 -0.000822 0.001247 177 0.826539 0.000262 
0.001176 -0.000829 0.001205 288 0.772865 0.000221 
0.001193 -0.000827 0.001147 205 0.789964 0.000163 
0.001324 -0.000801 0.001175 133 0.923923 0.000191 
0.001229 -0.000822 0.001247 177 0.826539 0.000262


0.001231 -0.000822 0.001194 147 0.828296 0.000209


0.001690 0.000946 0.000910 126 3.130299 -0.000075 
0.001747 0.000897 0.000876 289 3.055580 -0.000108 
0.001774 0.000871 0.000810 124 3.018221 -0.000175 
0.001690 0.000946 0.000810 125 3.130299 -0.000175 
0.001690 0.000946 0.000910 126 3.130299 -0.000075


0.001726 0.000916 0.000851 148 3.083604 -0.000133


0.001774 0.000871 0.000910 207 3.018221 -0.000075 
0.001747 0.000897 0.000876 289 3.055580 -0.000108 
0.001690 0.000946 0.000910 126 3.130299 -0.000075 
0.001690 0.000946 0.001010 127 3.130299 0.000025 
0.001774 0.000871 0.000910 207 3.018221 -0.000075


0.001726 0.000916 0.000926 149 3.083604 -0.000058


0.001774 0.000871 0.000810 124 3.018221 -0.000175 
0.001747 0.000897 0.000876 289 3.055580 -0.000108 
0.001774 0.000871 0.000910 207 3.018221 -0.000075 
0.001848 0.000788 0.000810 123 2.906142 -0.000175 
0.001774 0.000871 0.000810 124 3.018221 -0.000175


0.001787 0.000858 0.000851 150 2.999567 -0.000133


0.001884 0.000740 0.001360 4 2.847068 0.000375 
0.001868 0.000762 0.001268 290 2.873276 0.000283 
0.001830 0.000810 0.001222 159 2.935468 0.000238 
0.001823 0.000818 0.001360 3 2.945243 0.000375 
0.001884 0.000740 0.001360 4 2.847068 0.000375


0.001852 0.000783 0.001302 151 2.900265 0.000318


0.001889 0.000732 0.001222 208 2.837293 0.000238 
0.001868 0.000762 0.001268 290 2.873276 0.000283 
0.001884 0.000740 0.001360 4 2.847068 0.000375 
0.001936 0.000657 0.001360 5 2.748894 0.000375 
0.001889 0.000732 0.001222 208 2.837293 0.000238


0.001895 0.000724 0.001302 152 2.826648 0.000318


0.001830 0.000810 0.001222 159 2.935468 0.000238 
0.001868 0.000762 0.001268 290 2.873276 0.000283 
0.001889 0.000732 0.001222 208 2.837293 0.000238 
0.001836 0.000803 0.001085 134 2.925693 0.000100 
0.001830 0.000810 0.001222 159 2.935468 0.000238


0.001856 0.000777 0.001199 153 2.892935 0.000215


0.001842 0.000795 0.000947 210 2.915917 -0.000037 
0.001889 0.000733 0.000901 291 2.837940 -0.000083 
0.001913 0.000696 0.000810 122 2.794063 -0.000175 
0.001848 0.000788 0.000810 123 2.906142 -0.000175 
0.001842 0.000795 0.000947 210 2.915917 -0.000037


0.001874 0.000754 0.000867 154 2.863521 -0.000118


0.001908 0.000705 0.000947 209 2.803839 -0.000037 
0.001889 0.000733 0.000901 291 2.837940 -0.000083 
0.001842 0.000795 0.000947 210 2.915917 -0.000037 
0.001836 0.000803 0.001085 134 2.925693 0.000100 
0.001908 0.000705 0.000947 209 2.803839 -0.000037


0.001870 0.000760 0.000970 155 2.870850 -0.000015


0.001913 0.000696 0.000810 122 2.794063 -0.000175 
0.001889 0.000733 0.000901 291 2.837940 -0.000083 
0.001908 0.000705 0.000947 209 2.803839 -0.000037 
0.001967 0.000598 0.000810 121 2.681985 -0.000175 
0.001913 0.000696 0.000810 122 2.794063 -0.000175


0.001921 0.000684 0.000867 156 2.779486 -0.000118


0.001980 0.000570 0.001360 6 2.650719 0.000375 
0.001985 0.000560 0.001268 292 2.639567 0.000283 
0.001967 0.000599 0.001222 212 2.683079 0.000238 
0.001936 0.000657 0.001360 5 2.748894 0.000375 
0.001980 0.000570 0.001360 6 2.650719 0.000375


0.001968 0.000597 0.001302 157 2.680555 0.000318


0.002005 0.000509 0.001222 211 2.584904 0.000238 
0.001985 0.000560 0.001268 292 2.639567 0.000283 
0.001980 0.000570 0.001360 6 2.650719 0.000375 
0.002015 0.000478 0.001360 7 2.552544 0.000375 
0.002005 0.000509 0.001222 211 2.584904 0.000238


0.001997 0.000529 0.001302 158 2.606936 0.000318


0.001967 0.000599 0.001222 212 2.683079 0.000238 
0.001985 0.000560 0.001268 292 2.639567 0.000283 
0.002005 0.000509 0.001222 211 2.584904 0.000238 
0.001993 0.000539 0.001085 140 2.617264 0.000100 
0.001967 0.000599 0.001222 212 2.683079 0.000238


0.001988 0.000552 0.001199 159 2.631202 0.000215


0.002048 0.000354 0.001222 214 2.423738 0.000238 
0.002034 0.000417 0.001176 293 2.488247 0.000192 
0.002005 0.000509 0.001222 211 2.584904 0.000238 
0.002015 0.000478 0.001360 7 2.552544 0.000375 
0.002048 0.000354 0.001222 214 2.423738 0.000238


0.002027 0.000440 0.001245 160 2.512369 0.000260


0.002041 0.000385 0.001085 213 2.456098 0.000100 
0.002034 0.000417 0.001176 293 2.488247 0.000192 
0.002048 0.000354 0.001222 214 2.423738 0.000238 
0.002064 0.000226 0.001085 137 2.294932 0.000100 
0.002041 0.000385 0.001085 213 2.456098 0.000100


0.002049 0.000346 0.001142 161 2.415809 0.000157


0.002005 0.000509 0.001222 211 2.584904 0.000238 
0.002034 0.000417 0.001176 293 2.488247 0.000192 
0.002041 0.000385 0.001085 213 2.456098 0.000100 
0.001993 0.000539 0.001085 140 2.617264 0.000100 
0.002005 0.000509 0.001222 211 2.584904 0.000238


0.002020 0.000463 0.001142 162 2.536628 0.000157


0.002062 0.000257 0.001222 215 2.325563 0.000238 
0.002052 0.000332 0.001268 294 2.401224 0.000283 
0.002042 0.000384 0.001360 8 2.454369 0.000375 
0.002058 0.000287 0.001360 9 2.356194 0.000375 
0.002062 0.000257 0.001222 215 2.325563 0.000238


0.002055 0.000315 0.001302 163 2.384333 0.000318


0.002048 0.000354 0.001222 214 2.423738 0.000238 
0.002052 0.000332 0.001268 294 2.401224 0.000283 
0.002062 0.000257 0.001222 215 2.325563 0.000238 
0.002064 0.000226 0.001085 137 2.294932 0.000100 
0.002048 0.000354 0.001222 214 2.423738 0.000238


0.002058 0.000292 0.001199 164 2.361366 0.000215


0.002042 0.000384 0.001360 8 2.454369 0.000375 
0.002052 0.000332 0.001268 294 2.401224 0.000283 
0.002048 0.000354 0.001222 214 2.423738 0.000238 
0.002015 0.000478 0.001360 7 2.552544 0.000375 
0.002042 0.000384 0.001360 8 2.454369 0.000375


0.002041 0.000387 0.001302 165 2.457943 0.000318


0.002020 0.000464 0.000947 217 2.537546 -0.000037 
0.002041 0.000386 0.000993 295 2.456675 0.000008 
0.002056 0.000307 0.000947 216 2.376380 -0.000037 
0.002041 0.000387 0.000810 119 2.457827 -0.000175 
0.002020 0.000464 0.000947 217 2.537546 -0.000037


0.002041 0.000386 0.000924 166 2.457107 -0.000060


0.002041 0.000385 0.001085 213 2.456098 0.000100 
0.002041 0.000386 0.000993 295 2.456675 0.000008 
0.002020 0.000464 0.000947 217 2.537546 -0.000037 
0.001993 0.000539 0.001085 140 2.617264 0.000100 
0.002041 0.000385 0.001085 213 2.456098 0.000100


0.002026 0.000444 0.001027 167 2.516872 0.000043


0.002056 0.000307 0.000947 216 2.376380 -0.000037 
0.002041 0.000386 0.000993 295 2.456675 0.000008 
0.002041 0.000385 0.001085 213 2.456098 0.000100 
0.002064 0.000226 0.001085 137 2.294932 0.000100 
0.002056 0.000307 0.000947 216 2.376380 -0.000037


0.002053 0.000326 0.001027 168 2.396046 0.000043


0.002066 0.000189 0.001360 10 2.258020 0.000375 
0.002065 0.000201 0.001268 296 2.270324 0.000283 
0.002062 0.000257 0.001222 215 2.325563 0.000238 
0.002058 0.000287 0.001360 9 2.356194 0.000375 
0.002066 0.000189 0.001360 10 2.258020 0.000375


0.002063 0.000234 0.001302 169 2.302523 0.000318


0.002066 0.000158 0.001222 218 2.227389 0.000238 
0.002065 0.000201 0.001268 296 2.270324 0.000283 
0.002066 0.000189 0.001360 10 2.258020 0.000375 
0.002063 0.000091 0.001360 11 2.159845 0.000375 
0.002066 0.000158 0.001222 218 2.227389 0.000238


0.002066 0.000160 0.001302 170 2.228904 0.000318


0.002062 0.000257 0.001222 215 2.325563 0.000238 
0.002065 0.000201 0.001268 296 2.270324 0.000283 
0.002066 0.000158 0.001222 218 2.227389 0.000238 
0.002064 0.000226 0.001085 137 2.294932 0.000100 
0.002062 0.000257 0.001222 215 2.325563 0.000238


0.002065 0.000211 0.001199 171 2.279554 0.000215


0.002065 0.000121 0.001085 221 2.189806 0.000100 
0.002065 0.000136 0.000993 297 2.204427 0.000008 
0.002065 0.000195 0.000947 220 2.264301 -0.000037 
0.002064 0.000226 0.001085 137 2.294932 0.000100 
0.002065 0.000121 0.001085 221 2.189806 0.000100


0.002066 0.000169 0.001027 172 2.238365 0.000043


0.002063 0.000090 0.000947 219 2.159175 -0.000037 
0.002065 0.000136 0.000993 297 2.204427 0.000008 
0.002065 0.000121 0.001085 221 2.189806 0.000100 
0.002055 0.000016 0.001085 141 2.084679 0.000100 
0.002063 0.000090 0.000947 219 2.159175 -0.000037


0.002063 0.000091 0.001027 173 2.159534 0.000043


0.002065 0.000195 0.000947 220 2.264301 -0.000037 
0.002065 0.000136 0.000993 297 2.204427 0.000008 
0.002063 0.000090 0.000947 219 2.159175 -0.000037 
0.002066 0.000165 0.000810 117 2.233670 -0.000175 
0.002065 0.000195 0.000947 220 2.264301 -0.000037


0.002066 0.000146 0.000924 174 2.215396 -0.000060


0.001972 -0.000259 0.001222 223 1.796242 0.000238 
0.001994 -0.000208 0.001268 298 1.851993 0.000283 
0.001999 -0.000195 0.001360 14 1.865321 0.000375 
0.001959 -0.000285 0.001360 15 1.767146 0.000375 
0.001972 -0.000259 0.001222 223 1.796242 0.000238


0.001982 -0.000237 0.001302 175 1.820177 0.000318


0.002009 -0.000168 0.001222 222 1.894417 0.000238 
0.001994 -0.000208 0.001268 298 1.851993 0.000283 
0.001972 -0.000259 0.001222 223 1.796242 0.000238 
0.001984 -0.000232 0.001085 142 1.825338 0.000100 
0.002009 -0.000168 0.001222 222 1.894417 0.000238


0.001990 -0.000217 0.001199 176 1.841996 0.000215


0.001999 -0.000195 0.001360 14 1.865321 0.000375 
0.001994 -0.000208 0.001268 298 1.851993 0.000283 
0.002009 -0.000168 0.001222 222 1.894417 0.000238 
0.002030 -0.000102 0.001360 13 1.963495 0.000375 
0.001999 -0.000195 0.001360 14 1.865321 0.000375


0.002009 -0.000169 0.001302 177 1.893796 0.000318


0.002027 -0.000110 0.001085 226 1.955008 0.000100 
0.002032 -0.000093 0.000993 299 1.973177 0.000008 
0.002048 -0.000021 0.000947 225 2.047096 -0.000037 
0.002055 0.000016 0.001085 141 2.084679 0.000100 
0.002027 -0.000110 0.001085 226 1.955008 0.000100


0.002042 -0.000052 0.001027 178 2.014987 0.000043


0.002016 -0.000146 0.000947 224 1.917425 -0.000037 
0.002032 -0.000093 0.000993 299 1.973177 0.000008 
0.002027 -0.000110 0.001085 226 1.955008 0.000100 
0.001984 -0.000232 0.001085 142 1.825338 0.000100 
0.002016 -0.000146 0.000947 224 1.917425 -0.000037


0.002016 -0.000146 0.001027 179 1.917761 0.000043


0.002048 -0.000021 0.000947 225 2.047096 -0.000037 
0.002032 -0.000093 0.000993 299 1.973177 0.000008 
0.002016 -0.000146 0.000947 224 1.917425 -0.000037 
0.002041 -0.000058 0.000810 115 2.009513 -0.000175 
0.002048 -0.000021 0.000947 225 2.047096 -0.000037


0.002036 -0.000080 0.000924 180 1.986807 -0.000060


0.001909 -0.000372 0.001222 228 1.666572 0.000238 
0.001937 -0.000327 0.001176 300 1.719494 0.000192 
0.001972 -0.000259 0.001222 223 1.796242 0.000238 
0.001959 -0.000285 0.001360 15 1.767146 0.000375 
0.001909 -0.000372 0.001222 228 1.666572 0.000238


0.001945 -0.000311 0.001245 181 1.737369 0.000260


0.001925 -0.000348 0.001085 227 1.695668 0.000100 
0.001937 -0.000327 0.001176 300 1.719494 0.000192 
0.001909 -0.000372 0.001222 228 1.666572 0.000238 
0.001851 -0.000454 0.001085 135 1.565997 0.000100 
0.001925 -0.000348 0.001085 227 1.695668 0.000100


0.001907 -0.000376 0.001142 182 1.661960 0.000157


0.001972 -0.000259 0.001222 223 1.796242 0.000238 
0.001937 -0.000327 0.001176 300 1.719494 0.000192 
0.001925 -0.000348 0.001085 227 1.695668 0.000100 
0.001984 -0.000232 0.001085 142 1.825338 0.000100 
0.001972 -0.000259 0.001222 223 1.796242 0.000238


0.001955 -0.000292 0.001142 183 1.759184 0.000157


0.001914 -0.000365 0.000947 230 1.675676 -0.000037 
0.001940 -0.000322 0.000993 301 1.725564 0.000008 
0.001925 -0.000348 0.001085 227 1.695668 0.000100 
0.001851 -0.000454 0.001085 135 1.565997 0.000100 
0.001914 -0.000365 0.000947 230 1.675676 -0.000037


0.001909 -0.000373 0.001027 184 1.665758 0.000043


0.001976 -0.000251 0.000947 229 1.805347 -0.000037 
0.001940 -0.000322 0.000993 301 1.725564 0.000008 
0.001914 -0.000365 0.000947 230 1.675676 -0.000037 
0.001967 -0.000269 0.000810 113 1.785356 -0.000175 
0.001976 -0.000251 0.000947 229 1.805347 -0.000037


0.001950 -0.000302 0.000924 185 1.747992 -0.000060


0.001925 -0.000348 0.001085 227 1.695668 0.000100 
0.001940 -0.000322 0.000993 301 1.725564 0.000008 
0.001976 -0.000251 0.000947 229 1.805347 -0.000037 
0.001984 -0.000232 0.001085 142 1.825338 0.000100 
0.001925 -0.000348 0.001085 227 1.695668 0.000100


0.001957 -0.000289 0.001027 186 1.762981 0.000043


0.001705 -0.000604 0.001163 180 1.356781 0.000178 
0.001711 -0.000599 0.001207 302 1.364693 0.000222 
0.001704 -0.000605 0.001219 182 1.355349 0.000235 
0.001654 -0.000644 0.001093 97 1.292145 0.000108 
0.001705 -0.000604 0.001163 180 1.356781 0.000178


0.001694 -0.000613 0.001170 187 1.342247 0.000186


0.001726 -0.000586 0.001257 231 1.383991 0.000272 
0.001711 -0.000599 0.001207 302 1.364693 0.000222 
0.001705 -0.000604 0.001163 180 1.356781 0.000178 
0.001751 -0.000564 0.001197 138 1.417336 0.000212 
0.001726 -0.000586 0.001257 231 1.383991 0.000272


0.001724 -0.000588 0.001206 188 1.380699 0.000221


0.001704 -0.000605 0.001219 182 1.355349 0.000235 
0.001711 -0.000599 0.001207 302 1.364693 0.000222 
0.001726 -0.000586 0.001257 231 1.383991 0.000272 
0.001719 -0.000593 0.001360 19 1.374447 0.000375 
0.001704 -0.000605 0.001219 182 1.355349 0.000235


0.001715 -0.000596 0.001261 189 1.369620 0.000276


0.001913 -0.000367 0.000810 112 1.673277 -0.000175 
0.001893 -0.000397 0.000901 303 1.637517 -0.000083 
0.001850 -0.000456 0.000947 156 1.563598 -0.000037 
0.001848 -0.000458 0.000810 111 1.561198 -0.000175 
0.001913 -0.000367 0.000810 112 1.673277 -0.000175


0.001877 -0.000420 0.000867 190 1.608894 -0.000118


0.001914 -0.000365 0.000947 230 1.675676 -0.000037 
0.001893 -0.000397 0.000901 303 1.637517 -0.000083 
0.001913 -0.000367 0.000810 112 1.673277 -0.000175 
0.001967 -0.000269 0.000810 113 1.785356 -0.000175 
0.001914 -0.000365 0.000947 230 1.675676 -0.000037


0.001923 -0.000350 0.000867 191 1.692931 -0.000118


0.001850 -0.000456 0.000947 156 1.563598 -0.000037 
0.001893 -0.000397 0.000901 303 1.637517 -0.000083 
0.001914 -0.000365 0.000947 230 1.675676 -0.000037 
0.001851 -0.000454 0.001085 135 1.565997 0.000100 
0.001850 -0.000456 0.000947 156 1.563598 -0.000037


0.001878 -0.000419 0.000970 192 1.610693 -0.000015


0.001434 -0.000765 0.001039 76 1.040262 0.000054 
0.001389 -0.000781 0.001031 304 0.992382 0.000046 
0.001371 -0.000787 0.001016 232 0.973109 0.000032 
0.001432 -0.000766 0.001029 75 1.037850 0.000045 
0.001434 -0.000765 0.001039 76 1.040262 0.000054


0.001407 -0.000775 0.001029 193 1.010901 0.000044


0.001362 -0.000790 0.001038 145 0.963788 0.000054 
0.001389 -0.000781 0.001031 304 0.992382 0.000046 
0.001434 -0.000765 0.001039 76 1.040262 0.000054 
0.001437 -0.000764 0.001048 77 1.043627 0.000063 
0.001362 -0.000790 0.001038 145 0.963788 0.000054


0.001406 -0.000776 0.001039 194 1.010016 0.000054


0.001371 -0.000787 0.001016 232 0.973109 0.000032 
0.001389 -0.000781 0.001031 304 0.992382 0.000046 
0.001362 -0.000790 0.001038 145 0.963788 0.000054 
0.001281 -0.000812 0.000997 143 0.880020 0.000013 
0.001371 -0.000787 0.001016 232 0.973109 0.000032


0.001351 -0.000794 0.001021 195 0.952337 0.000036


0.001342 -0.000796 0.000810 70 0.942647 -0.000175 
0.001281 -0.000812 0.000997 143 0.880020 0.000013 
0.001243 -0.000819 0.000892 203 0.841143 -0.000093 
0.001251 -0.000818 0.000810 69 0.849389 -0.000175 
0.001342 -0.000796 0.000810 70 0.942647 -0.000175


0.001280 -0.000812 0.000877 196 0.878292 -0.000108


0.001774 0.000871 0.000910 207 3.018221 -0.000075 
0.001795 0.000849 0.000968 306 2.987378 -0.000017 
0.001842 0.000795 0.000947 210 2.915917 -0.000037 
0.001848 0.000788 0.000810 123 2.906142 -0.000175 
0.001774 0.000871 0.000910 207 3.018221 -0.000075


0.001816 0.000827 0.000909 199 2.956912 -0.000076


0.001767 0.000878 0.001047 149 3.027996 0.000063 
0.001795 0.000849 0.000968 306 2.987378 -0.000017 
0.001774 0.000871 0.000910 207 3.018221 -0.000075 
0.001690 0.000946 0.001010 127 3.130299 0.000025 
0.001767 0.000878 0.001047 149 3.027996 0.000063


0.001757 0.000887 0.000984 200 3.040951 -0.000001


0.001842 0.000795 0.000947 210 2.915917 -0.000037 
0.001795 0.000849 0.000968 306 2.987378 -0.000017 
0.001767 0.000878 0.001047 149 3.027996 0.000063 
0.001836 0.000803 0.001085 134 2.925693 0.000100 
0.001842 0.000795 0.000947 210 2.915917 -0.000037


0.001811 0.000832 0.001012 201 2.964242 0.000027


0.001967 0.000599 0.001222 212 2.683079 0.000238 
0.001929 0.000671 0.001176 307 2.763950 0.000192 
0.001889 0.000732 0.001222 208 2.837293 0.000238 
0.001936 0.000657 0.001360 5 2.748894 0.000375 
0.001967 0.000599 0.001222 212 2.683079 0.000238


0.001931 0.000666 0.001245 202 2.758301 0.000260


0.001925 0.000677 0.001085 233 2.771479 0.000100 
0.001929 0.000671 0.001176 307 2.763950 0.000192 
0.001967 0.000599 0.001222 212 2.683079 0.000238 
0.001993 0.000539 0.001085 140 2.617264 0.000100 
0.001925 0.000677 0.001085 233 2.771479 0.000100


0.001955 0.000622 0.001142 203 2.708959 0.000157


0.001889 0.000732 0.001222 208 2.837293 0.000238 
0.001929 0.000671 0.001176 307 2.763950 0.000192 
0.001925 0.000677 0.001085 233 2.771479 0.000100 
0.001836 0.000803 0.001085 134 2.925693 0.000100 
0.001889 0.000732 0.001222 208 2.837293 0.000238


0.001896 0.000722 0.001142 204 2.824576 0.000157


0.001681 -0.000624 0.001057 102 1.325049 0.000072 
0.001709 -0.000601 0.001101 308 1.361601 0.000117 
0.001715 -0.000596 0.001130 169 1.369701 0.000146 
0.001677 -0.000627 0.001065 101 1.319921 0.000081 
0.001681 -0.000624 0.001057 102 1.325049 0.000072


0.001696 -0.000612 0.001088 205 1.344068 0.000104


0.001739 -0.000575 0.001115 166 1.400710 0.000130 
0.001709 -0.000601 0.001101 308 1.361601 0.000117 
0.001681 -0.000624 0.001057 102 1.325049 0.000072 
0.001684 -0.000621 0.001048 103 1.329285 0.000063 
0.001739 -0.000575 0.001115 166 1.400710 0.000130


0.001703 -0.000606 0.001080 206 1.354159 0.000096


0.001715 -0.000596 0.001130 169 1.369701 0.000146 
0.001709 -0.000601 0.001101 308 1.361601 0.000117 
0.001739 -0.000575 0.001115 166 1.400710 0.000130 
0.001751 -0.000564 0.001197 138 1.417336 0.000212 
0.001715 -0.000596 0.001130 169 1.369701 0.000146


0.001729 -0.000584 0.001136 207 1.387337 0.000151


0.001911 -0.000370 0.001360 16 1.668971 0.000375 
0.001892 -0.000399 0.001268 309 1.634646 0.000283 
0.001909 -0.000372 0.001222 228 1.666572 0.000238 
0.001959 -0.000285 0.001360 15 1.767146 0.000375 
0.001911 -0.000370 0.001360 16 1.668971 0.000375


0.001919 -0.000357 0.001302 208 1.684316 0.000318


0.001839 -0.000469 0.001227 234 1.547194 0.000243 
0.001892 -0.000399 0.001268 309 1.634646 0.000283 
0.001911 -0.000370 0.001360 16 1.668971 0.000375 
0.001854 -0.000451 0.001360 17 1.570796 0.000375 
0.001839 -0.000469 0.001227 234 1.547194 0.000243


0.001875 -0.000423 0.001304 209 1.605400 0.000319


0.001909 -0.000372 0.001222 228 1.666572 0.000238 
0.001892 -0.000399 0.001268 309 1.634646 0.000283 
0.001839 -0.000469 0.001227 234 1.547194 0.000243 
0.001851 -0.000454 0.001085 135 1.565997 0.000100 
0.001909 -0.000372 0.001222 228 1.666572 0.000238


0.001874 -0.000424 0.001200 210 1.603600 0.000216


0.000680 -0.000758 0.001073 54 0.266827 0.000089 
0.000723 -0.000775 0.001113 310 0.312939 0.000128 
0.000741 -0.000781 0.001138 179 0.331844 0.000153 
0.000674 -0.000755 0.001080 53 0.260217 0.000096 
0.000680 -0.000758 0.001073 54 0.266827 0.000089


0.000704 -0.000768 0.001101 211 0.292956 0.000116


0.000730 -0.000777 0.001106 172 0.320193 0.000121 
0.000723 -0.000775 0.001113 310 0.312939 0.000128 
0.000680 -0.000758 0.001073 54 0.266827 0.000089 
0.000686 -0.000760 0.001065 55 0.272723 0.000081 
0.000730 -0.000777 0.001106 172 0.320193 0.000121


0.000705 -0.000768 0.001089 212 0.293171 0.000105


0.000741 -0.000781 0.001138 179 0.331844 0.000153 
0.000723 -0.000775 0.001113 310 0.312939 0.000128 
0.000730 -0.000777 0.001106 172 0.320193 0.000121 
0.000813 -0.000803 0.001189 136 0.407544 0.000205 
0.000741 -0.000781 0.001138 179 0.331844 0.000153


0.000752 -0.000785 0.001136 213 0.343121 0.000152


0.002060 0.000277 0.000810 118 2.345749 -0.000175 
0.002061 0.000260 0.000901 312 2.328810 -0.000083 
0.002065 0.000195 0.000947 220 2.264301 -0.000037 
0.002066 0.000165 0.000810 117 2.233670 -0.000175 
0.002060 0.000277 0.000810 118 2.345749 -0.000175


0.002064 0.000224 0.000867 217 2.293134 -0.000118


0.002056 0.000307 0.000947 216 2.376380 -0.000037 
0.002061 0.000260 0.000901 312 2.328810 -0.000083 
0.002060 0.000277 0.000810 118 2.345749 -0.000175 
0.002041 0.000387 0.000810 119 2.457827 -0.000175 
0.002056 0.000307 0.000947 216 2.376380 -0.000037


0.002056 0.000308 0.000867 218 2.377176 -0.000118


0.002065 0.000195 0.000947 220 2.264301 -0.000037 
0.002061 0.000260 0.000901 312 2.328810 -0.000083 
0.002056 0.000307 0.000947 216 2.376380 -0.000037 
0.002064 0.000226 0.001085 137 2.294932 0.000100 
0.002065 0.000195 0.000947 220 2.264301 -0.000037


0.002062 0.000247 0.000970 219 2.316103 -0.000015


0.002060 0.000053 0.000810 116 2.121591 -0.000175 
0.002058 0.000041 0.000901 313 2.109287 -0.000083 
0.002048 -0.000021 0.000947 225 2.047096 -0.000037 
0.002041 -0.000058 0.000810 115 2.009513 -0.000175 
0.002060 0.000053 0.000810 116 2.121591 -0.000175


0.002053 0.000004 0.000867 220 2.071875 -0.000118


0.002063 0.000090 0.000947 219 2.159175 -0.000037 
0.002058 0.000041 0.000901 313 2.109287 -0.000083 
0.002060 0.000053 0.000810 116 2.121591 -0.000175 
0.002066 0.000165 0.000810 117 2.233670 -0.000175 
0.002063 0.000090 0.000947 219 2.159175 -0.000037


0.002063 0.000087 0.000867 221 2.155917 -0.000118


0.002048 -0.000021 0.000947 225 2.047096 -0.000037 
0.002058 0.000041 0.000901 313 2.109287 -0.000083 
0.002063 0.000090 0.000947 219 2.159175 -0.000037 
0.002055 0.000016 0.001085 141 2.084679 0.000100 
0.002048 -0.000021 0.000947 225 2.047096 -0.000037


0.002057 0.000032 0.000970 222 2.100057 -0.000015


0.001790 -0.000525 0.001360 18 1.472622 0.000375 
0.001751 -0.000564 0.001197 138 1.417336 0.000212 
0.001839 -0.000469 0.001227 234 1.547194 0.000243 
0.001854 -0.000451 0.001360 17 1.570796 0.000375 
0.001790 -0.000525 0.001360 18 1.472622 0.000375


0.001810 -0.000503 0.001286 223 1.501996 0.000301


0.001726 -0.000586 0.001257 231 1.383991 0.000272 
0.001751 -0.000564 0.001197 138 1.417336 0.000212 
0.001790 -0.000525 0.001360 18 1.472622 0.000375 
0.001719 -0.000593 0.001360 19 1.374447 0.000375 
0.001726 -0.000586 0.001257 231 1.383991 0.000272


0.001747 -0.000567 0.001293 224 1.412093 0.000309


0.001839 -0.000469 0.001227 234 1.547194 0.000243 
0.001751 -0.000564 0.001197 138 1.417336 0.000212 
0.001793 -0.000522 0.001130 168 1.476803 0.000145 
0.001851 -0.000454 0.001085 135 1.565997 0.000100 
0.001839 -0.000469 0.001227 234 1.547194 0.000243


0.001810 -0.000503 0.001160 226 1.501843 0.000175


0.001005 -0.000833 0.001243 236 0.601881 0.000258 
0.000813 -0.000803 0.001189 136 0.407544 0.000205 
0.000895 -0.000821 0.001162 201 0.491214 0.000177 
0.001029 -0.000835 0.001085 139 0.625961 0.000100 
0.001005 -0.000833 0.001243 236 0.601881 0.000258


0.000935 -0.000827 0.001170 231 0.531683 0.000185


0.001090 -0.000835 0.001360 26 0.687223 0.000375 
0.001070 -0.000835 0.001268 317 0.666803 0.000283 
0.001110 -0.000834 0.001221 206 0.706695 0.000237 
0.001188 -0.000828 0.001360 25 0.785398 0.000375 
0.001090 -0.000835 0.001360 26 0.687223 0.000375


0.001114 -0.000834 0.001302 232 0.711517 0.000318


0.001005 -0.000833 0.001243 236 0.601881 0.000258 
0.001070 -0.000835 0.001268 317 0.666803 0.000283 
0.001090 -0.000835 0.001360 26 0.687223 0.000375 
0.000992 -0.000833 0.001360 27 0.589049 0.000375 
0.001005 -0.000833 0.001243 236 0.601881 0.000258


0.001039 -0.000835 0.001307 233 0.636238 0.000323


0.001110 -0.000834 0.001221 206 0.706695 0.000237 
0.001070 -0.000835 0.001268 317 0.666803 0.000283 
0.001005 -0.000833 0.001243 236 0.601881 0.000258 
0.001029 -0.000835 0.001085 139 0.625961 0.000100 
0.001110 -0.000834 0.001221 206 0.706695 0.000237


0.001053 -0.000835 0.001204 234 0.650333 0.000220


0.001908 0.000705 0.000947 209 2.803839 -0.000037 
0.001940 0.000651 0.000993 318 2.741647 0.000008 
0.001981 0.000569 0.000947 237 2.649625 -0.000037 
0.001967 0.000598 0.000810 121 2.681985 -0.000175 
0.001908 0.000705 0.000947 209 2.803839 -0.000037


0.001950 0.000631 0.000924 235 2.719264 -0.000060


0.001925 0.000677 0.001085 233 2.771479 0.000100 
0.001940 0.000651 0.000993 318 2.741647 0.000008 
0.001908 0.000705 0.000947 209 2.803839 -0.000037 
0.001836 0.000803 0.001085 134 2.925693 0.000100 
0.001925 0.000677 0.001085 233 2.771479 0.000100


0.001904 0.000710 0.001027 236 2.810617 0.000043


0.001981 0.000569 0.000947 237 2.649625 -0.000037 
0.001940 0.000651 0.000993 318 2.741647 0.000008 
0.001925 0.000677 0.001085 233 2.771479 0.000100 
0.001993 0.000539 0.001085 140 2.617264 0.000100 
0.001981 0.000569 0.000947 237 2.649625 -0.000037


0.001961 0.000610 0.001027 237 2.695004 0.000043


0.002010 0.000495 0.000810 120 2.569906 -0.000175 
0.002005 0.000510 0.000901 319 2.585692 -0.000083 
0.002020 0.000464 0.000947 217 2.537546 -0.000037 
0.002041 0.000387 0.000810 119 2.457827 -0.000175 
0.002010 0.000495 0.000810 120 2.569906 -0.000175


0.002020 0.000464 0.000867 238 2.537758 -0.000118


0.001981 0.000569 0.000947 237 2.649625 -0.000037 
0.002005 0.000510 0.000901 319 2.585692 -0.000083 
0.002010 0.000495 0.000810 120 2.569906 -0.000175 
0.001967 0.000598 0.000810 121 2.681985 -0.000175 
0.001981 0.000569 0.000947 237 2.649625 -0.000037


0.001991 0.000543 0.000867 239 2.621800 -0.000118


0.002020 0.000464 0.000947 217 2.537546 -0.000037 
0.002005 0.000510 0.000901 319 2.585692 -0.000083 
0.001981 0.000569 0.000947 237 2.649625 -0.000037 
0.001993 0.000539 0.001085 140 2.617264 0.000100 
0.002020 0.000464 0.000947 217 2.537546 -0.000037


0.002000 0.000521 0.000970 240 2.597535 -0.000015


0.002051 -0.000006 0.001360 12 2.061670 0.000375 
0.002052 0.000001 0.001268 320 2.069340 0.000283 
0.002060 0.000054 0.001222 239 2.122262 0.000238 
0.002063 0.000091 0.001360 11 2.159845 0.000375 
0.002051 -0.000006 0.001360 12 2.061670 0.000375


0.002057 0.000035 0.001302 241 2.103276 0.000318


0.002044 -0.000043 0.001222 238 2.024087 0.000238 
0.002052 0.000001 0.001268 320 2.069340 0.000283 
0.002051 -0.000006 0.001360 12 2.061670 0.000375 
0.002030 -0.000102 0.001360 13 1.963495 0.000375 
0.002044 -0.000043 0.001222 238 2.024087 0.000238


0.002045 -0.000038 0.001302 242 2.029656 0.000318


0.002060 0.000054 0.001222 239 2.122262 0.000238 
0.002052 0.000001 0.001268 320 2.069340 0.000283 
0.002044 -0.000043 0.001222 238 2.024087 0.000238 
0.002055 0.000016 0.001085 141 2.084679 0.000100 
0.002060 0.000054 0.001222 239 2.122262 0.000238


0.002053 0.000007 0.001199 243 2.075093 0.000215


0.002066 0.000158 0.001222 218 2.227389 0.000238 
0.002064 0.000111 0.001176 321 2.179819 0.000192 
0.002065 0.000121 0.001085 221 2.189806 0.000100 
0.002064 0.000226 0.001085 137 2.294932 0.000100 
0.002066 0.000158 0.001222 218 2.227389 0.000238


0.002066 0.000154 0.001142 244 2.222976 0.000157


0.002060 0.000054 0.001222 239 2.122262 0.000238 
0.002064 0.000111 0.001176 321 2.179819 0.000192 
0.002066 0.000158 0.001222 218 2.227389 0.000238 
0.002063 0.000091 0.001360 11 2.159845 0.000375 
0.002060 0.000054 0.001222 239 2.122262 0.000238


0.002064 0.000103 0.001245 245 2.172327 0.000260


0.002065 0.000121 0.001085 221 2.189806 0.000100 
0.002064 0.000111 0.001176 321 2.179819 0.000192 
0.002060 0.000054 0.001222 239 2.122262 0.000238 
0.002055 0.000016 0.001085 141 2.084679 0.000100 
0.002065 0.000121 0.001085 221 2.189806 0.000100


0.002062 0.000075 0.001142 246 2.144145 0.000157


0.002044 -0.000043 0.001222 238 2.024087 0.000238 
0.002028 -0.000108 0.001176 322 1.957837 0.000192 
0.002027 -0.000110 0.001085 226 1.955008 0.000100 
0.002055 0.000016 0.001085 141 2.084679 0.000100 
0.002044 -0.000043 0.001222 238 2.024087 0.000238


0.002040 -0.000062 0.001142 247 2.005392 0.000157


0.002009 -0.000168 0.001222 222 1.894417 0.000238 
0.002028 -0.000108 0.001176 322 1.957837 0.000192 
0.002044 -0.000043 0.001222 238 2.024087 0.000238 
0.002030 -0.000102 0.001360 13 1.963495 0.000375 
0.002009 -0.000168 0.001222 222 1.894417 0.000238


0.002029 -0.000106 0.001245 248 1.959960 0.000260


0.002027 -0.000110 0.001085 226 1.955008 0.000100 
0.002028 -0.000108 0.001176 322 1.957837 0.000192 
0.002009 -0.000168 0.001222 222 1.894417 0.000238 
0.001984 -0.000232 0.001085 142 1.825338 0.000100 
0.002027 -0.000110 0.001085 226 1.955008 0.000100


0.002013 -0.000155 0.001142 249 1.908165 0.000157


0.002010 -0.000165 0.000810 114 1.897434 -0.000175 
0.002002 -0.000188 0.000901 323 1.873402 -0.000083 
0.001976 -0.000251 0.000947 229 1.805347 -0.000037 
0.001967 -0.000269 0.000810 113 1.785356 -0.000175 
0.002010 -0.000165 0.000810 114 1.897434 -0.000175


0.001990 -0.000218 0.000867 250 1.840384 -0.000118


0.002016 -0.000146 0.000947 224 1.917425 -0.000037 
0.002002 -0.000188 0.000901 323 1.873402 -0.000083 
0.002010 -0.000165 0.000810 114 1.897434 -0.000175 
0.002041 -0.000058 0.000810 115 2.009513 -0.000175 
0.002016 -0.000146 0.000947 224 1.917425 -0.000037


0.002018 -0.000140 0.000867 251 1.924424 -0.000118


0.001976 -0.000251 0.000947 229 1.805347 -0.000037 
0.002002 -0.000188 0.000901 323 1.873402 -0.000083 
0.002016 -0.000146 0.000947 224 1.917425 -0.000037 
0.001984 -0.000232 0.001085 142 1.825338 0.000100 
0.001976 -0.000251 0.000947 229 1.805347 -0.000037


0.001995 -0.000205 0.000970 252 1.855374 -0.000015


0.001193 -0.000827 0.001147 205 0.789964 0.000163 
0.001217 -0.000824 0.001088 324 0.814449 0.000103 
0.001292 -0.000809 0.001083 147 0.890966 0.000099 
0.001324 -0.000801 0.001175 133 0.923923 0.000191 
0.001193 -0.000827 0.001147 205 0.789964 0.000163


0.001257 -0.000817 0.001123 253 0.854824 0.000139


0.001164 -0.000830 0.001033 204 0.761128 0.000049 
0.001217 -0.000824 0.001088 324 0.814449 0.000103 
0.001193 -0.000827 0.001147 205 0.789964 0.000163 
0.001029 -0.000835 0.001085 139 0.625961 0.000100 
0.001164 -0.000830 0.001033 204 0.761128 0.000049


0.001151 -0.000832 0.001088 254 0.747936 0.000104


0.001292 -0.000809 0.001083 147 0.890966 0.000099 
0.001217 -0.000824 0.001088 324 0.814449 0.000103 
0.001164 -0.000830 0.001033 204 0.761128 0.000049 
0.001281 -0.000812 0.000997 143 0.880020 0.000013 
0.001292 -0.000809 0.001083 147 0.890966 0.000099


0.001239 -0.000820 0.001050 255 0.836649 0.000066


0.001431 -0.000766 0.001019 74 1.036394 0.000035 
0.001389 -0.000781 0.001014 325 0.992426 0.000029 
0.001366 -0.000789 0.001007 198 0.967785 0.000022 
0.001430 -0.000766 0.001010 73 1.035904 0.000025 
0.001431 -0.000766 0.001019 74 1.036394 0.000035


0.001404 -0.000776 0.001012 256 1.008128 0.000028


0.001371 -0.000787 0.001016 232 0.973109 0.000032 
0.001389 -0.000781 0.001014 325 0.992426 0.000029 
0.001431 -0.000766 0.001019 74 1.036394 0.000035 
0.001432 -0.000766 0.001029 75 1.037850 0.000045 
0.001371 -0.000787 0.001016 232 0.973109 0.000032


0.001406 -0.000776 0.001020 257 1.009946 0.000035


0.001366 -0.000789 0.001007 198 0.967785 0.000022 
0.001389 -0.000781 0.001014 325 0.992426 0.000029 
0.001371 -0.000787 0.001016 232 0.973109 0.000032 
0.001281 -0.000812 0.000997 143 0.880020 0.000013 
0.001366 -0.000789 0.001007 198 0.967785 0.000022


0.001352 -0.000793 0.001008 258 0.953349 0.000024


