0.002464 0.001928 0.000008 58 5.445405 0.000149 
0.002415 0.001966 -0.000057 43 5.472985 0.000084 
0.002400 0.001977 0.000110 28 5.481076 0.000250 
0.002479 0.001916 0.000110 29 5.436730 0.000250 
0.002464 0.001928 0.000008 58 5.445405 0.000149


0.002439 0.001947 0.000043 1 5.459049 0.000183


0.002400 0.001977 0.000110 28 5.481076 0.000250 
0.002415 0.001966 -0.000057 43 5.472985 0.000084 
0.002318 0.002034 0.000010 26 5.525422 0.000150 
0.002318 0.002034 0.000110 27 5.525422 0.000250 
0.002400 0.001977 0.000110 28 5.481076 0.000250


0.002363 0.002003 0.000043 3 5.501226 0.000183


0.002318 0.002034 0.000010 26 5.525422 0.000150 
0.002415 0.001966 -0.000057 43 5.472985 0.000084 
0.002363 0.002004 -0.000100 59 5.501519 0.000040 
0.002318 0.002034 -0.000090 25 5.525422 0.000050 
0.002318 0.002034 0.000010 26 5.525422 0.000150


0.002354 0.002010 -0.000059 4 5.506338 0.000081


0.002318 0.002034 -0.000390 22 5.525422 -0.000250 
0.002362 0.002004 -0.000424 119 5.501687 -0.000283 
0.002384 0.001988 -0.000490 61 5.489820 -0.000350 
0.002318 0.002034 -0.000490 21 5.525422 -0.000350 
0.002318 0.002034 -0.000390 22 5.525422 -0.000250


0.002346 0.002015 -0.000449 7 5.510588 -0.000308


0.002384 0.001988 -0.000390 60 5.489820 -0.000250 
0.002362 0.002004 -0.000424 119 5.501687 -0.000283 
0.002318 0.002034 -0.000390 22 5.525422 -0.000250 
0.002318 0.002034 -0.000290 23 5.525422 -0.000150 
0.002384 0.001988 -0.000390 60 5.489820 -0.000250


0.002346 0.002015 -0.000374 8 5.510588 -0.000233


0.002384 0.001988 -0.000490 61 5.489820 -0.000350 
0.002362 0.002004 -0.000424 119 5.501687 -0.000283 
0.002384 0.001988 -0.000390 60 5.489820 -0.000250 
0.002448 0.001940 -0.000490 45 5.454218 -0.000350 
0.002384 0.001988 -0.000490 61 5.489820 -0.000350


0.002395 0.001980 -0.000449 9 5.483887 -0.000308


0.002622 0.001790 -0.000290 64 5.352096 -0.000150 
0.002607 0.001804 -0.000224 120 5.361049 -0.000083 
0.002647 0.001766 -0.000190 63 5.336638 -0.000050 
0.002713 0.001697 -0.000290 48 5.294321 -0.000150 
0.002622 0.001790 -0.000290 64 5.352096 -0.000150


0.002648 0.001765 -0.000249 10 5.336028 -0.000108


0.002552 0.001854 -0.000190 62 5.394413 -0.000050 
0.002607 0.001804 -0.000224 120 5.361049 -0.000083 
0.002622 0.001790 -0.000290 64 5.352096 -0.000150 
0.002525 0.001877 -0.000290 49 5.409872 -0.000150 
0.002552 0.001854 -0.000190 62 5.394413 -0.000050


0.002577 0.001832 -0.000249 11 5.379357 -0.000108


0.002647 0.001766 -0.000190 63 5.336638 -0.000050 
0.002607 0.001804 -0.000224 120 5.361049 -0.000083 
0.002552 0.001854 -0.000190 62 5.394413 -0.000050 
0.002578 0.001831 -0.000090 54 5.378955 0.000050 
0.002647 0.001766 -0.000190 63 5.336638 -0.000050


0.002596 0.001814 -0.000174 12 5.367764 -0.000033


0.003109 0.001108 -0.000354 66 4.977321 -0.000214 
0.003068 0.001191 -0.000324 121 5.018613 -0.000183 
0.003160 0.000988 -0.000279 8 4.919648 -0.000139 
0.003154 0.001002 -0.000343 9 4.926277 -0.000203 
0.003109 0.001108 -0.000354 66 4.977321 -0.000214


0.003124 0.001073 -0.000325 13 4.960461 -0.000185


0.003140 0.001036 -0.000172 68 4.942468 -0.000032 
0.003153 0.001006 -0.000130 122 4.928257 0.000010 
0.003176 0.000946 -0.000156 6 4.899726 -0.000016 
0.003167 0.000970 -0.000217 7 4.910779 -0.000076 
0.003140 0.001036 -0.000172 68 4.942468 -0.000032


0.003159 0.000990 -0.000169 16 4.920307 -0.000028


0.003151 0.001010 -0.000082 67 4.929861 0.000059 
0.003153 0.001006 -0.000130 122 4.928257 0.000010 
0.003140 0.001036 -0.000172 68 4.942468 -0.000032 
0.003091 0.001144 -0.000078 44 4.995414 0.000062 
0.003151 0.001010 -0.000082 67 4.929861 0.000059


0.003135 0.001049 -0.000116 17 4.948996 0.000025


0.003176 0.000946 -0.000156 6 4.899726 -0.000016 
0.003153 0.001006 -0.000130 122 4.928257 0.000010 
0.003151 0.001010 -0.000082 67 4.929861 0.000059 
0.003186 0.000918 -0.000097 5 4.886531 0.000043 
0.003176 0.000946 -0.000156 6 4.899726 -0.000016


0.003167 0.000970 -0.000116 18 4.911094 0.000024


0.003179 0.000938 0.000006 70 4.895555 0.000147 
0.003189 0.000909 0.000009 123 4.882214 0.000149 
0.003197 0.000886 -0.000041 4 4.871469 0.000099 
0.003186 0.000918 -0.000097 5 4.886531 0.000043 
0.003179 0.000938 0.000006 70 4.895555 0.000147


0.003188 0.000913 -0.000031 19 4.883942 0.000110


0.003191 0.000904 0.000061 69 4.879618 0.000201 
0.003189 0.000909 0.000009 123 4.882214 0.000149 
0.003179 0.000938 0.000006 70 4.895555 0.000147 
0.003172 0.000957 0.000110 41 4.904578 0.000250 
0.003191 0.000904 0.000061 69 4.879618 0.000201


0.003183 0.000927 0.000046 20 4.890491 0.000187


0.003197 0.000886 -0.000041 4 4.871469 0.000099 
0.003189 0.000909 0.000009 123 4.882214 0.000149 
0.003191 0.000904 0.000061 69 4.879618 0.000201 
0.003209 0.000851 0.000012 3 4.854657 0.000152 
0.003197 0.000886 -0.000041 4 4.871469 0.000099


0.003197 0.000888 0.000010 21 4.871989 0.000150


0.003205 0.000862 0.000110 42 4.860232 0.000250 
0.003206 0.000859 0.000078 124 4.858661 0.000218 
0.003191 0.000904 0.000061 69 4.879618 0.000201 
0.003172 0.000957 0.000110 41 4.904578 0.000250 
0.003205 0.000862 0.000110 42 4.860232 0.000250


0.003194 0.000896 0.000089 22 4.875772 0.000230


0.003221 0.000811 0.000062 2 4.836132 0.000203 
0.003206 0.000859 0.000078 124 4.858661 0.000218 
0.003205 0.000862 0.000110 42 4.860232 0.000250 
0.003234 0.000767 0.000110 1 4.815886 0.000250 
0.003221 0.000811 0.000062 2 4.836132 0.000203


0.003217 0.000825 0.000090 23 4.842728 0.000230


0.003191 0.000904 0.000061 69 4.879618 0.000201 
0.003206 0.000859 0.000078 124 4.858661 0.000218 
0.003221 0.000811 0.000062 2 4.836132 0.000203 
0.003209 0.000851 0.000012 3 4.854657 0.000152 
0.003191 0.000904 0.000061 69 4.879618 0.000201


0.003207 0.000856 0.000053 24 4.857267 0.000194


0.003151 0.001010 -0.000082 67 4.929861 0.000059 
0.003152 0.001007 -0.000024 125 4.928396 0.000116 
0.003179 0.000938 0.000006 70 4.895555 0.000147 
0.003186 0.000918 -0.000097 5 4.886531 0.000043 
0.003151 0.001010 -0.000082 67 4.929861 0.000059


0.003168 0.000968 -0.000049 25 4.910086 0.000091


0.003137 0.001044 0.000014 71 4.946570 0.000155 
0.003152 0.001007 -0.000024 125 4.928396 0.000116 
0.003151 0.001010 -0.000082 67 4.929861 0.000059 
0.003091 0.001144 -0.000078 44 4.995414 0.000062 
0.003137 0.001044 0.000014 71 4.946570 0.000155


0.003134 0.001052 -0.000042 26 4.950057 0.000098


0.003179 0.000938 0.000006 70 4.895555 0.000147 
0.003152 0.001007 -0.000024 125 4.928396 0.000116 
0.003137 0.001044 0.000014 71 4.946570 0.000155 
0.003172 0.000957 0.000110 41 4.904578 0.000250 
0.003179 0.000938 0.000006 70 4.895555 0.000147


0.003160 0.000986 0.000027 27 4.918774 0.000167


0.003059 0.001208 -0.000690 12 5.026989 -0.000550 
0.003061 0.001205 -0.000543 46 5.025395 -0.000403 
0.003104 0.001119 -0.000586 73 4.982722 -0.000445 
0.003129 0.001063 -0.000690 11 4.955785 -0.000550 
0.003059 0.001208 -0.000690 12 5.026989 -0.000550


0.003089 0.001149 -0.000627 28 4.997724 -0.000487


0.003021 0.001279 -0.000598 72 5.063013 -0.000458 
0.003061 0.001205 -0.000543 46 5.025395 -0.000403 
0.003059 0.001208 -0.000690 12 5.026989 -0.000550 
0.002980 0.001347 -0.000690 13 5.098194 -0.000550 
0.003021 0.001279 -0.000598 72 5.063013 -0.000458


0.003031 0.001260 -0.000631 29 5.053396 -0.000490


0.002922 0.001437 -0.000585 76 5.145948 -0.000444 
0.002974 0.001357 -0.000486 56 5.103372 -0.000346 
0.002989 0.001332 -0.000579 75 5.090559 -0.000438 
0.002980 0.001347 -0.000690 13 5.098194 -0.000550 
0.002922 0.001437 -0.000585 76 5.145948 -0.000444


0.002967 0.001369 -0.000585 31 5.109517 -0.000445


0.002920 0.001440 -0.000464 74 5.147368 -0.000323 
0.002974 0.001357 -0.000486 56 5.103372 -0.000346 
0.002922 0.001437 -0.000585 76 5.145948 -0.000444 
0.002861 0.001522 -0.000481 51 5.192315 -0.000340 
0.002920 0.001440 -0.000464 74 5.147368 -0.000323


0.002920 0.001439 -0.000504 32 5.147250 -0.000363


0.003135 0.001049 0.000110 40 4.948924 0.000250 
0.003120 0.001083 0.000055 128 4.965239 0.000196 
0.003091 0.001146 0.000048 77 4.996297 0.000189 
0.003093 0.001140 0.000110 39 4.993270 0.000250 
0.003135 0.001049 0.000110 40 4.948924 0.000250


0.003110 0.001105 0.000081 34 4.975933 0.000221


0.003137 0.001044 0.000014 71 4.946570 0.000155 
0.003120 0.001083 0.000055 128 4.965239 0.000196 
0.003135 0.001049 0.000110 40 4.948924 0.000250 
0.003172 0.000957 0.000110 41 4.904578 0.000250 
0.003137 0.001044 0.000014 71 4.946570 0.000155


0.003141 0.001033 0.000072 35 4.941329 0.000213


0.003091 0.001146 0.000048 77 4.996297 0.000189 
0.003120 0.001083 0.000055 128 4.965239 0.000196 
0.003137 0.001044 0.000014 71 4.946570 0.000155 
0.003091 0.001144 -0.000078 44 4.995414 0.000062 
0.003091 0.001146 0.000048 77 4.996297 0.000189


0.003110 0.001105 0.000010 36 4.975881 0.000150


0.003016 0.001287 -0.000178 78 5.067188 -0.000038 
0.003091 0.001144 -0.000078 44 4.995414 0.000062 
0.003098 0.001130 -0.000202 80 4.988233 -0.000062 
0.003068 0.001191 -0.000324 121 5.018613 -0.000183 
0.003016 0.001287 -0.000178 78 5.067188 -0.000038


0.003069 0.001189 -0.000196 38 5.017358 -0.000055


0.003027 0.001268 -0.000065 79 5.057442 0.000075 
0.003091 0.001144 -0.000078 44 4.995414 0.000062 
0.003016 0.001287 -0.000178 78 5.067188 -0.000038 
0.002967 0.001369 -0.000081 53 5.109457 0.000060 
0.003027 0.001268 -0.000065 79 5.057442 0.000075


0.003027 0.001268 -0.000101 39 5.057379 0.000040


0.002891 0.001480 -0.000690 14 5.169399 -0.000550 
0.002883 0.001491 -0.000624 130 5.175437 -0.000483 
0.002922 0.001437 -0.000585 76 5.145948 -0.000444 
0.002980 0.001347 -0.000690 13 5.098194 -0.000550 
0.002891 0.001480 -0.000690 14 5.169399 -0.000550


0.002920 0.001439 -0.000647 40 5.147248 -0.000507


0.002831 0.001560 -0.000590 81 5.214059 -0.000450 
0.002883 0.001491 -0.000624 130 5.175437 -0.000483 
0.002891 0.001480 -0.000690 14 5.169399 -0.000550 
0.002793 0.001607 -0.000690 15 5.240604 -0.000550 
0.002831 0.001560 -0.000590 81 5.214059 -0.000450


0.002850 0.001535 -0.000649 41 5.199873 -0.000508


0.002922 0.001437 -0.000585 76 5.145948 -0.000444 
0.002883 0.001491 -0.000624 130 5.175437 -0.000483 
0.002831 0.001560 -0.000590 81 5.214059 -0.000450 
0.002861 0.001522 -0.000481 51 5.192315 -0.000340 
0.002922 0.001437 -0.000585 76 5.145948 -0.000444


0.002875 0.001503 -0.000570 42 5.181940 -0.000430


0.002828 0.001564 -0.000286 84 5.216169 -0.000146 
0.002819 0.001575 -0.000221 131 5.222257 -0.000080 
0.002860 0.001522 -0.000182 83 5.192719 -0.000042 
0.002929 0.001426 -0.000275 47 5.139873 -0.000135 
0.002828 0.001564 -0.000286 84 5.216169 -0.000146


0.002860 0.001523 -0.000241 43 5.192759 -0.000101


0.002760 0.001646 -0.000190 82 5.263404 -0.000050 
0.002819 0.001575 -0.000221 131 5.222257 -0.000080 
0.002828 0.001564 -0.000286 84 5.216169 -0.000146 
0.002713 0.001697 -0.000290 48 5.294321 -0.000150 
0.002760 0.001646 -0.000190 82 5.263404 -0.000050


0.002781 0.001621 -0.000247 44 5.249036 -0.000107


0.002860 0.001522 -0.000182 83 5.192719 -0.000042 
0.002819 0.001575 -0.000221 131 5.222257 -0.000080 
0.002760 0.001646 -0.000190 82 5.263404 -0.000050 
0.002805 0.001593 -0.000090 50 5.232488 0.000050 
0.002860 0.001522 -0.000182 83 5.192719 -0.000042


0.002811 0.001584 -0.000171 45 5.227717 -0.000031


0.002647 0.001766 -0.000190 63 5.336638 -0.000050 
0.002701 0.001710 -0.000157 132 5.301921 -0.000017 
0.002760 0.001646 -0.000190 82 5.263404 -0.000050 
0.002713 0.001697 -0.000290 48 5.294321 -0.000150 
0.002647 0.001766 -0.000190 63 5.336638 -0.000050


0.002706 0.001705 -0.000207 46 5.299071 -0.000067


0.002696 0.001716 -0.000090 85 5.305721 0.000050 
0.002701 0.001710 -0.000157 132 5.301921 -0.000017 
0.002647 0.001766 -0.000190 63 5.336638 -0.000050 
0.002578 0.001831 -0.000090 54 5.378955 0.000050 
0.002696 0.001716 -0.000090 85 5.305721 0.000050


0.002656 0.001756 -0.000132 47 5.330806 0.000008


0.002760 0.001646 -0.000190 82 5.263404 -0.000050 
0.002701 0.001710 -0.000157 132 5.301921 -0.000017 
0.002696 0.001716 -0.000090 85 5.305721 0.000050 
0.002805 0.001593 -0.000090 50 5.232488 0.000050 
0.002760 0.001646 -0.000190 82 5.263404 -0.000050


0.002741 0.001667 -0.000132 48 5.275885 0.000008


0.002384 0.001988 -0.000390 60 5.489820 -0.000250 
0.002432 0.001952 -0.000357 133 5.463171 -0.000217 
0.002487 0.001909 -0.000390 87 5.432045 -0.000250 
0.002448 0.001940 -0.000490 45 5.454218 -0.000350 
0.002384 0.001988 -0.000390 60 5.489820 -0.000250


0.002438 0.001948 -0.000407 49 5.459813 -0.000267


0.002424 0.001959 -0.000290 86 5.467647 -0.000150 
0.002432 0.001952 -0.000357 133 5.463171 -0.000217 
0.002384 0.001988 -0.000390 60 5.489820 -0.000250 
0.002318 0.002034 -0.000290 23 5.525422 -0.000150 
0.002424 0.001959 -0.000290 86 5.467647 -0.000150


0.002390 0.001984 -0.000332 50 5.486513 -0.000192


0.002487 0.001909 -0.000390 87 5.432045 -0.000250 
0.002432 0.001952 -0.000357 133 5.463171 -0.000217 
0.002424 0.001959 -0.000290 86 5.467647 -0.000150 
0.002525 0.001877 -0.000290 49 5.409872 -0.000150 
0.002487 0.001909 -0.000390 87 5.432045 -0.000250


0.002468 0.001925 -0.000332 51 5.443184 -0.000192


0.002686 0.001726 -0.000690 16 5.311808 -0.000550 
0.002672 0.001740 -0.000624 134 5.320761 -0.000483 
0.002720 0.001690 -0.000590 89 5.289635 -0.000450 
0.002793 0.001607 -0.000690 15 5.240604 -0.000550 
0.002686 0.001726 -0.000690 16 5.311808 -0.000550


0.002719 0.001691 -0.000649 52 5.290706 -0.000508


0.002608 0.001804 -0.000590 88 5.360840 -0.000450 
0.002672 0.001740 -0.000624 134 5.320761 -0.000483 
0.002686 0.001726 -0.000690 16 5.311808 -0.000550 
0.002571 0.001837 -0.000690 17 5.383013 -0.000550 
0.002608 0.001804 -0.000590 88 5.360840 -0.000450


0.002635 0.001778 -0.000649 53 5.344105 -0.000508


0.002720 0.001690 -0.000590 89 5.289635 -0.000450 
0.002672 0.001740 -0.000624 134 5.320761 -0.000483 
0.002608 0.001804 -0.000590 88 5.360840 -0.000450 
0.002644 0.001769 -0.000490 52 5.338667 -0.000350 
0.002720 0.001690 -0.000590 89 5.289635 -0.000450


0.002661 0.001751 -0.000574 54 5.327476 -0.000433


0.002384 0.001988 -0.000490 61 5.489820 -0.000350 
0.002362 0.002004 -0.000557 135 5.501687 -0.000417 
0.002318 0.002034 -0.000590 20 5.525422 -0.000450 
0.002318 0.002034 -0.000490 21 5.525422 -0.000350 
0.002384 0.001988 -0.000490 61 5.489820 -0.000350


0.002346 0.002015 -0.000532 55 5.510588 -0.000392


0.002384 0.001988 -0.000590 90 5.489820 -0.000450 
0.002362 0.002004 -0.000557 135 5.501687 -0.000417 
0.002384 0.001988 -0.000490 61 5.489820 -0.000350 
0.002448 0.001940 -0.000490 45 5.454218 -0.000350 
0.002384 0.001988 -0.000590 90 5.489820 -0.000450


0.002395 0.001980 -0.000532 56 5.483887 -0.000392


0.002318 0.002034 -0.000590 20 5.525422 -0.000450 
0.002362 0.002004 -0.000557 135 5.501687 -0.000417 
0.002384 0.001988 -0.000590 90 5.489820 -0.000450 
0.002318 0.002034 -0.000690 19 5.525422 -0.000550 
0.002318 0.002034 -0.000590 20 5.525422 -0.000450


0.002346 0.002015 -0.000607 57 5.510588 -0.000467


0.002318 0.002034 -0.000190 24 5.525422 -0.000050 
0.002354 0.002010 -0.000153 136 5.506149 -0.000012 
0.002386 0.001987 -0.000187 91 5.488903 -0.000047 
0.002318 0.002034 -0.000290 23 5.525422 -0.000150 
0.002318 0.002034 -0.000190 24 5.525422 -0.000050


0.002344 0.002016 -0.000205 58 5.511474 -0.000065


0.002363 0.002004 -0.000100 59 5.501519 0.000040 
0.002354 0.002010 -0.000153 136 5.506149 -0.000012 
0.002318 0.002034 -0.000190 24 5.525422 -0.000050 
0.002318 0.002034 -0.000090 25 5.525422 0.000050 
0.002363 0.002004 -0.000100 59 5.501519 0.000040


0.002338 0.002020 -0.000133 59 5.514628 0.000007


0.002386 0.001987 -0.000187 91 5.488903 -0.000047 
0.002354 0.002010 -0.000153 136 5.506149 -0.000012 
0.002363 0.002004 -0.000100 59 5.501519 0.000040 
0.002415 0.001966 -0.000057 43 5.472985 0.000084 
0.002386 0.001987 -0.000187 91 5.488903 -0.000047


0.002379 0.001992 -0.000124 60 5.492389 0.000016


0.002386 0.001987 -0.000187 91 5.488903 -0.000047 
0.002422 0.001960 -0.000219 137 5.468789 -0.000079 
0.002424 0.001959 -0.000290 86 5.467647 -0.000150 
0.002318 0.002034 -0.000290 23 5.525422 -0.000150 
0.002386 0.001987 -0.000187 91 5.488903 -0.000047


0.002388 0.001985 -0.000247 61 5.487689 -0.000106


0.002465 0.001927 -0.000186 92 5.444798 -0.000045 
0.002422 0.001960 -0.000219 137 5.468789 -0.000079 
0.002386 0.001987 -0.000187 91 5.488903 -0.000047 
0.002415 0.001966 -0.000057 43 5.472985 0.000084 
0.002465 0.001927 -0.000186 92 5.444798 -0.000045


0.002422 0.001960 -0.000162 62 5.468869 -0.000022


0.002424 0.001959 -0.000290 86 5.467647 -0.000150 
0.002422 0.001960 -0.000219 137 5.468789 -0.000079 
0.002465 0.001927 -0.000186 92 5.444798 -0.000045 
0.002525 0.001877 -0.000290 49 5.409872 -0.000150 
0.002424 0.001959 -0.000290 86 5.467647 -0.000150


0.002459 0.001931 -0.000246 63 5.447778 -0.000106


0.003048 0.001229 0.000110 38 5.037616 0.000250 
0.003060 0.001207 0.000050 138 5.026780 0.000190 
0.003039 0.001245 0.000014 93 5.045882 0.000155 
0.002999 0.001316 0.000110 37 5.081962 0.000250 
0.003048 0.001229 0.000110 38 5.037616 0.000250


0.003037 0.001250 0.000071 64 5.048059 0.000211


0.003091 0.001146 0.000048 77 4.996297 0.000189 
0.003060 0.001207 0.000050 138 5.026780 0.000190 
0.003048 0.001229 0.000110 38 5.037616 0.000250 
0.003093 0.001140 0.000110 39 4.993270 0.000250 
0.003091 0.001146 0.000048 77 4.996297 0.000189


0.003073 0.001181 0.000079 65 5.013491 0.000220


0.003039 0.001245 0.000014 93 5.045882 0.000155 
0.003060 0.001207 0.000050 138 5.026780 0.000190 
0.003091 0.001146 0.000048 77 4.996297 0.000189 
0.003091 0.001144 -0.000078 44 4.995414 0.000062 
0.003039 0.001245 0.000014 93 5.045882 0.000155


0.003071 0.001186 0.000009 66 5.016093 0.000149


0.003016 0.001287 -0.000178 78 5.067188 -0.000038 
0.002929 0.001426 -0.000275 47 5.139873 -0.000135 
0.002931 0.001423 -0.000167 95 5.138365 -0.000027 
0.002967 0.001369 -0.000081 53 5.109457 0.000060 
0.003016 0.001287 -0.000178 78 5.067188 -0.000038


0.002962 0.001377 -0.000175 68 5.113724 -0.000035


0.003002 0.001310 -0.000317 94 5.079050 -0.000177 
0.002929 0.001426 -0.000275 47 5.139873 -0.000135 
0.003016 0.001287 -0.000178 78 5.067188 -0.000038 
0.003068 0.001191 -0.000324 121 5.018613 -0.000183 
0.003002 0.001310 -0.000317 94 5.079050 -0.000177


0.003006 0.001305 -0.000274 69 5.076178 -0.000133


0.002448 0.001940 -0.000690 18 5.454218 -0.000550 
0.002448 0.001940 -0.000624 140 5.454218 -0.000483 
0.002510 0.001890 -0.000590 96 5.418615 -0.000450 
0.002571 0.001837 -0.000690 17 5.383013 -0.000550 
0.002448 0.001940 -0.000690 18 5.454218 -0.000550


0.002495 0.001903 -0.000649 70 5.427518 -0.000508


0.002384 0.001988 -0.000590 90 5.489820 -0.000450 
0.002448 0.001940 -0.000624 140 5.454218 -0.000483 
0.002448 0.001940 -0.000690 18 5.454218 -0.000550 
0.002318 0.002034 -0.000690 19 5.525422 -0.000550 
0.002384 0.001988 -0.000590 90 5.489820 -0.000450


0.002400 0.001976 -0.000649 71 5.480917 -0.000508


0.002510 0.001890 -0.000590 96 5.418615 -0.000450 
0.002448 0.001940 -0.000624 140 5.454218 -0.000483 
0.002384 0.001988 -0.000590 90 5.489820 -0.000450 
0.002448 0.001940 -0.000490 45 5.454218 -0.000350 
0.002510 0.001890 -0.000590 96 5.418615 -0.000450


0.002448 0.001940 -0.000574 72 5.454218 -0.000433


0.002465 0.001927 -0.000186 92 5.444798 -0.000045 
0.002507 0.001893 -0.000153 141 5.420580 -0.000013 
0.002552 0.001854 -0.000190 62 5.394413 -0.000050 
0.002525 0.001877 -0.000290 49 5.409872 -0.000150 
0.002465 0.001927 -0.000186 92 5.444798 -0.000045


0.002512 0.001888 -0.000205 73 5.417415 -0.000065


0.002502 0.001897 -0.000088 97 5.423367 0.000053 
0.002507 0.001893 -0.000153 141 5.420580 -0.000013 
0.002465 0.001927 -0.000186 92 5.444798 -0.000045 
0.002415 0.001966 -0.000057 43 5.472985 0.000084 
0.002502 0.001897 -0.000088 97 5.423367 0.000053


0.002472 0.001921 -0.000121 74 5.440431 0.000019


0.002552 0.001854 -0.000190 62 5.394413 -0.000050 
0.002507 0.001893 -0.000153 141 5.420580 -0.000013 
0.002502 0.001897 -0.000088 97 5.423367 0.000053 
0.002578 0.001831 -0.000090 54 5.378955 0.000050 
0.002552 0.001854 -0.000190 62 5.394413 -0.000050


0.002535 0.001869 -0.000131 75 5.404329 0.000010


0.003142 0.001033 -0.000517 10 4.940987 -0.000376 
0.003118 0.001086 -0.000523 142 4.966994 -0.000383 
0.003107 0.001111 -0.000468 98 4.979165 -0.000327 
0.003154 0.001002 -0.000343 9 4.926277 -0.000203 
0.003142 0.001033 -0.000517 10 4.940987 -0.000376


0.003131 0.001058 -0.000463 76 4.953356 -0.000322


0.003104 0.001119 -0.000586 73 4.982722 -0.000445 
0.003118 0.001086 -0.000523 142 4.966994 -0.000383 
0.003142 0.001033 -0.000517 10 4.940987 -0.000376 
0.003129 0.001063 -0.000690 11 4.955785 -0.000550 
0.003104 0.001119 -0.000586 73 4.982722 -0.000445


0.003123 0.001075 -0.000579 77 4.961622 -0.000439


0.003107 0.001111 -0.000468 98 4.979165 -0.000327 
0.003118 0.001086 -0.000523 142 4.966994 -0.000383 
0.003104 0.001119 -0.000586 73 4.982722 -0.000445 
0.003061 0.001205 -0.000543 46 5.025395 -0.000403 
0.003107 0.001111 -0.000468 98 4.979165 -0.000327


0.003098 0.001131 -0.000530 78 4.988567 -0.000389


0.003140 0.001036 -0.000172 68 4.942468 -0.000032 
0.003133 0.001054 -0.000219 143 4.951181 -0.000078 
0.003098 0.001130 -0.000202 80 4.988233 -0.000062 
0.003091 0.001144 -0.000078 44 4.995414 0.000062 
0.003140 0.001036 -0.000172 68 4.942468 -0.000032


0.003116 0.001091 -0.000168 79 4.969324 -0.000027


0.003160 0.000988 -0.000279 8 4.919648 -0.000139 
0.003133 0.001054 -0.000219 143 4.951181 -0.000078 
0.003140 0.001036 -0.000172 68 4.942468 -0.000032 
0.003167 0.000970 -0.000217 7 4.910779 -0.000076 
0.003160 0.000988 -0.000279 8 4.919648 -0.000139


0.003150 0.001012 -0.000222 80 4.931019 -0.000081


0.003098 0.001130 -0.000202 80 4.988233 -0.000062 
0.003133 0.001054 -0.000219 143 4.951181 -0.000078 
0.003160 0.000988 -0.000279 8 4.919648 -0.000139 
0.003068 0.001191 -0.000324 121 5.018613 -0.000183 
0.003098 0.001130 -0.000202 80 4.988233 -0.000062


0.003116 0.001091 -0.000256 81 4.969419 -0.000115


0.002860 0.001522 -0.000182 83 5.192719 -0.000042 
0.002896 0.001474 -0.000145 144 5.165765 -0.000005 
0.002931 0.001423 -0.000167 95 5.138365 -0.000027 
0.002929 0.001426 -0.000275 47 5.139873 -0.000135 
0.002860 0.001522 -0.000182 83 5.192719 -0.000042


0.002905 0.001462 -0.000193 82 5.159180 -0.000052


0.002893 0.001478 -0.000084 99 5.168113 0.000056 
0.002896 0.001474 -0.000145 144 5.165765 -0.000005 
0.002860 0.001522 -0.000182 83 5.192719 -0.000042 
0.002805 0.001593 -0.000090 50 5.232488 0.000050 
0.002893 0.001478 -0.000084 99 5.168113 0.000056


0.002864 0.001517 -0.000126 83 5.189769 0.000015


0.002931 0.001423 -0.000167 95 5.138365 -0.000027 
0.002896 0.001474 -0.000145 144 5.165765 -0.000005 
0.002893 0.001478 -0.000084 99 5.168113 0.000056 
0.002967 0.001369 -0.000081 53 5.109457 0.000060 
0.002931 0.001423 -0.000167 95 5.138365 -0.000027


0.002922 0.001436 -0.000119 84 5.145426 0.000021


0.002720 0.001690 -0.000590 89 5.289635 -0.000450 
0.002771 0.001633 -0.000557 145 5.255595 -0.000417 
0.002831 0.001560 -0.000590 81 5.214059 -0.000450 
0.002793 0.001607 -0.000690 15 5.240604 -0.000550 
0.002720 0.001690 -0.000590 89 5.289635 -0.000450


0.002779 0.001623 -0.000607 85 5.249972 -0.000467


0.002760 0.001645 -0.000490 100 5.263090 -0.000350 
0.002771 0.001633 -0.000557 145 5.255595 -0.000417 
0.002720 0.001690 -0.000590 89 5.289635 -0.000450 
0.002644 0.001769 -0.000490 52 5.338667 -0.000350 
0.002760 0.001645 -0.000490 100 5.263090 -0.000350


0.002725 0.001685 -0.000532 86 5.286743 -0.000392


0.002831 0.001560 -0.000590 81 5.214059 -0.000450 
0.002771 0.001633 -0.000557 145 5.255595 -0.000417 
0.002760 0.001645 -0.000490 100 5.263090 -0.000350 
0.002861 0.001522 -0.000481 51 5.192315 -0.000340 
0.002831 0.001560 -0.000590 81 5.214059 -0.000450


0.002806 0.001591 -0.000530 87 5.231266 -0.000389


0.002785 0.001616 0.000010 102 5.245917 0.000150 
0.002735 0.001674 0.000043 146 5.279957 0.000183 
0.002699 0.001713 0.000110 32 5.303692 0.000250 
0.002766 0.001639 0.000110 33 5.259346 0.000250 
0.002785 0.001616 0.000010 102 5.245917 0.000150


0.002747 0.001661 0.000068 88 5.272228 0.000208


0.002719 0.001691 0.000010 101 5.290263 0.000150 
0.002735 0.001674 0.000043 146 5.279957 0.000183 
0.002785 0.001616 0.000010 102 5.245917 0.000150 
0.002805 0.001593 -0.000090 50 5.232488 0.000050 
0.002719 0.001691 0.000010 101 5.290263 0.000150


0.002762 0.001644 -0.000007 89 5.262156 0.000133


0.002699 0.001713 0.000110 32 5.303692 0.000250 
0.002735 0.001674 0.000043 146 5.279957 0.000183 
0.002719 0.001691 0.000010 101 5.290263 0.000150 
0.002628 0.001784 0.000110 31 5.348038 0.000250 
0.002699 0.001713 0.000110 32 5.303692 0.000250


0.002696 0.001716 0.000068 90 5.305485 0.000208


0.002585 0.001824 -0.000390 104 5.374269 -0.000250 
0.002541 0.001864 -0.000424 147 5.400919 -0.000283 
0.002487 0.001909 -0.000390 87 5.432045 -0.000250 
0.002525 0.001877 -0.000290 49 5.409872 -0.000150 
0.002585 0.001824 -0.000390 104 5.374269 -0.000250


0.002535 0.001869 -0.000374 91 5.404276 -0.000233


0.002548 0.001857 -0.000490 103 5.396442 -0.000350 
0.002541 0.001864 -0.000424 147 5.400919 -0.000283 
0.002585 0.001824 -0.000390 104 5.374269 -0.000250 
0.002644 0.001769 -0.000490 52 5.338667 -0.000350 
0.002548 0.001857 -0.000490 103 5.396442 -0.000350


0.002580 0.001829 -0.000449 92 5.377576 -0.000308


0.002487 0.001909 -0.000390 87 5.432045 -0.000250 
0.002541 0.001864 -0.000424 147 5.400919 -0.000283 
0.002548 0.001857 -0.000490 103 5.396442 -0.000350 
0.002448 0.001940 -0.000490 45 5.454218 -0.000350 
0.002487 0.001909 -0.000390 87 5.432045 -0.000250


0.002506 0.001893 -0.000449 93 5.420905 -0.000308


0.002510 0.001890 -0.000590 96 5.418615 -0.000450 
0.002556 0.001851 -0.000557 148 5.391966 -0.000417 
0.002608 0.001804 -0.000590 88 5.360840 -0.000450 
0.002571 0.001837 -0.000690 17 5.383013 -0.000550 
0.002510 0.001890 -0.000590 96 5.418615 -0.000450


0.002561 0.001846 -0.000607 94 5.388608 -0.000467


0.002548 0.001857 -0.000490 103 5.396442 -0.000350 
0.002556 0.001851 -0.000557 148 5.391966 -0.000417 
0.002510 0.001890 -0.000590 96 5.418615 -0.000450 
0.002448 0.001940 -0.000490 45 5.454218 -0.000350 
0.002548 0.001857 -0.000490 103 5.396442 -0.000350


0.002516 0.001885 -0.000532 95 5.415309 -0.000392


0.002608 0.001804 -0.000590 88 5.360840 -0.000450 
0.002556 0.001851 -0.000557 148 5.391966 -0.000417 
0.002548 0.001857 -0.000490 103 5.396442 -0.000350 
0.002644 0.001769 -0.000490 52 5.338667 -0.000350 
0.002608 0.001804 -0.000590 88 5.360840 -0.000450


0.002589 0.001821 -0.000532 96 5.371979 -0.000392


0.002529 0.001874 0.000010 105 5.407814 0.000150 
0.002497 0.001901 -0.000023 149 5.426492 0.000118 
0.002464 0.001928 0.000008 58 5.445405 0.000149 
0.002479 0.001916 0.000110 29 5.436730 0.000250 
0.002529 0.001874 0.000010 105 5.407814 0.000150


0.002492 0.001905 0.000026 97 5.429111 0.000167


0.002502 0.001897 -0.000088 97 5.423367 0.000053 
0.002497 0.001901 -0.000023 149 5.426492 0.000118 
0.002529 0.001874 0.000010 105 5.407814 0.000150 
0.002578 0.001831 -0.000090 54 5.378955 0.000050 
0.002502 0.001897 -0.000088 97 5.423367 0.000053


0.002527 0.001876 -0.000048 98 5.409158 0.000093


0.002464 0.001928 0.000008 58 5.445405 0.000149 
0.002497 0.001901 -0.000023 149 5.426492 0.000118 
0.002502 0.001897 -0.000088 97 5.423367 0.000053 
0.002415 0.001966 -0.000057 43 5.472985 0.000084 
0.002464 0.001928 0.000008 58 5.445405 0.000149


0.002470 0.001923 -0.000040 99 5.442061 0.000101


0.002930 0.001425 0.000010 107 5.139424 0.000150 
0.002890 0.001482 -0.000024 150 5.170445 0.000117 
0.002848 0.001538 0.000010 106 5.201571 0.000150 
0.002890 0.001483 0.000110 35 5.170654 0.000250 
0.002930 0.001425 0.000010 107 5.139424 0.000150


0.002890 0.001482 0.000026 100 5.170524 0.000167


0.002893 0.001478 -0.000084 99 5.168113 0.000056 
0.002890 0.001482 -0.000024 150 5.170445 0.000117 
0.002930 0.001425 0.000010 107 5.139424 0.000150 
0.002967 0.001369 -0.000081 53 5.109457 0.000060 
0.002893 0.001478 -0.000084 99 5.168113 0.000056


0.002920 0.001439 -0.000045 101 5.146861 0.000096


0.002848 0.001538 0.000010 106 5.201571 0.000150 
0.002890 0.001482 -0.000024 150 5.170445 0.000117 
0.002893 0.001478 -0.000084 99 5.168113 0.000056 
0.002805 0.001593 -0.000090 50 5.232488 0.000050 
0.002848 0.001538 0.000010 106 5.201571 0.000150


0.002859 0.001523 -0.000047 102 5.193153 0.000093


0.002829 0.001562 0.000110 34 5.215000 0.000250 
0.002821 0.001572 0.000043 151 5.220829 0.000183 
0.002785 0.001616 0.000010 102 5.245917 0.000150 
0.002766 0.001639 0.000110 33 5.259346 0.000250 
0.002829 0.001562 0.000110 34 5.215000 0.000250


0.002801 0.001598 0.000068 103 5.235273 0.000208


0.002848 0.001538 0.000010 106 5.201571 0.000150 
0.002821 0.001572 0.000043 151 5.220829 0.000183 
0.002829 0.001562 0.000110 34 5.215000 0.000250 
0.002890 0.001483 0.000110 35 5.170654 0.000250 
0.002848 0.001538 0.000010 106 5.201571 0.000150


0.002847 0.001539 0.000068 104 5.202015 0.000208


0.002785 0.001616 0.000010 102 5.245917 0.000150 
0.002821 0.001572 0.000043 151 5.220829 0.000183 
0.002848 0.001538 0.000010 106 5.201571 0.000150 
0.002805 0.001593 -0.000090 50 5.232488 0.000050 
0.002785 0.001616 0.000010 102 5.245917 0.000150


0.002815 0.001580 -0.000007 105 5.225201 0.000133


0.002881 0.001495 -0.000382 109 5.177473 -0.000241 
0.002922 0.001437 -0.000408 152 5.145980 -0.000268 
0.002920 0.001440 -0.000464 74 5.147368 -0.000323 
0.002861 0.001522 -0.000481 51 5.192315 -0.000340 
0.002881 0.001495 -0.000382 109 5.177473 -0.000241


0.002896 0.001474 -0.000433 106 5.165784 -0.000293


0.002954 0.001389 -0.000380 108 5.120264 -0.000240 
0.002922 0.001437 -0.000408 152 5.145980 -0.000268 
0.002881 0.001495 -0.000382 109 5.177473 -0.000241 
0.002929 0.001426 -0.000275 47 5.139873 -0.000135 
0.002954 0.001389 -0.000380 108 5.120264 -0.000240


0.002922 0.001437 -0.000361 107 5.145897 -0.000221


0.002920 0.001440 -0.000464 74 5.147368 -0.000323 
0.002922 0.001437 -0.000408 152 5.145980 -0.000268 
0.002954 0.001389 -0.000380 108 5.120264 -0.000240 
0.002974 0.001357 -0.000486 56 5.103372 -0.000346 
0.002920 0.001440 -0.000464 74 5.147368 -0.000323


0.002943 0.001406 -0.000435 108 5.129246 -0.000294


0.002828 0.001564 -0.000286 84 5.216169 -0.000146 
0.002835 0.001555 -0.000352 153 5.211054 -0.000212 
0.002793 0.001607 -0.000390 110 5.240917 -0.000250 
0.002713 0.001697 -0.000290 48 5.294321 -0.000150 
0.002828 0.001564 -0.000286 84 5.216169 -0.000146


0.002793 0.001607 -0.000330 109 5.240611 -0.000189


0.002881 0.001495 -0.000382 109 5.177473 -0.000241 
0.002835 0.001555 -0.000352 153 5.211054 -0.000212 
0.002828 0.001564 -0.000286 84 5.216169 -0.000146 
0.002929 0.001426 -0.000275 47 5.139873 -0.000135 
0.002881 0.001495 -0.000382 109 5.177473 -0.000241


0.002869 0.001511 -0.000324 110 5.186145 -0.000183


0.002793 0.001607 -0.000390 110 5.240917 -0.000250 
0.002835 0.001555 -0.000352 153 5.211054 -0.000212 
0.002881 0.001495 -0.000382 109 5.177473 -0.000241 
0.002861 0.001522 -0.000481 51 5.192315 -0.000340 
0.002793 0.001607 -0.000390 110 5.240917 -0.000250


0.002843 0.001545 -0.000401 111 5.205439 -0.000261


0.002793 0.001607 -0.000390 110 5.240917 -0.000250 
0.002745 0.001663 -0.000424 154 5.273501 -0.000283 
0.002679 0.001734 -0.000390 111 5.316494 -0.000250 
0.002713 0.001697 -0.000290 48 5.294321 -0.000150 
0.002793 0.001607 -0.000390 110 5.240917 -0.000250


0.002733 0.001676 -0.000374 112 5.281309 -0.000233


0.002760 0.001645 -0.000490 100 5.263090 -0.000350 
0.002745 0.001663 -0.000424 154 5.273501 -0.000283 
0.002793 0.001607 -0.000390 110 5.240917 -0.000250 
0.002861 0.001522 -0.000481 51 5.192315 -0.000340 
0.002760 0.001645 -0.000490 100 5.263090 -0.000350


0.002790 0.001610 -0.000446 113 5.242460 -0.000306


0.002679 0.001734 -0.000390 111 5.316494 -0.000250 
0.002745 0.001663 -0.000424 154 5.273501 -0.000283 
0.002760 0.001645 -0.000490 100 5.263090 -0.000350 
0.002644 0.001769 -0.000490 52 5.338667 -0.000350 
0.002679 0.001734 -0.000390 111 5.316494 -0.000250


0.002708 0.001703 -0.000449 114 5.297937 -0.000308


0.002622 0.001790 -0.000290 64 5.352096 -0.000150 
0.002629 0.001783 -0.000357 155 5.347620 -0.000217 
0.002585 0.001824 -0.000390 104 5.374269 -0.000250 
0.002525 0.001877 -0.000290 49 5.409872 -0.000150 
0.002622 0.001790 -0.000290 64 5.352096 -0.000150


0.002591 0.001819 -0.000332 115 5.370963 -0.000192


0.002679 0.001734 -0.000390 111 5.316494 -0.000250 
0.002629 0.001783 -0.000357 155 5.347620 -0.000217 
0.002622 0.001790 -0.000290 64 5.352096 -0.000150 
0.002713 0.001697 -0.000290 48 5.294321 -0.000150 
0.002679 0.001734 -0.000390 111 5.316494 -0.000250


0.002661 0.001751 -0.000332 116 5.327633 -0.000192


0.002585 0.001824 -0.000390 104 5.374269 -0.000250 
0.002629 0.001783 -0.000357 155 5.347620 -0.000217 
0.002679 0.001734 -0.000390 111 5.316494 -0.000250 
0.002644 0.001769 -0.000490 52 5.338667 -0.000350 
0.002585 0.001824 -0.000390 104 5.374269 -0.000250


0.002635 0.001778 -0.000407 117 5.344262 -0.000267


0.003039 0.001245 0.000014 93 5.045882 0.000155 
0.003018 0.001283 -0.000016 156 5.065004 0.000124 
0.002986 0.001337 0.000011 112 5.093072 0.000151 
0.002999 0.001316 0.000110 37 5.081962 0.000250 
0.003039 0.001245 0.000014 93 5.045882 0.000155


0.003011 0.001295 0.000030 118 5.071480 0.000170


0.003027 0.001268 -0.000065 79 5.057442 0.000075 
0.003018 0.001283 -0.000016 156 5.065004 0.000124 
0.003039 0.001245 0.000014 93 5.045882 0.000155 
0.003091 0.001144 -0.000078 44 4.995414 0.000062 
0.003027 0.001268 -0.000065 79 5.057442 0.000075


0.003045 0.001236 -0.000036 119 5.040939 0.000104


0.002986 0.001337 0.000011 112 5.093072 0.000151 
0.003018 0.001283 -0.000016 156 5.065004 0.000124 
0.003027 0.001268 -0.000065 79 5.057442 0.000075 
0.002967 0.001369 -0.000081 53 5.109457 0.000060 
0.002986 0.001337 0.000011 112 5.093072 0.000151


0.003000 0.001314 -0.000038 120 5.081244 0.000102


0.002946 0.001400 0.000110 36 5.126308 0.000250 
0.002954 0.001389 0.000043 157 5.120270 0.000183 
0.002930 0.001425 0.000010 107 5.139424 0.000150 
0.002890 0.001483 0.000110 35 5.170654 0.000250 
0.002946 0.001400 0.000110 36 5.126308 0.000250


0.002930 0.001424 0.000068 121 5.139163 0.000208


0.002986 0.001337 0.000011 112 5.093072 0.000151 
0.002954 0.001389 0.000043 157 5.120270 0.000183 
0.002946 0.001400 0.000110 36 5.126308 0.000250 
0.002999 0.001316 0.000110 37 5.081962 0.000250 
0.002986 0.001337 0.000011 112 5.093072 0.000151


0.002972 0.001361 0.000068 122 5.105403 0.000209


0.002930 0.001425 0.000010 107 5.139424 0.000150 
0.002954 0.001389 0.000043 157 5.120270 0.000183 
0.002986 0.001337 0.000011 112 5.093072 0.000151 
0.002967 0.001369 -0.000081 53 5.109457 0.000060 
0.002930 0.001425 0.000010 107 5.139424 0.000150


0.002959 0.001380 -0.000004 123 5.115556 0.000136


0.002719 0.001691 0.000010 101 5.290263 0.000150 
0.002673 0.001739 -0.000024 158 5.319827 0.000117 
0.002603 0.001808 0.000010 113 5.363497 0.000150 
0.002628 0.001784 0.000110 31 5.348038 0.000250 
0.002719 0.001691 0.000010 101 5.290263 0.000150


0.002657 0.001756 0.000026 124 5.330407 0.000167


0.002696 0.001716 -0.000090 85 5.305721 0.000050 
0.002673 0.001739 -0.000024 158 5.319827 0.000117 
0.002719 0.001691 0.000010 101 5.290263 0.000150 
0.002805 0.001593 -0.000090 50 5.232488 0.000050 
0.002696 0.001716 -0.000090 85 5.305721 0.000050


0.002724 0.001685 -0.000049 125 5.287080 0.000092


0.002603 0.001808 0.000010 113 5.363497 0.000150 
0.002673 0.001739 -0.000024 158 5.319827 0.000117 
0.002696 0.001716 -0.000090 85 5.305721 0.000050 
0.002578 0.001831 -0.000090 54 5.378955 0.000050 
0.002603 0.001808 0.000010 113 5.363497 0.000150


0.002638 0.001774 -0.000049 126 5.342000 0.000092


0.002555 0.001851 0.000110 30 5.392384 0.000250 
0.002563 0.001845 0.000043 159 5.387908 0.000183 
0.002529 0.001874 0.000010 105 5.407814 0.000150 
0.002479 0.001916 0.000110 29 5.436730 0.000250 
0.002555 0.001851 0.000110 30 5.392384 0.000250


0.002532 0.001872 0.000068 127 5.406208 0.000208


0.002603 0.001808 0.000010 113 5.363497 0.000150 
0.002563 0.001845 0.000043 159 5.387908 0.000183 
0.002555 0.001851 0.000110 30 5.392384 0.000250 
0.002628 0.001784 0.000110 31 5.348038 0.000250 
0.002603 0.001808 0.000010 113 5.363497 0.000150


0.002588 0.001822 0.000068 128 5.372957 0.000208


0.002529 0.001874 0.000010 105 5.407814 0.000150 
0.002563 0.001845 0.000043 159 5.387908 0.000183 
0.002603 0.001808 0.000010 113 5.363497 0.000150 
0.002578 0.001831 -0.000090 54 5.378955 0.000050 
0.002529 0.001874 0.000010 105 5.407814 0.000150


0.002568 0.001840 -0.000007 129 5.384543 0.000133


0.003022 0.001277 -0.000516 116 5.062035 -0.000375 
0.003034 0.001254 -0.000451 160 5.050435 -0.000311 
0.003066 0.001196 -0.000431 115 5.020862 -0.000291 
0.003061 0.001205 -0.000543 46 5.025395 -0.000403 
0.003022 0.001277 -0.000516 116 5.062035 -0.000375


0.003046 0.001233 -0.000485 130 5.039682 -0.000345


0.003014 0.001290 -0.000411 114 5.068606 -0.000271 
0.003034 0.001254 -0.000451 160 5.050435 -0.000311 
0.003022 0.001277 -0.000516 116 5.062035 -0.000375 
0.002974 0.001357 -0.000486 56 5.103372 -0.000346 
0.003014 0.001290 -0.000411 114 5.068606 -0.000271


0.003012 0.001295 -0.000466 131 5.071111 -0.000326


0.003066 0.001196 -0.000431 115 5.020862 -0.000291 
0.003034 0.001254 -0.000451 160 5.050435 -0.000311 
0.003014 0.001290 -0.000411 114 5.068606 -0.000271 
0.003068 0.001191 -0.000324 121 5.018613 -0.000183 
0.003066 0.001196 -0.000431 115 5.020862 -0.000291


0.003046 0.001233 -0.000404 132 5.039629 -0.000264


0.003107 0.001111 -0.000468 98 4.979165 -0.000327 
0.003095 0.001136 -0.000414 161 4.991416 -0.000274 
0.003109 0.001108 -0.000354 66 4.977321 -0.000214 
0.003154 0.001002 -0.000343 9 4.926277 -0.000203 
0.003107 0.001111 -0.000468 98 4.979165 -0.000327


0.003117 0.001090 -0.000395 133 4.968547 -0.000254


0.003066 0.001196 -0.000431 115 5.020862 -0.000291 
0.003095 0.001136 -0.000414 161 4.991416 -0.000274 
0.003107 0.001111 -0.000468 98 4.979165 -0.000327 
0.003061 0.001205 -0.000543 46 5.025395 -0.000403 
0.003066 0.001196 -0.000431 115 5.020862 -0.000291


0.003083 0.001162 -0.000464 134 5.004210 -0.000324


0.003109 0.001108 -0.000354 66 4.977321 -0.000214 
0.003095 0.001136 -0.000414 161 4.991416 -0.000274 
0.003066 0.001196 -0.000431 115 5.020862 -0.000291 
0.003068 0.001191 -0.000324 121 5.018613 -0.000183 
0.003109 0.001108 -0.000354 66 4.977321 -0.000214


0.003085 0.001158 -0.000381 135 5.002053 -0.000240


0.003021 0.001279 -0.000598 72 5.063013 -0.000458 
0.003011 0.001295 -0.000562 162 5.071154 -0.000421 
0.003022 0.001277 -0.000516 116 5.062035 -0.000375 
0.003061 0.001205 -0.000543 46 5.025395 -0.000403 
0.003021 0.001279 -0.000598 72 5.063013 -0.000458


0.003029 0.001264 -0.000555 136 5.055400 -0.000414


0.002989 0.001332 -0.000579 75 5.090559 -0.000438 
0.003011 0.001295 -0.000562 162 5.071154 -0.000421 
0.003021 0.001279 -0.000598 72 5.063013 -0.000458 
0.002980 0.001347 -0.000690 13 5.098194 -0.000550 
0.002989 0.001332 -0.000579 75 5.090559 -0.000438


0.003001 0.001313 -0.000607 137 5.080730 -0.000467


0.003022 0.001277 -0.000516 116 5.062035 -0.000375 
0.003011 0.001295 -0.000562 162 5.071154 -0.000421 
0.002989 0.001332 -0.000579 75 5.090559 -0.000438 
0.002974 0.001357 -0.000486 56 5.103372 -0.000346 
0.003022 0.001277 -0.000516 116 5.062035 -0.000375


0.002999 0.001315 -0.000536 138 5.081780 -0.000395


0.003002 0.001310 -0.000317 94 5.079050 -0.000177 
0.002992 0.001328 -0.000372 163 5.088406 -0.000232 
0.002954 0.001389 -0.000380 108 5.120264 -0.000240 
0.002929 0.001426 -0.000275 47 5.139873 -0.000135 
0.003002 0.001310 -0.000317 94 5.079050 -0.000177


0.002970 0.001364 -0.000336 139 5.106898 -0.000196


0.003014 0.001290 -0.000411 114 5.068606 -0.000271 
0.002992 0.001328 -0.000372 163 5.088406 -0.000232 
0.003002 0.001310 -0.000317 94 5.079050 -0.000177 
0.003068 0.001191 -0.000324 121 5.018613 -0.000183 
0.003014 0.001290 -0.000411 114 5.068606 -0.000271


0.003020 0.001280 -0.000356 140 5.063672 -0.000216


0.002954 0.001389 -0.000380 108 5.120264 -0.000240 
0.002992 0.001328 -0.000372 163 5.088406 -0.000232 
0.003014 0.001290 -0.000411 114 5.068606 -0.000271 
0.002974 0.001357 -0.000486 56 5.103372 -0.000346 
0.002954 0.001389 -0.000380 108 5.120264 -0.000240


0.002984 0.001341 -0.000412 141 5.095162 -0.000272


