0.002071 0.002206 -0.000775 102 0.002271 -0.000697 
0.002072 0.002207 -0.000778 145 0.002271 -0.000700 
0.002070 0.002204 -0.000785 84 0.002269 -0.000707 
0.002066 0.002197 -0.000767 83 0.002260 -0.000689 
0.002071 0.002206 -0.000775 102 0.002271 -0.000697


0.002070 0.002204 -0.000776 1 0.002268 -0.000698


0.002077 0.002216 -0.000795 146 0.002282 -0.000717 
0.002075 0.002212 -0.000792 101 0.002278 -0.000714 
0.002072 0.002207 -0.000778 145 0.002271 -0.000700 
0.002071 0.002206 -0.000775 102 0.002271 -0.000697 
0.002077 0.002216 -0.000795 146 0.002282 -0.000717


0.002074 0.002210 -0.000785 2 0.002275 -0.000707


0.002070 0.002204 -0.000785 84 0.002269 -0.000707 
0.002072 0.002207 -0.000778 145 0.002271 -0.000700 
0.002075 0.002212 -0.000792 101 0.002278 -0.000714 
0.002075 0.002213 -0.000802 85 0.002279 -0.000724 
0.002070 0.002204 -0.000785 84 0.002269 -0.000707


0.002073 0.002209 -0.000789 3 0.002274 -0.000711


0.002079 0.002220 -0.000798 190 0.002286 -0.000720 
0.002081 0.002224 -0.000798 195 0.002291 -0.000720 
0.002095 0.002247 -0.000845 88 0.002318 -0.000767 
0.002088 0.002235 -0.000832 87 0.002304 -0.000754 
0.002079 0.002220 -0.000798 190 0.002286 -0.000720


0.002086 0.002231 -0.000818 4 0.002300 -0.000740


0.002095 0.002247 -0.000845 88 0.002318 -0.000767 
0.002081 0.002224 -0.000798 195 0.002291 -0.000720 
0.002089 0.002236 -0.000797 193 0.002305 -0.000719 
0.002103 0.002261 -0.000857 89 0.002334 -0.000779 
0.002095 0.002247 -0.000845 88 0.002318 -0.000767


0.002092 0.002242 -0.000824 5 0.002312 -0.000746


0.002075 0.002212 -0.000792 101 0.002278 -0.000714 
0.002077 0.002216 -0.000795 146 0.002282 -0.000717 
0.002081 0.002223 -0.000817 86 0.002291 -0.000739 
0.002075 0.002213 -0.000802 85 0.002279 -0.000724 
0.002075 0.002212 -0.000792 101 0.002278 -0.000714


0.002077 0.002216 -0.000801 6 0.002282 -0.000723


0.002081 0.002223 -0.000817 86 0.002291 -0.000739 
0.002077 0.002216 -0.000795 146 0.002282 -0.000717 
0.002079 0.002220 -0.000798 190 0.002286 -0.000720 
0.002088 0.002235 -0.000832 87 0.002304 -0.000754 
0.002081 0.002223 -0.000817 86 0.002291 -0.000739


0.002081 0.002223 -0.000811 7 0.002291 -0.000733


0.002075 0.002214 -0.000686 194 0.002279 -0.000608 
0.002075 0.002212 -0.000738 197 0.002278 -0.000660 
0.002059 0.002185 -0.000710 80 0.002246 -0.000632 
0.002058 0.002184 -0.000690 79 0.002245 -0.000613 
0.002075 0.002214 -0.000686 194 0.002279 -0.000608


0.002067 0.002199 -0.000706 8 0.002262 -0.000628


0.002059 0.002185 -0.000710 80 0.002246 -0.000632 
0.002075 0.002212 -0.000738 197 0.002278 -0.000660 
0.002071 0.002205 -0.000740 192 0.002269 -0.000662 
0.002060 0.002187 -0.000729 81 0.002249 -0.000652 
0.002059 0.002185 -0.000710 80 0.002246 -0.000632


0.002066 0.002197 -0.000729 9 0.002260 -0.000651


0.002071 0.002205 -0.000740 192 0.002269 -0.000662 
0.002069 0.002203 -0.000758 189 0.002267 -0.000680 
0.002063 0.002191 -0.000748 82 0.002254 -0.000671 
0.002060 0.002187 -0.000729 81 0.002249 -0.000652 
0.002071 0.002205 -0.000740 192 0.002269 -0.000662


0.002066 0.002197 -0.000744 10 0.002260 -0.000666


0.002063 0.002191 -0.000748 82 0.002254 -0.000671 
0.002069 0.002203 -0.000758 189 0.002267 -0.000680 
0.002071 0.002206 -0.000775 102 0.002271 -0.000697 
0.002066 0.002197 -0.000767 83 0.002260 -0.000689 
0.002063 0.002191 -0.000748 82 0.002254 -0.000671


0.002067 0.002199 -0.000762 11 0.002263 -0.000684


0.001435 0.001104 0.000751 38 0.000997 0.000829 
0.001474 0.001172 0.000719 152 0.001076 0.000797 
0.001476 0.001175 0.000706 132 0.001080 0.000784 
0.001438 0.001109 0.000733 39 0.001004 0.000811 
0.001435 0.001104 0.000751 38 0.000997 0.000829


0.001456 0.001140 0.000727 12 0.001039 0.000805


0.001512 0.001237 0.000767 207 0.001151 0.000845 
0.001474 0.001172 0.000719 152 0.001076 0.000797 
0.001435 0.001104 0.000751 38 0.000997 0.000829 
0.001432 0.001099 0.000770 37 0.000993 0.000848 
0.001512 0.001237 0.000767 207 0.001151 0.000845


0.001463 0.001153 0.000752 13 0.001054 0.000830


0.001467 0.001160 0.000682 199 0.001062 0.000760 
0.001486 0.001192 0.000652 196 0.001099 0.000730 
0.001482 0.001185 0.000651 106 0.001092 0.000729 
0.001468 0.001161 0.000672 179 0.001064 0.000750 
0.001467 0.001160 0.000682 199 0.001062 0.000760


0.001476 0.001174 0.000664 14 0.001079 0.000742


0.001969 0.002028 0.000815 122 0.002065 0.000893 
0.001959 0.002012 0.000720 163 0.002046 0.000798 
0.001924 0.001951 0.000748 124 0.001976 0.000826 
0.001933 0.001966 0.000845 162 0.001994 0.000923 
0.001969 0.002028 0.000815 122 0.002065 0.000893


0.001946 0.001990 0.000782 15 0.002020 0.000860


0.002129 0.002307 -0.000882 92 0.002387 -0.000804 
0.002128 0.002304 -0.000727 170 0.002383 -0.000649 
0.002147 0.002338 -0.000703 103 0.002423 -0.000625 
0.002139 0.002324 -0.000887 93 0.002406 -0.000809 
0.002129 0.002307 -0.000882 92 0.002387 -0.000804


0.002136 0.002318 -0.000800 16 0.002400 -0.000722


0.002089 0.002236 -0.000797 193 0.002305 -0.000719 
0.002093 0.002245 -0.000795 148 0.002315 -0.000717 
0.002111 0.002276 -0.000867 90 0.002351 -0.000789 
0.002103 0.002261 -0.000857 89 0.002334 -0.000779 
0.002089 0.002236 -0.000797 193 0.002305 -0.000719


0.002099 0.002254 -0.000829 17 0.002326 -0.000751


0.002111 0.002276 -0.000867 90 0.002351 -0.000789 
0.002093 0.002245 -0.000795 148 0.002315 -0.000717 
0.002109 0.002272 -0.000754 180 0.002346 -0.000676 
0.002120 0.002291 -0.000875 91 0.002369 -0.000797 
0.002111 0.002276 -0.000867 90 0.002351 -0.000789


0.002109 0.002271 -0.000823 18 0.002345 -0.000745


0.001453 0.001136 0.000682 42 0.001035 0.000760 
0.001468 0.001161 0.000672 179 0.001064 0.000750 
0.001468 0.001161 0.000666 198 0.001064 0.000744 
0.001460 0.001147 0.000668 43 0.001048 0.000746 
0.001453 0.001136 0.000682 42 0.001035 0.000760


0.001462 0.001151 0.000672 19 0.001053 0.000750


0.001467 0.001160 0.000682 199 0.001062 0.000760 
0.001468 0.001161 0.000672 179 0.001064 0.000750 
0.001453 0.001136 0.000682 42 0.001035 0.000760 
0.001447 0.001126 0.000698 41 0.001023 0.000776 
0.001467 0.001160 0.000682 199 0.001062 0.000760


0.001459 0.001146 0.000684 20 0.001046 0.000762


0.001442 0.001117 0.000715 40 0.001013 0.000793 
0.001468 0.001162 0.000691 149 0.001065 0.000769 
0.001467 0.001160 0.000682 199 0.001062 0.000760 
0.001447 0.001126 0.000698 41 0.001023 0.000776 
0.001442 0.001117 0.000715 40 0.001013 0.000793


0.001456 0.001141 0.000696 21 0.001041 0.000774


0.001476 0.001175 0.000706 132 0.001080 0.000784 
0.001468 0.001162 0.000691 149 0.001065 0.000769 
0.001442 0.001117 0.000715 40 0.001013 0.000793 
0.001438 0.001109 0.000733 39 0.001004 0.000811 
0.001476 0.001175 0.000706 132 0.001080 0.000784


0.001456 0.001141 0.000711 22 0.001040 0.000789


0.001477 0.001177 0.000911 104 0.001082 0.000989 
0.001462 0.001150 0.000943 151 0.001052 0.001021 
0.001478 0.001178 0.001010 32 0.001084 0.001088 
0.001525 0.001261 0.001010 31 0.001179 0.001088 
0.001477 0.001177 0.000911 104 0.001082 0.000989


0.001486 0.001192 0.000968 23 0.001099 0.001046


0.001625 0.001432 0.000800 140 0.001377 0.000878 
0.001615 0.001416 0.000900 144 0.001358 0.000978 
0.001674 0.001518 0.000906 188 0.001476 0.000984 
0.001675 0.001519 0.000807 129 0.001477 0.000885 
0.001625 0.001432 0.000800 140 0.001377 0.000878


0.001647 0.001471 0.000853 24 0.001422 0.000931


0.001515 0.001243 0.000872 150 0.001158 0.000950 
0.001431 0.001097 0.000790 36 0.000990 0.000868 
0.001430 0.001096 0.000810 35 0.000989 0.000887 
0.001477 0.001177 0.000911 104 0.001082 0.000989 
0.001515 0.001243 0.000872 150 0.001158 0.000950


0.001463 0.001153 0.000846 25 0.001055 0.000924


0.001430 0.001096 0.000910 34 0.000989 0.000988 
0.001462 0.001150 0.000943 151 0.001052 0.001021 
0.001477 0.001177 0.000911 104 0.001082 0.000989 
0.001430 0.001096 0.000810 35 0.000989 0.000887 
0.001430 0.001096 0.000910 34 0.000989 0.000988


0.001450 0.001130 0.000893 26 0.001028 0.000971


0.001478 0.001178 0.001010 32 0.001084 0.001088 
0.001462 0.001150 0.000943 151 0.001052 0.001021 
0.001430 0.001096 0.000910 34 0.000989 0.000988 
0.001430 0.001096 0.001010 33 0.000989 0.001088 
0.001478 0.001178 0.001010 32 0.001084 0.001088


0.001450 0.001130 0.000968 27 0.001028 0.001046


0.001431 0.001097 0.000790 36 0.000990 0.000868 
0.001515 0.001243 0.000872 150 0.001158 0.000950 
0.001512 0.001237 0.000767 207 0.001151 0.000845 
0.001432 0.001099 0.000770 37 0.000993 0.000848 
0.001431 0.001097 0.000790 36 0.000990 0.000868


0.001472 0.001169 0.000800 28 0.001073 0.000878


0.001467 0.001160 0.000655 44 0.001063 0.000733 
0.001471 0.001166 0.000658 153 0.001070 0.000736 
0.001475 0.001173 0.000651 105 0.001078 0.000728 
0.001475 0.001174 0.000643 45 0.001079 0.000721 
0.001467 0.001160 0.000655 44 0.001063 0.000733


0.001472 0.001168 0.000652 29 0.001072 0.000729


0.001468 0.001161 0.000666 198 0.001064 0.000744 
0.001471 0.001166 0.000658 153 0.001070 0.000736 
0.001467 0.001160 0.000655 44 0.001063 0.000733 
0.001460 0.001147 0.000668 43 0.001048 0.000746 
0.001468 0.001161 0.000666 198 0.001064 0.000744


0.001466 0.001159 0.000662 30 0.001061 0.000740


0.001484 0.001189 0.000633 46 0.001096 0.000711 
0.001477 0.001177 0.000650 154 0.001083 0.000728 
0.001482 0.001185 0.000651 106 0.001092 0.000729 
0.001493 0.001204 0.000625 47 0.001113 0.000703 
0.001484 0.001189 0.000633 46 0.001096 0.000711


0.001484 0.001189 0.000640 31 0.001096 0.000718


0.001475 0.001173 0.000651 105 0.001078 0.000728 
0.001477 0.001177 0.000650 154 0.001083 0.000728 
0.001484 0.001189 0.000633 46 0.001096 0.000711 
0.001475 0.001174 0.000643 45 0.001079 0.000721 
0.001475 0.001173 0.000651 105 0.001078 0.000728


0.001478 0.001178 0.000644 32 0.001084 0.000722


0.001502 0.001220 0.000618 48 0.001132 0.000696 
0.001486 0.001192 0.000652 196 0.001099 0.000730 
0.001491 0.001201 0.000655 107 0.001110 0.000733 
0.001512 0.001237 0.000613 49 0.001151 0.000691 
0.001502 0.001220 0.000618 48 0.001132 0.000696


0.001498 0.001213 0.000635 33 0.001123 0.000713


0.001482 0.001185 0.000651 106 0.001092 0.000729 
0.001486 0.001192 0.000652 196 0.001099 0.000730 
0.001502 0.001220 0.000618 48 0.001132 0.000696 
0.001493 0.001204 0.000625 47 0.001113 0.000703 
0.001482 0.001185 0.000651 106 0.001092 0.000729


0.001490 0.001200 0.000636 34 0.001109 0.000714


0.001967 0.002025 0.000496 62 0.002061 0.000574 
0.001977 0.002044 0.000585 155 0.002083 0.000663 
0.002001 0.002084 0.000550 109 0.002129 0.000628 
0.001985 0.002056 0.000464 63 0.002098 0.000541 
0.001967 0.002025 0.000496 62 0.002061 0.000574


0.001982 0.002052 0.000524 35 0.002093 0.000602


0.001952 0.001999 0.000619 201 0.002031 0.000697 
0.001977 0.002044 0.000585 155 0.002083 0.000663 
0.001967 0.002025 0.000496 62 0.002061 0.000574 
0.001947 0.001991 0.000526 61 0.002022 0.000604 
0.001952 0.001999 0.000619 201 0.002031 0.000697


0.001961 0.002015 0.000557 36 0.002049 0.000634


0.001818 0.001768 0.000907 110 0.001764 0.000985 
0.001772 0.001688 0.000910 176 0.001672 0.000988 
0.001763 0.001673 0.001010 26 0.001655 0.001088 
0.001811 0.001755 0.001010 25 0.001750 0.001088 
0.001818 0.001768 0.000907 110 0.001764 0.000985


0.001791 0.001721 0.000959 37 0.001710 0.001037


0.001828 0.001785 0.000802 100 0.001785 0.000880 
0.001818 0.001768 0.000907 110 0.001764 0.000985 
0.001859 0.001839 0.000896 161 0.001846 0.000974 
0.001867 0.001852 0.000781 108 0.001861 0.000859 
0.001828 0.001785 0.000802 100 0.001785 0.000880


0.001843 0.001811 0.000847 38 0.001814 0.000924


0.002029 0.002132 0.000346 66 0.002186 0.000424 
0.002055 0.002178 0.000440 156 0.002238 0.000518 
0.002067 0.002199 0.000381 113 0.002262 0.000459 
0.002039 0.002151 0.000302 67 0.002207 0.000380 
0.002029 0.002132 0.000346 66 0.002186 0.000424


0.002047 0.002165 0.000367 39 0.002223 0.000445


0.002178 0.002390 0.000392 112 0.002483 0.000470 
0.002188 0.002408 0.000306 114 0.002504 0.000384 
0.002138 0.002321 0.000233 131 0.002403 0.000311 
0.002131 0.002310 0.000323 157 0.002390 0.000401 
0.002178 0.002390 0.000392 112 0.002483 0.000470


0.002159 0.002357 0.000314 40 0.002445 0.000392


0.002040 0.002152 0.000487 115 0.002208 0.000565 
0.002055 0.002178 0.000440 156 0.002238 0.000518 
0.002029 0.002132 0.000346 66 0.002186 0.000424 
0.002016 0.002110 0.000388 65 0.002160 0.000466 
0.002040 0.002152 0.000487 115 0.002208 0.000565


0.002035 0.002143 0.000415 41 0.002198 0.000493


0.002131 0.002310 0.000323 157 0.002390 0.000401 
0.002123 0.002295 0.000386 167 0.002373 0.000464 
0.002162 0.002364 0.000466 158 0.002453 0.000544 
0.002178 0.002390 0.000392 112 0.002483 0.000470 
0.002131 0.002310 0.000323 157 0.002390 0.000401


0.002148 0.002340 0.000392 42 0.002425 0.000470


0.002178 0.002390 0.000392 112 0.002483 0.000470 
0.002162 0.002364 0.000466 158 0.002453 0.000544 
0.002208 0.002443 0.000534 14 0.002544 0.000612 
0.002227 0.002475 0.000454 13 0.002581 0.000532 
0.002178 0.002390 0.000392 112 0.002483 0.000470


0.002194 0.002418 0.000462 43 0.002515 0.000539


0.002208 0.002443 0.000534 14 0.002544 0.000612 
0.002162 0.002364 0.000466 158 0.002453 0.000544 
0.002142 0.002328 0.000516 116 0.002412 0.000594 
0.002185 0.002403 0.000610 15 0.002498 0.000688 
0.002208 0.002443 0.000534 14 0.002544 0.000612


0.002174 0.002385 0.000531 44 0.002477 0.000609


0.002159 0.002358 0.000681 16 0.002446 0.000758 
0.002125 0.002300 0.000607 159 0.002378 0.000685 
0.002099 0.002254 0.000681 118 0.002326 0.000759 
0.002129 0.002306 0.000746 17 0.002386 0.000824 
0.002159 0.002358 0.000681 16 0.002446 0.000758


0.002128 0.002305 0.000679 45 0.002384 0.000757


0.002142 0.002328 0.000516 116 0.002412 0.000594 
0.002106 0.002266 0.000455 185 0.002340 0.000533 
0.002087 0.002234 0.000527 117 0.002303 0.000605 
0.002125 0.002300 0.000607 159 0.002378 0.000685 
0.002142 0.002328 0.000516 116 0.002412 0.000594


0.002115 0.002282 0.000526 46 0.002358 0.000604


0.002099 0.002254 0.000681 118 0.002326 0.000759 
0.002125 0.002300 0.000607 159 0.002378 0.000685 
0.002087 0.002234 0.000527 117 0.002303 0.000605 
0.002069 0.002201 0.000585 203 0.002265 0.000663 
0.002099 0.002254 0.000681 118 0.002326 0.000759


0.002095 0.002247 0.000600 47 0.002318 0.000678


0.001841 0.001808 0.000697 119 0.001810 0.000775 
0.001873 0.001863 0.000684 160 0.001874 0.000762 
0.001880 0.001875 0.000588 58 0.001889 0.000666 
0.001857 0.001834 0.000600 57 0.001841 0.000678 
0.001841 0.001808 0.000697 119 0.001810 0.000775


0.001863 0.001845 0.000642 48 0.001854 0.000720


0.001841 0.001808 0.000697 119 0.001810 0.000775 
0.001828 0.001785 0.000802 100 0.001785 0.000880 
0.001867 0.001852 0.000781 108 0.001861 0.000859 
0.001873 0.001863 0.000684 160 0.001874 0.000762 
0.001841 0.001808 0.000697 119 0.001810 0.000775


0.001852 0.001827 0.000741 49 0.001833 0.000819


0.001880 0.001875 0.000588 58 0.001889 0.000666 
0.001873 0.001863 0.000684 160 0.001874 0.000762 
0.001902 0.001913 0.000652 200 0.001932 0.000730 
0.001904 0.001916 0.000572 59 0.001935 0.000650 
0.001880 0.001875 0.000588 58 0.001889 0.000666


0.001890 0.001892 0.000624 50 0.001908 0.000702


0.001859 0.001839 0.000896 161 0.001846 0.000974 
0.001818 0.001768 0.000907 110 0.001764 0.000985 
0.001811 0.001755 0.001010 25 0.001750 0.001088 
0.001855 0.001832 0.001005 24 0.001838 0.001083 
0.001859 0.001839 0.000896 161 0.001846 0.000974


0.001836 0.001798 0.000954 51 0.001800 0.001032


0.001896 0.001902 0.000880 120 0.001920 0.000958 
0.001859 0.001839 0.000896 161 0.001846 0.000974 
0.001855 0.001832 0.001005 24 0.001838 0.001083 
0.001899 0.001907 0.000992 23 0.001926 0.001070 
0.001896 0.001902 0.000880 120 0.001920 0.000958


0.001877 0.001870 0.000943 52 0.001882 0.001021


0.001924 0.001951 0.000748 124 0.001976 0.000826 
0.001920 0.001945 0.000649 186 0.001969 0.000727 
0.001902 0.001913 0.000652 200 0.001932 0.000730 
0.001896 0.001902 0.000767 121 0.001919 0.000845 
0.001924 0.001951 0.000748 124 0.001976 0.000826


0.001910 0.001928 0.000704 53 0.001949 0.000782


0.001969 0.002028 0.000815 122 0.002065 0.000893 
0.001933 0.001966 0.000845 162 0.001994 0.000923 
0.001942 0.001982 0.000971 22 0.002011 0.001049 
0.001983 0.002054 0.000941 21 0.002094 0.001019 
0.001969 0.002028 0.000815 122 0.002065 0.000893


0.001957 0.002008 0.000893 54 0.002041 0.000971


0.001933 0.001966 0.000845 162 0.001994 0.000923 
0.001924 0.001951 0.000748 124 0.001976 0.000826 
0.001896 0.001902 0.000767 121 0.001919 0.000845 
0.001896 0.001902 0.000880 120 0.001920 0.000958 
0.001933 0.001966 0.000845 162 0.001994 0.000923


0.001912 0.001930 0.000810 55 0.001952 0.000888


0.001942 0.001982 0.000971 22 0.002011 0.001049 
0.001933 0.001966 0.000845 162 0.001994 0.000923 
0.001896 0.001902 0.000880 120 0.001920 0.000958 
0.001899 0.001907 0.000992 23 0.001926 0.001070 
0.001942 0.001982 0.000971 22 0.002011 0.001049


0.001917 0.001939 0.000922 56 0.001963 0.001000


0.001920 0.001945 0.000649 186 0.001969 0.000727 
0.001924 0.001951 0.000748 124 0.001976 0.000826 
0.001959 0.002012 0.000720 163 0.002046 0.000798 
0.001952 0.001999 0.000619 201 0.002031 0.000697 
0.001920 0.001945 0.000649 186 0.001969 0.000727


0.001939 0.001977 0.000684 57 0.002006 0.000762


0.002004 0.002090 0.000785 165 0.002137 0.000863 
0.002039 0.002151 0.000754 125 0.002207 0.000832 
0.002019 0.002116 0.000650 187 0.002166 0.000728 
0.001989 0.002063 0.000679 123 0.002106 0.000757 
0.002004 0.002090 0.000785 165 0.002137 0.000863


0.002013 0.002105 0.000717 58 0.002154 0.000795


0.002019 0.002116 0.000650 187 0.002166 0.000728 
0.002001 0.002084 0.000550 109 0.002129 0.000628 
0.001977 0.002044 0.000585 155 0.002083 0.000663 
0.001989 0.002063 0.000679 123 0.002106 0.000757 
0.002019 0.002116 0.000650 187 0.002166 0.000728


0.001996 0.002077 0.000616 59 0.002121 0.000694


0.002099 0.002254 0.000681 118 0.002326 0.000759 
0.002070 0.002204 0.000711 164 0.002269 0.000789 
0.002096 0.002250 0.000805 18 0.002321 0.000883 
0.002129 0.002306 0.000746 17 0.002386 0.000824 
0.002099 0.002254 0.000681 118 0.002326 0.000759


0.002099 0.002254 0.000736 60 0.002326 0.000814


0.002044 0.002159 0.000618 205 0.002216 0.000696 
0.002070 0.002204 0.000711 164 0.002269 0.000789 
0.002099 0.002254 0.000681 118 0.002326 0.000759 
0.002069 0.002201 0.000585 203 0.002265 0.000663 
0.002044 0.002159 0.000618 205 0.002216 0.000696


0.002070 0.002205 0.000649 61 0.002269 0.000727


0.002096 0.002250 0.000805 18 0.002321 0.000883 
0.002070 0.002204 0.000711 164 0.002269 0.000789 
0.002039 0.002151 0.000754 125 0.002207 0.000832 
0.002061 0.002188 0.000858 19 0.002250 0.000936 
0.002096 0.002250 0.000805 18 0.002321 0.000883


0.002067 0.002198 0.000782 62 0.002262 0.000860


0.002023 0.002123 0.000903 20 0.002174 0.000981 
0.002004 0.002090 0.000785 165 0.002137 0.000863 
0.001969 0.002028 0.000815 122 0.002065 0.000893 
0.001983 0.002054 0.000941 21 0.002094 0.001019 
0.002023 0.002123 0.000903 20 0.002174 0.000981


0.001995 0.002074 0.000861 63 0.002118 0.000939


0.002004 0.002090 0.000785 165 0.002137 0.000863 
0.001989 0.002063 0.000679 123 0.002106 0.000757 
0.001959 0.002012 0.000720 163 0.002046 0.000798 
0.001969 0.002028 0.000815 122 0.002065 0.000893 
0.002004 0.002090 0.000785 165 0.002137 0.000863


0.001980 0.002049 0.000750 64 0.002089 0.000828


0.002088 0.002236 0.000262 127 0.002305 0.000340 
0.002091 0.002240 0.000183 166 0.002310 0.000261 
0.002057 0.002182 0.000159 70 0.002243 0.000237 
0.002054 0.002176 0.000208 69 0.002235 0.000286 
0.002088 0.002236 0.000262 127 0.002305 0.000340


0.002072 0.002208 0.000203 65 0.002273 0.000281


0.002138 0.002321 0.000233 131 0.002403 0.000311 
0.002091 0.002240 0.000183 166 0.002310 0.000261 
0.002088 0.002236 0.000262 127 0.002305 0.000340 
0.002131 0.002310 0.000323 157 0.002390 0.000401 
0.002138 0.002321 0.000233 131 0.002403 0.000311


0.002112 0.002277 0.000250 66 0.002352 0.000328


0.002057 0.002182 0.000159 70 0.002243 0.000237 
0.002091 0.002240 0.000183 166 0.002310 0.000261 
0.002101 0.002258 0.000084 126 0.002330 0.000162 
0.002058 0.002184 0.000110 71 0.002245 0.000187 
0.002057 0.002182 0.000159 70 0.002243 0.000237


0.002077 0.002216 0.000134 67 0.002282 0.000212


0.002242 0.002501 0.000371 12 0.002611 0.000449 
0.002188 0.002408 0.000306 114 0.002504 0.000384 
0.002178 0.002390 0.000392 112 0.002483 0.000470 
0.002227 0.002475 0.000454 13 0.002581 0.000532 
0.002242 0.002501 0.000371 12 0.002611 0.000449


0.002208 0.002444 0.000381 68 0.002545 0.000459


0.002195 0.002421 0.000221 128 0.002519 0.000299 
0.002188 0.002408 0.000306 114 0.002504 0.000384 
0.002242 0.002501 0.000371 12 0.002611 0.000449 
0.002252 0.002520 0.000285 11 0.002633 0.000363 
0.002195 0.002421 0.000221 128 0.002519 0.000299


0.002219 0.002463 0.000296 69 0.002567 0.000374


0.002128 0.002304 -0.000727 170 0.002383 -0.000649 
0.002109 0.002272 -0.000754 180 0.002346 -0.000676 
0.002086 0.002233 -0.000640 134 0.002301 -0.000562 
0.002104 0.002263 -0.000554 137 0.002336 -0.000476 
0.002128 0.002304 -0.000727 170 0.002383 -0.000649


0.002107 0.002268 -0.000669 70 0.002342 -0.000591


0.001867 0.001852 0.000781 108 0.001861 0.000859 
0.001859 0.001839 0.000896 161 0.001846 0.000974 
0.001896 0.001902 0.000880 120 0.001920 0.000958 
0.001896 0.001902 0.000767 121 0.001919 0.000845 
0.001867 0.001852 0.000781 108 0.001861 0.000859


0.001879 0.001874 0.000831 71 0.001887 0.000909


0.002106 0.002266 0.000455 185 0.002340 0.000533 
0.002142 0.002328 0.000516 116 0.002412 0.000594 
0.002162 0.002364 0.000466 158 0.002453 0.000544 
0.002123 0.002295 0.000386 167 0.002373 0.000464 
0.002106 0.002266 0.000455 185 0.002340 0.000533


0.002133 0.002313 0.000456 72 0.002394 0.000534


0.001828 0.001785 0.000802 100 0.001785 0.000880 
0.001785 0.001711 0.000810 111 0.001699 0.000888 
0.001772 0.001688 0.000910 176 0.001672 0.000988 
0.001818 0.001768 0.000907 110 0.001764 0.000985 
0.001828 0.001785 0.000802 100 0.001785 0.000880


0.001801 0.001738 0.000857 73 0.001730 0.000935


0.001772 0.001688 0.000910 176 0.001672 0.000988 
0.001785 0.001711 0.000810 111 0.001699 0.000888 
0.001742 0.001636 0.000808 204 0.001612 0.000886 
0.001726 0.001608 0.000911 130 0.001580 0.000989 
0.001772 0.001688 0.000910 176 0.001672 0.000988


0.001756 0.001661 0.000860 74 0.001641 0.000938


0.001706 0.001573 0.000709 168 0.001540 0.000787 
0.001753 0.001654 0.000719 143 0.001633 0.000797 
0.001808 0.001750 0.000610 55 0.001744 0.000687 
0.001739 0.001630 0.000610 54 0.001605 0.000687 
0.001706 0.001573 0.000709 168 0.001540 0.000787


0.001751 0.001652 0.000662 75 0.001630 0.000740


0.001573 0.001343 0.001010 30 0.001274 0.001088 
0.001515 0.001243 0.000872 150 0.001158 0.000950 
0.001477 0.001177 0.000911 104 0.001082 0.000989 
0.001525 0.001261 0.001010 31 0.001179 0.001088 
0.001573 0.001343 0.001010 30 0.001274 0.001088


0.001523 0.001256 0.000951 76 0.001173 0.001028


0.001571 0.001340 0.000673 209 0.001270 0.000751 
0.001635 0.001450 0.000701 178 0.001397 0.000779 
0.001669 0.001510 0.000610 53 0.001467 0.000687 
0.001600 0.001391 0.000610 52 0.001329 0.000687 
0.001571 0.001340 0.000673 209 0.001270 0.000751


0.001619 0.001423 0.000648 77 0.001366 0.000726


0.001726 0.001608 0.000911 130 0.001580 0.000989 
0.001742 0.001636 0.000808 204 0.001612 0.000886 
0.001675 0.001519 0.000807 129 0.001477 0.000885 
0.001674 0.001518 0.000906 188 0.001476 0.000984 
0.001726 0.001608 0.000911 130 0.001580 0.000989


0.001704 0.001570 0.000858 78 0.001537 0.000936


0.002058 0.002184 -0.000590 78 0.002245 -0.000513 
0.002086 0.002233 -0.000640 134 0.002301 -0.000562 
0.002075 0.002214 -0.000686 194 0.002279 -0.000608 
0.002058 0.002184 -0.000690 79 0.002245 -0.000613 
0.002058 0.002184 -0.000590 78 0.002245 -0.000513


0.002070 0.002204 -0.000652 79 0.002268 -0.000574


0.002104 0.002263 -0.000554 137 0.002336 -0.000476 
0.002086 0.002233 -0.000640 134 0.002301 -0.000562 
0.002058 0.002184 -0.000590 78 0.002245 -0.000513 
0.002058 0.002184 -0.000490 77 0.002245 -0.000413 
0.002104 0.002263 -0.000554 137 0.002336 -0.000476


0.002077 0.002216 -0.000569 80 0.002282 -0.000491


0.002101 0.002258 0.000084 126 0.002330 0.000162 
0.002099 0.002254 0.000012 174 0.002326 0.000090 
0.002058 0.002184 0.000010 72 0.002245 0.000087 
0.002058 0.002184 0.000110 71 0.002245 0.000187 
0.002101 0.002258 0.000084 126 0.002330 0.000162


0.002079 0.002220 0.000054 81 0.002286 0.000132


0.002195 0.002421 0.000221 128 0.002519 0.000299 
0.002147 0.002337 0.000149 169 0.002422 0.000227 
0.002138 0.002321 0.000233 131 0.002403 0.000311 
0.002188 0.002408 0.000306 114 0.002504 0.000384 
0.002195 0.002421 0.000221 128 0.002519 0.000299


0.002167 0.002372 0.000227 82 0.002462 0.000305


0.002148 0.002339 0.000068 133 0.002424 0.000146 
0.002147 0.002337 0.000149 169 0.002422 0.000227 
0.002195 0.002421 0.000221 128 0.002519 0.000299 
0.002182 0.002399 0.000088 206 0.002493 0.000165 
0.002148 0.002339 0.000068 133 0.002424 0.000146


0.002168 0.002374 0.000131 83 0.002465 0.000209


0.002144 0.002331 -0.000260 171 0.002415 -0.000182 
0.002118 0.002287 -0.000202 135 0.002364 -0.000124 
0.002182 0.002397 -0.000134 181 0.002491 -0.000056 
0.002200 0.002430 -0.000193 208 0.002529 -0.000115 
0.002144 0.002331 -0.000260 171 0.002415 -0.000182


0.002161 0.002362 -0.000197 84 0.002450 -0.000119


0.002103 0.002260 -0.000418 172 0.002333 -0.000340 
0.002101 0.002258 -0.000275 138 0.002330 -0.000197 
0.002144 0.002331 -0.000260 171 0.002415 -0.000182 
0.002153 0.002348 -0.000371 202 0.002434 -0.000293 
0.002103 0.002260 -0.000418 172 0.002333 -0.000340


0.002125 0.002299 -0.000331 85 0.002378 -0.000253


0.002182 0.002397 -0.000134 181 0.002491 -0.000056 
0.002194 0.002419 0.000030 136 0.002517 0.000108 
0.002261 0.002535 0.000110 9 0.002650 0.000187 
0.002261 0.002535 -0.000015 8 0.002650 0.000062 
0.002182 0.002397 -0.000134 181 0.002491 -0.000056


0.002224 0.002472 -0.000002 86 0.002577 0.000075


0.002101 0.002258 -0.000275 138 0.002330 -0.000197 
0.002103 0.002260 -0.000418 172 0.002333 -0.000340 
0.002058 0.002184 -0.000390 76 0.002245 -0.000313 
0.002058 0.002184 -0.000290 75 0.002245 -0.000213 
0.002101 0.002258 -0.000275 138 0.002330 -0.000197


0.002080 0.002222 -0.000344 87 0.002288 -0.000266


0.002104 0.002263 -0.000554 137 0.002336 -0.000476 
0.002103 0.002260 -0.000418 172 0.002333 -0.000340 
0.002153 0.002348 -0.000371 202 0.002434 -0.000293 
0.002154 0.002349 -0.000511 191 0.002436 -0.000433 
0.002104 0.002263 -0.000554 137 0.002336 -0.000476


0.002128 0.002305 -0.000464 88 0.002385 -0.000386


0.002058 0.002184 -0.000390 76 0.002245 -0.000313 
0.002103 0.002260 -0.000418 172 0.002333 -0.000340 
0.002104 0.002263 -0.000554 137 0.002336 -0.000476 
0.002058 0.002184 -0.000490 77 0.002245 -0.000413 
0.002058 0.002184 -0.000390 76 0.002245 -0.000313


0.002081 0.002223 -0.000463 89 0.002290 -0.000385


0.001476 0.001175 0.000706 132 0.001080 0.000784 
0.001497 0.001211 0.000658 98 0.001122 0.000736 
0.001491 0.001201 0.000655 107 0.001110 0.000733 
0.001468 0.001162 0.000691 149 0.001065 0.000769 
0.001476 0.001175 0.000706 132 0.001080 0.000784


0.001483 0.001187 0.000677 90 0.001094 0.000755


0.002206 0.002440 -0.000447 139 0.002541 -0.000369 
0.002203 0.002435 -0.000328 147 0.002535 -0.000250 
0.002261 0.002535 -0.000265 6 0.002650 -0.000188 
0.002261 0.002535 -0.000390 5 0.002650 -0.000313 
0.002206 0.002440 -0.000447 139 0.002541 -0.000369


0.002233 0.002486 -0.000358 91 0.002594 -0.000280


0.002206 0.002440 -0.000447 139 0.002541 -0.000369 
0.002154 0.002349 -0.000511 191 0.002436 -0.000433 
0.002153 0.002348 -0.000371 202 0.002434 -0.000293 
0.002203 0.002435 -0.000328 147 0.002535 -0.000250 
0.002206 0.002440 -0.000447 139 0.002541 -0.000369


0.002179 0.002393 -0.000414 92 0.002486 -0.000336


0.002261 0.002535 -0.000765 2 0.002650 -0.000688 
0.002227 0.002476 -0.000808 173 0.002583 -0.000730 
0.002211 0.002449 -0.000768 142 0.002551 -0.000690 
0.002261 0.002535 -0.000640 3 0.002650 -0.000563 
0.002261 0.002535 -0.000765 2 0.002650 -0.000688


0.002240 0.002499 -0.000745 93 0.002608 -0.000667


0.002210 0.002446 -0.000890 96 0.002548 -0.000813 
0.002227 0.002476 -0.000808 173 0.002583 -0.000730 
0.002261 0.002535 -0.000765 2 0.002650 -0.000688 
0.002261 0.002535 -0.000890 1 0.002650 -0.000813 
0.002210 0.002446 -0.000890 96 0.002548 -0.000813


0.002240 0.002498 -0.000839 94 0.002608 -0.000761


0.002147 0.002338 -0.000703 103 0.002423 -0.000625 
0.002189 0.002411 -0.000697 99 0.002507 -0.000619 
0.002149 0.002340 -0.000889 94 0.002426 -0.000812 
0.002139 0.002324 -0.000887 93 0.002406 -0.000809 
0.002147 0.002338 -0.000703 103 0.002423 -0.000625


0.002156 0.002353 -0.000794 95 0.002440 -0.000716


0.001512 0.001237 0.000767 207 0.001151 0.000845 
0.001625 0.001432 0.000800 140 0.001377 0.000878 
0.001635 0.001450 0.000701 178 0.001397 0.000779 
0.001571 0.001340 0.000673 209 0.001270 0.000751 
0.001512 0.001237 0.000767 207 0.001151 0.000845


0.001585 0.001365 0.000736 96 0.001299 0.000814


0.002149 0.002340 -0.000889 94 0.002426 -0.000812 
0.002189 0.002411 -0.000697 99 0.002507 -0.000619 
0.002211 0.002449 -0.000768 142 0.002551 -0.000690 
0.002159 0.002358 -0.000890 95 0.002445 -0.000813 
0.002149 0.002340 -0.000889 94 0.002426 -0.000812


0.002177 0.002389 -0.000811 97 0.002482 -0.000733


0.002099 0.002254 0.000012 174 0.002326 0.000090 
0.002092 0.002243 -0.000087 177 0.002313 -0.000009 
0.002058 0.002184 -0.000090 73 0.002245 -0.000013 
0.002058 0.002184 0.000010 72 0.002245 0.000087 
0.002099 0.002254 0.000012 174 0.002326 0.000090


0.002077 0.002216 -0.000039 98 0.002282 0.000039


0.002101 0.002258 0.000084 126 0.002330 0.000162 
0.002147 0.002337 0.000149 169 0.002422 0.000227 
0.002148 0.002339 0.000068 133 0.002424 0.000146 
0.002099 0.002254 0.000012 174 0.002326 0.000090 
0.002101 0.002258 0.000084 126 0.002330 0.000162


0.002124 0.002297 0.000078 99 0.002376 0.000156


0.002092 0.002243 -0.000087 177 0.002313 -0.000009 
0.002099 0.002254 0.000012 174 0.002326 0.000090 
0.002148 0.002339 0.000068 133 0.002424 0.000146 
0.002133 0.002312 -0.000064 97 0.002393 0.000014 
0.002092 0.002243 -0.000087 177 0.002313 -0.000009


0.002118 0.002287 -0.000018 100 0.002364 0.000060


0.002058 0.002184 -0.000190 74 0.002245 -0.000113 
0.002091 0.002241 -0.000205 175 0.002311 -0.000127 
0.002101 0.002258 -0.000275 138 0.002330 -0.000197 
0.002058 0.002184 -0.000290 75 0.002245 -0.000213 
0.002058 0.002184 -0.000190 74 0.002245 -0.000113


0.002077 0.002217 -0.000240 101 0.002283 -0.000162


0.002092 0.002243 -0.000087 177 0.002313 -0.000009 
0.002091 0.002241 -0.000205 175 0.002311 -0.000127 
0.002058 0.002184 -0.000190 74 0.002245 -0.000113 
0.002058 0.002184 -0.000090 73 0.002245 -0.000013 
0.002092 0.002243 -0.000087 177 0.002313 -0.000009


0.002075 0.002213 -0.000143 102 0.002278 -0.000065


0.002118 0.002287 -0.000202 135 0.002364 -0.000124 
0.002144 0.002331 -0.000260 171 0.002415 -0.000182 
0.002101 0.002258 -0.000275 138 0.002330 -0.000197 
0.002091 0.002241 -0.000205 175 0.002311 -0.000127 
0.002118 0.002287 -0.000202 135 0.002364 -0.000124


0.002114 0.002279 -0.000236 103 0.002355 -0.000158


0.001772 0.001688 0.000910 176 0.001672 0.000988 
0.001726 0.001608 0.000911 130 0.001580 0.000989 
0.001716 0.001590 0.001010 27 0.001560 0.001088 
0.001763 0.001673 0.001010 26 0.001655 0.001088 
0.001772 0.001688 0.000910 176 0.001672 0.000988


0.001744 0.001640 0.000960 104 0.001617 0.001038


0.001801 0.001737 0.000712 183 0.001729 0.000790 
0.001753 0.001654 0.000719 143 0.001633 0.000797 
0.001742 0.001636 0.000808 204 0.001612 0.000886 
0.001785 0.001711 0.000810 111 0.001699 0.000888 
0.001801 0.001737 0.000712 183 0.001729 0.000790


0.001770 0.001685 0.000762 105 0.001668 0.000840


0.002147 0.002337 0.000149 169 0.002422 0.000227 
0.002101 0.002258 0.000084 126 0.002330 0.000162 
0.002091 0.002240 0.000183 166 0.002310 0.000261 
0.002138 0.002321 0.000233 131 0.002403 0.000311 
0.002147 0.002337 0.000149 169 0.002422 0.000227


0.002119 0.002289 0.000162 106 0.002366 0.000240


0.001635 0.001450 0.000701 178 0.001397 0.000779 
0.001706 0.001573 0.000709 168 0.001540 0.000787 
0.001739 0.001630 0.000610 54 0.001605 0.000687 
0.001669 0.001510 0.000610 53 0.001467 0.000687 
0.001635 0.001450 0.000701 178 0.001397 0.000779


0.001687 0.001541 0.000657 107 0.001502 0.000735


0.002133 0.002312 -0.000064 97 0.002393 0.000014 
0.002118 0.002287 -0.000202 135 0.002364 -0.000124 
0.002091 0.002241 -0.000205 175 0.002311 -0.000127 
0.002092 0.002243 -0.000087 177 0.002313 -0.000009 
0.002133 0.002312 -0.000064 97 0.002393 0.000014


0.002109 0.002271 -0.000139 108 0.002345 -0.000061


0.001675 0.001519 0.000807 129 0.001477 0.000885 
0.001706 0.001573 0.000709 168 0.001540 0.000787 
0.001635 0.001450 0.000701 178 0.001397 0.000779 
0.001625 0.001432 0.000800 140 0.001377 0.000878 
0.001675 0.001519 0.000807 129 0.001477 0.000885


0.001660 0.001494 0.000754 109 0.001448 0.000832


0.001474 0.001172 0.000719 152 0.001076 0.000797 
0.001506 0.001228 0.000664 141 0.001141 0.000742 
0.001497 0.001211 0.000658 98 0.001122 0.000736 
0.001476 0.001175 0.000706 132 0.001080 0.000784 
0.001474 0.001172 0.000719 152 0.001076 0.000797


0.001488 0.001196 0.000687 110 0.001105 0.000765


0.001491 0.001201 0.000655 107 0.001110 0.000733 
0.001497 0.001211 0.000658 98 0.001122 0.000736 
0.001521 0.001254 0.000611 50 0.001171 0.000688 
0.001512 0.001237 0.000613 49 0.001151 0.000691 
0.001491 0.001201 0.000655 107 0.001110 0.000733


0.001505 0.001226 0.000634 111 0.001139 0.000712


0.001506 0.001228 0.000664 141 0.001141 0.000742 
0.001571 0.001340 0.000673 209 0.001270 0.000751 
0.001600 0.001391 0.000610 52 0.001329 0.000687 
0.001531 0.001271 0.000610 51 0.001191 0.000687 
0.001506 0.001228 0.000664 141 0.001141 0.000742


0.001552 0.001307 0.000639 112 0.001233 0.000717


0.001497 0.001211 0.000658 98 0.001122 0.000736 
0.001506 0.001228 0.000664 141 0.001141 0.000742 
0.001531 0.001271 0.000610 51 0.001191 0.000687 
0.001521 0.001254 0.000611 50 0.001171 0.000688 
0.001497 0.001211 0.000658 98 0.001122 0.000736


0.001514 0.001241 0.000636 113 0.001156 0.000714


0.002211 0.002449 -0.000768 142 0.002551 -0.000690 
0.002227 0.002476 -0.000808 173 0.002583 -0.000730 
0.002210 0.002446 -0.000890 96 0.002548 -0.000813 
0.002159 0.002358 -0.000890 95 0.002445 -0.000813 
0.002211 0.002449 -0.000768 142 0.002551 -0.000690


0.002202 0.002432 -0.000839 114 0.002532 -0.000761


0.002261 0.002535 -0.000515 4 0.002650 -0.000438 
0.002189 0.002411 -0.000697 99 0.002507 -0.000619 
0.002206 0.002440 -0.000447 139 0.002541 -0.000369 
0.002261 0.002535 -0.000390 5 0.002650 -0.000313 
0.002261 0.002535 -0.000515 4 0.002650 -0.000438


0.002229 0.002480 -0.000512 115 0.002587 -0.000434


0.002211 0.002449 -0.000768 142 0.002551 -0.000690 
0.002189 0.002411 -0.000697 99 0.002507 -0.000619 
0.002261 0.002535 -0.000515 4 0.002650 -0.000438 
0.002261 0.002535 -0.000640 3 0.002650 -0.000563 
0.002211 0.002449 -0.000768 142 0.002551 -0.000690


0.002231 0.002482 -0.000655 116 0.002589 -0.000577


0.002261 0.002535 -0.000265 6 0.002650 -0.000188 
0.002203 0.002435 -0.000328 147 0.002535 -0.000250 
0.002200 0.002430 -0.000193 208 0.002529 -0.000115 
0.002261 0.002535 -0.000140 7 0.002650 -0.000063 
0.002261 0.002535 -0.000265 6 0.002650 -0.000188


0.002231 0.002484 -0.000232 117 0.002591 -0.000154


0.002109 0.002272 -0.000754 180 0.002346 -0.000676 
0.002128 0.002304 -0.000727 170 0.002383 -0.000649 
0.002129 0.002307 -0.000882 92 0.002387 -0.000804 
0.002120 0.002291 -0.000875 91 0.002369 -0.000797 
0.002109 0.002272 -0.000754 180 0.002346 -0.000676


0.002122 0.002293 -0.000809 118 0.002371 -0.000732


0.002194 0.002419 0.000030 136 0.002517 0.000108 
0.002182 0.002397 -0.000134 181 0.002491 -0.000056 
0.002118 0.002287 -0.000202 135 0.002364 -0.000124 
0.002133 0.002312 -0.000064 97 0.002393 0.000014 
0.002194 0.002419 0.000030 136 0.002517 0.000108


0.002157 0.002354 -0.000092 119 0.002441 -0.000015


0.002182 0.002397 -0.000134 181 0.002491 -0.000056 
0.002261 0.002535 -0.000015 8 0.002650 0.000062 
0.002261 0.002535 -0.000140 7 0.002650 -0.000063 
0.002200 0.002430 -0.000193 208 0.002529 -0.000115 
0.002182 0.002397 -0.000134 181 0.002491 -0.000056


0.002226 0.002474 -0.000121 120 0.002580 -0.000043


0.002153 0.002348 -0.000371 202 0.002434 -0.000293 
0.002144 0.002331 -0.000260 171 0.002415 -0.000182 
0.002200 0.002430 -0.000193 208 0.002529 -0.000115 
0.002203 0.002435 -0.000328 147 0.002535 -0.000250 
0.002153 0.002348 -0.000371 202 0.002434 -0.000293


0.002175 0.002386 -0.000288 121 0.002478 -0.000210


0.002048 0.002165 0.000256 68 0.002223 0.000333 
0.002085 0.002231 0.000319 182 0.002299 0.000397 
0.002088 0.002236 0.000262 127 0.002305 0.000340 
0.002054 0.002176 0.000208 69 0.002235 0.000286 
0.002048 0.002165 0.000256 68 0.002223 0.000333


0.002069 0.002202 0.000261 122 0.002266 0.000339


0.002067 0.002199 0.000381 113 0.002262 0.000459 
0.002085 0.002231 0.000319 182 0.002299 0.000397 
0.002048 0.002165 0.000256 68 0.002223 0.000333 
0.002039 0.002151 0.000302 67 0.002207 0.000380 
0.002067 0.002199 0.000381 113 0.002262 0.000459


0.002060 0.002186 0.000314 123 0.002248 0.000392


0.002123 0.002295 0.000386 167 0.002373 0.000464 
0.002131 0.002310 0.000323 157 0.002390 0.000401 
0.002088 0.002236 0.000262 127 0.002305 0.000340 
0.002085 0.002231 0.000319 182 0.002299 0.000397 
0.002123 0.002295 0.000386 167 0.002373 0.000464


0.002107 0.002268 0.000322 124 0.002342 0.000400


0.002259 0.002531 0.000198 10 0.002646 0.000276 
0.002182 0.002399 0.000088 206 0.002493 0.000165 
0.002195 0.002421 0.000221 128 0.002519 0.000299 
0.002252 0.002520 0.000285 11 0.002633 0.000363 
0.002259 0.002531 0.000198 10 0.002646 0.000276


0.002222 0.002468 0.000198 125 0.002573 0.000276


0.002194 0.002419 0.000030 136 0.002517 0.000108 
0.002182 0.002399 0.000088 206 0.002493 0.000165 
0.002259 0.002531 0.000198 10 0.002646 0.000276 
0.002261 0.002535 0.000110 9 0.002650 0.000187 
0.002194 0.002419 0.000030 136 0.002517 0.000108


0.002224 0.002471 0.000106 126 0.002576 0.000184


0.001832 0.001792 0.000607 56 0.001793 0.000685 
0.001801 0.001737 0.000712 183 0.001729 0.000790 
0.001841 0.001808 0.000697 119 0.001810 0.000775 
0.001857 0.001834 0.000600 57 0.001841 0.000678 
0.001832 0.001792 0.000607 56 0.001793 0.000685


0.001833 0.001793 0.000654 127 0.001793 0.000732


0.001753 0.001654 0.000719 143 0.001633 0.000797 
0.001801 0.001737 0.000712 183 0.001729 0.000790 
0.001832 0.001792 0.000607 56 0.001793 0.000685 
0.001808 0.001750 0.000610 55 0.001744 0.000687 
0.001753 0.001654 0.000719 143 0.001633 0.000797


0.001798 0.001733 0.000662 128 0.001725 0.000740


0.002001 0.002085 0.000427 64 0.002131 0.000505 
0.002020 0.002118 0.000519 184 0.002169 0.000597 
0.002040 0.002152 0.000487 115 0.002208 0.000565 
0.002016 0.002110 0.000388 65 0.002160 0.000466 
0.002001 0.002085 0.000427 64 0.002131 0.000505


0.002019 0.002116 0.000455 129 0.002167 0.000533


0.002001 0.002084 0.000550 109 0.002129 0.000628 
0.002020 0.002118 0.000519 184 0.002169 0.000597 
0.002001 0.002085 0.000427 64 0.002131 0.000505 
0.001985 0.002056 0.000464 63 0.002098 0.000541 
0.002001 0.002084 0.000550 109 0.002129 0.000628


0.002002 0.002086 0.000490 130 0.002132 0.000568


0.002142 0.002328 0.000516 116 0.002412 0.000594 
0.002125 0.002300 0.000607 159 0.002378 0.000685 
0.002159 0.002358 0.000681 16 0.002446 0.000758 
0.002185 0.002403 0.000610 15 0.002498 0.000688 
0.002142 0.002328 0.000516 116 0.002412 0.000594


0.002153 0.002347 0.000603 131 0.002434 0.000681


0.002123 0.002295 0.000386 167 0.002373 0.000464 
0.002085 0.002231 0.000319 182 0.002299 0.000397 
0.002067 0.002199 0.000381 113 0.002262 0.000459 
0.002106 0.002266 0.000455 185 0.002340 0.000533 
0.002123 0.002295 0.000386 167 0.002373 0.000464


0.002095 0.002248 0.000385 132 0.002319 0.000463


0.002055 0.002178 0.000440 156 0.002238 0.000518 
0.002040 0.002152 0.000487 115 0.002208 0.000565 
0.002069 0.002201 0.000585 203 0.002265 0.000663 
0.002087 0.002234 0.000527 117 0.002303 0.000605 
0.002055 0.002178 0.000440 156 0.002238 0.000518


0.002063 0.002191 0.000510 133 0.002253 0.000588


0.001920 0.001945 0.000649 186 0.001969 0.000727 
0.001952 0.001999 0.000619 201 0.002031 0.000697 
0.001947 0.001991 0.000526 61 0.002022 0.000604 
0.001926 0.001954 0.000551 60 0.001980 0.000629 
0.001920 0.001945 0.000649 186 0.001969 0.000727


0.001936 0.001972 0.000586 134 0.002000 0.000664


0.001902 0.001913 0.000652 200 0.001932 0.000730 
0.001920 0.001945 0.000649 186 0.001969 0.000727 
0.001926 0.001954 0.000551 60 0.001980 0.000629 
0.001904 0.001916 0.000572 59 0.001935 0.000650 
0.001902 0.001913 0.000652 200 0.001932 0.000730


0.001913 0.001932 0.000606 135 0.001954 0.000684


0.002039 0.002151 0.000754 125 0.002207 0.000832 
0.002004 0.002090 0.000785 165 0.002137 0.000863 
0.002023 0.002123 0.000903 20 0.002174 0.000981 
0.002061 0.002188 0.000858 19 0.002250 0.000936 
0.002039 0.002151 0.000754 125 0.002207 0.000832


0.002032 0.002138 0.000825 136 0.002192 0.000903


0.002001 0.002084 0.000550 109 0.002129 0.000628 
0.002019 0.002116 0.000650 187 0.002166 0.000728 
0.002044 0.002159 0.000618 205 0.002216 0.000696 
0.002020 0.002118 0.000519 184 0.002169 0.000597 
0.002001 0.002084 0.000550 109 0.002129 0.000628


0.002021 0.002119 0.000584 137 0.002170 0.000662


0.001668 0.001508 0.001010 28 0.001465 0.001088 
0.001674 0.001518 0.000906 188 0.001476 0.000984 
0.001615 0.001416 0.000900 144 0.001358 0.000978 
0.001621 0.001426 0.001010 29 0.001369 0.001088 
0.001668 0.001508 0.001010 28 0.001465 0.001088


0.001644 0.001467 0.000956 138 0.001417 0.001034


0.001726 0.001608 0.000911 130 0.001580 0.000989 
0.001674 0.001518 0.000906 188 0.001476 0.000984 
0.001668 0.001508 0.001010 28 0.001465 0.001088 
0.001716 0.001590 0.001010 27 0.001560 0.001088 
0.001726 0.001608 0.000911 130 0.001580 0.000989


0.001696 0.001556 0.000959 139 0.001520 0.001037


0.001615 0.001416 0.000900 144 0.001358 0.000978 
0.001515 0.001243 0.000872 150 0.001158 0.000950 
0.001573 0.001343 0.001010 30 0.001274 0.001088 
0.001621 0.001426 0.001010 29 0.001369 0.001088 
0.001615 0.001416 0.000900 144 0.001358 0.000978


0.001581 0.001357 0.000948 140 0.001290 0.001026


0.001468 0.001162 0.000691 149 0.001065 0.000769 
0.001491 0.001201 0.000655 107 0.001110 0.000733 
0.001486 0.001192 0.000652 196 0.001099 0.000730 
0.001467 0.001160 0.000682 199 0.001062 0.000760 
0.001468 0.001162 0.000691 149 0.001065 0.000769


0.001478 0.001179 0.000670 141 0.001084 0.000748


0.001515 0.001243 0.000872 150 0.001158 0.000950 
0.001615 0.001416 0.000900 144 0.001358 0.000978 
0.001625 0.001432 0.000800 140 0.001377 0.000878 
0.001512 0.001237 0.000767 207 0.001151 0.000845 
0.001515 0.001243 0.000872 150 0.001158 0.000950


0.001567 0.001332 0.000835 142 0.001261 0.000913


0.002077 0.002216 -0.000795 146 0.002282 -0.000717 
0.002071 0.002206 -0.000775 102 0.002271 -0.000697 
0.002069 0.002203 -0.000758 189 0.002267 -0.000680 
0.002079 0.002220 -0.000798 190 0.002286 -0.000720 
0.002077 0.002216 -0.000795 146 0.002282 -0.000717


0.002074 0.002211 -0.000782 143 0.002276 -0.000704


0.002075 0.002214 -0.000686 194 0.002279 -0.000608 
0.002093 0.002245 -0.000795 148 0.002315 -0.000717 
0.002089 0.002236 -0.000797 193 0.002305 -0.000719 
0.002075 0.002212 -0.000738 197 0.002278 -0.000660 
0.002075 0.002214 -0.000686 194 0.002279 -0.000608


0.002083 0.002227 -0.000754 144 0.002294 -0.000676


0.002071 0.002205 -0.000740 192 0.002269 -0.000662 
0.002081 0.002224 -0.000798 195 0.002291 -0.000720 
0.002079 0.002220 -0.000798 190 0.002286 -0.000720 
0.002069 0.002203 -0.000758 189 0.002267 -0.000680 
0.002071 0.002205 -0.000740 192 0.002269 -0.000662


0.002075 0.002213 -0.000774 145 0.002278 -0.000696


0.002147 0.002338 -0.000703 103 0.002423 -0.000625 
0.002128 0.002304 -0.000727 170 0.002383 -0.000649 
0.002104 0.002263 -0.000554 137 0.002336 -0.000476 
0.002154 0.002349 -0.000511 191 0.002436 -0.000433 
0.002147 0.002338 -0.000703 103 0.002423 -0.000625


0.002133 0.002313 -0.000624 146 0.002394 -0.000546


0.002075 0.002212 -0.000738 197 0.002278 -0.000660 
0.002089 0.002236 -0.000797 193 0.002305 -0.000719 
0.002081 0.002224 -0.000798 195 0.002291 -0.000720 
0.002071 0.002205 -0.000740 192 0.002269 -0.000662 
0.002075 0.002212 -0.000738 197 0.002278 -0.000660


0.002079 0.002219 -0.000768 147 0.002286 -0.000690


0.002147 0.002338 -0.000703 103 0.002423 -0.000625 
0.002154 0.002349 -0.000511 191 0.002436 -0.000433 
0.002206 0.002440 -0.000447 139 0.002541 -0.000369 
0.002189 0.002411 -0.000697 99 0.002507 -0.000619 
0.002147 0.002338 -0.000703 103 0.002423 -0.000625


0.002174 0.002385 -0.000589 148 0.002477 -0.000512


0.001468 0.001161 0.000672 179 0.001064 0.000750 
0.001482 0.001185 0.000651 106 0.001092 0.000729 
0.001477 0.001177 0.000650 154 0.001083 0.000728 
0.001468 0.001161 0.000666 198 0.001064 0.000744 
0.001468 0.001161 0.000672 179 0.001064 0.000750


0.001474 0.001171 0.000660 149 0.001076 0.000738


0.001477 0.001177 0.000650 154 0.001083 0.000728 
0.001475 0.001173 0.000651 105 0.001078 0.000728 
0.001471 0.001166 0.000658 153 0.001070 0.000736 
0.001468 0.001161 0.000666 198 0.001064 0.000744 
0.001477 0.001177 0.000650 154 0.001083 0.000728


0.001473 0.001169 0.000656 150 0.001073 0.000734


0.001873 0.001863 0.000684 160 0.001874 0.000762 
0.001867 0.001852 0.000781 108 0.001861 0.000859 
0.001896 0.001902 0.000767 121 0.001919 0.000845 
0.001902 0.001913 0.000652 200 0.001932 0.000730 
0.001873 0.001863 0.000684 160 0.001874 0.000762


0.001884 0.001882 0.000721 151 0.001897 0.000799


0.001801 0.001737 0.000712 183 0.001729 0.000790 
0.001785 0.001711 0.000810 111 0.001699 0.000888 
0.001828 0.001785 0.000802 100 0.001785 0.000880 
0.001841 0.001808 0.000697 119 0.001810 0.000775 
0.001801 0.001737 0.000712 183 0.001729 0.000790


0.001814 0.001760 0.000755 152 0.001756 0.000833


0.001959 0.002012 0.000720 163 0.002046 0.000798 
0.001989 0.002063 0.000679 123 0.002106 0.000757 
0.001977 0.002044 0.000585 155 0.002083 0.000663 
0.001952 0.001999 0.000619 201 0.002031 0.000697 
0.001959 0.002012 0.000720 163 0.002046 0.000798


0.001969 0.002030 0.000651 153 0.002067 0.000729


0.002086 0.002233 -0.000640 134 0.002301 -0.000562 
0.002109 0.002272 -0.000754 180 0.002346 -0.000676 
0.002093 0.002245 -0.000795 148 0.002315 -0.000717 
0.002075 0.002214 -0.000686 194 0.002279 -0.000608 
0.002086 0.002233 -0.000640 134 0.002301 -0.000562


0.002091 0.002241 -0.000719 154 0.002310 -0.000641


0.002055 0.002178 0.000440 156 0.002238 0.000518 
0.002087 0.002234 0.000527 117 0.002303 0.000605 
0.002106 0.002266 0.000455 185 0.002340 0.000533 
0.002067 0.002199 0.000381 113 0.002262 0.000459 
0.002055 0.002178 0.000440 156 0.002238 0.000518


0.002079 0.002219 0.000451 155 0.002286 0.000529


0.002040 0.002152 0.000487 115 0.002208 0.000565 
0.002020 0.002118 0.000519 184 0.002169 0.000597 
0.002044 0.002159 0.000618 205 0.002216 0.000696 
0.002069 0.002201 0.000585 203 0.002265 0.000663 
0.002040 0.002152 0.000487 115 0.002208 0.000565


0.002043 0.002157 0.000552 156 0.002214 0.000630


0.001753 0.001654 0.000719 143 0.001633 0.000797 
0.001706 0.001573 0.000709 168 0.001540 0.000787 
0.001675 0.001519 0.000807 129 0.001477 0.000885 
0.001742 0.001636 0.000808 204 0.001612 0.000886 
0.001753 0.001654 0.000719 143 0.001633 0.000797


0.001719 0.001596 0.000761 157 0.001566 0.000839


0.002019 0.002116 0.000650 187 0.002166 0.000728 
0.002039 0.002151 0.000754 125 0.002207 0.000832 
0.002070 0.002204 0.000711 164 0.002269 0.000789 
0.002044 0.002159 0.000618 205 0.002216 0.000696 
0.002019 0.002116 0.000650 187 0.002166 0.000728


0.002043 0.002158 0.000683 158 0.002214 0.000761


0.002194 0.002419 0.000030 136 0.002517 0.000108 
0.002133 0.002312 -0.000064 97 0.002393 0.000014 
0.002148 0.002339 0.000068 133 0.002424 0.000146 
0.002182 0.002399 0.000088 206 0.002493 0.000165 
0.002194 0.002419 0.000030 136 0.002517 0.000108


0.002164 0.002367 0.000030 159 0.002457 0.000108


0.001571 0.001340 0.000673 209 0.001270 0.000751 
0.001506 0.001228 0.000664 141 0.001141 0.000742 
0.001474 0.001172 0.000719 152 0.001076 0.000797 
0.001512 0.001237 0.000767 207 0.001151 0.000845 
0.001571 0.001340 0.000673 209 0.001270 0.000751


0.001516 0.001244 0.000706 160 0.001160 0.000784


