0.002373 0.002086 -0.000845 197 2.168310 2.254460 
0.002397 0.002090 -0.000858 182 2.175679 2.151409 
0.002371 0.002126 -0.000867 36 2.158110 2.060982 
0.002363 0.002111 -0.000857 35 2.158567 2.158654 
0.002373 0.002086 -0.000845 197 2.168310 2.254460


0.002376 0.002103 -0.000857 1 2.165150 2.156634


0.002371 0.002126 -0.000867 36 2.158110 2.060982 
0.002397 0.002090 -0.000858 182 2.175679 2.151409 
0.002421 0.002094 -0.000868 74 2.183131 2.049725 
0.002380 0.002141 -0.000875 37 2.157634 1.963161 
0.002371 0.002126 -0.000867 36 2.158110 2.060982


0.002392 0.002113 -0.000867 2 2.168609 2.056959


0.002421 0.002094 -0.000868 74 2.183131 2.049725 
0.002439 0.002102 -0.000876 131 2.187699 1.958383 
0.002389 0.002157 -0.000882 38 2.157143 1.864573 
0.002380 0.002141 -0.000875 37 2.157634 1.963161 
0.002421 0.002094 -0.000868 74 2.183131 2.049725


0.002407 0.002123 -0.000875 3 2.171356 1.960060


0.002579 0.001833 -0.000720 101 2.307298 2.991030 
0.002687 0.001728 -0.000719 173 2.374548 2.995947 
0.002692 0.001727 -0.000734 180 2.376251 2.921577 
0.002574 0.001839 -0.000728 65 2.304134 2.951008 
0.002579 0.001833 -0.000720 101 2.307298 2.991030


0.002634 0.001783 -0.000725 4 2.340562 2.966088


0.002389 0.002157 -0.000882 38 2.157143 1.864573 
0.002439 0.002102 -0.000876 131 2.187699 1.958383 
0.002461 0.002114 -0.000883 94 2.191995 1.837003 
0.002399 0.002174 -0.000887 39 2.156648 1.766699 
0.002389 0.002157 -0.000882 38 2.157143 1.864573


0.002422 0.002137 -0.000882 5 2.173322 1.858227


0.002461 0.002114 -0.000883 94 2.191995 1.837003 
0.002485 0.002128 -0.000889 158 2.196555 1.707725 
0.002409 0.002191 -0.000889 40 2.156153 1.669088 
0.002399 0.002174 -0.000887 39 2.156648 1.766699 
0.002461 0.002114 -0.000883 94 2.191995 1.837003


0.002438 0.002152 -0.000887 6 2.175302 1.747269


0.002551 0.001909 -0.000812 118 2.276119 2.489431 
0.002512 0.001956 -0.000825 128 2.249796 2.401978 
0.002458 0.001982 -0.000809 72 2.224554 2.508715 
0.002487 0.001946 -0.000793 93 2.244302 2.601576 
0.002551 0.001909 -0.000812 118 2.276119 2.489431


0.002502 0.001948 -0.000810 7 2.248706 2.501583


0.002368 0.002052 -0.000814 96 2.174808 2.473992 
0.002357 0.002067 -0.000822 159 2.167074 2.426106 
0.002341 0.002074 -0.000818 32 2.159785 2.453034 
0.002335 0.002063 -0.000802 31 2.160120 2.551094 
0.002368 0.002052 -0.000814 96 2.174808 2.473992


0.002350 0.002064 -0.000814 8 2.165451 2.476178


0.002341 0.002074 -0.000818 32 2.159785 2.453034 
0.002357 0.002067 -0.000822 159 2.167074 2.426106 
0.002362 0.002076 -0.000833 177 2.166640 2.350817 
0.002348 0.002085 -0.000832 33 2.159413 2.355353 
0.002341 0.002074 -0.000818 32 2.159785 2.453034


0.002352 0.002075 -0.000826 9 2.163229 2.396377


0.003083 0.001514 -0.000889 52 2.552231 1.688156 
0.003030 0.001511 -0.000878 160 2.540627 1.921458 
0.003050 0.001479 -0.000878 98 2.556494 1.930085 
0.003095 0.001493 -0.000889 53 2.562194 1.696124 
0.003083 0.001514 -0.000889 52 2.552231 1.688156


0.003064 0.001499 -0.000885 10 2.552925 1.809323


0.003160 0.001213 -0.000859 176 2.677776 2.140886 
0.003206 0.001153 -0.000867 106 2.709076 2.054577 
0.003219 0.001160 -0.000875 60 2.708431 1.970559 
0.003170 0.001230 -0.000868 114 2.672875 2.045832 
0.003160 0.001213 -0.000859 176 2.677776 2.140886


0.003189 0.001189 -0.000868 11 2.692085 2.054435


0.002448 0.001940 -0.000690 24 2.232316 3.141593 
0.002449 0.001941 -0.000713 161 2.232669 3.027361 
0.002319 0.002035 -0.000710 26 2.161082 3.042825 
0.002318 0.002034 -0.000690 25 2.161111 3.141593 
0.002448 0.001940 -0.000690 24 2.232316 3.141593


0.002384 0.001988 -0.000701 12 2.196796 3.088723


0.002579 0.001833 -0.000720 101 2.307298 2.991030 
0.002449 0.001941 -0.000713 161 2.232669 3.027361 
0.002448 0.001940 -0.000690 24 2.232316 3.141593 
0.002571 0.001837 -0.000690 23 2.303521 3.141593 
0.002579 0.001833 -0.000720 101 2.307298 2.991030


0.002512 0.001889 -0.000704 13 2.268955 3.075892


0.003079 0.001182 -0.000736 102 2.673435 2.909572 
0.003059 0.001210 -0.000697 162 2.658554 3.106940 
0.003128 0.001067 -0.000710 16 2.729239 3.041912 
0.003130 0.001070 -0.000730 15 2.728133 2.942205 
0.003079 0.001182 -0.000736 102 2.673435 2.909572


0.003099 0.001133 -0.000718 14 2.697343 3.000943


0.003018 0.001300 -0.000748 130 2.614931 2.849102 
0.003079 0.001182 -0.000736 102 2.673435 2.909572 
0.003089 0.001171 -0.000750 167 2.680135 2.839374 
0.003059 0.001244 -0.000770 193 2.645111 2.732717 
0.003018 0.001300 -0.000748 130 2.614931 2.849102


0.003061 0.001225 -0.000751 15 2.653392 2.833855


0.003059 0.001208 -0.000690 18 2.659544 3.141593 
0.003129 0.001063 -0.000690 17 2.730749 3.141593 
0.003128 0.001067 -0.000710 16 2.729239 3.041912 
0.003059 0.001210 -0.000697 162 2.658554 3.106940 
0.003059 0.001208 -0.000690 18 2.659544 3.141593


0.003095 0.001138 -0.000697 16 2.694525 3.108254


0.003113 0.001146 -0.000777 104 2.694489 2.693199 
0.003089 0.001171 -0.000750 167 2.680135 2.839374 
0.003134 0.001074 -0.000750 14 2.727436 2.841465 
0.003140 0.001077 -0.000769 13 2.727170 2.740324 
0.003113 0.001146 -0.000777 104 2.694489 2.693199


0.003119 0.001117 -0.000761 17 2.707307 2.779453


0.003113 0.001146 -0.000777 104 2.694489 2.693199 
0.003128 0.001132 -0.000793 170 2.702858 2.605979 
0.003113 0.001183 -0.000805 103 2.680039 2.531577 
0.003092 0.001204 -0.000791 81 2.667568 2.612301 
0.003113 0.001146 -0.000777 104 2.694489 2.693199


0.003111 0.001166 -0.000792 18 2.686227 2.611288


0.003311 0.001098 -0.000890 2 2.747421 1.664470 
0.003245 0.001212 -0.000888 163 2.693674 1.734182 
0.003233 0.001187 -0.000883 105 2.700931 1.844358 
0.003291 0.001098 -0.000887 3 2.744432 1.758072 
0.003311 0.001098 -0.000890 2 2.747421 1.664470


0.003270 0.001149 -0.000887 19 2.721686 1.753826


0.003187 0.001281 -0.000883 120 2.657147 1.841394 
0.003180 0.001251 -0.000876 66 2.666770 1.946691 
0.003233 0.001187 -0.000883 105 2.700931 1.844358 
0.003245 0.001212 -0.000888 163 2.693674 1.734182 
0.003187 0.001281 -0.000883 120 2.657147 1.841394


0.003211 0.001233 -0.000883 20 2.679687 1.843572


0.003271 0.001097 -0.000883 4 2.741565 1.852452 
0.003219 0.001160 -0.000875 60 2.708431 1.970559 
0.003206 0.001153 -0.000867 106 2.709076 2.054577 
0.003252 0.001096 -0.000876 5 2.738835 1.948393 
0.003271 0.001097 -0.000883 4 2.741565 1.852452


0.003237 0.001127 -0.000876 21 2.724548 1.957871


0.003233 0.001187 -0.000883 105 2.700931 1.844358 
0.003219 0.001160 -0.000875 60 2.708431 1.970559 
0.003271 0.001097 -0.000883 4 2.741565 1.852452 
0.003291 0.001098 -0.000887 3 2.744432 1.758072 
0.003233 0.001187 -0.000883 105 2.700931 1.844358


0.003253 0.001136 -0.000882 22 2.723911 1.858499


0.002611 0.001876 -0.000829 100 2.305338 2.374718 
0.002565 0.001932 -0.000840 181 2.274136 2.293823 
0.002512 0.001956 -0.000825 128 2.249796 2.401978 
0.002551 0.001909 -0.000812 118 2.276119 2.489431 
0.002611 0.001876 -0.000829 100 2.305338 2.374718


0.002560 0.001918 -0.000827 23 2.276355 2.391509


0.002319 0.002035 -0.000710 26 2.161082 3.042825 
0.002449 0.001941 -0.000713 161 2.232669 3.027361 
0.002452 0.001941 -0.000728 107 2.233465 2.950775 
0.002320 0.002037 -0.000730 27 2.160996 2.944170 
0.002319 0.002035 -0.000710 26 2.161082 3.042825


0.002386 0.001990 -0.000720 24 2.197054 2.992369


0.002427 0.002053 -0.000848 154 2.195440 2.230392 
0.002469 0.002004 -0.000837 194 2.222718 2.322661 
0.002515 0.001989 -0.000850 137 2.241939 2.215669 
0.002471 0.002043 -0.000861 68 2.213006 2.121903 
0.002427 0.002053 -0.000848 154 2.195440 2.230392


0.002470 0.002022 -0.000849 25 2.218265 2.223965


0.002951 0.001413 -0.000756 91 2.556918 2.808753 
0.002980 0.001348 -0.000710 109 2.587869 3.041767 
0.003018 0.001300 -0.000748 130 2.614931 2.849102 
0.002996 0.001357 -0.000774 150 2.588132 2.708582 
0.002951 0.001413 -0.000756 91 2.556918 2.808753


0.002986 0.001354 -0.000747 26 2.586955 2.852576


0.003163 0.001116 -0.000825 172 2.715842 2.400875 
0.003161 0.001105 -0.000818 175 2.719783 2.447483 
0.003170 0.001086 -0.000820 10 2.728916 2.438535 
0.003184 0.001089 -0.000834 9 2.730280 2.339206 
0.003163 0.001116 -0.000825 172 2.715842 2.400875


0.003169 0.001099 -0.000825 27 2.723711 2.406676


0.002526 0.001900 -0.000772 153 2.270352 2.720470 
0.002588 0.001865 -0.000799 147 2.300873 2.570476 
0.002551 0.001909 -0.000812 118 2.276119 2.489431 
0.002487 0.001946 -0.000793 93 2.244302 2.601576 
0.002526 0.001900 -0.000772 153 2.270352 2.720470


0.002538 0.001905 -0.000794 28 2.272929 2.596656


0.003233 0.001095 -0.000868 6 2.736310 2.044753 
0.003252 0.001096 -0.000876 5 2.738835 1.948393 
0.003206 0.001153 -0.000867 106 2.709076 2.054577 
0.003191 0.001147 -0.000858 99 2.708680 2.145012 
0.003233 0.001095 -0.000868 6 2.736310 2.044753


0.003220 0.001123 -0.000868 29 2.723284 2.049272


0.002980 0.001348 -0.000710 109 2.587869 3.041767 
0.002874 0.001508 -0.000720 164 2.502597 2.993421 
0.002891 0.001480 -0.000690 20 2.517135 3.141593 
0.002980 0.001347 -0.000690 19 2.588339 3.141593 
0.002980 0.001348 -0.000710 109 2.587869 3.041767


0.002933 0.001422 -0.000703 30 2.548979 3.080141


0.002860 0.001551 -0.000773 179 2.483654 2.718412 
0.002862 0.001533 -0.000747 95 2.490778 2.854350 
0.002951 0.001413 -0.000756 91 2.556918 2.808753 
0.002917 0.001492 -0.000793 119 2.519603 2.604536 
0.002860 0.001551 -0.000773 179 2.483654 2.718412


0.002898 0.001497 -0.000767 31 2.512735 2.748381


0.002891 0.001480 -0.000690 20 2.517135 3.141593 
0.002874 0.001508 -0.000720 164 2.502597 2.993421 
0.002784 0.001621 -0.000722 113 2.438571 2.980836 
0.002793 0.001607 -0.000690 21 2.445930 3.141593 
0.002891 0.001480 -0.000690 20 2.517135 3.141593


0.002836 0.001554 -0.000706 32 2.476054 3.064870


0.003163 0.001116 -0.000825 172 2.715842 2.400875 
0.003144 0.001139 -0.000817 83 2.703400 2.454232 
0.003149 0.001112 -0.000809 133 2.714717 2.509000 
0.003161 0.001105 -0.000818 175 2.719783 2.447483 
0.003163 0.001116 -0.000825 172 2.715842 2.400875


0.003154 0.001118 -0.000818 33 2.713437 2.453031


0.003233 0.001095 -0.000868 6 2.736310 2.044753 
0.003191 0.001147 -0.000858 99 2.708680 2.145012 
0.003177 0.001140 -0.000847 115 2.708653 2.242302 
0.003216 0.001093 -0.000859 7 2.734025 2.141710 
0.003233 0.001095 -0.000868 6 2.736310 2.044753


0.003204 0.001119 -0.000858 34 2.721967 2.144313


0.002615 0.001815 -0.000763 151 2.324387 2.771574 
0.002526 0.001900 -0.000772 153 2.270352 2.720470 
0.002452 0.001941 -0.000728 107 2.233465 2.950775 
0.002574 0.001839 -0.000728 65 2.304134 2.951008 
0.002615 0.001815 -0.000763 151 2.324387 2.771574


0.002542 0.001874 -0.000748 35 2.283112 2.850417


0.002390 0.002017 -0.000791 142 2.191219 2.616743 
0.002412 0.001989 -0.000772 78 2.206591 2.720347 
0.002487 0.001946 -0.000793 93 2.244302 2.601576 
0.002458 0.001982 -0.000809 72 2.224554 2.508715 
0.002390 0.002017 -0.000791 142 2.191219 2.616743


0.002437 0.001983 -0.000791 36 2.216692 2.612972


0.002485 0.002128 -0.000889 158 2.196555 1.707725 
0.002511 0.002143 -0.000890 42 2.201700 1.570796 
0.002418 0.002208 -0.000890 41 2.155658 1.570796 
0.002409 0.002191 -0.000889 40 2.156153 1.669088 
0.002485 0.002128 -0.000889 158 2.196555 1.707725


0.002456 0.002167 -0.000890 37 2.177506 1.632465


0.002362 0.002076 -0.000833 177 2.166640 2.350817 
0.002363 0.002086 -0.000841 157 2.164648 2.287523 
0.002355 0.002098 -0.000845 34 2.159004 2.257110 
0.002348 0.002085 -0.000832 33 2.159413 2.355353 
0.002362 0.002076 -0.000833 177 2.166640 2.350817


0.002357 0.002086 -0.000838 38 2.162423 2.312749


0.002355 0.002098 -0.000845 34 2.159004 2.257110 
0.002363 0.002086 -0.000841 157 2.164648 2.287523 
0.002373 0.002086 -0.000845 197 2.168310 2.254460 
0.002363 0.002111 -0.000857 35 2.158567 2.158654 
0.002355 0.002098 -0.000845 34 2.159004 2.257110


0.002363 0.002095 -0.000847 39 2.162625 2.239529


0.003078 0.001444 -0.000879 171 2.575401 1.906384 
0.003052 0.001427 -0.000865 155 2.575329 2.075779 
0.003085 0.001379 -0.000867 90 2.600115 2.059946 
0.003105 0.001408 -0.000881 135 2.594286 1.884158 
0.003078 0.001444 -0.000879 171 2.575401 1.906384


0.003080 0.001414 -0.000874 40 2.586281 1.982240


0.002660 0.001790 -0.000790 152 2.346360 2.622328 
0.002697 0.001769 -0.000808 148 2.364288 2.516318 
0.002656 0.001821 -0.000818 134 2.336017 2.449856 
0.002588 0.001865 -0.000799 147 2.300873 2.570476 
0.002660 0.001790 -0.000790 152 2.346360 2.622328


0.002650 0.001811 -0.000803 41 2.336897 2.541478


0.002740 0.001706 -0.000789 122 2.397500 2.625132 
0.002694 0.001730 -0.000748 185 2.376017 2.850636 
0.002790 0.001633 -0.000766 121 2.436210 2.756504 
0.002800 0.001639 -0.000789 76 2.436763 2.624497 
0.002740 0.001706 -0.000789 122 2.397500 2.625132


0.002756 0.001677 -0.000773 42 2.411662 2.715731


0.002930 0.001511 -0.000822 125 2.516159 2.423918 
0.002876 0.001577 -0.000818 73 2.478904 2.448909 
0.002859 0.001573 -0.000796 126 2.475859 2.587566 
0.002915 0.001503 -0.000800 169 2.515366 2.561817 
0.002930 0.001511 -0.000822 125 2.516159 2.423918


0.002895 0.001541 -0.000809 43 2.496588 2.506809


0.002611 0.001876 -0.000829 100 2.305338 2.374718 
0.002656 0.001821 -0.000818 134 2.336017 2.449856 
0.002724 0.001777 -0.000836 124 2.370497 2.327747 
0.002671 0.001846 -0.000846 61 2.332949 2.247270 
0.002611 0.001876 -0.000829 100 2.305338 2.374718


0.002666 0.001830 -0.000832 44 2.336218 2.352100


0.002487 0.001946 -0.000793 93 2.244302 2.601576 
0.002412 0.001989 -0.000772 78 2.206591 2.720347 
0.002452 0.001941 -0.000728 107 2.233465 2.950775 
0.002526 0.001900 -0.000772 153 2.270352 2.720470 
0.002487 0.001946 -0.000793 93 2.244302 2.601576


0.002469 0.001943 -0.000767 45 2.238692 2.749221


0.003199 0.001091 -0.000847 8 2.731994 2.240204 
0.003167 0.001134 -0.000838 165 2.709274 2.315253 
0.003163 0.001116 -0.000825 172 2.715842 2.400875 
0.003184 0.001089 -0.000834 9 2.730280 2.339206 
0.003199 0.001091 -0.000847 8 2.731994 2.240204


0.003178 0.001107 -0.000836 46 2.721865 2.324279


0.003177 0.001140 -0.000847 115 2.708653 2.242302 
0.003167 0.001134 -0.000838 165 2.709274 2.315253 
0.003199 0.001091 -0.000847 8 2.731994 2.240204 
0.003216 0.001093 -0.000859 7 2.734025 2.141710 
0.003177 0.001140 -0.000847 115 2.708653 2.242302


0.003190 0.001115 -0.000848 47 2.721024 2.235545


0.003150 0.001201 -0.000848 111 2.680162 2.231463 
0.003191 0.001147 -0.000858 99 2.708680 2.145012 
0.003206 0.001153 -0.000867 106 2.709076 2.054577 
0.003160 0.001213 -0.000859 176 2.677776 2.140886 
0.003150 0.001201 -0.000848 111 2.680162 2.231463


0.003177 0.001178 -0.000858 48 2.693968 2.144090


0.002330 0.002055 -0.000785 30 2.160415 2.649775 
0.002379 0.002034 -0.000803 166 2.183085 2.544073 
0.002368 0.002052 -0.000814 96 2.174808 2.473992 
0.002335 0.002063 -0.000802 31 2.160120 2.551094 
0.002330 0.002055 -0.000785 30 2.160415 2.649775


0.002353 0.002051 -0.000801 49 2.169623 2.555023


0.003134 0.001074 -0.000750 14 2.727436 2.841465 
0.003089 0.001171 -0.000750 167 2.680135 2.839374 
0.003079 0.001182 -0.000736 102 2.673435 2.909572 
0.003130 0.001070 -0.000730 15 2.728133 2.942205 
0.003134 0.001074 -0.000750 14 2.727436 2.841465


0.003108 0.001125 -0.000741 50 2.702282 2.884094


0.003059 0.001244 -0.000770 193 2.645111 2.732717 
0.003089 0.001171 -0.000750 167 2.680135 2.839374 
0.003113 0.001146 -0.000777 104 2.694489 2.693199 
0.003092 0.001204 -0.000791 81 2.667568 2.612301 
0.003059 0.001244 -0.000770 193 2.645111 2.732717


0.003088 0.001191 -0.000772 51 2.671822 2.720142


0.003106 0.001259 -0.000838 88 2.649342 2.312007 
0.003150 0.001201 -0.000848 111 2.680162 2.231463 
0.003160 0.001213 -0.000859 176 2.677776 2.140886 
0.003113 0.001271 -0.000848 127 2.646226 2.231606 
0.003106 0.001259 -0.000838 88 2.649342 2.312007


0.003132 0.001236 -0.000849 52 2.663418 2.230125


0.002790 0.001633 -0.000766 121 2.436210 2.756504 
0.002860 0.001551 -0.000773 179 2.483654 2.718412 
0.002859 0.001573 -0.000796 126 2.475859 2.587566 
0.002800 0.001639 -0.000789 76 2.436763 2.624497 
0.002790 0.001633 -0.000766 121 2.436210 2.756504


0.002827 0.001599 -0.000781 53 2.458133 2.672967


0.002439 0.002102 -0.000876 131 2.187699 1.958383 
0.002490 0.002045 -0.000868 144 2.219185 2.043602 
0.002523 0.002052 -0.000880 62 2.228364 1.902482 
0.002461 0.002114 -0.000883 94 2.191995 1.837003 
0.002439 0.002102 -0.000876 131 2.187699 1.958383


0.002479 0.002078 -0.000877 54 2.206778 1.937030


0.002485 0.002128 -0.000889 158 2.196555 1.707725 
0.002560 0.002063 -0.000887 108 2.237652 1.745986 
0.002601 0.002075 -0.000890 43 2.247742 1.570796 
0.002511 0.002143 -0.000890 42 2.201700 1.570796 
0.002485 0.002128 -0.000889 158 2.196555 1.707725


0.002539 0.002102 -0.000890 55 2.220921 1.651807


0.002425 0.002018 -0.000820 141 2.203610 2.435388 
0.002458 0.001982 -0.000809 72 2.224554 2.508715 
0.002512 0.001956 -0.000825 128 2.249796 2.401978 
0.002469 0.002004 -0.000837 194 2.222718 2.322661 
0.002425 0.002018 -0.000820 141 2.203610 2.435388


0.002466 0.001990 -0.000823 56 2.225178 2.418216


0.003143 0.001195 -0.000841 188 2.681313 2.289933 
0.003177 0.001140 -0.000847 115 2.708653 2.242302 
0.003191 0.001147 -0.000858 99 2.708680 2.145012 
0.003150 0.001201 -0.000848 111 2.680162 2.231463 
0.003143 0.001195 -0.000841 188 2.681313 2.289933


0.003165 0.001171 -0.000849 57 2.694734 2.228091


0.003065 0.001322 -0.000833 132 2.616935 2.351400 
0.003106 0.001259 -0.000838 88 2.649342 2.312007 
0.003113 0.001271 -0.000848 127 2.646226 2.231606 
0.003069 0.001332 -0.000841 82 2.613707 2.289905 
0.003065 0.001322 -0.000833 132 2.616935 2.351400


0.003088 0.001296 -0.000840 58 2.631575 2.297386


0.002930 0.001511 -0.000822 125 2.516159 2.423918 
0.002915 0.001503 -0.000800 169 2.515366 2.561817 
0.002968 0.001442 -0.000812 156 2.550277 2.486820 
0.002976 0.001451 -0.000826 192 2.549060 2.394553 
0.002930 0.001511 -0.000822 125 2.516159 2.423918


0.002947 0.001477 -0.000815 59 2.532739 2.467791


0.002915 0.001503 -0.000800 169 2.515366 2.561817 
0.002859 0.001573 -0.000796 126 2.475859 2.587566 
0.002860 0.001551 -0.000773 179 2.483654 2.718412 
0.002917 0.001492 -0.000793 119 2.519603 2.604536 
0.002915 0.001503 -0.000800 169 2.515366 2.561817


0.002888 0.001530 -0.000790 60 2.498642 2.619090


0.002968 0.001442 -0.000812 156 2.550277 2.486820 
0.002915 0.001503 -0.000800 169 2.515366 2.561817 
0.002917 0.001492 -0.000793 119 2.519603 2.604536 
0.002970 0.001433 -0.000807 70 2.554123 2.517660 
0.002968 0.001442 -0.000812 156 2.550277 2.486820


0.002943 0.001467 -0.000803 61 2.534875 2.543689


0.003148 0.001080 -0.000787 12 2.727333 2.639901 
0.003128 0.001132 -0.000793 170 2.702858 2.605979 
0.003113 0.001146 -0.000777 104 2.694489 2.693199 
0.003140 0.001077 -0.000769 13 2.727170 2.740324 
0.003148 0.001080 -0.000787 12 2.727333 2.639901


0.003132 0.001109 -0.000781 62 2.712955 2.670397


0.003149 0.001112 -0.000809 133 2.714717 2.509000 
0.003128 0.001132 -0.000793 170 2.702858 2.605979 
0.003148 0.001080 -0.000787 12 2.727333 2.639901 
0.003158 0.001083 -0.000804 11 2.727920 2.539176 
0.003149 0.001112 -0.000809 133 2.714717 2.509000


0.003146 0.001102 -0.000798 63 2.718208 2.573840


0.003105 0.001408 -0.000881 135 2.594286 1.884158 
0.003142 0.001360 -0.000883 77 2.619384 1.844273 
0.003145 0.001440 -0.000890 56 2.591435 1.624824 
0.003126 0.001455 -0.000890 55 2.582029 1.663983 
0.003105 0.001408 -0.000881 135 2.594286 1.884158


0.003130 0.001416 -0.000887 64 2.596707 1.755444


0.002849 0.001765 -0.000883 168 2.410192 1.843144 
0.002908 0.001690 -0.000882 189 2.449940 1.866664 
0.002996 0.001674 -0.000890 48 2.477953 1.570796 
0.002924 0.001761 -0.000890 47 2.431911 1.570796 
0.002849 0.001765 -0.000883 168 2.410192 1.843144


0.002919 0.001722 -0.000888 65 2.442633 1.716585


0.002996 0.001674 -0.000890 48 2.477953 1.570796 
0.002908 0.001690 -0.000882 189 2.449940 1.866664 
0.002945 0.001632 -0.000879 71 2.478477 1.906712 
0.003063 0.001584 -0.000890 49 2.523995 1.570796 
0.002996 0.001674 -0.000890 48 2.477953 1.570796


0.002978 0.001645 -0.000888 66 2.482815 1.733000


0.002721 0.001842 -0.000867 136 2.349478 2.060299 
0.002671 0.001846 -0.000846 61 2.332949 2.247270 
0.002724 0.001777 -0.000836 124 2.370497 2.327747 
0.002769 0.001775 -0.000860 85 2.384358 2.128160 
0.002721 0.001842 -0.000867 136 2.349478 2.060299


0.002721 0.001810 -0.000853 67 2.359326 2.192698


0.003050 0.001479 -0.000878 98 2.556494 1.930085 
0.003078 0.001444 -0.000879 171 2.575401 1.906384 
0.003110 0.001473 -0.000889 54 2.572181 1.688066 
0.003095 0.001493 -0.000889 53 2.562194 1.696124 
0.003050 0.001479 -0.000878 98 2.556494 1.930085


0.003083 0.001472 -0.000885 68 2.566578 1.805498


0.003110 0.001473 -0.000889 54 2.572181 1.688066 
0.003078 0.001444 -0.000879 171 2.575401 1.906384 
0.003105 0.001408 -0.000881 135 2.594286 1.884158 
0.003126 0.001455 -0.000890 55 2.582029 1.663983 
0.003110 0.001473 -0.000889 54 2.572181 1.688066


0.003105 0.001445 -0.000886 69 2.580946 1.786071


0.002901 0.001565 -0.000832 129 2.489969 2.358585 
0.002845 0.001628 -0.000827 64 2.453419 2.393320 
0.002819 0.001639 -0.000811 138 2.442201 2.493848 
0.002876 0.001577 -0.000818 73 2.478904 2.448909 
0.002901 0.001565 -0.000832 129 2.489969 2.358585


0.002860 0.001602 -0.000822 70 2.466159 2.425048


0.002936 0.001516 -0.000830 196 2.515891 2.368583 
0.002984 0.001460 -0.000838 123 2.547507 2.313724 
0.003018 0.001470 -0.000863 87 2.552099 2.104412 
0.002981 0.001511 -0.000858 112 2.529002 2.149950 
0.002936 0.001516 -0.000830 196 2.515891 2.368583


0.002979 0.001489 -0.000848 71 2.536180 2.235132


0.003170 0.001086 -0.000820 10 2.728916 2.438535 
0.003161 0.001105 -0.000818 175 2.719783 2.447483 
0.003149 0.001112 -0.000809 133 2.714717 2.509000 
0.003158 0.001083 -0.000804 11 2.727920 2.539176 
0.003170 0.001086 -0.000820 10 2.728916 2.438535


0.003160 0.001097 -0.000813 72 2.722835 2.483668


0.003106 0.001259 -0.000838 88 2.649342 2.312007 
0.003107 0.001236 -0.000828 190 2.658203 2.382146 
0.003143 0.001195 -0.000841 188 2.681313 2.289933 
0.003150 0.001201 -0.000848 111 2.680162 2.231463 
0.003106 0.001259 -0.000838 88 2.649342 2.312007


0.003126 0.001223 -0.000839 73 2.667287 2.304709


0.002694 0.001730 -0.000748 185 2.376017 2.850636 
0.002615 0.001815 -0.000763 151 2.324387 2.771574 
0.002574 0.001839 -0.000728 65 2.304134 2.951008 
0.002692 0.001727 -0.000734 180 2.376251 2.921577 
0.002694 0.001730 -0.000748 185 2.376017 2.850636


0.002644 0.001778 -0.000743 74 2.345195 2.875221


0.002687 0.001728 -0.000719 173 2.374548 2.995947 
0.002579 0.001833 -0.000720 101 2.307298 2.991030 
0.002571 0.001837 -0.000690 23 2.303521 3.141593 
0.002686 0.001726 -0.000690 22 2.374725 3.141593 
0.002687 0.001728 -0.000719 173 2.374548 2.995947


0.002631 0.001782 -0.000705 75 2.340023 3.068038


0.002783 0.001629 -0.000741 97 2.435490 2.888409 
0.002692 0.001727 -0.000734 180 2.376251 2.921577 
0.002687 0.001728 -0.000719 173 2.374548 2.995947 
0.002784 0.001621 -0.000722 113 2.438571 2.980836 
0.002783 0.001629 -0.000741 97 2.435490 2.888409


0.002737 0.001677 -0.000729 76 2.406222 2.947728


0.003020 0.001381 -0.000825 63 2.584885 2.402852 
0.003065 0.001322 -0.000833 132 2.616935 2.351400 
0.003069 0.001332 -0.000841 82 2.613707 2.289905 
0.003023 0.001394 -0.000835 110 2.580958 2.337204 
0.003020 0.001381 -0.000825 63 2.584885 2.402852


0.003044 0.001357 -0.000833 77 2.599143 2.346436


0.002819 0.001639 -0.000811 138 2.442201 2.493848 
0.002845 0.001628 -0.000827 64 2.453419 2.393320 
0.002801 0.001681 -0.000827 140 2.423403 2.388587 
0.002761 0.001703 -0.000809 86 2.404418 2.506046 
0.002819 0.001639 -0.000811 138 2.442201 2.493848


0.002806 0.001663 -0.000818 78 2.430886 2.446730


0.002656 0.001821 -0.000818 134 2.336017 2.449856 
0.002611 0.001876 -0.000829 100 2.305338 2.374718 
0.002551 0.001909 -0.000812 118 2.276119 2.489431 
0.002588 0.001865 -0.000799 147 2.300873 2.570476 
0.002656 0.001821 -0.000818 134 2.336017 2.449856


0.002602 0.001868 -0.000814 79 2.304608 2.472732


0.002323 0.002042 -0.000749 28 2.160854 2.845490 
0.002412 0.001989 -0.000772 78 2.206591 2.720347 
0.002390 0.002017 -0.000791 142 2.191219 2.616743 
0.002326 0.002047 -0.000767 29 2.160659 2.747654 
0.002323 0.002042 -0.000749 28 2.160854 2.845490


0.002362 0.002024 -0.000770 80 2.179865 2.733451


0.002452 0.001941 -0.000728 107 2.233465 2.950775 
0.002412 0.001989 -0.000772 78 2.206591 2.720347 
0.002323 0.002042 -0.000749 28 2.160854 2.845490 
0.002320 0.002037 -0.000730 27 2.160996 2.944170 
0.002452 0.001941 -0.000728 107 2.233465 2.950775


0.002377 0.002003 -0.000745 81 2.190482 2.866757


0.003107 0.001236 -0.000828 190 2.658203 2.382146 
0.003063 0.001303 -0.000821 89 2.623570 2.429277 
0.003064 0.001287 -0.000813 145 2.629817 2.482531 
0.003107 0.001214 -0.000817 174 2.666655 2.459262 
0.003107 0.001236 -0.000828 190 2.658203 2.382146


0.003085 0.001260 -0.000820 82 2.644572 2.439543


0.003113 0.001271 -0.000848 127 2.646226 2.231606 
0.003160 0.001213 -0.000859 176 2.677776 2.140886 
0.003170 0.001230 -0.000868 114 2.672875 2.045832 
0.003121 0.001289 -0.000859 195 2.640974 2.138340 
0.003113 0.001271 -0.000848 127 2.646226 2.231606


0.003141 0.001251 -0.000859 83 2.659506 2.140443


0.002368 0.002052 -0.000814 96 2.174808 2.473992 
0.002379 0.002034 -0.000803 166 2.183085 2.544073 
0.002425 0.002018 -0.000820 141 2.203610 2.435388 
0.002384 0.002061 -0.000833 79 2.178219 2.348826 
0.002368 0.002052 -0.000814 96 2.174808 2.473992


0.002389 0.002041 -0.000818 84 2.184930 2.451038


0.003145 0.001440 -0.000890 56 2.591435 1.624824 
0.003142 0.001360 -0.000883 77 2.619384 1.844273 
0.003187 0.001281 -0.000883 120 2.657147 1.841394 
0.003166 0.001427 -0.000890 57 2.600360 1.570796 
0.003145 0.001440 -0.000890 56 2.591435 1.624824


0.003160 0.001377 -0.000888 85 2.616874 1.724170


0.002390 0.002017 -0.000791 142 2.191219 2.616743 
0.002379 0.002034 -0.000803 166 2.183085 2.544073 
0.002330 0.002055 -0.000785 30 2.160415 2.649775 
0.002326 0.002047 -0.000767 29 2.160659 2.747654 
0.002390 0.002017 -0.000791 142 2.191219 2.616743


0.002356 0.002038 -0.000787 86 2.173874 2.640053


0.002471 0.002043 -0.000861 68 2.213006 2.121903 
0.002515 0.001989 -0.000850 137 2.241939 2.215669 
0.002556 0.001981 -0.000863 183 2.257950 2.098254 
0.002490 0.002045 -0.000868 144 2.219185 2.043602 
0.002471 0.002043 -0.000861 68 2.213006 2.121903


0.002508 0.002014 -0.000861 87 2.232996 2.121459


0.003254 0.001266 -0.000890 58 2.675443 1.570796 
0.003245 0.001212 -0.000888 163 2.693674 1.734182 
0.003311 0.001098 -0.000890 2 2.747421 1.664470 
0.003331 0.001099 -0.000890 1 2.750526 1.570796 
0.003254 0.001266 -0.000890 58 2.675443 1.570796


0.003285 0.001169 -0.000890 88 2.716785 1.641634


0.003131 0.001314 -0.000871 67 2.633709 2.019251 
0.003121 0.001289 -0.000859 195 2.640974 2.138340 
0.003170 0.001230 -0.000868 114 2.672875 2.045832 
0.003180 0.001251 -0.000876 66 2.666770 1.946691 
0.003131 0.001314 -0.000871 67 2.633709 2.019251


0.003150 0.001271 -0.000869 89 2.653618 2.038969


0.003233 0.001187 -0.000883 105 2.700931 1.844358 
0.003180 0.001251 -0.000876 66 2.666770 1.946691 
0.003170 0.001230 -0.000868 114 2.672875 2.045832 
0.003219 0.001160 -0.000875 60 2.708431 1.970559 
0.003233 0.001187 -0.000883 105 2.700931 1.844358


0.003200 0.001207 -0.000876 90 2.687297 1.953619


0.002936 0.001516 -0.000830 196 2.515891 2.368583 
0.002901 0.001565 -0.000832 129 2.489969 2.358585 
0.002876 0.001577 -0.000818 73 2.478904 2.448909 
0.002930 0.001511 -0.000822 125 2.516159 2.423918 
0.002936 0.001516 -0.000830 196 2.515891 2.368583


0.002911 0.001542 -0.000825 91 2.500241 2.401025


0.002936 0.001516 -0.000830 196 2.515891 2.368583 
0.002930 0.001511 -0.000822 125 2.516159 2.423918 
0.002976 0.001451 -0.000826 192 2.549060 2.394553 
0.002984 0.001460 -0.000838 123 2.547507 2.313724 
0.002936 0.001516 -0.000830 196 2.515891 2.368583


0.002957 0.001485 -0.000829 92 2.532174 2.376240


0.002740 0.001706 -0.000789 122 2.397500 2.625132 
0.002800 0.001639 -0.000789 76 2.436763 2.624497 
0.002819 0.001639 -0.000811 138 2.442201 2.493848 
0.002761 0.001703 -0.000809 86 2.404418 2.506046 
0.002740 0.001706 -0.000789 122 2.397500 2.625132


0.002780 0.001672 -0.000800 93 2.420233 2.563571


0.003141 0.001165 -0.000827 146 2.692459 2.391020 
0.003143 0.001195 -0.000841 188 2.681313 2.289933 
0.003107 0.001236 -0.000828 190 2.658203 2.382146 
0.003107 0.001214 -0.000817 174 2.666655 2.459262 
0.003141 0.001165 -0.000827 146 2.692459 2.391020


0.003124 0.001202 -0.000828 94 2.674673 2.381293


0.003059 0.001210 -0.000697 162 2.658554 3.106940 
0.002980 0.001348 -0.000710 109 2.587869 3.041767 
0.002980 0.001347 -0.000690 19 2.588339 3.141593 
0.003059 0.001208 -0.000690 18 2.659544 3.141593 
0.003059 0.001210 -0.000697 162 2.658554 3.106940


0.003021 0.001279 -0.000697 95 2.623573 3.108218


0.002721 0.001842 -0.000867 136 2.349478 2.060299 
0.002786 0.001841 -0.000885 84 2.369111 1.813192 
0.002721 0.001915 -0.000886 92 2.328186 1.779688 
0.002667 0.001911 -0.000874 187 2.312987 1.984999 
0.002721 0.001842 -0.000867 136 2.349478 2.060299


0.002723 0.001877 -0.000879 96 2.339978 1.912070


0.003128 0.001132 -0.000793 170 2.702858 2.605979 
0.003149 0.001112 -0.000809 133 2.714717 2.509000 
0.003144 0.001139 -0.000817 83 2.703400 2.454232 
0.003113 0.001183 -0.000805 103 2.680039 2.531577 
0.003128 0.001132 -0.000793 170 2.702858 2.605979


0.003133 0.001142 -0.000806 97 2.700259 2.525714


0.002833 0.001705 -0.000860 117 2.424658 2.128215 
0.002769 0.001775 -0.000860 85 2.384358 2.128160 
0.002724 0.001777 -0.000836 124 2.370497 2.327747 
0.002763 0.001729 -0.000831 75 2.396910 2.359968 
0.002833 0.001705 -0.000860 117 2.424658 2.128215


0.002772 0.001746 -0.000848 98 2.394174 2.237852


0.002859 0.001573 -0.000796 126 2.475859 2.587566 
0.002876 0.001577 -0.000818 73 2.478904 2.448909 
0.002819 0.001639 -0.000811 138 2.442201 2.493848 
0.002800 0.001639 -0.000789 76 2.436763 2.624497 
0.002859 0.001573 -0.000796 126 2.475859 2.587566


0.002838 0.001607 -0.000804 99 2.458458 2.539888


0.003074 0.001339 -0.000848 139 2.612345 2.236831 
0.003069 0.001332 -0.000841 82 2.613707 2.289905 
0.003113 0.001271 -0.000848 127 2.646226 2.231606 
0.003121 0.001289 -0.000859 195 2.640974 2.138340 
0.003074 0.001339 -0.000848 139 2.612345 2.236831


0.003094 0.001308 -0.000849 100 2.628349 2.225282


0.003187 0.001281 -0.000883 120 2.657147 1.841394 
0.003245 0.001212 -0.000888 163 2.693674 1.734182 
0.003254 0.001266 -0.000890 58 2.675443 1.570796 
0.003166 0.001427 -0.000890 57 2.600360 1.570796 
0.003187 0.001281 -0.000883 120 2.657147 1.841394


0.003213 0.001296 -0.000889 101 2.656535 1.686676


0.003074 0.001339 -0.000848 139 2.612345 2.236831 
0.003121 0.001289 -0.000859 195 2.640974 2.138340 
0.003131 0.001314 -0.000871 67 2.633709 2.019251 
0.003085 0.001379 -0.000867 90 2.600115 2.059946 
0.003074 0.001339 -0.000848 139 2.612345 2.236831


0.003102 0.001330 -0.000862 102 2.621797 2.114903


0.003044 0.001301 -0.000798 69 2.620297 2.576613 
0.003059 0.001244 -0.000770 193 2.645111 2.732717 
0.003092 0.001204 -0.000791 81 2.667568 2.612301 
0.003064 0.001287 -0.000813 145 2.629817 2.482531 
0.003044 0.001301 -0.000798 69 2.620297 2.576613


0.003064 0.001259 -0.000793 103 2.640667 2.601953


0.003020 0.001381 -0.000825 63 2.584885 2.402852 
0.003018 0.001369 -0.000815 116 2.589066 2.466523 
0.003063 0.001303 -0.000821 89 2.623570 2.429277 
0.003065 0.001322 -0.000833 132 2.616935 2.351400 
0.003020 0.001381 -0.000825 63 2.584885 2.402852


0.003042 0.001344 -0.000824 104 2.603630 2.413606


0.002783 0.001629 -0.000741 97 2.435490 2.888409 
0.002862 0.001533 -0.000747 95 2.490778 2.854350 
0.002860 0.001551 -0.000773 179 2.483654 2.718412 
0.002790 0.001633 -0.000766 121 2.436210 2.756504 
0.002783 0.001629 -0.000741 97 2.435490 2.888409


0.002824 0.001587 -0.000756 105 2.461543 2.805664


0.002908 0.001690 -0.000882 189 2.449940 1.866664 
0.002849 0.001765 -0.000883 168 2.410192 1.843144 
0.002769 0.001775 -0.000860 85 2.384358 2.128160 
0.002833 0.001705 -0.000860 117 2.424658 2.128215 
0.002908 0.001690 -0.000882 189 2.449940 1.866664


0.002839 0.001733 -0.000873 106 2.417412 1.994621


0.003141 0.001165 -0.000827 146 2.692459 2.391020 
0.003167 0.001134 -0.000838 165 2.709274 2.315253 
0.003177 0.001140 -0.000847 115 2.708653 2.242302 
0.003143 0.001195 -0.000841 188 2.681313 2.289933 
0.003141 0.001165 -0.000827 146 2.692459 2.391020


0.003157 0.001159 -0.000838 107 2.697937 2.310207


0.003107 0.001214 -0.000817 174 2.666655 2.459262 
0.003064 0.001287 -0.000813 145 2.629817 2.482531 
0.003092 0.001204 -0.000791 81 2.667568 2.612301 
0.003113 0.001183 -0.000805 103 2.680039 2.531577 
0.003107 0.001214 -0.000817 174 2.666655 2.459262


0.003094 0.001222 -0.000806 108 2.661000 2.522572


0.003163 0.001116 -0.000825 172 2.715842 2.400875 
0.003167 0.001134 -0.000838 165 2.709274 2.315253 
0.003141 0.001165 -0.000827 146 2.692459 2.391020 
0.003144 0.001139 -0.000817 83 2.703400 2.454232 
0.003163 0.001116 -0.000825 172 2.715842 2.400875


0.003154 0.001138 -0.000827 109 2.705249 2.390642


0.002786 0.001841 -0.000885 84 2.369111 1.813192 
0.002849 0.001765 -0.000883 168 2.410192 1.843144 
0.002924 0.001761 -0.000890 47 2.431911 1.570796 
0.002849 0.001845 -0.000890 46 2.385869 1.570796 
0.002786 0.001841 -0.000885 84 2.369111 1.813192


0.002852 0.001803 -0.000889 110 2.399359 1.702924


0.002721 0.001915 -0.000886 92 2.328186 1.779688 
0.002786 0.001841 -0.000885 84 2.369111 1.813192 
0.002849 0.001845 -0.000890 46 2.385869 1.570796 
0.002770 0.001925 -0.000890 45 2.339827 1.570796 
0.002721 0.001915 -0.000886 92 2.328186 1.779688


0.002781 0.001881 -0.000889 111 2.355800 1.686798


0.003085 0.001379 -0.000867 90 2.600115 2.059946 
0.003131 0.001314 -0.000871 67 2.633709 2.019251 
0.003142 0.001360 -0.000883 77 2.619384 1.844273 
0.003105 0.001408 -0.000881 135 2.594286 1.884158 
0.003085 0.001379 -0.000867 90 2.600115 2.059946


0.003116 0.001365 -0.000876 112 2.611862 1.953261


0.003067 0.001559 -0.000890 50 2.532931 1.624876 
0.002976 0.001587 -0.000878 178 2.501536 1.918317 
0.003008 0.001546 -0.000879 198 2.523270 1.911490 
0.003074 0.001536 -0.000890 51 2.542370 1.664125 
0.003067 0.001559 -0.000890 50 2.532931 1.624876


0.003031 0.001557 -0.000886 113 2.525163 1.781074


0.002947 0.001556 -0.000857 59 2.504841 2.156647 
0.003008 0.001546 -0.000879 198 2.523270 1.911490 
0.002976 0.001587 -0.000878 178 2.501536 1.918317 
0.002908 0.001606 -0.000857 143 2.477864 2.158402 
0.002947 0.001556 -0.000857 59 2.504841 2.156647


0.002959 0.001573 -0.000869 114 2.501976 2.037598


0.002981 0.001511 -0.000858 112 2.529002 2.149950 
0.003030 0.001511 -0.000878 160 2.540627 1.921458 
0.003008 0.001546 -0.000879 198 2.523270 1.911490 
0.002947 0.001556 -0.000857 59 2.504841 2.156647 
0.002981 0.001511 -0.000858 112 2.529002 2.149950


0.002991 0.001531 -0.000869 115 2.524502 2.035772


0.002784 0.001621 -0.000722 113 2.438571 2.980836 
0.002687 0.001728 -0.000719 173 2.374548 2.995947 
0.002686 0.001726 -0.000690 22 2.374725 3.141593 
0.002793 0.001607 -0.000690 21 2.445930 3.141593 
0.002784 0.001621 -0.000722 113 2.438571 2.980836


0.002738 0.001671 -0.000706 116 2.408444 3.065487


0.002947 0.001556 -0.000857 59 2.504841 2.156647 
0.002908 0.001606 -0.000857 143 2.477864 2.158402 
0.002845 0.001628 -0.000827 64 2.453419 2.393320 
0.002901 0.001565 -0.000832 129 2.489969 2.358585 
0.002947 0.001556 -0.000857 59 2.504841 2.156647


0.002900 0.001588 -0.000844 117 2.481604 2.268314


0.002384 0.002061 -0.000833 79 2.178219 2.348826 
0.002362 0.002076 -0.000833 177 2.166640 2.350817 
0.002357 0.002067 -0.000822 159 2.167074 2.426106 
0.002368 0.002052 -0.000814 96 2.174808 2.473992 
0.002384 0.002061 -0.000833 79 2.178219 2.348826


0.002368 0.002064 -0.000826 118 2.171685 2.400025


0.002801 0.001681 -0.000827 140 2.423403 2.388587 
0.002763 0.001729 -0.000831 75 2.396910 2.359968 
0.002697 0.001769 -0.000808 148 2.364288 2.516318 
0.002761 0.001703 -0.000809 86 2.404418 2.506046 
0.002801 0.001681 -0.000827 140 2.423403 2.388587


0.002755 0.001721 -0.000819 119 2.397302 2.444414


0.002769 0.001775 -0.000860 85 2.384358 2.128160 
0.002849 0.001765 -0.000883 168 2.410192 1.843144 
0.002786 0.001841 -0.000885 84 2.369111 1.813192 
0.002721 0.001842 -0.000867 136 2.349478 2.060299 
0.002769 0.001775 -0.000860 85 2.384358 2.128160


0.002781 0.001805 -0.000875 120 2.378368 1.963896


0.002801 0.001681 -0.000827 140 2.423403 2.388587 
0.002871 0.001656 -0.000858 80 2.451184 2.147787 
0.002833 0.001705 -0.000860 117 2.424658 2.128215 
0.002763 0.001729 -0.000831 75 2.396910 2.359968 
0.002801 0.001681 -0.000827 140 2.423403 2.388587


0.002816 0.001692 -0.000845 121 2.424137 2.257803


0.003141 0.001165 -0.000827 146 2.692459 2.391020 
0.003107 0.001214 -0.000817 174 2.666655 2.459262 
0.003113 0.001183 -0.000805 103 2.680039 2.531577 
0.003144 0.001139 -0.000817 83 2.703400 2.454232 
0.003141 0.001165 -0.000827 146 2.692459 2.391020


0.003126 0.001175 -0.000816 122 2.685651 2.459702


0.002976 0.001451 -0.000826 192 2.549060 2.394553 
0.003023 0.001394 -0.000835 110 2.580958 2.337204 
0.003034 0.001408 -0.000849 191 2.578438 2.226830 
0.002984 0.001460 -0.000838 123 2.547507 2.313724 
0.002976 0.001451 -0.000826 192 2.549060 2.394553


0.003004 0.001428 -0.000837 123 2.564024 2.319143


0.002616 0.001915 -0.000856 149 2.295598 2.167154 
0.002556 0.001981 -0.000863 183 2.257950 2.098254 
0.002515 0.001989 -0.000850 137 2.241939 2.215669 
0.002565 0.001932 -0.000840 181 2.274136 2.293823 
0.002616 0.001915 -0.000856 149 2.295598 2.167154


0.002563 0.001954 -0.000853 124 2.267401 2.195592


0.002945 0.001632 -0.000879 71 2.478477 1.906712 
0.002976 0.001587 -0.000878 178 2.501536 1.918317 
0.003067 0.001559 -0.000890 50 2.532931 1.624876 
0.003063 0.001584 -0.000890 49 2.523995 1.570796 
0.002945 0.001632 -0.000879 71 2.478477 1.906712


0.003012 0.001590 -0.000887 125 2.509473 1.757876


0.003065 0.001322 -0.000833 132 2.616935 2.351400 
0.003063 0.001303 -0.000821 89 2.623570 2.429277 
0.003107 0.001236 -0.000828 190 2.658203 2.382146 
0.003106 0.001259 -0.000838 88 2.649342 2.312007 
0.003065 0.001322 -0.000833 132 2.616935 2.351400


0.003085 0.001280 -0.000830 126 2.637026 2.369898


0.002951 0.001413 -0.000756 91 2.556918 2.808753 
0.002996 0.001357 -0.000774 150 2.588132 2.708582 
0.002970 0.001433 -0.000807 70 2.554123 2.517660 
0.002917 0.001492 -0.000793 119 2.519603 2.604536 
0.002951 0.001413 -0.000756 91 2.556918 2.808753


0.002958 0.001423 -0.000783 127 2.554654 2.661422


0.002970 0.001433 -0.000807 70 2.554123 2.517660 
0.002996 0.001357 -0.000774 150 2.588132 2.708582 
0.003044 0.001301 -0.000798 69 2.620297 2.576613 
0.003018 0.001369 -0.000815 116 2.589066 2.466523 
0.002970 0.001433 -0.000807 70 2.554123 2.517660


0.003007 0.001365 -0.000799 128 2.587881 2.568977


0.002656 0.001821 -0.000818 134 2.336017 2.449856 
0.002697 0.001769 -0.000808 148 2.364288 2.516318 
0.002763 0.001729 -0.000831 75 2.396910 2.359968 
0.002724 0.001777 -0.000836 124 2.370497 2.327747 
0.002656 0.001821 -0.000818 134 2.336017 2.449856


0.002710 0.001774 -0.000823 129 2.366976 2.415253


0.002783 0.001629 -0.000741 97 2.435490 2.888409 
0.002790 0.001633 -0.000766 121 2.436210 2.756504 
0.002694 0.001730 -0.000748 185 2.376017 2.850636 
0.002692 0.001727 -0.000734 180 2.376251 2.921577 
0.002783 0.001629 -0.000741 97 2.435490 2.888409


0.002740 0.001680 -0.000747 130 2.406018 2.855729


0.002908 0.001690 -0.000882 189 2.449940 1.866664 
0.002833 0.001705 -0.000860 117 2.424658 2.128215 
0.002871 0.001656 -0.000858 80 2.451184 2.147787 
0.002945 0.001632 -0.000879 71 2.478477 1.906712 
0.002908 0.001690 -0.000882 189 2.449940 1.866664


0.002889 0.001670 -0.000871 131 2.451174 2.014306


0.002694 0.001730 -0.000748 185 2.376017 2.850636 
0.002740 0.001706 -0.000789 122 2.397500 2.625132 
0.002660 0.001790 -0.000790 152 2.346360 2.622328 
0.002615 0.001815 -0.000763 151 2.324387 2.771574 
0.002694 0.001730 -0.000748 185 2.376017 2.850636


0.002677 0.001760 -0.000772 132 2.361087 2.719199


0.002871 0.001656 -0.000858 80 2.451184 2.147787 
0.002801 0.001681 -0.000827 140 2.423403 2.388587 
0.002845 0.001628 -0.000827 64 2.453419 2.393320 
0.002908 0.001606 -0.000857 143 2.477864 2.158402 
0.002871 0.001656 -0.000858 80 2.451184 2.147787


0.002856 0.001642 -0.000843 133 2.451566 2.273683


0.002641 0.001990 -0.000887 186 2.282791 1.765492 
0.002721 0.001915 -0.000886 92 2.328186 1.779688 
0.002770 0.001925 -0.000890 45 2.339827 1.570796 
0.002687 0.002002 -0.000890 44 2.293784 1.570796 
0.002641 0.001990 -0.000887 186 2.282791 1.765492


0.002705 0.001958 -0.000889 134 2.311187 1.675061


0.002397 0.002090 -0.000858 182 2.175679 2.151409 
0.002373 0.002086 -0.000845 197 2.168310 2.254460 
0.002384 0.002061 -0.000833 79 2.178219 2.348826 
0.002427 0.002053 -0.000848 154 2.195440 2.230392 
0.002397 0.002090 -0.000858 182 2.175679 2.151409


0.002395 0.002072 -0.000846 135 2.179414 2.246712


0.003018 0.001470 -0.000863 87 2.552099 2.104412 
0.003050 0.001479 -0.000878 98 2.556494 1.930085 
0.003030 0.001511 -0.000878 160 2.540627 1.921458 
0.002981 0.001511 -0.000858 112 2.529002 2.149950 
0.003018 0.001470 -0.000863 87 2.552099 2.104412


0.003019 0.001493 -0.000870 136 2.544594 2.027070


0.003030 0.001511 -0.000878 160 2.540627 1.921458 
0.003083 0.001514 -0.000889 52 2.552231 1.688156 
0.003074 0.001536 -0.000890 51 2.542370 1.664125 
0.003008 0.001546 -0.000879 198 2.523270 1.911490 
0.003030 0.001511 -0.000878 160 2.540627 1.921458


0.003048 0.001527 -0.000885 137 2.539695 1.796951


0.002596 0.001982 -0.000876 184 2.270612 1.951586 
0.002641 0.001990 -0.000887 186 2.282791 1.765492 
0.002560 0.002063 -0.000887 108 2.237652 1.745986 
0.002523 0.002052 -0.000880 62 2.228364 1.902482 
0.002596 0.001982 -0.000876 184 2.270612 1.951586


0.002580 0.002022 -0.000883 138 2.254862 1.844311


0.002397 0.002090 -0.000858 182 2.175679 2.151409 
0.002427 0.002053 -0.000848 154 2.195440 2.230392 
0.002471 0.002043 -0.000861 68 2.213006 2.121903 
0.002421 0.002094 -0.000868 74 2.183131 2.049725 
0.002397 0.002090 -0.000858 182 2.175679 2.151409


0.002429 0.002070 -0.000859 139 2.191804 2.139341


0.002523 0.002052 -0.000880 62 2.228364 1.902482 
0.002490 0.002045 -0.000868 144 2.219185 2.043602 
0.002556 0.001981 -0.000863 183 2.257950 2.098254 
0.002596 0.001982 -0.000876 184 2.270612 1.951586 
0.002523 0.002052 -0.000880 62 2.228364 1.902482


0.002541 0.002015 -0.000872 140 2.244018 2.001356


0.002461 0.002114 -0.000883 94 2.191995 1.837003 
0.002523 0.002052 -0.000880 62 2.228364 1.902482 
0.002560 0.002063 -0.000887 108 2.237652 1.745986 
0.002485 0.002128 -0.000889 158 2.196555 1.707725 
0.002461 0.002114 -0.000883 94 2.191995 1.837003


0.002507 0.002089 -0.000885 141 2.213622 1.800569


0.002596 0.001982 -0.000876 184 2.270612 1.951586 
0.002556 0.001981 -0.000863 183 2.257950 2.098254 
0.002616 0.001915 -0.000856 149 2.295598 2.167154 
0.002667 0.001911 -0.000874 187 2.312987 1.984999 
0.002596 0.001982 -0.000876 184 2.270612 1.951586


0.002609 0.001947 -0.000868 142 2.284296 2.052883


0.002660 0.001790 -0.000790 152 2.346360 2.622328 
0.002588 0.001865 -0.000799 147 2.300873 2.570476 
0.002526 0.001900 -0.000772 153 2.270352 2.720470 
0.002615 0.001815 -0.000763 151 2.324387 2.771574 
0.002660 0.001790 -0.000790 152 2.346360 2.622328


0.002597 0.001843 -0.000781 143 2.310508 2.673258


0.003052 0.001427 -0.000865 155 2.575329 2.075779 
0.003078 0.001444 -0.000879 171 2.575401 1.906384 
0.003050 0.001479 -0.000878 98 2.556494 1.930085 
0.003018 0.001470 -0.000863 87 2.552099 2.104412 
0.003052 0.001427 -0.000865 155 2.575329 2.075779


0.003049 0.001455 -0.000872 144 2.564849 2.004774


0.003142 0.001360 -0.000883 77 2.619384 1.844273 
0.003131 0.001314 -0.000871 67 2.633709 2.019251 
0.003180 0.001251 -0.000876 66 2.666770 1.946691 
0.003187 0.001281 -0.000883 120 2.657147 1.841394 
0.003142 0.001360 -0.000883 77 2.619384 1.844273


0.003160 0.001301 -0.000879 145 2.644243 1.914855


0.002984 0.001460 -0.000838 123 2.547507 2.313724 
0.003034 0.001408 -0.000849 191 2.578438 2.226830 
0.003052 0.001427 -0.000865 155 2.575329 2.075779 
0.003018 0.001470 -0.000863 87 2.552099 2.104412 
0.002984 0.001460 -0.000838 123 2.547507 2.313724


0.003022 0.001441 -0.000854 146 2.563374 2.181046


0.003023 0.001394 -0.000835 110 2.580958 2.337204 
0.003069 0.001332 -0.000841 82 2.613707 2.289905 
0.003074 0.001339 -0.000848 139 2.612345 2.236831 
0.003034 0.001408 -0.000849 191 2.578438 2.226830 
0.003023 0.001394 -0.000835 110 2.580958 2.337204


0.003050 0.001368 -0.000843 147 2.596369 2.273922


0.003052 0.001427 -0.000865 155 2.575329 2.075779 
0.003034 0.001408 -0.000849 191 2.578438 2.226830 
0.003074 0.001339 -0.000848 139 2.612345 2.236831 
0.003085 0.001379 -0.000867 90 2.600115 2.059946 
0.003052 0.001427 -0.000865 155 2.575329 2.075779


0.003061 0.001388 -0.000858 148 2.591535 2.151000


0.003020 0.001381 -0.000825 63 2.584885 2.402852 
0.002968 0.001442 -0.000812 156 2.550277 2.486820 
0.002970 0.001433 -0.000807 70 2.554123 2.517660 
0.003018 0.001369 -0.000815 116 2.589066 2.466523 
0.003020 0.001381 -0.000825 63 2.584885 2.402852


0.002994 0.001406 -0.000815 149 2.569617 2.469565


0.002968 0.001442 -0.000812 156 2.550277 2.486820 
0.003020 0.001381 -0.000825 63 2.584885 2.402852 
0.003023 0.001394 -0.000835 110 2.580958 2.337204 
0.002976 0.001451 -0.000826 192 2.549060 2.394553 
0.002968 0.001442 -0.000812 156 2.550277 2.486820


0.002997 0.001417 -0.000825 150 2.566327 2.406425


0.002384 0.002061 -0.000833 79 2.178219 2.348826 
0.002373 0.002086 -0.000845 197 2.168310 2.254460 
0.002363 0.002086 -0.000841 157 2.164648 2.287523 
0.002362 0.002076 -0.000833 177 2.166640 2.350817 
0.002384 0.002061 -0.000833 79 2.178219 2.348826


0.002371 0.002077 -0.000838 151 2.169448 2.310526


0.002379 0.002034 -0.000803 166 2.183085 2.544073 
0.002390 0.002017 -0.000791 142 2.191219 2.616743 
0.002458 0.001982 -0.000809 72 2.224554 2.508715 
0.002425 0.002018 -0.000820 141 2.203610 2.435388 
0.002379 0.002034 -0.000803 166 2.183085 2.544073


0.002413 0.002013 -0.000806 152 2.200640 2.527037


0.002515 0.001989 -0.000850 137 2.241939 2.215669 
0.002469 0.002004 -0.000837 194 2.222718 2.322661 
0.002512 0.001956 -0.000825 128 2.249796 2.401978 
0.002565 0.001932 -0.000840 181 2.274136 2.293823 
0.002515 0.001989 -0.000850 137 2.241939 2.215669


0.002515 0.001970 -0.000838 153 2.247147 2.309989


0.002616 0.001915 -0.000856 149 2.295598 2.167154 
0.002671 0.001846 -0.000846 61 2.332949 2.247270 
0.002721 0.001842 -0.000867 136 2.349478 2.060299 
0.002667 0.001911 -0.000874 187 2.312987 1.984999 
0.002616 0.001915 -0.000856 149 2.295598 2.167154


0.002668 0.001878 -0.000861 154 2.322758 2.117006


0.002611 0.001876 -0.000829 100 2.305338 2.374718 
0.002671 0.001846 -0.000846 61 2.332949 2.247270 
0.002616 0.001915 -0.000856 149 2.295598 2.167154 
0.002565 0.001932 -0.000840 181 2.274136 2.293823 
0.002611 0.001876 -0.000829 100 2.305338 2.374718


0.002616 0.001892 -0.000843 155 2.302010 2.272726


0.002574 0.001839 -0.000728 65 2.304134 2.951008 
0.002452 0.001941 -0.000728 107 2.233465 2.950775 
0.002449 0.001941 -0.000713 161 2.232669 3.027361 
0.002579 0.001833 -0.000720 101 2.307298 2.991030 
0.002574 0.001839 -0.000728 65 2.304134 2.951008


0.002515 0.001890 -0.000722 156 2.269395 2.981229


0.002740 0.001706 -0.000789 122 2.397500 2.625132 
0.002761 0.001703 -0.000809 86 2.404418 2.506046 
0.002697 0.001769 -0.000808 148 2.364288 2.516318 
0.002660 0.001790 -0.000790 152 2.346360 2.622328 
0.002740 0.001706 -0.000789 122 2.397500 2.625132


0.002714 0.001742 -0.000799 157 2.378161 2.569210


0.002560 0.002063 -0.000887 108 2.237652 1.745986 
0.002641 0.001990 -0.000887 186 2.282791 1.765492 
0.002687 0.002002 -0.000890 44 2.293784 1.570796 
0.002601 0.002075 -0.000890 43 2.247742 1.570796 
0.002560 0.002063 -0.000887 108 2.237652 1.745986


0.002622 0.002032 -0.000890 158 2.265523 1.666593


0.003018 0.001300 -0.000748 130 2.614931 2.849102 
0.003059 0.001244 -0.000770 193 2.645111 2.732717 
0.003044 0.001301 -0.000798 69 2.620297 2.576613 
0.002996 0.001357 -0.000774 150 2.588132 2.708582 
0.003018 0.001300 -0.000748 130 2.614931 2.849102


0.003029 0.001300 -0.000773 159 2.617118 2.717731


0.002874 0.001508 -0.000720 164 2.502597 2.993421 
0.002862 0.001533 -0.000747 95 2.490778 2.854350 
0.002783 0.001629 -0.000741 97 2.435490 2.888409 
0.002784 0.001621 -0.000722 113 2.438571 2.980836 
0.002874 0.001508 -0.000720 164 2.502597 2.993421


0.002826 0.001573 -0.000732 160 2.466859 2.930333


0.003018 0.001300 -0.000748 130 2.614931 2.849102 
0.002980 0.001348 -0.000710 109 2.587869 3.041767 
0.003059 0.001210 -0.000697 162 2.658554 3.106940 
0.003079 0.001182 -0.000736 102 2.673435 2.909572 
0.003018 0.001300 -0.000748 130 2.614931 2.849102


0.003034 0.001260 -0.000723 161 2.633700 2.977914


0.003044 0.001301 -0.000798 69 2.620297 2.576613 
0.003064 0.001287 -0.000813 145 2.629817 2.482531 
0.003063 0.001303 -0.000821 89 2.623570 2.429277 
0.003018 0.001369 -0.000815 116 2.589066 2.466523 
0.003044 0.001301 -0.000798 69 2.620297 2.576613


0.003047 0.001315 -0.000812 162 2.615683 2.489581


0.002862 0.001533 -0.000747 95 2.490778 2.854350 
0.002874 0.001508 -0.000720 164 2.502597 2.993421 
0.002980 0.001348 -0.000710 109 2.587869 3.041767 
0.002951 0.001413 -0.000756 91 2.556918 2.808753 
0.002862 0.001533 -0.000747 95 2.490778 2.854350


0.002918 0.001451 -0.000733 163 2.534524 2.926468


0.002976 0.001587 -0.000878 178 2.501536 1.918317 
0.002945 0.001632 -0.000879 71 2.478477 1.906712 
0.002871 0.001656 -0.000858 80 2.451184 2.147787 
0.002908 0.001606 -0.000857 143 2.477864 2.158402 
0.002976 0.001587 -0.000878 178 2.501536 1.918317


0.002925 0.001620 -0.000869 164 2.477376 2.034494


0.002421 0.002094 -0.000868 74 2.183131 2.049725 
0.002471 0.002043 -0.000861 68 2.213006 2.121903 
0.002490 0.002045 -0.000868 144 2.219185 2.043602 
0.002439 0.002102 -0.000876 131 2.187699 1.958383 
0.002421 0.002094 -0.000868 74 2.183131 2.049725


0.002455 0.002071 -0.000868 165 2.200718 2.044684


0.002384 0.002061 -0.000833 79 2.178219 2.348826 
0.002425 0.002018 -0.000820 141 2.203610 2.435388 
0.002469 0.002004 -0.000837 194 2.222718 2.322661 
0.002427 0.002053 -0.000848 154 2.195440 2.230392 
0.002384 0.002061 -0.000833 79 2.178219 2.348826


0.002426 0.002034 -0.000835 166 2.199993 2.335391


0.002947 0.001556 -0.000857 59 2.504841 2.156647 
0.002901 0.001565 -0.000832 129 2.489969 2.358585 
0.002936 0.001516 -0.000830 196 2.515891 2.368583 
0.002981 0.001511 -0.000858 112 2.529002 2.149950 
0.002947 0.001556 -0.000857 59 2.504841 2.156647


0.002941 0.001536 -0.000845 167 2.509974 2.259369


0.002667 0.001911 -0.000874 187 2.312987 1.984999 
0.002721 0.001915 -0.000886 92 2.328186 1.779688 
0.002641 0.001990 -0.000887 186 2.282791 1.765492 
0.002596 0.001982 -0.000876 184 2.270612 1.951586 
0.002667 0.001911 -0.000874 187 2.312987 1.984999


0.002656 0.001949 -0.000881 168 2.298677 1.873470


