-0.003936 0.001293 -0.000890 54 3.694475 0.000125 
-0.003940 0.001291 -0.001076 119 3.717612 -0.000060 
-0.003927 0.001298 -0.000987 97 3.641815 0.000028 
-0.003924 0.001300 -0.000890 55 3.626431 0.000125 
-0.003936 0.001293 -0.000890 54 3.694475 0.000125


-0.003932 0.001296 -0.000961 1 3.670083 0.000055


-0.003947 0.001286 -0.001078 52 3.762520 -0.000062 
-0.003940 0.001291 -0.001076 119 3.717612 -0.000060 
-0.003936 0.001293 -0.000890 54 3.694475 0.000125 
-0.003947 0.001286 -0.000890 53 3.762520 0.000125 
-0.003947 0.001286 -0.001078 52 3.762520 -0.000062


-0.003943 0.001289 -0.000984 2 3.734283 0.000032


-0.003862 0.001321 -0.001013 124 3.295729 0.000003 
-0.003862 0.001320 -0.001137 91 3.299692 -0.000122 
-0.003848 0.001322 -0.001138 125 3.225247 -0.000122 
-0.003848 0.001322 -0.001013 149 3.225167 0.000002 
-0.003862 0.001321 -0.001013 124 3.295729 0.000003


-0.003855 0.001322 -0.001075 3 3.261459 -0.000060


-0.003702 0.000970 -0.001265 12 0.699698 -0.000250 
-0.003701 0.000971 -0.001083 120 0.704597 -0.000067 
-0.003688 0.000983 -0.001167 115 0.795770 -0.000151 
-0.003690 0.000981 -0.001265 13 0.778469 -0.000250 
-0.003702 0.000970 -0.001265 12 0.699698 -0.000250


-0.003695 0.000976 -0.001195 4 0.744632 -0.000180


-0.003715 0.000960 -0.001078 10 0.620927 -0.000062 
-0.003701 0.000971 -0.001083 120 0.704597 -0.000067 
-0.003702 0.000970 -0.001265 12 0.699698 -0.000250 
-0.003715 0.000960 -0.001265 11 0.620927 -0.000250 
-0.003715 0.000960 -0.001078 10 0.620927 -0.000062


-0.003708 0.000965 -0.001173 5 0.661537 -0.000157


-0.003903 0.001309 -0.001003 85 3.510484 0.000012 
-0.003897 0.001312 -0.001138 122 3.477420 -0.000123 
-0.003891 0.001314 -0.001131 88 3.445179 -0.000116 
-0.003890 0.001314 -0.001011 121 3.441049 0.000004 
-0.003903 0.001309 -0.001003 85 3.510484 0.000012


-0.003895 0.001312 -0.001071 6 3.468531 -0.000055


-0.003877 0.001318 -0.001130 123 3.373617 -0.000115 
-0.003876 0.001318 -0.001007 87 3.367491 0.000009 
-0.003890 0.001314 -0.001011 121 3.441049 0.000004 
-0.003891 0.001314 -0.001131 88 3.445179 -0.000116 
-0.003877 0.001318 -0.001130 123 3.373617 -0.000115


-0.003883 0.001316 -0.001070 7 3.406834 -0.000054


-0.003886 0.001315 -0.000890 58 3.422298 0.000125 
-0.003890 0.001314 -0.001011 121 3.441049 0.000004 
-0.003876 0.001318 -0.001007 87 3.367491 0.000009 
-0.003873 0.001318 -0.000890 59 3.354253 0.000125 
-0.003886 0.001315 -0.000890 58 3.422298 0.000125


-0.003881 0.001316 -0.000950 8 3.396272 0.000066


-0.003903 0.001309 -0.001003 85 3.510484 0.000012 
-0.003890 0.001314 -0.001011 121 3.441049 0.000004 
-0.003886 0.001315 -0.000890 58 3.422298 0.000125 
-0.003899 0.001311 -0.000890 57 3.490342 0.000125 
-0.003903 0.001309 -0.001003 85 3.510484 0.000012


-0.003895 0.001313 -0.000949 9 3.466043 0.000067


-0.003907 0.001308 -0.001265 48 3.529672 -0.000250 
-0.003897 0.001312 -0.001138 122 3.477420 -0.000123 
-0.003918 0.001303 -0.001102 89 3.592390 -0.000086 
-0.003921 0.001302 -0.001265 49 3.607288 -0.000250 
-0.003907 0.001308 -0.001265 48 3.529672 -0.000250


-0.003911 0.001306 -0.001193 10 3.551700 -0.000177


-0.003891 0.001314 -0.001131 88 3.445179 -0.000116 
-0.003897 0.001312 -0.001138 122 3.477420 -0.000123 
-0.003907 0.001308 -0.001265 48 3.529672 -0.000250 
-0.003892 0.001313 -0.001265 47 3.452056 -0.000250 
-0.003891 0.001314 -0.001131 88 3.445179 -0.000116


-0.003897 0.001312 -0.001200 11 3.476077 -0.000185


-0.003877 0.001318 -0.001130 123 3.373617 -0.000115 
-0.003891 0.001314 -0.001131 88 3.445179 -0.000116 
-0.003892 0.001313 -0.001265 47 3.452056 -0.000250 
-0.003877 0.001318 -0.001265 46 3.374440 -0.000250 
-0.003877 0.001318 -0.001130 123 3.373617 -0.000115


-0.003884 0.001316 -0.001198 12 3.411323 -0.000183


-0.003862 0.001320 -0.001137 91 3.299692 -0.000122 
-0.003862 0.001321 -0.001013 124 3.295729 0.000003 
-0.003876 0.001318 -0.001007 87 3.367491 0.000009 
-0.003877 0.001318 -0.001130 123 3.373617 -0.000115 
-0.003862 0.001320 -0.001137 91 3.299692 -0.000122


-0.003869 0.001319 -0.001072 13 3.334132 -0.000056


-0.003802 0.001321 -0.001013 128 2.998160 0.000003 
-0.003798 0.001320 -0.001139 95 2.975161 -0.000124 
-0.003790 0.001319 -0.001139 129 2.936004 -0.000124 
-0.003791 0.001319 -0.001014 90 2.939848 0.000001 
-0.003802 0.001321 -0.001013 128 2.998160 0.000003


-0.003795 0.001320 -0.001076 14 2.962292 -0.000061


-0.003862 0.001320 -0.001137 91 3.299692 -0.000122 
-0.003877 0.001318 -0.001130 123 3.373617 -0.000115 
-0.003877 0.001318 -0.001265 46 3.374440 -0.000250 
-0.003862 0.001321 -0.001265 45 3.296824 -0.000250 
-0.003862 0.001320 -0.001137 91 3.299692 -0.000122


-0.003870 0.001319 -0.001200 15 3.336144 -0.000184


-0.003860 0.001321 -0.000890 60 3.286209 0.000125 
-0.003862 0.001321 -0.001013 124 3.295729 0.000003 
-0.003848 0.001322 -0.001013 149 3.225167 0.000002 
-0.003846 0.001322 -0.000890 61 3.218165 0.000125 
-0.003860 0.001321 -0.000890 60 3.286209 0.000125


-0.003854 0.001322 -0.000952 16 3.256317 0.000064


-0.003876 0.001318 -0.001007 87 3.367491 0.000009 
-0.003862 0.001321 -0.001013 124 3.295729 0.000003 
-0.003860 0.001321 -0.000890 60 3.286209 0.000125 
-0.003873 0.001318 -0.000890 59 3.354253 0.000125 
-0.003876 0.001318 -0.001007 87 3.367491 0.000009


-0.003868 0.001320 -0.000950 17 3.325920 0.000065


-0.003846 0.001322 -0.001265 44 3.219209 -0.000250 
-0.003848 0.001322 -0.001138 125 3.225247 -0.000122 
-0.003862 0.001320 -0.001137 91 3.299692 -0.000122 
-0.003862 0.001321 -0.001265 45 3.296824 -0.000250 
-0.003846 0.001322 -0.001265 44 3.219209 -0.000250


-0.003855 0.001322 -0.001201 18 3.260243 -0.000186


-0.003832 0.001323 -0.001135 92 3.149713 -0.000120 
-0.003848 0.001322 -0.001138 125 3.225247 -0.000122 
-0.003846 0.001322 -0.001265 44 3.219209 -0.000250 
-0.003831 0.001323 -0.001265 43 3.141593 -0.000250 
-0.003832 0.001323 -0.001135 92 3.149713 -0.000120


-0.003839 0.001323 -0.001201 19 3.183940 -0.000186


-0.003848 0.001322 -0.001013 149 3.225167 0.000002 
-0.003835 0.001323 -0.001012 126 3.160163 0.000003 
-0.003833 0.001323 -0.000890 62 3.150120 0.000125 
-0.003846 0.001322 -0.000890 61 3.218165 0.000125 
-0.003848 0.001322 -0.001013 149 3.225167 0.000002


-0.003840 0.001323 -0.000952 20 3.188404 0.000064


-0.003818 0.001323 -0.001132 127 3.076951 -0.000117 
-0.003819 0.001323 -0.001008 93 3.083994 0.000008 
-0.003835 0.001323 -0.001012 126 3.160163 0.000003 
-0.003832 0.001323 -0.001135 92 3.149713 -0.000120 
-0.003818 0.001323 -0.001132 127 3.076951 -0.000117


-0.003826 0.001323 -0.001072 21 3.117705 -0.000056


-0.003833 0.001323 -0.000890 62 3.150120 0.000125 
-0.003835 0.001323 -0.001012 126 3.160163 0.000003 
-0.003819 0.001323 -0.001008 93 3.083994 0.000008 
-0.003819 0.001323 -0.000890 63 3.082076 0.000125 
-0.003833 0.001323 -0.000890 62 3.150120 0.000125


-0.003826 0.001323 -0.000950 22 3.119088 0.000065


-0.003848 0.001322 -0.001013 149 3.225167 0.000002 
-0.003848 0.001322 -0.001138 125 3.225247 -0.000122 
-0.003832 0.001323 -0.001135 92 3.149713 -0.000120 
-0.003835 0.001323 -0.001012 126 3.160163 0.000003 
-0.003848 0.001322 -0.001013 149 3.225167 0.000002


-0.003841 0.001323 -0.001075 23 3.190073 -0.000059


-0.003818 0.001323 -0.001132 127 3.076951 -0.000117 
-0.003832 0.001323 -0.001135 92 3.149713 -0.000120 
-0.003831 0.001323 -0.001265 43 3.141593 -0.000250 
-0.003815 0.001322 -0.001265 42 3.062822 -0.000250 
-0.003818 0.001323 -0.001132 127 3.076951 -0.000117


-0.003824 0.001323 -0.001200 24 3.107770 -0.000184


-0.003798 0.001320 -0.001139 95 2.975161 -0.000124 
-0.003802 0.001321 -0.001013 128 2.998160 0.000003 
-0.003819 0.001323 -0.001008 93 3.083994 0.000008 
-0.003818 0.001323 -0.001132 127 3.076951 -0.000117 
-0.003798 0.001320 -0.001139 95 2.975161 -0.000124


-0.003809 0.001322 -0.001073 25 3.033568 -0.000058


-0.003754 0.001308 -0.001265 38 2.747739 -0.000250 
-0.003740 0.001301 -0.001265 37 2.668968 -0.000250 
-0.003746 0.001304 -0.001145 131 2.703186 -0.000130 
-0.003762 0.001311 -0.001142 94 2.792206 -0.000127 
-0.003754 0.001308 -0.001265 38 2.747739 -0.000250


-0.003750 0.001306 -0.001204 26 2.728022 -0.000189


-0.003798 0.001320 -0.001139 95 2.975161 -0.000124 
-0.003818 0.001323 -0.001132 127 3.076951 -0.000117 
-0.003815 0.001322 -0.001265 42 3.062822 -0.000250 
-0.003799 0.001320 -0.001265 41 2.984051 -0.000250 
-0.003798 0.001320 -0.001139 95 2.975161 -0.000124


-0.003808 0.001322 -0.001201 27 3.024746 -0.000185


-0.003805 0.001321 -0.000890 64 3.014032 0.000125 
-0.003802 0.001321 -0.001013 128 2.998160 0.000003 
-0.003791 0.001319 -0.001014 90 2.939848 0.000001 
-0.003792 0.001319 -0.000890 65 2.945987 0.000125 
-0.003805 0.001321 -0.000890 64 3.014032 0.000125


-0.003798 0.001320 -0.000952 28 2.974506 0.000063


-0.003819 0.001323 -0.001008 93 3.083994 0.000008 
-0.003802 0.001321 -0.001013 128 2.998160 0.000003 
-0.003805 0.001321 -0.000890 64 3.014032 0.000125 
-0.003819 0.001323 -0.000890 63 3.082076 0.000125 
-0.003819 0.001323 -0.001008 93 3.083994 0.000008


-0.003811 0.001322 -0.000950 29 3.044566 0.000065


-0.003784 0.001317 -0.001265 40 2.905280 -0.000250 
-0.003790 0.001319 -0.001139 129 2.936004 -0.000124 
-0.003798 0.001320 -0.001139 95 2.975161 -0.000124 
-0.003799 0.001320 -0.001265 41 2.984051 -0.000250 
-0.003784 0.001317 -0.001265 40 2.905280 -0.000250


-0.003793 0.001319 -0.001202 30 2.950126 -0.000187


-0.003780 0.001316 -0.001139 96 2.882704 -0.000124 
-0.003790 0.001319 -0.001139 129 2.936004 -0.000124 
-0.003784 0.001317 -0.001265 40 2.905280 -0.000250 
-0.003769 0.001313 -0.001265 39 2.826509 -0.000250 
-0.003780 0.001316 -0.001139 96 2.882704 -0.000124


-0.003781 0.001317 -0.001202 31 2.887629 -0.000187


-0.003791 0.001319 -0.001014 90 2.939848 0.000001 
-0.003778 0.001316 -0.001014 132 2.875636 0.000001 
-0.003779 0.001316 -0.000890 66 2.877943 0.000125 
-0.003792 0.001319 -0.000890 65 2.945987 0.000125 
-0.003791 0.001319 -0.001014 90 2.939848 0.000001


-0.003785 0.001318 -0.000952 32 2.909853 0.000063


-0.003912 0.001306 -0.000890 56 3.558387 0.000125 
-0.003916 0.001304 -0.000996 130 3.581436 0.000019 
-0.003903 0.001309 -0.001003 85 3.510484 0.000012 
-0.003899 0.001311 -0.000890 57 3.490342 0.000125 
-0.003912 0.001306 -0.000890 56 3.558387 0.000125


-0.003908 0.001308 -0.000945 33 3.535162 0.000070


-0.003927 0.001298 -0.000987 97 3.641815 0.000028 
-0.003916 0.001304 -0.000996 130 3.581436 0.000019 
-0.003912 0.001306 -0.000890 56 3.558387 0.000125 
-0.003924 0.001300 -0.000890 55 3.626431 0.000125 
-0.003927 0.001298 -0.000987 97 3.641815 0.000028


-0.003920 0.001302 -0.000941 34 3.602017 0.000074


-0.003918 0.001303 -0.001102 89 3.592390 -0.000086 
-0.003940 0.001291 -0.001076 119 3.717612 -0.000060 
-0.003934 0.001294 -0.001265 50 3.684904 -0.000250 
-0.003921 0.001302 -0.001265 49 3.607288 -0.000250 
-0.003918 0.001303 -0.001102 89 3.592390 -0.000086


-0.003928 0.001298 -0.001177 35 3.650546 -0.000162


-0.003918 0.001303 -0.001102 89 3.592390 -0.000086 
-0.003916 0.001304 -0.000996 130 3.581436 0.000019 
-0.003927 0.001298 -0.000987 97 3.641815 0.000028 
-0.003940 0.001291 -0.001076 119 3.717612 -0.000060 
-0.003918 0.001303 -0.001102 89 3.592390 -0.000086


-0.003925 0.001299 -0.001040 36 3.633297 -0.000025


-0.003916 0.001304 -0.000996 130 3.581436 0.000019 
-0.003918 0.001303 -0.001102 89 3.592390 -0.000086 
-0.003897 0.001312 -0.001138 122 3.477420 -0.000123 
-0.003903 0.001309 -0.001003 85 3.510484 0.000012 
-0.003916 0.001304 -0.000996 130 3.581436 0.000019


-0.003909 0.001307 -0.001060 37 3.540435 -0.000044


-0.003940 0.001291 -0.001076 119 3.717612 -0.000060 
-0.003947 0.001286 -0.001078 52 3.762520 -0.000062 
-0.003947 0.001286 -0.001265 51 3.762520 -0.000250 
-0.003934 0.001294 -0.001265 50 3.684904 -0.000250 
-0.003940 0.001291 -0.001076 119 3.717612 -0.000060


-0.003942 0.001289 -0.001171 38 3.731891 -0.000156


-0.003780 0.001316 -0.001139 96 2.882704 -0.000124 
-0.003778 0.001316 -0.001014 132 2.875636 0.000001 
-0.003791 0.001319 -0.001014 90 2.939848 0.000001 
-0.003790 0.001319 -0.001139 129 2.936004 -0.000124 
-0.003780 0.001316 -0.001139 96 2.882704 -0.000124


-0.003785 0.001318 -0.001077 39 2.908548 -0.000061


-0.003779 0.001316 -0.000890 66 2.877943 0.000125 
-0.003778 0.001316 -0.001014 132 2.875636 0.000001 
-0.003764 0.001311 -0.001016 98 2.799319 -0.000000 
-0.003766 0.001312 -0.000890 67 2.809899 0.000125 
-0.003779 0.001316 -0.000890 66 2.877943 0.000125


-0.003772 0.001314 -0.000953 40 2.840699 0.000063


-0.003685 0.001260 -0.001017 99 2.324271 -0.000002 
-0.003683 0.001258 -0.001141 134 2.309136 -0.000126 
-0.003673 0.001246 -0.001142 100 2.232278 -0.000126 
-0.003674 0.001247 -0.001017 133 2.238798 -0.000002 
-0.003685 0.001260 -0.001017 99 2.324271 -0.000002


-0.003679 0.001253 -0.001079 41 2.276120 -0.000064


-0.003762 0.001311 -0.001142 94 2.792206 -0.000127 
-0.003780 0.001316 -0.001139 96 2.882704 -0.000124 
-0.003769 0.001313 -0.001265 39 2.826509 -0.000250 
-0.003754 0.001308 -0.001265 38 2.747739 -0.000250 
-0.003762 0.001311 -0.001142 94 2.792206 -0.000127


-0.003766 0.001312 -0.001203 42 2.812286 -0.000188


-0.003764 0.001311 -0.001016 98 2.799319 -0.000000 
-0.003750 0.001306 -0.001018 144 2.722994 -0.000002 
-0.003753 0.001307 -0.000890 68 2.741854 0.000125 
-0.003766 0.001312 -0.000890 67 2.809899 0.000125 
-0.003764 0.001311 -0.001016 98 2.799319 -0.000000


-0.003758 0.001309 -0.000954 43 2.768517 0.000062


-0.003649 0.001206 -0.001021 136 1.997893 -0.000005 
-0.003649 0.001205 -0.001143 139 1.995085 -0.000128 
-0.003640 0.001184 -0.001143 108 1.879871 -0.000127 
-0.003643 0.001193 -0.001020 138 1.928167 -0.000005 
-0.003649 0.001206 -0.001021 136 1.997893 -0.000005


-0.003645 0.001197 -0.001082 44 1.950260 -0.000066


-0.003673 0.001246 -0.001142 100 2.232278 -0.000126 
-0.003683 0.001258 -0.001141 134 2.309136 -0.000126 
-0.003678 0.001252 -0.001265 32 2.275114 -0.000250 
-0.003669 0.001240 -0.001265 31 2.196343 -0.000250 
-0.003673 0.001246 -0.001142 100 2.232278 -0.000126


-0.003676 0.001249 -0.001203 45 2.253218 -0.000188


-0.003655 0.001219 -0.001020 101 2.070764 -0.000005 
-0.003649 0.001206 -0.001021 136 1.997893 -0.000005 
-0.003661 0.001229 -0.000890 77 2.129455 0.000125 
-0.003669 0.001240 -0.000890 76 2.197499 0.000125 
-0.003655 0.001219 -0.001020 101 2.070764 -0.000005


-0.003658 0.001224 -0.000955 46 2.098905 0.000060


-0.003660 0.001227 -0.001265 30 2.117572 -0.000250 
-0.003664 0.001233 -0.001142 135 2.156305 -0.000127 
-0.003673 0.001246 -0.001142 100 2.232278 -0.000126 
-0.003669 0.001240 -0.001265 31 2.196343 -0.000250 
-0.003660 0.001227 -0.001265 30 2.117572 -0.000250


-0.003666 0.001237 -0.001204 47 2.175625 -0.000188


-0.003655 0.001219 -0.001143 102 2.071291 -0.000128 
-0.003664 0.001233 -0.001142 135 2.156305 -0.000127 
-0.003660 0.001227 -0.001265 30 2.117572 -0.000250 
-0.003652 0.001213 -0.001265 29 2.038801 -0.000250 
-0.003655 0.001219 -0.001143 102 2.071291 -0.000128


-0.003658 0.001223 -0.001204 48 2.095991 -0.000189


-0.003655 0.001219 -0.001020 101 2.070764 -0.000005 
-0.003655 0.001219 -0.001143 102 2.071291 -0.000128 
-0.003649 0.001205 -0.001143 139 1.995085 -0.000128 
-0.003649 0.001206 -0.001021 136 1.997893 -0.000005 
-0.003655 0.001219 -0.001020 101 2.070764 -0.000005


-0.003652 0.001212 -0.001082 49 2.033758 -0.000066


-0.003665 0.001234 -0.001019 103 2.162003 -0.000003 
-0.003655 0.001219 -0.001020 101 2.070764 -0.000005 
-0.003669 0.001240 -0.000890 76 2.197499 0.000125 
-0.003677 0.001251 -0.000890 75 2.265544 0.000125 
-0.003665 0.001234 -0.001019 103 2.162003 -0.000003


-0.003666 0.001236 -0.000955 50 2.173966 0.000060


-0.003683 0.001258 -0.001141 134 2.309136 -0.000126 
-0.003694 0.001268 -0.001141 155 2.385453 -0.000126 
-0.003689 0.001264 -0.001265 33 2.353885 -0.000250 
-0.003678 0.001252 -0.001265 32 2.275114 -0.000250 
-0.003683 0.001258 -0.001141 134 2.309136 -0.000126


-0.003686 0.001261 -0.001203 51 2.330897 -0.000188


-0.003665 0.001234 -0.001019 103 2.162003 -0.000003 
-0.003664 0.001233 -0.001142 135 2.156305 -0.000127 
-0.003655 0.001219 -0.001143 102 2.071291 -0.000128 
-0.003655 0.001219 -0.001020 101 2.070764 -0.000005 
-0.003665 0.001234 -0.001019 103 2.162003 -0.000003


-0.003660 0.001227 -0.001081 52 2.115090 -0.000066


-0.003686 0.001261 -0.000890 74 2.333588 0.000125 
-0.003674 0.001247 -0.001017 133 2.238798 -0.000002 
-0.003665 0.001234 -0.001019 103 2.162003 -0.000003 
-0.003677 0.001251 -0.000890 75 2.265544 0.000125 
-0.003686 0.001261 -0.000890 74 2.333588 0.000125


-0.003675 0.001249 -0.000954 53 2.249987 0.000061


-0.003685 0.001260 -0.001017 99 2.324271 -0.000002 
-0.003674 0.001247 -0.001017 133 2.238798 -0.000002 
-0.003686 0.001261 -0.000890 74 2.333588 0.000125 
-0.003696 0.001271 -0.000890 73 2.401632 0.000125 
-0.003685 0.001260 -0.001017 99 2.324271 -0.000002


-0.003685 0.001260 -0.000954 54 2.324580 0.000062


-0.003674 0.001247 -0.001017 133 2.238798 -0.000002 
-0.003673 0.001246 -0.001142 100 2.232278 -0.000126 
-0.003664 0.001233 -0.001142 135 2.156305 -0.000127 
-0.003665 0.001234 -0.001019 103 2.162003 -0.000003 
-0.003674 0.001247 -0.001017 133 2.238798 -0.000002


-0.003669 0.001240 -0.001080 55 2.197346 -0.000064


-0.003698 0.001272 -0.001017 157 2.412912 -0.000002 
-0.003694 0.001268 -0.001141 155 2.385453 -0.000126 
-0.003683 0.001258 -0.001141 134 2.309136 -0.000126 
-0.003685 0.001260 -0.001017 99 2.324271 -0.000002 
-0.003698 0.001272 -0.001017 157 2.412912 -0.000002


-0.003690 0.001265 -0.001079 56 2.357942 -0.000064


-0.003705 0.001279 -0.001143 137 2.463091 -0.000127 
-0.003718 0.001288 -0.001143 106 2.543266 -0.000128 
-0.003713 0.001285 -0.001265 35 2.511426 -0.000250 
-0.003701 0.001275 -0.001265 34 2.432655 -0.000250 
-0.003705 0.001279 -0.001143 137 2.463091 -0.000127


-0.003709 0.001282 -0.001204 57 2.487609 -0.000189


-0.003694 0.001268 -0.001141 155 2.385453 -0.000126 
-0.003705 0.001279 -0.001143 137 2.463091 -0.000127 
-0.003701 0.001275 -0.001265 34 2.432655 -0.000250 
-0.003689 0.001264 -0.001265 33 2.353885 -0.000250 
-0.003694 0.001268 -0.001141 155 2.385453 -0.000126


-0.003697 0.001272 -0.001204 58 2.408771 -0.000188


-0.003643 0.001193 -0.001020 138 1.928167 -0.000005 
-0.003640 0.001184 -0.001143 108 1.879871 -0.000127 
-0.003638 0.001177 -0.001143 143 1.843723 -0.000128 
-0.003639 0.001179 -0.001020 104 1.856396 -0.000005 
-0.003643 0.001193 -0.001020 138 1.928167 -0.000005


-0.003640 0.001183 -0.001082 59 1.877035 -0.000066


-0.003654 0.001217 -0.000890 78 2.061411 0.000125 
-0.003643 0.001193 -0.001020 138 1.928167 -0.000005 
-0.003639 0.001179 -0.001020 104 1.856396 -0.000005 
-0.003648 0.001205 -0.000890 79 1.993366 0.000125 
-0.003654 0.001217 -0.000890 78 2.061411 0.000125


-0.003646 0.001199 -0.000955 60 1.959837 0.000060


-0.003649 0.001206 -0.001021 136 1.997893 -0.000005 
-0.003643 0.001193 -0.001020 138 1.928167 -0.000005 
-0.003654 0.001217 -0.000890 78 2.061411 0.000125 
-0.003661 0.001229 -0.000890 77 2.129455 0.000125 
-0.003649 0.001206 -0.001021 136 1.997893 -0.000005


-0.003652 0.001211 -0.000955 61 2.029232 0.000060


-0.003649 0.001205 -0.001143 139 1.995085 -0.000128 
-0.003655 0.001219 -0.001143 102 2.071291 -0.000128 
-0.003652 0.001213 -0.001265 29 2.038801 -0.000250 
-0.003646 0.001199 -0.001265 28 1.960031 -0.000250 
-0.003649 0.001205 -0.001143 139 1.995085 -0.000128


-0.003650 0.001209 -0.001204 62 2.016302 -0.000189


-0.003639 0.001179 -0.001020 104 1.856396 -0.000005 
-0.003638 0.001177 -0.001143 143 1.843723 -0.000128 
-0.003633 0.001155 -0.001142 109 1.729359 -0.000127 
-0.003635 0.001166 -0.001020 142 1.786351 -0.000005 
-0.003639 0.001179 -0.001020 104 1.856396 -0.000005


-0.003636 0.001169 -0.001081 63 1.803966 -0.000066


-0.003631 0.001137 -0.001020 145 1.643313 -0.000005 
-0.003631 0.001132 -0.001143 112 1.616510 -0.000128 
-0.003631 0.001117 -0.001143 159 1.541143 -0.000127 
-0.003631 0.001123 -0.001020 110 1.569747 -0.000005 
-0.003631 0.001137 -0.001020 145 1.643313 -0.000005


-0.003631 0.001127 -0.001081 64 1.592678 -0.000066


-0.003698 0.001272 -0.001017 157 2.412912 -0.000002 
-0.003685 0.001260 -0.001017 99 2.324271 -0.000002 
-0.003696 0.001271 -0.000890 73 2.401632 0.000125 
-0.003706 0.001279 -0.000890 72 2.469677 0.000125 
-0.003698 0.001272 -0.001017 157 2.412912 -0.000002


-0.003696 0.001271 -0.000954 65 2.402130 0.000062


-0.003736 0.001299 -0.001019 107 2.646680 -0.000004 
-0.003733 0.001297 -0.001143 141 2.630632 -0.000127 
-0.003718 0.001288 -0.001143 106 2.543266 -0.000128 
-0.003724 0.001292 -0.001017 140 2.575079 -0.000001 
-0.003736 0.001299 -0.001019 107 2.646680 -0.000004


-0.003728 0.001294 -0.001081 66 2.598916 -0.000065


-0.003711 0.001283 -0.001017 156 2.501545 -0.000001 
-0.003698 0.001272 -0.001017 157 2.412912 -0.000002 
-0.003706 0.001279 -0.000890 72 2.469677 0.000125 
-0.003717 0.001288 -0.000890 71 2.537721 0.000125 
-0.003711 0.001283 -0.001017 156 2.501545 -0.000001


-0.003708 0.001281 -0.000954 67 2.480469 0.000062


-0.003726 0.001293 -0.001265 36 2.590197 -0.000250 
-0.003733 0.001297 -0.001143 141 2.630632 -0.000127 
-0.003746 0.001304 -0.001145 131 2.703186 -0.000130 
-0.003740 0.001301 -0.001265 37 2.668968 -0.000250 
-0.003726 0.001293 -0.001265 36 2.590197 -0.000250


-0.003736 0.001299 -0.001205 68 2.648247 -0.000189


-0.003718 0.001288 -0.001143 106 2.543266 -0.000128 
-0.003733 0.001297 -0.001143 141 2.630632 -0.000127 
-0.003726 0.001293 -0.001265 36 2.590197 -0.000250 
-0.003713 0.001285 -0.001265 35 2.511426 -0.000250 
-0.003718 0.001288 -0.001143 106 2.543266 -0.000128


-0.003722 0.001291 -0.001204 69 2.568879 -0.000189


-0.003640 0.001184 -0.001143 108 1.879871 -0.000127 
-0.003649 0.001205 -0.001143 139 1.995085 -0.000128 
-0.003646 0.001199 -0.001265 28 1.960031 -0.000250 
-0.003640 0.001184 -0.001265 27 1.881260 -0.000250 
-0.003640 0.001184 -0.001143 108 1.879871 -0.000127


-0.003644 0.001193 -0.001204 70 1.929058 -0.000189


-0.003643 0.001192 -0.000890 80 1.925322 0.000125 
-0.003635 0.001166 -0.001020 142 1.786351 -0.000005 
-0.003633 0.001152 -0.001020 158 1.715444 -0.000004 
-0.003639 0.001179 -0.000890 81 1.857278 0.000125 
-0.003643 0.001192 -0.000890 80 1.925322 0.000125


-0.003637 0.001172 -0.000955 71 1.821101 0.000060


-0.003639 0.001179 -0.001020 104 1.856396 -0.000005 
-0.003635 0.001166 -0.001020 142 1.786351 -0.000005 
-0.003643 0.001192 -0.000890 80 1.925322 0.000125 
-0.003648 0.001205 -0.000890 79 1.993366 0.000125 
-0.003639 0.001179 -0.001020 104 1.856396 -0.000005


-0.003641 0.001186 -0.000955 72 1.890360 0.000060


-0.003636 0.001169 -0.001265 26 1.802489 -0.000250 
-0.003638 0.001177 -0.001143 143 1.843723 -0.000128 
-0.003640 0.001184 -0.001143 108 1.879871 -0.000127 
-0.003640 0.001184 -0.001265 27 1.881260 -0.000250 
-0.003636 0.001169 -0.001265 26 1.802489 -0.000250


-0.003639 0.001178 -0.001204 73 1.851839 -0.000189


-0.003633 0.001155 -0.001142 109 1.729359 -0.000127 
-0.003638 0.001177 -0.001143 143 1.843723 -0.000128 
-0.003636 0.001169 -0.001265 26 1.802489 -0.000250 
-0.003633 0.001153 -0.001265 25 1.723718 -0.000250 
-0.003633 0.001155 -0.001142 109 1.729359 -0.000127


-0.003635 0.001163 -0.001204 74 1.774817 -0.000189


-0.003633 0.001152 -0.001020 158 1.715444 -0.000004 
-0.003631 0.001137 -0.001020 145 1.643313 -0.000005 
-0.003636 0.001166 -0.000890 82 1.789233 0.000125 
-0.003639 0.001179 -0.000890 81 1.857278 0.000125 
-0.003633 0.001152 -0.001020 158 1.715444 -0.000004


-0.003634 0.001159 -0.000955 75 1.751320 0.000060


-0.003729 0.001295 -0.000890 70 2.605766 0.000125 
-0.003724 0.001292 -0.001017 140 2.575079 -0.000001 
-0.003711 0.001283 -0.001017 156 2.501545 -0.000001 
-0.003717 0.001288 -0.000890 71 2.537721 0.000125 
-0.003729 0.001295 -0.000890 70 2.605766 0.000125


-0.003720 0.001290 -0.000954 76 2.555029 0.000062


-0.003736 0.001299 -0.001019 107 2.646680 -0.000004 
-0.003724 0.001292 -0.001017 140 2.575079 -0.000001 
-0.003729 0.001295 -0.000890 70 2.605766 0.000125 
-0.003741 0.001301 -0.000890 69 2.673810 0.000125 
-0.003736 0.001299 -0.001019 107 2.646680 -0.000004


-0.003732 0.001297 -0.000954 77 2.625334 0.000061


-0.003746 0.001304 -0.001145 131 2.703186 -0.000130 
-0.003750 0.001306 -0.001018 144 2.722994 -0.000002 
-0.003764 0.001311 -0.001016 98 2.799319 -0.000000 
-0.003762 0.001311 -0.001142 94 2.792206 -0.000127 
-0.003746 0.001304 -0.001145 131 2.703186 -0.000130


-0.003755 0.001308 -0.001080 78 2.754427 -0.000065


-0.003753 0.001307 -0.000890 68 2.741854 0.000125 
-0.003750 0.001306 -0.001018 144 2.722994 -0.000002 
-0.003736 0.001299 -0.001019 107 2.646680 -0.000004 
-0.003741 0.001301 -0.000890 69 2.673810 0.000125 
-0.003753 0.001307 -0.000890 68 2.741854 0.000125


-0.003745 0.001303 -0.000955 79 2.696336 0.000061


-0.003762 0.001311 -0.001142 94 2.792206 -0.000127 
-0.003764 0.001311 -0.001016 98 2.799319 -0.000000 
-0.003778 0.001316 -0.001014 132 2.875636 0.000001 
-0.003780 0.001316 -0.001139 96 2.882704 -0.000124 
-0.003762 0.001311 -0.001142 94 2.792206 -0.000127


-0.003771 0.001314 -0.001078 80 2.837466 -0.000062


-0.003631 0.001108 -0.001020 105 1.493849 -0.000005 
-0.003632 0.001102 -0.001143 113 1.464290 -0.000127 
-0.003634 0.001086 -0.001143 160 1.383471 -0.000128 
-0.003633 0.001091 -0.001020 111 1.412637 -0.000005 
-0.003631 0.001108 -0.001020 105 1.493849 -0.000005


-0.003633 0.001097 -0.001082 81 1.438561 -0.000066


-0.003636 0.001166 -0.000890 82 1.789233 0.000125 
-0.003631 0.001137 -0.001020 145 1.643313 -0.000005 
-0.003631 0.001123 -0.001020 110 1.569747 -0.000005 
-0.003633 0.001153 -0.000890 83 1.721189 0.000125 
-0.003636 0.001166 -0.000890 82 1.789233 0.000125


-0.003632 0.001145 -0.000955 82 1.680874 0.000060


-0.003633 0.001152 -0.001020 158 1.715444 -0.000004 
-0.003632 0.001147 -0.001143 147 1.693448 -0.000127 
-0.003631 0.001132 -0.001143 112 1.616510 -0.000128 
-0.003631 0.001137 -0.001020 145 1.643313 -0.000005 
-0.003633 0.001152 -0.001020 158 1.715444 -0.000004


-0.003632 0.001142 -0.001081 83 1.667179 -0.000066


-0.003632 0.001139 -0.000890 84 1.653145 0.000125 
-0.003631 0.001108 -0.001020 105 1.493849 -0.000005 
-0.003633 0.001091 -0.001020 111 1.412637 -0.000005 
-0.003631 0.001126 -0.000890 1 1.585100 0.000125 
-0.003632 0.001139 -0.000890 84 1.653145 0.000125


-0.003631 0.001116 -0.000955 84 1.536193 0.000060


-0.003631 0.001123 -0.001020 110 1.569747 -0.000005 
-0.003631 0.001108 -0.001020 105 1.493849 -0.000005 
-0.003632 0.001139 -0.000890 84 1.653145 0.000125 
-0.003633 0.001153 -0.000890 83 1.721189 0.000125 
-0.003631 0.001123 -0.001020 110 1.569747 -0.000005


-0.003631 0.001131 -0.000955 85 1.609488 0.000060


-0.003632 0.001147 -0.001143 147 1.693448 -0.000127 
-0.003633 0.001155 -0.001142 109 1.729359 -0.000127 
-0.003633 0.001153 -0.001265 25 1.723718 -0.000250 
-0.003631 0.001138 -0.001265 24 1.644947 -0.000250 
-0.003632 0.001147 -0.001143 147 1.693448 -0.000127


-0.003632 0.001148 -0.001204 86 1.697872 -0.000189


-0.003631 0.001132 -0.001143 112 1.616510 -0.000128 
-0.003632 0.001147 -0.001143 147 1.693448 -0.000127 
-0.003631 0.001138 -0.001265 24 1.644947 -0.000250 
-0.003631 0.001122 -0.001265 23 1.566177 -0.000250 
-0.003631 0.001132 -0.001143 112 1.616510 -0.000128


-0.003631 0.001135 -0.001204 87 1.630271 -0.000189


-0.003631 0.001123 -0.001020 110 1.569747 -0.000005 
-0.003631 0.001117 -0.001143 159 1.541143 -0.000127 
-0.003632 0.001102 -0.001143 113 1.464290 -0.000127 
-0.003631 0.001108 -0.001020 105 1.493849 -0.000005 
-0.003631 0.001123 -0.001020 110 1.569747 -0.000005


-0.003631 0.001112 -0.001081 88 1.517257 -0.000066


-0.003632 0.001106 -0.001265 22 1.487406 -0.000250 
-0.003631 0.001117 -0.001143 159 1.541143 -0.000127 
-0.003631 0.001132 -0.001143 112 1.616510 -0.000128 
-0.003631 0.001122 -0.001265 23 1.566177 -0.000250 
-0.003632 0.001106 -0.001265 22 1.487406 -0.000250


-0.003631 0.001119 -0.001204 89 1.552810 -0.000189


-0.003632 0.001102 -0.001143 113 1.464290 -0.000127 
-0.003631 0.001117 -0.001143 159 1.541143 -0.000127 
-0.003632 0.001106 -0.001265 22 1.487406 -0.000250 
-0.003633 0.001091 -0.001265 21 1.408635 -0.000250 
-0.003632 0.001102 -0.001143 113 1.464290 -0.000127


-0.003632 0.001104 -0.001204 90 1.475369 -0.000189


-0.003688 0.000983 -0.001167 115 0.795770 -0.000151 
-0.003681 0.000991 -0.001160 148 0.849912 -0.000144 
-0.003680 0.000992 -0.001265 14 0.857239 -0.000250 
-0.003690 0.000981 -0.001265 13 0.778469 -0.000250 
-0.003688 0.000983 -0.001167 115 0.795770 -0.000151


-0.003685 0.000987 -0.001214 91 0.820348 -0.000199


-0.003680 0.000992 -0.001054 114 0.853889 -0.000038 
-0.003681 0.000991 -0.001160 148 0.849912 -0.000144 
-0.003688 0.000983 -0.001167 115 0.795770 -0.000151 
-0.003701 0.000971 -0.001083 120 0.704597 -0.000067 
-0.003680 0.000992 -0.001054 114 0.853889 -0.000038


-0.003687 0.000984 -0.001116 92 0.801068 -0.000100


-0.003680 0.000992 -0.001265 14 0.857239 -0.000250 
-0.003681 0.000991 -0.001160 148 0.849912 -0.000144 
-0.003669 0.001006 -0.001152 86 0.943880 -0.000136 
-0.003670 0.001004 -0.001265 15 0.936010 -0.000250 
-0.003680 0.000992 -0.001265 14 0.857239 -0.000250


-0.003675 0.000998 -0.001211 93 0.896760 -0.000195


-0.003680 0.000992 -0.001054 114 0.853889 -0.000038 
-0.003701 0.000971 -0.001083 120 0.704597 -0.000067 
-0.003696 0.000975 -0.000890 8 0.741753 0.000125 
-0.003679 0.000993 -0.000890 7 0.862189 0.000126 
-0.003680 0.000992 -0.001054 114 0.853889 -0.000038


-0.003689 0.000982 -0.000979 94 0.790612 0.000036


-0.003698 0.001272 -0.001017 157 2.412912 -0.000002 
-0.003711 0.001283 -0.001017 156 2.501545 -0.000001 
-0.003705 0.001279 -0.001143 137 2.463091 -0.000127 
-0.003694 0.001268 -0.001141 155 2.385453 -0.000126 
-0.003698 0.001272 -0.001017 157 2.412912 -0.000002


-0.003702 0.001276 -0.001079 95 2.440748 -0.000064


-0.003701 0.000971 -0.001083 120 0.704597 -0.000067 
-0.003715 0.000960 -0.001078 10 0.620927 -0.000062 
-0.003715 0.000960 -0.000890 9 0.620927 0.000125 
-0.003696 0.000975 -0.000890 8 0.741753 0.000125 
-0.003701 0.000971 -0.001083 120 0.704597 -0.000067


-0.003706 0.000966 -0.000985 96 0.672047 0.000030


-0.003664 0.001012 -0.000889 6 0.983231 0.000126 
-0.003668 0.001007 -0.001038 150 0.951529 -0.000023 
-0.003680 0.000992 -0.001054 114 0.853889 -0.000038 
-0.003679 0.000993 -0.000890 7 0.862189 0.000126 
-0.003664 0.001012 -0.000889 6 0.983231 0.000126


-0.003673 0.001001 -0.000968 97 0.912707 0.000048


-0.003658 0.001023 -0.001022 116 1.047076 -0.000007 
-0.003668 0.001007 -0.001038 150 0.951529 -0.000023 
-0.003664 0.001012 -0.000889 6 0.983231 0.000126 
-0.003652 0.001033 -0.000889 5 1.103246 0.000127 
-0.003658 0.001023 -0.001022 116 1.047076 -0.000007


-0.003660 0.001018 -0.000960 98 1.021263 0.000056


-0.003669 0.001006 -0.001152 86 0.943880 -0.000136 
-0.003658 0.001022 -0.001144 151 1.040199 -0.000128 
-0.003661 0.001017 -0.001265 16 1.014781 -0.000250 
-0.003670 0.001004 -0.001265 15 0.936010 -0.000250 
-0.003669 0.001006 -0.001152 86 0.943880 -0.000136


-0.003664 0.001012 -0.001207 99 0.983716 -0.000191


-0.003668 0.001007 -0.001038 150 0.951529 -0.000023 
-0.003669 0.001006 -0.001152 86 0.943880 -0.000136 
-0.003681 0.000991 -0.001160 148 0.849912 -0.000144 
-0.003680 0.000992 -0.001054 114 0.853889 -0.000038 
-0.003668 0.001007 -0.001038 150 0.951529 -0.000023


-0.003674 0.000999 -0.001101 100 0.899802 -0.000085


-0.003661 0.001017 -0.001265 16 1.014781 -0.000250 
-0.003658 0.001022 -0.001144 151 1.040199 -0.000128 
-0.003651 0.001036 -0.001143 117 1.122038 -0.000128 
-0.003653 0.001031 -0.001265 17 1.093552 -0.000250 
-0.003661 0.001017 -0.001265 16 1.014781 -0.000250


-0.003656 0.001027 -0.001205 101 1.067642 -0.000189


-0.003658 0.001023 -0.001022 116 1.047076 -0.000007 
-0.003658 0.001022 -0.001144 151 1.040199 -0.000128 
-0.003669 0.001006 -0.001152 86 0.943880 -0.000136 
-0.003668 0.001007 -0.001038 150 0.951529 -0.000023 
-0.003658 0.001023 -0.001022 116 1.047076 -0.000007


-0.003663 0.001014 -0.001089 102 0.995671 -0.000074


-0.003647 0.001045 -0.001265 18 1.172323 -0.000250 
-0.003644 0.001052 -0.001143 153 1.210703 -0.000128 
-0.003638 0.001069 -0.001143 146 1.297552 -0.000128 
-0.003641 0.001060 -0.001265 19 1.251093 -0.000250 
-0.003647 0.001045 -0.001265 18 1.172323 -0.000250


-0.003642 0.001057 -0.001204 103 1.232916 -0.000189


-0.003651 0.001036 -0.001143 117 1.122038 -0.000128 
-0.003644 0.001052 -0.001143 153 1.210703 -0.000128 
-0.003647 0.001045 -0.001265 18 1.172323 -0.000250 
-0.003653 0.001031 -0.001265 17 1.093552 -0.000250 
-0.003651 0.001036 -0.001143 117 1.122038 -0.000128


-0.003648 0.001041 -0.001204 104 1.149652 -0.000189


-0.003650 0.001038 -0.001021 152 1.132456 -0.000006 
-0.003658 0.001023 -0.001022 116 1.047076 -0.000007 
-0.003652 0.001033 -0.000889 5 1.103246 0.000127 
-0.003643 0.001055 -0.000889 4 1.223604 0.000126 
-0.003650 0.001038 -0.001021 152 1.132456 -0.000006


-0.003650 0.001037 -0.000955 105 1.126579 0.000060


-0.003650 0.001038 -0.001021 152 1.132456 -0.000006 
-0.003651 0.001036 -0.001143 117 1.122038 -0.000128 
-0.003658 0.001022 -0.001144 151 1.040199 -0.000128 
-0.003658 0.001023 -0.001022 116 1.047076 -0.000007 
-0.003650 0.001038 -0.001021 152 1.132456 -0.000006


-0.003654 0.001030 -0.001083 106 1.085442 -0.000067


-0.003638 0.001069 -0.001143 146 1.297552 -0.000128 
-0.003634 0.001086 -0.001143 160 1.383471 -0.000128 
-0.003637 0.001075 -0.001265 20 1.329864 -0.000250 
-0.003641 0.001060 -0.001265 19 1.251093 -0.000250 
-0.003638 0.001069 -0.001143 146 1.297552 -0.000128


-0.003637 0.001072 -0.001204 107 1.315493 -0.000189


-0.003643 0.001056 -0.001021 118 1.226900 -0.000005 
-0.003650 0.001038 -0.001021 152 1.132456 -0.000006 
-0.003643 0.001055 -0.000889 4 1.223604 0.000126 
-0.003636 0.001078 -0.000890 3 1.344500 0.000126 
-0.003643 0.001056 -0.001021 118 1.226900 -0.000005


-0.003642 0.001056 -0.000955 108 1.231846 0.000060


-0.003634 0.001086 -0.001143 160 1.383471 -0.000128 
-0.003632 0.001102 -0.001143 113 1.464290 -0.000127 
-0.003633 0.001091 -0.001265 21 1.408635 -0.000250 
-0.003637 0.001075 -0.001265 20 1.329864 -0.000250 
-0.003634 0.001086 -0.001143 160 1.383471 -0.000128


-0.003634 0.001088 -0.001204 109 1.396564 -0.000189


-0.003633 0.001091 -0.001020 111 1.412637 -0.000005 
-0.003634 0.001086 -0.001143 160 1.383471 -0.000128 
-0.003638 0.001069 -0.001143 146 1.297552 -0.000128 
-0.003637 0.001074 -0.001020 154 1.325017 -0.000005 
-0.003633 0.001091 -0.001020 111 1.412637 -0.000005


-0.003636 0.001080 -0.001082 110 1.354669 -0.000066


-0.003637 0.001074 -0.001020 154 1.325017 -0.000005 
-0.003638 0.001069 -0.001143 146 1.297552 -0.000128 
-0.003644 0.001052 -0.001143 153 1.210703 -0.000128 
-0.003643 0.001056 -0.001021 118 1.226900 -0.000005 
-0.003637 0.001074 -0.001020 154 1.325017 -0.000005


-0.003640 0.001063 -0.001082 111 1.265042 -0.000066


-0.003632 0.001102 -0.000890 2 1.464437 0.000125 
-0.003637 0.001074 -0.001020 154 1.325017 -0.000005 
-0.003643 0.001056 -0.001021 118 1.226900 -0.000005 
-0.003636 0.001078 -0.000890 3 1.344500 0.000126 
-0.003632 0.001102 -0.000890 2 1.464437 0.000125


-0.003636 0.001077 -0.000955 112 1.340195 0.000060


-0.003736 0.001299 -0.001019 107 2.646680 -0.000004 
-0.003750 0.001306 -0.001018 144 2.722994 -0.000002 
-0.003746 0.001304 -0.001145 131 2.703186 -0.000130 
-0.003733 0.001297 -0.001143 141 2.630632 -0.000127 
-0.003736 0.001299 -0.001019 107 2.646680 -0.000004


-0.003741 0.001302 -0.001081 113 2.675873 -0.000066


-0.003711 0.001283 -0.001017 156 2.501545 -0.000001 
-0.003724 0.001292 -0.001017 140 2.575079 -0.000001 
-0.003718 0.001288 -0.001143 106 2.543266 -0.000128 
-0.003705 0.001279 -0.001143 137 2.463091 -0.000127 
-0.003711 0.001283 -0.001017 156 2.501545 -0.000001


-0.003715 0.001286 -0.001080 114 2.520747 -0.000064


-0.003635 0.001166 -0.001020 142 1.786351 -0.000005 
-0.003633 0.001155 -0.001142 109 1.729359 -0.000127 
-0.003632 0.001147 -0.001143 147 1.693448 -0.000127 
-0.003633 0.001152 -0.001020 158 1.715444 -0.000004 
-0.003635 0.001166 -0.001020 142 1.786351 -0.000005


-0.003633 0.001155 -0.001081 115 1.731146 -0.000066


-0.003633 0.001091 -0.001020 111 1.412637 -0.000005 
-0.003637 0.001074 -0.001020 154 1.325017 -0.000005 
-0.003632 0.001102 -0.000890 2 1.464437 0.000125 
-0.003631 0.001126 -0.000890 1 1.585100 0.000125 
-0.003633 0.001091 -0.001020 111 1.412637 -0.000005


-0.003632 0.001098 -0.000955 116 1.446764 0.000060


-0.003643 0.001056 -0.001021 118 1.226900 -0.000005 
-0.003644 0.001052 -0.001143 153 1.210703 -0.000128 
-0.003651 0.001036 -0.001143 117 1.122038 -0.000128 
-0.003650 0.001038 -0.001021 152 1.132456 -0.000006 
-0.003643 0.001056 -0.001021 118 1.226900 -0.000005


-0.003646 0.001045 -0.001082 117 1.173024 -0.000067


