0.001930 -0.001070 0.001069 147 0.154355 -0.001501 
0.001933 -0.001078 0.001070 139 0.141323 -0.001510 
0.001953 -0.001107 0.001066 75 0.189636 -0.001545 
0.001952 -0.001104 0.001065 269 0.202156 -0.001542 
0.001930 -0.001070 0.001069 147 0.154355 -0.001501


0.001942 -0.001090 0.001067 1 0.171867 -0.001525


0.001687 -0.000665 0.001078 107 0.035503 -0.001030 
0.001684 -0.000651 0.001073 212 0.102950 -0.001015 
0.001672 -0.000631 0.001073 8 0.096677 -0.000992 
0.001667 -0.000635 0.001080 9 -0.000883 -0.000993 
0.001687 -0.000665 0.001078 107 0.035503 -0.001030


0.001678 -0.000645 0.001076 2 0.058565 -0.001007


0.001734 -0.000697 0.001032 99 0.559753 -0.001080 
0.001736 -0.000698 0.001021 218 0.667026 -0.001082 
0.001690 -0.000617 0.001019 2 0.686500 -0.000989 
0.001689 -0.000618 0.001029 3 0.587731 -0.000989 
0.001734 -0.000697 0.001032 99 0.559753 -0.001080


0.001712 -0.000657 0.001026 3 0.625254 -0.001035


0.001790 -0.000903 0.001100 210 -0.339029 -0.001286 
0.001773 -0.000864 0.001097 115 -0.288465 -0.001245 
0.001736 -0.000808 0.001099 226 -0.325875 -0.001178 
0.001757 -0.000863 0.001103 163 -0.432804 -0.001235 
0.001790 -0.000903 0.001100 210 -0.339029 -0.001286


0.001764 -0.000859 0.001100 4 -0.346525 -0.001236


0.001959 -0.001198 0.001100 267 -0.347307 -0.001627 
0.001988 -0.001239 0.001098 100 -0.293559 -0.001677 
0.001977 -0.001204 0.001093 94 -0.209388 -0.001641 
0.001952 -0.001175 0.001097 220 -0.285299 -0.001604 
0.001959 -0.001198 0.001100 267 -0.347307 -0.001627


0.001969 -0.001204 0.001097 5 -0.283895 -0.001637


0.001993 -0.001220 0.001089 118 -0.138122 -0.001663 
0.001977 -0.001204 0.001093 94 -0.209388 -0.001641 
0.001988 -0.001239 0.001098 100 -0.293559 -0.001677 
0.002005 -0.001253 0.001094 101 -0.211254 -0.001697 
0.001993 -0.001220 0.001089 118 -0.138122 -0.001663


0.001991 -0.001229 0.001094 6 -0.213076 -0.001669


0.001691 -0.000736 0.001101 237 -0.361950 -0.001093 
0.001732 -0.000794 0.001098 103 -0.290202 -0.001163 
0.001735 -0.000789 0.001095 57 -0.232597 -0.001161 
0.001692 -0.000729 0.001098 110 -0.309438 -0.001087 
0.001691 -0.000736 0.001101 237 -0.361950 -0.001093


0.001713 -0.000762 0.001098 7 -0.298548 -0.001126


0.001790 -0.000903 0.001100 210 -0.339029 -0.001286 
0.001757 -0.000863 0.001103 163 -0.432804 -0.001235 
0.001814 -0.000978 0.001106 162 -0.519647 -0.001363 
0.001819 -0.000957 0.001101 144 -0.360706 -0.001348 
0.001790 -0.000903 0.001100 210 -0.339029 -0.001286


0.001795 -0.000925 0.001103 8 -0.413019 -0.001308


0.001876 -0.001032 0.001094 256 -0.220430 -0.001442 
0.001868 -0.001023 0.001096 112 -0.256957 -0.001430 
0.001886 -0.001055 0.001096 211 -0.256063 -0.001466 
0.001895 -0.001062 0.001093 105 -0.210755 -0.001477 
0.001876 -0.001032 0.001094 256 -0.220430 -0.001442


0.001881 -0.001043 0.001095 9 -0.236051 -0.001454


0.002013 -0.001195 0.001052 151 0.349170 -0.001651 
0.002018 -0.001194 0.001040 263 0.477276 -0.001653 
0.001971 -0.001114 0.001044 188 0.439090 -0.001560 
0.001968 -0.001118 0.001053 255 0.333201 -0.001562 
0.002013 -0.001195 0.001052 151 0.349170 -0.001651


0.001993 -0.001155 0.001047 10 0.399680 -0.001606


0.001994 -0.001200 0.001080 282 0.007387 -0.001646 
0.002001 -0.001205 0.001076 202 0.056079 -0.001654 
0.001993 -0.001190 0.001075 91 0.066280 -0.001637 
0.001985 -0.001183 0.001079 128 0.013545 -0.001627 
0.001994 -0.001200 0.001080 282 0.007387 -0.001646


0.001993 -0.001195 0.001078 11 0.035823 -0.001641


0.001970 -0.001137 0.001066 109 0.184389 -0.001579 
0.001977 -0.001149 0.001067 259 0.178047 -0.001594 
0.001984 -0.001160 0.001066 177 0.190149 -0.001606 
0.001972 -0.001139 0.001065 92 0.196106 -0.001582 
0.001970 -0.001137 0.001066 109 0.184389 -0.001579


0.001976 -0.001146 0.001066 12 0.187173 -0.001590


0.001648 -0.000649 0.001098 12 -0.294926 -0.000995 
0.001640 -0.000654 0.001102 13 -0.392696 -0.000996 
0.001692 -0.000729 0.001098 110 -0.309438 -0.001087 
0.001693 -0.000714 0.001094 67 -0.220062 -0.001074 
0.001648 -0.000649 0.001098 12 -0.294926 -0.000995


0.001668 -0.000686 0.001098 13 -0.304276 -0.001038


0.001906 -0.001061 0.001085 52 -0.074574 -0.001481 
0.001904 -0.001050 0.001082 136 -0.031769 -0.001472 
0.001886 -0.001024 0.001085 69 -0.068542 -0.001439 
0.001890 -0.001038 0.001088 111 -0.112938 -0.001454 
0.001906 -0.001061 0.001085 52 -0.074574 -0.001481


0.001897 -0.001043 0.001085 14 -0.071955 -0.001462


0.001907 -0.001084 0.001093 114 -0.208821 -0.001502 
0.001886 -0.001055 0.001096 211 -0.256063 -0.001466 
0.001878 -0.001046 0.001097 113 -0.288013 -0.001455 
0.001900 -0.001078 0.001096 235 -0.251831 -0.001493 
0.001907 -0.001084 0.001093 114 -0.208821 -0.001502


0.001893 -0.001066 0.001096 15 -0.251183 -0.001479


0.001895 -0.001062 0.001093 105 -0.210755 -0.001477 
0.001886 -0.001055 0.001096 211 -0.256063 -0.001466 
0.001907 -0.001084 0.001093 114 -0.208821 -0.001502 
0.001914 -0.001086 0.001090 46 -0.151529 -0.001508 
0.001895 -0.001062 0.001093 105 -0.210755 -0.001477


0.001901 -0.001072 0.001093 16 -0.206794 -0.001488


0.001878 -0.001046 0.001097 113 -0.288013 -0.001455 
0.001886 -0.001055 0.001096 211 -0.256063 -0.001466 
0.001868 -0.001023 0.001096 112 -0.256957 -0.001430 
0.001864 -0.001024 0.001098 222 -0.296415 -0.001429 
0.001878 -0.001046 0.001097 113 -0.288013 -0.001455


0.001874 -0.001037 0.001097 17 -0.274362 -0.001445


0.001827 -0.000949 0.001095 85 -0.233027 -0.001345 
0.001844 -0.000973 0.001093 186 -0.205106 -0.001374 
0.001840 -0.000959 0.001091 73 -0.158189 -0.001361 
0.001822 -0.000934 0.001093 116 -0.194022 -0.001330 
0.001827 -0.000949 0.001095 85 -0.233027 -0.001345


0.001833 -0.000954 0.001093 18 -0.197587 -0.001352


0.001672 -0.000631 0.001073 8 0.096677 -0.000992 
0.001684 -0.000651 0.001073 212 0.102950 -0.001015 
0.001693 -0.000658 0.001067 117 0.171640 -0.001026 
0.001677 -0.000627 0.001065 7 0.194650 -0.000991 
0.001672 -0.000631 0.001073 8 0.096677 -0.000992


0.001681 -0.000641 0.001070 19 0.141478 -0.001006


0.001705 -0.000688 0.001073 51 0.098105 -0.001058 
0.001693 -0.000658 0.001067 117 0.171640 -0.001026 
0.001684 -0.000651 0.001073 212 0.102950 -0.001015 
0.001687 -0.000665 0.001078 107 0.035503 -0.001030 
0.001705 -0.000688 0.001073 51 0.098105 -0.001058


0.001692 -0.000665 0.001073 20 0.102048 -0.001032


0.001705 -0.000688 0.001073 51 0.098105 -0.001058 
0.001725 -0.000712 0.001066 97 0.189375 -0.001089 
0.001704 -0.000670 0.001061 217 0.242967 -0.001042 
0.001693 -0.000658 0.001067 117 0.171640 -0.001026 
0.001705 -0.000688 0.001073 51 0.098105 -0.001058


0.001707 -0.000682 0.001067 21 0.175528 -0.001054


0.002015 -0.001239 0.001080 120 -0.002715 -0.001690 
0.002006 -0.001231 0.001085 213 -0.068068 -0.001679 
0.002020 -0.001264 0.001088 119 -0.113647 -0.001715 
0.002028 -0.001266 0.001083 93 -0.043626 -0.001720 
0.002015 -0.001239 0.001080 120 -0.002715 -0.001690


0.002017 -0.001250 0.001084 22 -0.057013 -0.001701


0.002020 -0.001264 0.001088 119 -0.113647 -0.001715 
0.002005 -0.001253 0.001094 101 -0.211254 -0.001697 
0.002025 -0.001302 0.001098 26 -0.294524 -0.001750 
0.002032 -0.001298 0.001093 27 -0.196350 -0.001750 
0.002020 -0.001264 0.001088 119 -0.113647 -0.001715


0.002021 -0.001279 0.001093 23 -0.203943 -0.001728


0.001805 -0.000998 0.001109 281 -0.700707 -0.001377 
0.001796 -0.001000 0.001110 19 -0.785398 -0.001374 
0.001890 -0.001163 0.001110 20 -0.785398 -0.001562 
0.001901 -0.001168 0.001109 280 -0.716451 -0.001571 
0.001805 -0.000998 0.001109 281 -0.700707 -0.001377


0.001848 -0.001082 0.001109 24 -0.746989 -0.001471


0.001924 -0.001120 0.001096 270 -0.255064 -0.001542 
0.001902 -0.001090 0.001098 59 -0.301355 -0.001504 
0.001895 -0.001087 0.001100 214 -0.353544 -0.001499 
0.001926 -0.001135 0.001099 121 -0.319277 -0.001555 
0.001924 -0.001120 0.001096 270 -0.255064 -0.001542


0.001912 -0.001108 0.001098 25 -0.307312 -0.001525


0.001731 -0.000769 0.001090 148 -0.150833 -0.001142 
0.001723 -0.000745 0.001086 152 -0.084772 -0.001117 
0.001690 -0.000694 0.001089 123 -0.127014 -0.001056 
0.001693 -0.000714 0.001094 67 -0.220062 -0.001074 
0.001731 -0.000769 0.001090 148 -0.150833 -0.001142


0.001709 -0.000731 0.001090 26 -0.145663 -0.001097


0.002039 -0.001294 0.001087 28 -0.098175 -0.001750 
0.002028 -0.001266 0.001083 93 -0.043626 -0.001720 
0.002020 -0.001264 0.001088 119 -0.113647 -0.001715 
0.002032 -0.001298 0.001093 27 -0.196350 -0.001750 
0.002039 -0.001294 0.001087 28 -0.098175 -0.001750


0.002030 -0.001281 0.001088 27 -0.112939 -0.001734


0.002006 -0.001231 0.001085 213 -0.068068 -0.001679 
0.002001 -0.001218 0.001082 191 -0.028386 -0.001666 
0.001989 -0.001207 0.001087 90 -0.101115 -0.001649 
0.001993 -0.001220 0.001089 118 -0.138122 -0.001663 
0.002006 -0.001231 0.001085 213 -0.068068 -0.001679


0.001997 -0.001219 0.001086 28 -0.083923 -0.001664


0.001765 -0.000776 0.001062 167 0.231130 -0.001164 
0.001788 -0.000822 0.001068 247 0.167136 -0.001216 
0.001821 -0.000864 0.001054 143 0.323236 -0.001268 
0.001790 -0.000806 0.001050 228 0.368879 -0.001203 
0.001765 -0.000776 0.001062 167 0.231130 -0.001164


0.001791 -0.000817 0.001059 29 0.272605 -0.001213


0.001736 -0.000698 0.001021 218 0.667026 -0.001082 
0.001782 -0.000776 0.001021 209 0.667400 -0.001173 
0.001785 -0.000781 0.001010 43 0.785398 -0.001179 
0.001738 -0.000699 0.001010 44 0.785398 -0.001084 
0.001736 -0.000698 0.001021 218 0.667026 -0.001082


0.001760 -0.000738 0.001015 30 0.726306 -0.001129


0.001792 -0.000882 0.001093 268 -0.199986 -0.001270 
0.001796 -0.000878 0.001089 250 -0.131943 -0.001268 
0.001765 -0.000835 0.001092 189 -0.192322 -0.001215 
0.001765 -0.000843 0.001095 215 -0.242993 -0.001222 
0.001792 -0.000882 0.001093 268 -0.199986 -0.001270


0.001779 -0.000859 0.001092 31 -0.191814 -0.001244


0.001870 -0.000964 0.001067 129 0.177970 -0.001380 
0.001850 -0.000921 0.001061 274 0.250278 -0.001333 
0.001811 -0.000874 0.001075 55 0.073789 -0.001273 
0.001835 -0.000925 0.001080 253 0.007147 -0.001328 
0.001870 -0.000964 0.001067 129 0.177970 -0.001380


0.001842 -0.000921 0.001071 32 0.127292 -0.001328


0.001714 -0.000822 0.001108 216 -0.604218 -0.001179 
0.001689 -0.000743 0.001103 176 -0.415242 -0.001098 
0.001625 -0.000664 0.001108 15 -0.589216 -0.000998 
0.001617 -0.000670 0.001109 16 -0.686938 -0.000998 
0.001714 -0.000822 0.001108 216 -0.604218 -0.001179


0.001661 -0.000725 0.001107 33 -0.574009 -0.001068


0.001874 -0.001076 0.001105 70 -0.489501 -0.001478 
0.001850 -0.001024 0.001103 277 -0.426261 -0.001421 
0.001814 -0.000978 0.001106 162 -0.519647 -0.001363 
0.001805 -0.000998 0.001109 281 -0.700707 -0.001377 
0.001874 -0.001076 0.001105 70 -0.489501 -0.001478


0.001836 -0.001019 0.001106 34 -0.533892 -0.001410


0.001835 -0.000925 0.001080 253 0.007147 -0.001328 
0.001828 -0.000920 0.001083 149 -0.038282 -0.001321 
0.001854 -0.000966 0.001084 238 -0.056057 -0.001373 
0.001869 -0.000982 0.001078 145 0.025249 -0.001395 
0.001835 -0.000925 0.001080 253 0.007147 -0.001328


0.001847 -0.000948 0.001081 35 -0.015486 -0.001354


0.001922 -0.001110 0.001094 134 -0.217926 -0.001532 
0.001924 -0.001120 0.001096 270 -0.255064 -0.001542 
0.001944 -0.001145 0.001092 206 -0.189069 -0.001573 
0.001943 -0.001137 0.001091 132 -0.160775 -0.001566 
0.001922 -0.001110 0.001094 134 -0.217926 -0.001532


0.001933 -0.001128 0.001093 36 -0.205707 -0.001553


0.001735 -0.000789 0.001095 57 -0.232597 -0.001161 
0.001732 -0.000794 0.001098 103 -0.290202 -0.001163 
0.001765 -0.000843 0.001095 215 -0.242993 -0.001222 
0.001765 -0.000835 0.001092 189 -0.192322 -0.001215 
0.001735 -0.000789 0.001095 57 -0.232597 -0.001161


0.001749 -0.000815 0.001095 37 -0.239527 -0.001190


0.001978 -0.001156 0.001070 68 0.140563 -0.001600 
0.001988 -0.001169 0.001067 194 0.170970 -0.001616 
0.001977 -0.001149 0.001067 259 0.178047 -0.001594 
0.001968 -0.001136 0.001068 178 0.157347 -0.001578 
0.001978 -0.001156 0.001070 68 0.140563 -0.001600


0.001978 -0.001153 0.001068 38 0.161732 -0.001597


0.001922 -0.001110 0.001094 134 -0.217926 -0.001532 
0.001924 -0.001108 0.001092 84 -0.182375 -0.001532 
0.001907 -0.001084 0.001093 114 -0.208821 -0.001502 
0.001900 -0.001078 0.001096 235 -0.251831 -0.001493 
0.001922 -0.001110 0.001094 134 -0.217926 -0.001532


0.001913 -0.001095 0.001094 39 -0.215238 -0.001515


0.001911 -0.001044 0.001073 56 0.095969 -0.001469 
0.001903 -0.001032 0.001073 251 0.092962 -0.001455 
0.001883 -0.001008 0.001079 154 0.013325 -0.001424 
0.001888 -0.001015 0.001079 234 0.020345 -0.001432 
0.001911 -0.001044 0.001073 56 0.095969 -0.001469


0.001896 -0.001025 0.001076 40 0.055650 -0.001445


0.001681 -0.000624 0.001057 6 0.293269 -0.000990 
0.001704 -0.000670 0.001061 217 0.242967 -0.001042 
0.001716 -0.000681 0.001053 137 0.339265 -0.001058 
0.001684 -0.000621 0.001048 5 0.391120 -0.000990 
0.001681 -0.000624 0.001057 6 0.293269 -0.000990


0.001696 -0.000649 0.001055 41 0.316654 -0.001020


0.001693 -0.000658 0.001067 117 0.171640 -0.001026 
0.001704 -0.000670 0.001061 217 0.242967 -0.001042 
0.001681 -0.000624 0.001057 6 0.293269 -0.000990 
0.001677 -0.000627 0.001065 7 0.194650 -0.000991 
0.001693 -0.000658 0.001067 117 0.171640 -0.001026


0.001689 -0.000645 0.001063 42 0.225626 -0.001012


0.001704 -0.000670 0.001061 217 0.242967 -0.001042 
0.001725 -0.000712 0.001066 97 0.189375 -0.001089 
0.001746 -0.000736 0.001055 273 0.308341 -0.001120 
0.001716 -0.000681 0.001053 137 0.339265 -0.001058 
0.001704 -0.000670 0.001061 217 0.242967 -0.001042


0.001723 -0.000700 0.001059 43 0.269993 -0.001077


0.001715 -0.000718 0.001081 126 -0.004354 -0.001089 
0.001723 -0.000745 0.001086 152 -0.084772 -0.001117 
0.001755 -0.000784 0.001078 60 0.028306 -0.001166 
0.001740 -0.000746 0.001072 203 0.112563 -0.001126 
0.001715 -0.000718 0.001081 126 -0.004354 -0.001089


0.001733 -0.000748 0.001079 44 0.012933 -0.001125


0.001734 -0.000697 0.001032 99 0.559753 -0.001080 
0.001726 -0.000691 0.001043 61 0.447171 -0.001071 
0.001761 -0.000752 0.001045 138 0.419109 -0.001141 
0.001774 -0.000768 0.001033 130 0.544822 -0.001162 
0.001734 -0.000697 0.001032 99 0.559753 -0.001080


0.001749 -0.000727 0.001038 45 0.492716 -0.001114


0.001736 -0.000698 0.001021 218 0.667026 -0.001082 
0.001738 -0.000699 0.001010 44 0.785398 -0.001084 
0.001690 -0.000616 0.001010 1 0.785398 -0.000989 
0.001690 -0.000617 0.001019 2 0.686500 -0.000989 
0.001736 -0.000698 0.001021 218 0.667026 -0.001082


0.001714 -0.000657 0.001015 46 0.731082 -0.001036


0.001774 -0.000768 0.001033 130 0.544822 -0.001162 
0.001811 -0.000833 0.001036 127 0.522283 -0.001236 
0.001824 -0.000850 0.001022 225 0.659426 -0.001258 
0.001782 -0.000776 0.001021 209 0.667400 -0.001173 
0.001774 -0.000768 0.001033 130 0.544822 -0.001162


0.001798 -0.000807 0.001028 47 0.598485 -0.001207


0.001690 -0.000694 0.001089 123 -0.127014 -0.001056 
0.001689 -0.000678 0.001083 47 -0.038321 -0.001041 
0.001661 -0.000639 0.001087 10 -0.098980 -0.000994 
0.001654 -0.000644 0.001093 11 -0.197331 -0.000994 
0.001690 -0.000694 0.001089 123 -0.127014 -0.001056


0.001674 -0.000664 0.001088 48 -0.115408 -0.001021


0.001661 -0.000639 0.001087 10 -0.098980 -0.000994 
0.001689 -0.000678 0.001083 47 -0.038321 -0.001041 
0.001687 -0.000665 0.001078 107 0.035503 -0.001030 
0.001667 -0.000635 0.001080 9 -0.000883 -0.000993 
0.001661 -0.000639 0.001087 10 -0.098980 -0.000994


0.001676 -0.000654 0.001082 49 -0.025664 -0.001014


0.001921 -0.001018 0.001023 166 0.648528 -0.001451 
0.001973 -0.001107 0.001020 133 0.680009 -0.001555 
0.001976 -0.001111 0.001010 39 0.785398 -0.001560 
0.001928 -0.001029 0.001010 40 0.785398 -0.001465 
0.001921 -0.001018 0.001023 166 0.648528 -0.001451


0.001949 -0.001066 0.001016 50 0.724837 -0.001508


0.001932 -0.001080 0.001073 165 0.100398 -0.001511 
0.001920 -0.001060 0.001073 108 0.093889 -0.001488 
0.001907 -0.001042 0.001076 158 0.055862 -0.001466 
0.001918 -0.001062 0.001076 170 0.061252 -0.001488 
0.001932 -0.001080 0.001073 165 0.100398 -0.001511


0.001919 -0.001061 0.001075 51 0.077850 -0.001488


0.001839 -0.000948 0.001087 135 -0.099546 -0.001351 
0.001857 -0.000981 0.001087 257 -0.107885 -0.001388 
0.001857 -0.000976 0.001086 233 -0.079345 -0.001384 
0.001854 -0.000966 0.001084 238 -0.056057 -0.001373 
0.001839 -0.000948 0.001087 135 -0.099546 -0.001351


0.001852 -0.000968 0.001086 52 -0.085709 -0.001374


0.001876 -0.001025 0.001092 140 -0.185611 -0.001435 
0.001873 -0.001014 0.001090 78 -0.144195 -0.001425 
0.001858 -0.000987 0.001090 106 -0.145260 -0.001394 
0.001860 -0.000998 0.001092 86 -0.190660 -0.001404 
0.001876 -0.001025 0.001092 140 -0.185611 -0.001435


0.001867 -0.001006 0.001091 53 -0.166432 -0.001414


0.001921 -0.001039 0.001055 223 0.313081 -0.001470 
0.001870 -0.000964 0.001067 129 0.177970 -0.001380 
0.001898 -0.001020 0.001072 50 0.111389 -0.001441 
0.001922 -0.001047 0.001061 157 0.245831 -0.001478 
0.001921 -0.001039 0.001055 223 0.313081 -0.001470


0.001903 -0.001017 0.001064 54 0.212067 -0.001442


0.001860 -0.000998 0.001092 86 -0.190660 -0.001404 
0.001858 -0.000987 0.001090 106 -0.145260 -0.001394 
0.001840 -0.000959 0.001091 73 -0.158189 -0.001361 
0.001844 -0.000973 0.001093 186 -0.205106 -0.001374 
0.001860 -0.000998 0.001092 86 -0.190660 -0.001404


0.001850 -0.000979 0.001091 55 -0.174804 -0.001383


0.001869 -0.000982 0.001078 145 0.025249 -0.001395 
0.001854 -0.000966 0.001084 238 -0.056057 -0.001373 
0.001857 -0.000976 0.001086 233 -0.079345 -0.001384 
0.001873 -0.000991 0.001080 146 0.005362 -0.001405 
0.001869 -0.000982 0.001078 145 0.025249 -0.001395


0.001863 -0.000979 0.001082 56 -0.026198 -0.001389


0.001933 -0.001078 0.001070 139 0.141323 -0.001510 
0.001930 -0.001070 0.001069 147 0.154355 -0.001501 
0.001911 -0.001044 0.001073 56 0.095969 -0.001469 
0.001920 -0.001060 0.001073 108 0.093889 -0.001488 
0.001933 -0.001078 0.001070 139 0.141323 -0.001510


0.001923 -0.001063 0.001071 57 0.121384 -0.001492


0.001689 -0.000743 0.001103 176 -0.415242 -0.001098 
0.001691 -0.000736 0.001101 237 -0.361950 -0.001093 
0.001633 -0.000659 0.001105 14 -0.491282 -0.000997 
0.001625 -0.000664 0.001108 15 -0.589216 -0.000998 
0.001689 -0.000743 0.001103 176 -0.415242 -0.001098


0.001660 -0.000701 0.001104 58 -0.464391 -0.001046


0.001692 -0.000729 0.001098 110 -0.309438 -0.001087 
0.001735 -0.000789 0.001095 57 -0.232597 -0.001161 
0.001731 -0.000769 0.001090 148 -0.150833 -0.001142 
0.001693 -0.000714 0.001094 67 -0.220062 -0.001074 
0.001692 -0.000729 0.001098 110 -0.309438 -0.001087


0.001713 -0.000750 0.001094 59 -0.228230 -0.001116


0.001633 -0.000659 0.001105 14 -0.491282 -0.000997 
0.001691 -0.000736 0.001101 237 -0.361950 -0.001093 
0.001692 -0.000729 0.001098 110 -0.309438 -0.001087 
0.001640 -0.000654 0.001102 13 -0.392696 -0.000996 
0.001633 -0.000659 0.001105 14 -0.491282 -0.000997


0.001664 -0.000694 0.001102 60 -0.388818 -0.001043


0.001687 -0.000665 0.001078 107 0.035503 -0.001030 
0.001689 -0.000678 0.001083 47 -0.038321 -0.001041 
0.001715 -0.000718 0.001081 126 -0.004354 -0.001089 
0.001705 -0.000688 0.001073 51 0.098105 -0.001058 
0.001687 -0.000665 0.001078 107 0.035503 -0.001030


0.001699 -0.000687 0.001079 61 0.022725 -0.001055


0.002013 -0.001195 0.001052 151 0.349170 -0.001651 
0.002029 -0.001230 0.001059 221 0.264328 -0.001689 
0.002061 -0.001282 0.001057 32 0.294524 -0.001750 
0.002064 -0.001280 0.001048 33 0.392699 -0.001750 
0.002013 -0.001195 0.001052 151 0.349170 -0.001651


0.002042 -0.001246 0.001054 62 0.325178 -0.001710


0.002015 -0.001208 0.001062 150 0.239022 -0.001663 
0.002003 -0.001190 0.001064 227 0.213730 -0.001642 
0.002021 -0.001226 0.001067 184 0.170908 -0.001682 
0.002031 -0.001241 0.001066 261 0.190374 -0.001700 
0.002015 -0.001208 0.001062 150 0.239022 -0.001663


0.002017 -0.001216 0.001065 63 0.203508 -0.001672


0.002029 -0.001230 0.001059 221 0.264328 -0.001689 
0.002044 -0.001263 0.001065 236 0.193169 -0.001726 
0.002056 -0.001284 0.001065 31 0.196350 -0.001750 
0.002061 -0.001282 0.001057 32 0.294524 -0.001750 
0.002029 -0.001230 0.001059 221 0.264328 -0.001689


0.002047 -0.001265 0.001062 64 0.237090 -0.001729


0.001687 -0.000619 0.001039 4 0.488976 -0.000989 
0.001726 -0.000691 0.001043 61 0.447171 -0.001071 
0.001734 -0.000697 0.001032 99 0.559753 -0.001080 
0.001689 -0.000618 0.001029 3 0.587731 -0.000989 
0.001687 -0.000619 0.001039 4 0.488976 -0.000989


0.001709 -0.000656 0.001036 65 0.520911 -0.001032


0.001716 -0.000681 0.001053 137 0.339265 -0.001058 
0.001726 -0.000691 0.001043 61 0.447171 -0.001071 
0.001687 -0.000619 0.001039 4 0.488976 -0.000989 
0.001684 -0.000621 0.001048 5 0.391120 -0.000990 
0.001716 -0.000681 0.001053 137 0.339265 -0.001058


0.001703 -0.000653 0.001046 66 0.416636 -0.001027


0.001868 -0.001023 0.001096 112 -0.256957 -0.001430 
0.001855 -0.001002 0.001096 83 -0.262814 -0.001405 
0.001848 -0.000998 0.001098 175 -0.304798 -0.001398 
0.001864 -0.001024 0.001098 222 -0.296415 -0.001429 
0.001868 -0.001023 0.001096 112 -0.256957 -0.001430


0.001859 -0.001012 0.001097 67 -0.280246 -0.001415


0.001922 -0.001082 0.001083 153 -0.041296 -0.001508 
0.001924 -0.001095 0.001087 64 -0.094557 -0.001520 
0.001938 -0.001115 0.001085 239 -0.067435 -0.001544 
0.001936 -0.001103 0.001081 79 -0.012561 -0.001533 
0.001922 -0.001082 0.001083 153 -0.041296 -0.001508


0.001930 -0.001099 0.001084 68 -0.053962 -0.001526


0.001922 -0.001047 0.001061 157 0.245831 -0.001478 
0.001898 -0.001020 0.001072 50 0.111389 -0.001441 
0.001899 -0.001022 0.001073 244 0.103525 -0.001444 
0.001924 -0.001056 0.001065 74 0.192103 -0.001487 
0.001922 -0.001047 0.001061 157 0.245831 -0.001478


0.001911 -0.001036 0.001068 69 0.163202 -0.001463


0.001931 -0.001084 0.001076 155 0.059784 -0.001515 
0.001918 -0.001062 0.001076 170 0.061252 -0.001488 
0.001922 -0.001071 0.001077 156 0.040738 -0.001498 
0.001929 -0.001082 0.001077 54 0.046109 -0.001511 
0.001931 -0.001084 0.001076 155 0.059784 -0.001515


0.001925 -0.001075 0.001077 70 0.051971 -0.001503


0.001940 -0.001101 0.001076 122 0.053289 -0.001533 
0.001951 -0.001115 0.001074 159 0.089565 -0.001551 
0.001935 -0.001089 0.001074 266 0.080720 -0.001521 
0.001931 -0.001084 0.001076 155 0.059784 -0.001515 
0.001940 -0.001101 0.001076 122 0.053289 -0.001533


0.001940 -0.001097 0.001075 71 0.070839 -0.001530


0.001899 -0.001022 0.001073 244 0.103525 -0.001444 
0.001898 -0.001020 0.001072 50 0.111389 -0.001441 
0.001869 -0.000982 0.001078 145 0.025249 -0.001395 
0.001873 -0.000991 0.001080 146 0.005362 -0.001405 
0.001899 -0.001022 0.001073 244 0.103525 -0.001444


0.001885 -0.001004 0.001076 72 0.061382 -0.001421


0.001828 -0.000920 0.001083 149 -0.038282 -0.001321 
0.001817 -0.000914 0.001088 76 -0.122289 -0.001310 
0.001839 -0.000948 0.001087 135 -0.099546 -0.001351 
0.001854 -0.000966 0.001084 238 -0.056057 -0.001373 
0.001828 -0.000920 0.001083 149 -0.038282 -0.001321


0.001835 -0.000937 0.001086 73 -0.079043 -0.001339


0.001955 -0.001107 0.001063 232 0.218541 -0.001546 
0.001960 -0.001110 0.001059 275 0.265626 -0.001550 
0.001924 -0.001056 0.001065 74 0.192103 -0.001487 
0.001928 -0.001065 0.001068 262 0.166586 -0.001496 
0.001955 -0.001107 0.001063 232 0.218541 -0.001546


0.001942 -0.001084 0.001064 74 0.210711 -0.001520


0.001902 -0.001038 0.001078 58 0.034613 -0.001460 
0.001883 -0.001015 0.001083 171 -0.033748 -0.001430 
0.001886 -0.001024 0.001085 69 -0.068542 -0.001439 
0.001904 -0.001050 0.001082 136 -0.031769 -0.001472 
0.001902 -0.001038 0.001078 58 0.034613 -0.001460


0.001894 -0.001032 0.001082 75 -0.024867 -0.001450


0.001740 -0.000746 0.001072 203 0.112563 -0.001126 
0.001765 -0.000776 0.001062 167 0.231130 -0.001164 
0.001746 -0.000736 0.001055 273 0.308341 -0.001120 
0.001725 -0.000712 0.001066 97 0.189375 -0.001089 
0.001740 -0.000746 0.001072 203 0.112563 -0.001126


0.001744 -0.000742 0.001064 76 0.210352 -0.001125


0.001850 -0.000921 0.001061 274 0.250278 -0.001333 
0.001917 -0.001016 0.001034 196 0.533658 -0.001448 
0.001865 -0.000924 0.001028 231 0.599116 -0.001342 
0.001821 -0.000864 0.001054 143 0.323236 -0.001268 
0.001850 -0.000921 0.001061 274 0.250278 -0.001333


0.001864 -0.000931 0.001045 77 0.426581 -0.001348


0.001906 -0.001061 0.001085 52 -0.074574 -0.001481 
0.001890 -0.001038 0.001088 111 -0.112938 -0.001454 
0.001893 -0.001050 0.001091 49 -0.159487 -0.001466 
0.001910 -0.001072 0.001088 104 -0.114949 -0.001493 
0.001906 -0.001061 0.001085 52 -0.074574 -0.001481


0.001900 -0.001055 0.001088 78 -0.115486 -0.001474


0.001922 -0.001082 0.001083 153 -0.041296 -0.001508 
0.001906 -0.001061 0.001085 52 -0.074574 -0.001481 
0.001910 -0.001072 0.001088 104 -0.114949 -0.001493 
0.001924 -0.001095 0.001087 64 -0.094557 -0.001520 
0.001922 -0.001082 0.001083 153 -0.041296 -0.001508


0.001916 -0.001077 0.001086 79 -0.081345 -0.001501


0.001755 -0.000784 0.001078 60 0.028306 -0.001166 
0.001788 -0.000822 0.001068 247 0.167136 -0.001216 
0.001765 -0.000776 0.001062 167 0.231130 -0.001164 
0.001740 -0.000746 0.001072 203 0.112563 -0.001126 
0.001755 -0.000784 0.001078 60 0.028306 -0.001166


0.001762 -0.000782 0.001070 80 0.134796 -0.001168


0.001973 -0.001107 0.001020 133 0.680009 -0.001555 
0.001969 -0.001105 0.001033 62 0.548760 -0.001551 
0.002023 -0.001196 0.001027 168 0.610508 -0.001656 
0.002024 -0.001195 0.001014 265 0.737352 -0.001657 
0.001973 -0.001107 0.001020 133 0.680009 -0.001555


0.001997 -0.001151 0.001024 81 0.644159 -0.001605


0.001992 -0.001165 0.001058 246 0.274019 -0.001615 
0.001960 -0.001110 0.001059 275 0.265626 -0.001550 
0.001955 -0.001107 0.001063 232 0.218541 -0.001546 
0.001983 -0.001153 0.001061 169 0.242083 -0.001600 
0.001992 -0.001165 0.001058 246 0.274019 -0.001615


0.001973 -0.001134 0.001061 82 0.250068 -0.001578


0.001761 -0.000807 0.001085 48 -0.063737 -0.001189 
0.001755 -0.000784 0.001078 60 0.028306 -0.001166 
0.001723 -0.000745 0.001086 152 -0.084772 -0.001117 
0.001731 -0.000769 0.001090 148 -0.150833 -0.001142 
0.001761 -0.000807 0.001085 48 -0.063737 -0.001189


0.001743 -0.000776 0.001085 83 -0.067772 -0.001153


0.001689 -0.000743 0.001103 176 -0.415242 -0.001098 
0.001736 -0.000808 0.001099 226 -0.325875 -0.001178 
0.001732 -0.000794 0.001098 103 -0.290202 -0.001163 
0.001691 -0.000736 0.001101 237 -0.361950 -0.001093 
0.001689 -0.000743 0.001103 176 -0.415242 -0.001098


0.001712 -0.000770 0.001100 84 -0.348313 -0.001133


0.001648 -0.000649 0.001098 12 -0.294926 -0.000995 
0.001693 -0.000714 0.001094 67 -0.220062 -0.001074 
0.001690 -0.000694 0.001089 123 -0.127014 -0.001056 
0.001654 -0.000644 0.001093 11 -0.197331 -0.000994 
0.001648 -0.000649 0.001098 12 -0.294926 -0.000995


0.001671 -0.000675 0.001093 85 -0.209831 -0.001030


0.001714 -0.000822 0.001108 216 -0.604218 -0.001179 
0.001617 -0.000670 0.001109 16 -0.686938 -0.000998 
0.001609 -0.000675 0.001110 17 -0.785398 -0.000999 
0.001702 -0.000838 0.001110 18 -0.785398 -0.001187 
0.001714 -0.000822 0.001108 216 -0.604218 -0.001179


0.001661 -0.000751 0.001109 86 -0.715518 -0.001091


0.001736 -0.000808 0.001099 226 -0.325875 -0.001178 
0.001773 -0.000864 0.001097 115 -0.288465 -0.001245 
0.001765 -0.000843 0.001095 215 -0.242993 -0.001222 
0.001732 -0.000794 0.001098 103 -0.290202 -0.001163 
0.001736 -0.000808 0.001099 226 -0.325875 -0.001178


0.001752 -0.000827 0.001097 87 -0.286885 -0.001202


0.001833 -0.000864 0.001010 42 0.785398 -0.001274 
0.001824 -0.000850 0.001022 225 0.659426 -0.001258 
0.001871 -0.000932 0.001022 142 0.657790 -0.001353 
0.001880 -0.000946 0.001010 41 0.785398 -0.001369 
0.001833 -0.000864 0.001010 42 0.785398 -0.001274


0.001852 -0.000898 0.001016 88 0.722003 -0.001314


0.001811 -0.000833 0.001036 127 0.522283 -0.001236 
0.001865 -0.000924 0.001028 231 0.599116 -0.001342 
0.001871 -0.000932 0.001022 142 0.657790 -0.001353 
0.001824 -0.000850 0.001022 225 0.659426 -0.001258 
0.001811 -0.000833 0.001036 127 0.522283 -0.001236


0.001843 -0.000885 0.001027 89 0.609672 -0.001297


0.001932 -0.001080 0.001073 165 0.100398 -0.001511 
0.001942 -0.001093 0.001069 71 0.143724 -0.001528 
0.001933 -0.001078 0.001070 139 0.141323 -0.001510 
0.001920 -0.001060 0.001073 108 0.093889 -0.001488 
0.001932 -0.001080 0.001073 165 0.100398 -0.001511


0.001932 -0.001078 0.001071 90 0.119834 -0.001509


0.001888 -0.001015 0.001079 234 0.020345 -0.001432 
0.001907 -0.001042 0.001076 158 0.055862 -0.001466 
0.001920 -0.001060 0.001073 108 0.093889 -0.001488 
0.001911 -0.001044 0.001073 56 0.095969 -0.001469 
0.001888 -0.001015 0.001079 234 0.020345 -0.001432


0.001906 -0.001040 0.001075 91 0.066518 -0.001464


0.001883 -0.001008 0.001079 154 0.013325 -0.001424 
0.001903 -0.001032 0.001073 251 0.092962 -0.001455 
0.001899 -0.001022 0.001073 244 0.103525 -0.001444 
0.001873 -0.000991 0.001080 146 0.005362 -0.001405 
0.001883 -0.001008 0.001079 154 0.013325 -0.001424


0.001890 -0.001013 0.001076 92 0.053793 -0.001432


0.001857 -0.000981 0.001087 257 -0.107885 -0.001388 
0.001874 -0.001007 0.001087 181 -0.093913 -0.001419 
0.001876 -0.001003 0.001083 53 -0.043765 -0.001416 
0.001857 -0.000976 0.001086 233 -0.079345 -0.001384 
0.001857 -0.000981 0.001087 257 -0.107885 -0.001388


0.001866 -0.000992 0.001086 93 -0.081228 -0.001402


0.001928 -0.001065 0.001068 262 0.166586 -0.001496 
0.001903 -0.001032 0.001073 251 0.092962 -0.001455 
0.001911 -0.001044 0.001073 56 0.095969 -0.001469 
0.001930 -0.001070 0.001069 147 0.154355 -0.001501 
0.001928 -0.001065 0.001068 262 0.166586 -0.001496


0.001918 -0.001053 0.001071 94 0.127468 -0.001480


0.001792 -0.000882 0.001093 268 -0.199986 -0.001270 
0.001765 -0.000843 0.001095 215 -0.242993 -0.001222 
0.001773 -0.000864 0.001097 115 -0.288465 -0.001245 
0.001797 -0.000899 0.001095 80 -0.244496 -0.001287 
0.001792 -0.000882 0.001093 268 -0.199986 -0.001270


0.001782 -0.000872 0.001095 95 -0.243985 -0.001256


0.001761 -0.000807 0.001085 48 -0.063737 -0.001189 
0.001731 -0.000769 0.001090 148 -0.150833 -0.001142 
0.001735 -0.000789 0.001095 57 -0.232597 -0.001161 
0.001765 -0.000835 0.001092 189 -0.192322 -0.001215 
0.001761 -0.000807 0.001085 48 -0.063737 -0.001189


0.001748 -0.000800 0.001091 96 -0.159892 -0.001177


0.001765 -0.000776 0.001062 167 0.231130 -0.001164 
0.001790 -0.000806 0.001050 228 0.368879 -0.001203 
0.001761 -0.000752 0.001045 138 0.419109 -0.001141 
0.001746 -0.000736 0.001055 273 0.308341 -0.001120 
0.001765 -0.000776 0.001062 167 0.231130 -0.001164


0.001766 -0.000767 0.001053 97 0.331878 -0.001157


0.001850 -0.001024 0.001103 277 -0.426261 -0.001421 
0.001843 -0.001002 0.001101 224 -0.372614 -0.001399 
0.001819 -0.000957 0.001101 144 -0.360706 -0.001348 
0.001814 -0.000978 0.001106 162 -0.519647 -0.001363 
0.001850 -0.001024 0.001103 277 -0.426261 -0.001421


0.001832 -0.000990 0.001103 98 -0.419779 -0.001383


0.001850 -0.000921 0.001061 274 0.250278 -0.001333 
0.001870 -0.000964 0.001067 129 0.177970 -0.001380 
0.001921 -0.001039 0.001055 223 0.313081 -0.001470 
0.001917 -0.001016 0.001034 196 0.533658 -0.001448 
0.001850 -0.000921 0.001061 274 0.250278 -0.001333


0.001890 -0.000985 0.001055 99 0.318461 -0.001408


0.001983 -0.001153 0.001061 169 0.242083 -0.001600 
0.001976 -0.001144 0.001063 102 0.218036 -0.001588 
0.001997 -0.001181 0.001064 160 0.205984 -0.001631 
0.002003 -0.001190 0.001064 227 0.213730 -0.001642 
0.001983 -0.001153 0.001061 169 0.242083 -0.001600


0.001990 -0.001167 0.001063 100 0.219958 -0.001615


0.002015 -0.001208 0.001062 150 0.239022 -0.001663 
0.001992 -0.001165 0.001058 246 0.274019 -0.001615 
0.001983 -0.001153 0.001061 169 0.242083 -0.001600 
0.002003 -0.001190 0.001064 227 0.213730 -0.001642 
0.002015 -0.001208 0.001062 150 0.239022 -0.001663


0.001998 -0.001179 0.001061 101 0.242213 -0.001630


0.002070 -0.001276 0.001019 36 0.687223 -0.001750 
0.002024 -0.001195 0.001014 265 0.737352 -0.001657 
0.002023 -0.001196 0.001027 168 0.610508 -0.001656 
0.002069 -0.001277 0.001029 35 0.589049 -0.001750 
0.002070 -0.001276 0.001019 36 0.687223 -0.001750


0.002047 -0.001236 0.001022 102 0.656026 -0.001703


0.001839 -0.000948 0.001087 135 -0.099546 -0.001351 
0.001817 -0.000914 0.001088 76 -0.122289 -0.001310 
0.001822 -0.000934 0.001093 116 -0.194022 -0.001330 
0.001840 -0.000959 0.001091 73 -0.158189 -0.001361 
0.001839 -0.000948 0.001087 135 -0.099546 -0.001351


0.001830 -0.000939 0.001090 103 -0.143510 -0.001338


0.001940 -0.001127 0.001089 252 -0.129982 -0.001556 
0.001953 -0.001139 0.001085 124 -0.061955 -0.001573 
0.001951 -0.001129 0.001082 242 -0.017544 -0.001563 
0.001938 -0.001115 0.001085 239 -0.067435 -0.001544 
0.001940 -0.001127 0.001089 252 -0.129982 -0.001556


0.001945 -0.001127 0.001085 104 -0.069225 -0.001559


0.001805 -0.000998 0.001109 281 -0.700707 -0.001377 
0.001714 -0.000822 0.001108 216 -0.604218 -0.001179 
0.001702 -0.000838 0.001110 18 -0.785398 -0.001187 
0.001796 -0.001000 0.001110 19 -0.785398 -0.001374 
0.001805 -0.000998 0.001109 281 -0.700707 -0.001377


0.001754 -0.000915 0.001109 105 -0.718969 -0.001279


0.001788 -0.000822 0.001068 247 0.167136 -0.001216 
0.001755 -0.000784 0.001078 60 0.028306 -0.001166 
0.001761 -0.000807 0.001085 48 -0.063737 -0.001189 
0.001811 -0.000874 0.001075 55 0.073789 -0.001273 
0.001788 -0.000822 0.001068 247 0.167136 -0.001216


0.001779 -0.000822 0.001077 106 0.051372 -0.001211


0.001835 -0.000925 0.001080 253 0.007147 -0.001328 
0.001811 -0.000874 0.001075 55 0.073789 -0.001273 
0.001796 -0.000878 0.001089 250 -0.131943 -0.001268 
0.001828 -0.000920 0.001083 149 -0.038282 -0.001321 
0.001835 -0.000925 0.001080 253 0.007147 -0.001328


0.001818 -0.000899 0.001082 107 -0.022305 -0.001297


0.001878 -0.001046 0.001097 113 -0.288013 -0.001455 
0.001882 -0.001059 0.001099 229 -0.317585 -0.001468 
0.001902 -0.001090 0.001098 59 -0.301355 -0.001504 
0.001900 -0.001078 0.001096 235 -0.251831 -0.001493 
0.001878 -0.001046 0.001097 113 -0.288013 -0.001455


0.001890 -0.001068 0.001098 108 -0.289697 -0.001480


0.001867 -0.001036 0.001100 219 -0.340846 -0.001440 
0.001882 -0.001059 0.001099 229 -0.317585 -0.001468 
0.001878 -0.001046 0.001097 113 -0.288013 -0.001455 
0.001864 -0.001024 0.001098 222 -0.296415 -0.001429 
0.001867 -0.001036 0.001100 219 -0.340846 -0.001440


0.001873 -0.001041 0.001099 109 -0.310714 -0.001448


0.001951 -0.001115 0.001074 159 0.089565 -0.001551 
0.001960 -0.001126 0.001071 230 0.124650 -0.001565 
0.001950 -0.001107 0.001070 208 0.137961 -0.001544 
0.001935 -0.001089 0.001074 266 0.080720 -0.001521 
0.001951 -0.001115 0.001074 159 0.089565 -0.001551


0.001949 -0.001109 0.001072 110 0.108224 -0.001545


0.001969 -0.001144 0.001073 249 0.104478 -0.001585 
0.001960 -0.001126 0.001071 230 0.124650 -0.001565 
0.001951 -0.001115 0.001074 159 0.089565 -0.001551 
0.001960 -0.001133 0.001075 66 0.066762 -0.001571 
0.001969 -0.001144 0.001073 249 0.104478 -0.001585


0.001960 -0.001130 0.001073 111 0.096364 -0.001568


0.001972 -0.001139 0.001065 92 0.196106 -0.001582 
0.001974 -0.001141 0.001065 241 0.203353 -0.001585 
0.001953 -0.001107 0.001066 75 0.189636 -0.001545 
0.001958 -0.001116 0.001066 197 0.188657 -0.001555 
0.001972 -0.001139 0.001065 92 0.196106 -0.001582


0.001965 -0.001126 0.001065 112 0.194438 -0.001567


0.001918 -0.001062 0.001076 170 0.061252 -0.001488 
0.001907 -0.001042 0.001076 158 0.055862 -0.001466 
0.001902 -0.001038 0.001078 58 0.034613 -0.001460 
0.001922 -0.001071 0.001077 156 0.040738 -0.001498 
0.001918 -0.001062 0.001076 170 0.061252 -0.001488


0.001912 -0.001053 0.001077 113 0.048116 -0.001478


0.001761 -0.000752 0.001045 138 0.419109 -0.001141 
0.001790 -0.000806 0.001050 228 0.368879 -0.001203 
0.001811 -0.000833 0.001036 127 0.522283 -0.001236 
0.001774 -0.000768 0.001033 130 0.544822 -0.001162 
0.001761 -0.000752 0.001045 138 0.419109 -0.001141


0.001784 -0.000790 0.001041 114 0.463782 -0.001186


0.001992 -0.001165 0.001058 246 0.274019 -0.001615 
0.002015 -0.001208 0.001062 150 0.239022 -0.001663 
0.002029 -0.001230 0.001059 221 0.264328 -0.001689 
0.002013 -0.001195 0.001052 151 0.349170 -0.001651 
0.001992 -0.001165 0.001058 246 0.274019 -0.001615


0.002012 -0.001199 0.001058 115 0.281625 -0.001654


0.001932 -0.001080 0.001073 165 0.100398 -0.001511 
0.001935 -0.001089 0.001074 266 0.080720 -0.001521 
0.001950 -0.001107 0.001070 208 0.137961 -0.001544 
0.001942 -0.001093 0.001069 71 0.143724 -0.001528 
0.001932 -0.001080 0.001073 165 0.100398 -0.001511


0.001940 -0.001092 0.001072 116 0.115702 -0.001526


0.001928 -0.001029 0.001010 40 0.785398 -0.001465 
0.001880 -0.000946 0.001010 41 0.785398 -0.001369 
0.001871 -0.000932 0.001022 142 0.657790 -0.001353 
0.001921 -0.001018 0.001023 166 0.648528 -0.001451 
0.001928 -0.001029 0.001010 40 0.785398 -0.001465


0.001900 -0.000981 0.001016 117 0.719279 -0.001409


0.001876 -0.001003 0.001083 53 -0.043765 -0.001416 
0.001883 -0.001008 0.001079 154 0.013325 -0.001424 
0.001873 -0.000991 0.001080 146 0.005362 -0.001405 
0.001857 -0.000976 0.001086 233 -0.079345 -0.001384 
0.001876 -0.001003 0.001083 53 -0.043765 -0.001416


0.001872 -0.000995 0.001082 118 -0.026103 -0.001407


0.001902 -0.001038 0.001078 58 0.034613 -0.001460 
0.001907 -0.001042 0.001076 158 0.055862 -0.001466 
0.001888 -0.001015 0.001079 234 0.020345 -0.001432 
0.001883 -0.001015 0.001083 171 -0.033748 -0.001430 
0.001902 -0.001038 0.001078 58 0.034613 -0.001460


0.001895 -0.001027 0.001079 119 0.019272 -0.001447


0.001922 -0.001165 0.001106 200 -0.513702 -0.001580 
0.001874 -0.001076 0.001105 70 -0.489501 -0.001478 
0.001805 -0.000998 0.001109 281 -0.700707 -0.001377 
0.001901 -0.001168 0.001109 280 -0.716451 -0.001571 
0.001922 -0.001165 0.001106 200 -0.513702 -0.001580


0.001875 -0.001102 0.001108 120 -0.605092 -0.001502


0.001948 -0.001119 0.001078 172 0.026856 -0.001553 
0.001940 -0.001101 0.001076 122 0.053289 -0.001533 
0.001931 -0.001088 0.001078 141 0.028760 -0.001518 
0.001936 -0.001103 0.001081 79 -0.012561 -0.001533 
0.001948 -0.001119 0.001078 172 0.026856 -0.001553


0.001939 -0.001103 0.001079 121 0.024087 -0.001534


0.001960 -0.001133 0.001075 66 0.066762 -0.001571 
0.001951 -0.001115 0.001074 159 0.089565 -0.001551 
0.001940 -0.001101 0.001076 122 0.053289 -0.001533 
0.001948 -0.001119 0.001078 172 0.026856 -0.001553 
0.001960 -0.001133 0.001075 66 0.066762 -0.001571


0.001950 -0.001117 0.001076 122 0.059118 -0.001552


0.001910 -0.001072 0.001088 104 -0.114949 -0.001493 
0.001914 -0.001086 0.001090 46 -0.151529 -0.001508 
0.001926 -0.001107 0.001090 173 -0.150454 -0.001532 
0.001924 -0.001095 0.001087 64 -0.094557 -0.001520 
0.001910 -0.001072 0.001088 104 -0.114949 -0.001493


0.001919 -0.001090 0.001089 123 -0.127873 -0.001513


0.001902 -0.001090 0.001098 59 -0.301355 -0.001504 
0.001924 -0.001120 0.001096 270 -0.255064 -0.001542 
0.001922 -0.001110 0.001094 134 -0.217926 -0.001532 
0.001900 -0.001078 0.001096 235 -0.251831 -0.001493 
0.001902 -0.001090 0.001098 59 -0.301355 -0.001504


0.001912 -0.001099 0.001096 124 -0.256543 -0.001518


0.001926 -0.001107 0.001090 173 -0.150454 -0.001532 
0.001914 -0.001086 0.001090 46 -0.151529 -0.001508 
0.001907 -0.001084 0.001093 114 -0.208821 -0.001502 
0.001924 -0.001108 0.001092 84 -0.182375 -0.001532 
0.001926 -0.001107 0.001090 173 -0.150454 -0.001532


0.001918 -0.001096 0.001091 125 -0.173294 -0.001518


0.001962 -0.001142 0.001078 190 0.031949 -0.001580 
0.001960 -0.001133 0.001075 66 0.066762 -0.001571 
0.001948 -0.001119 0.001078 172 0.026856 -0.001553 
0.001951 -0.001129 0.001082 242 -0.017544 -0.001563 
0.001962 -0.001142 0.001078 190 0.031949 -0.001580


0.001955 -0.001131 0.001078 126 0.027007 -0.001566


0.001843 -0.001002 0.001101 224 -0.372614 -0.001399 
0.001867 -0.001036 0.001100 219 -0.340846 -0.001440 
0.001864 -0.001024 0.001098 222 -0.296415 -0.001429 
0.001848 -0.000998 0.001098 175 -0.304798 -0.001398 
0.001843 -0.001002 0.001101 224 -0.372614 -0.001399


0.001856 -0.001015 0.001099 127 -0.328667 -0.001417


0.001736 -0.000808 0.001099 226 -0.325875 -0.001178 
0.001689 -0.000743 0.001103 176 -0.415242 -0.001098 
0.001714 -0.000822 0.001108 216 -0.604218 -0.001179 
0.001757 -0.000863 0.001103 163 -0.432804 -0.001235 
0.001736 -0.000808 0.001099 226 -0.325875 -0.001178


0.001724 -0.000809 0.001104 128 -0.444435 -0.001172


0.001848 -0.000998 0.001098 175 -0.304798 -0.001398 
0.001829 -0.000964 0.001098 254 -0.301970 -0.001359 
0.001819 -0.000957 0.001101 144 -0.360706 -0.001348 
0.001843 -0.001002 0.001101 224 -0.372614 -0.001399 
0.001848 -0.000998 0.001098 175 -0.304798 -0.001398


0.001835 -0.000980 0.001100 129 -0.335022 -0.001376


0.001757 -0.000863 0.001103 163 -0.432804 -0.001235 
0.001714 -0.000822 0.001108 216 -0.604218 -0.001179 
0.001805 -0.000998 0.001109 281 -0.700707 -0.001377 
0.001814 -0.000978 0.001106 162 -0.519647 -0.001363 
0.001757 -0.000863 0.001103 163 -0.432804 -0.001235


0.001772 -0.000915 0.001107 130 -0.564334 -0.001289


0.001991 -0.001171 0.001065 72 0.203245 -0.001619 
0.001974 -0.001141 0.001065 241 0.203353 -0.001585 
0.001972 -0.001139 0.001065 92 0.196106 -0.001582 
0.001984 -0.001160 0.001066 177 0.190149 -0.001606 
0.001991 -0.001171 0.001065 72 0.203245 -0.001619


0.001980 -0.001153 0.001065 131 0.198213 -0.001598


0.001968 -0.001161 0.001082 272 -0.027379 -0.001599 
0.001956 -0.001147 0.001086 207 -0.085173 -0.001581 
0.001961 -0.001158 0.001087 205 -0.099097 -0.001593 
0.001976 -0.001174 0.001083 240 -0.032593 -0.001615 
0.001968 -0.001161 0.001082 272 -0.027379 -0.001599


0.001965 -0.001160 0.001084 132 -0.061060 -0.001597


0.001987 -0.001171 0.001069 260 0.143406 -0.001618 
0.001988 -0.001169 0.001067 194 0.170970 -0.001616 
0.001978 -0.001156 0.001070 68 0.140563 -0.001600 
0.001980 -0.001162 0.001072 98 0.112713 -0.001607 
0.001987 -0.001171 0.001069 260 0.143406 -0.001618


0.001983 -0.001165 0.001070 133 0.141913 -0.001610


0.001895 -0.001062 0.001093 105 -0.210755 -0.001477 
0.001914 -0.001086 0.001090 46 -0.151529 -0.001508 
0.001910 -0.001072 0.001088 104 -0.114949 -0.001493 
0.001893 -0.001050 0.001091 49 -0.159487 -0.001466 
0.001895 -0.001062 0.001093 105 -0.210755 -0.001477


0.001903 -0.001068 0.001091 134 -0.159178 -0.001486


0.002003 -0.001190 0.001064 227 0.213730 -0.001642 
0.001997 -0.001181 0.001064 160 0.205984 -0.001631 
0.002011 -0.001210 0.001068 258 0.163100 -0.001663 
0.002021 -0.001226 0.001067 184 0.170908 -0.001682 
0.002003 -0.001190 0.001064 227 0.213730 -0.001642


0.002008 -0.001202 0.001066 135 0.188430 -0.001655


0.001893 -0.001050 0.001091 49 -0.159487 -0.001466 
0.001876 -0.001025 0.001092 140 -0.185611 -0.001435 
0.001876 -0.001032 0.001094 256 -0.220430 -0.001442 
0.001895 -0.001062 0.001093 105 -0.210755 -0.001477 
0.001893 -0.001050 0.001091 49 -0.159487 -0.001466


0.001885 -0.001042 0.001093 136 -0.194072 -0.001455


0.001936 -0.001103 0.001081 79 -0.012561 -0.001533 
0.001931 -0.001088 0.001078 141 0.028760 -0.001518 
0.001921 -0.001075 0.001080 204 0.006676 -0.001501 
0.001922 -0.001082 0.001083 153 -0.041296 -0.001508 
0.001936 -0.001103 0.001081 79 -0.012561 -0.001533


0.001928 -0.001087 0.001081 137 -0.004605 -0.001515


0.001873 -0.001014 0.001090 78 -0.144195 -0.001425 
0.001874 -0.001007 0.001087 181 -0.093913 -0.001419 
0.001857 -0.000981 0.001087 257 -0.107885 -0.001388 
0.001858 -0.000987 0.001090 106 -0.145260 -0.001394 
0.001873 -0.001014 0.001090 78 -0.144195 -0.001425


0.001866 -0.000997 0.001088 138 -0.122814 -0.001406


0.001938 -0.001115 0.001085 239 -0.067435 -0.001544 
0.001951 -0.001129 0.001082 242 -0.017544 -0.001563 
0.001948 -0.001119 0.001078 172 0.026856 -0.001553 
0.001936 -0.001103 0.001081 79 -0.012561 -0.001533 
0.001938 -0.001115 0.001085 239 -0.067435 -0.001544


0.001943 -0.001116 0.001082 139 -0.017670 -0.001548


0.001922 -0.001082 0.001083 153 -0.041296 -0.001508 
0.001921 -0.001075 0.001080 204 0.006676 -0.001501 
0.001904 -0.001050 0.001082 136 -0.031769 -0.001472 
0.001906 -0.001061 0.001085 52 -0.074574 -0.001481 
0.001922 -0.001082 0.001083 153 -0.041296 -0.001508


0.001913 -0.001067 0.001083 140 -0.035241 -0.001490


0.002022 -0.001242 0.001076 164 0.062070 -0.001697 
0.002016 -0.001227 0.001073 81 0.098408 -0.001681 
0.002009 -0.001224 0.001078 65 0.030613 -0.001674 
0.002015 -0.001239 0.001080 120 -0.002715 -0.001690 
0.002022 -0.001242 0.001076 164 0.062070 -0.001697


0.002016 -0.001233 0.001077 141 0.047093 -0.001685


0.002051 -0.001287 0.001073 30 0.098175 -0.001750 
0.002039 -0.001265 0.001072 243 0.110107 -0.001725 
0.002034 -0.001267 0.001078 161 0.032736 -0.001724 
0.002045 -0.001290 0.001080 29 0.000000 -0.001750 
0.002051 -0.001287 0.001073 30 0.098175 -0.001750


0.002043 -0.001277 0.001076 142 0.060257 -0.001737


0.002044 -0.001263 0.001065 236 0.193169 -0.001726 
0.002039 -0.001265 0.001072 243 0.110107 -0.001725 
0.002051 -0.001287 0.001073 30 0.098175 -0.001750 
0.002056 -0.001284 0.001065 31 0.196350 -0.001750 
0.002044 -0.001263 0.001065 236 0.193169 -0.001726


0.002048 -0.001275 0.001069 143 0.149450 -0.001738


0.002027 -0.001242 0.001071 198 0.124492 -0.001699 
0.002020 -0.001229 0.001071 89 0.128917 -0.001684 
0.002016 -0.001227 0.001073 81 0.098408 -0.001681 
0.002022 -0.001242 0.001076 164 0.062070 -0.001697 
0.002027 -0.001242 0.001071 198 0.124492 -0.001699


0.002021 -0.001235 0.001073 144 0.103474 -0.001690


0.001984 -0.001160 0.001066 177 0.190149 -0.001606 
0.001995 -0.001181 0.001067 88 0.170094 -0.001630 
0.002002 -0.001192 0.001067 180 0.177189 -0.001643 
0.001991 -0.001171 0.001065 72 0.203245 -0.001619 
0.001984 -0.001160 0.001066 177 0.190149 -0.001606


0.001993 -0.001176 0.001066 145 0.185169 -0.001625


0.002002 -0.001192 0.001067 180 0.177189 -0.001643 
0.001995 -0.001181 0.001067 88 0.170094 -0.001630 
0.001992 -0.001181 0.001070 179 0.135504 -0.001628 
0.002003 -0.001200 0.001070 87 0.133606 -0.001650 
0.002002 -0.001192 0.001067 180 0.177189 -0.001643


0.001998 -0.001188 0.001069 146 0.154098 -0.001638


0.001850 -0.000921 0.001061 274 0.250278 -0.001333 
0.001821 -0.000864 0.001054 143 0.323236 -0.001268 
0.001788 -0.000822 0.001068 247 0.167136 -0.001216 
0.001811 -0.000874 0.001075 55 0.073789 -0.001273 
0.001850 -0.000921 0.001061 274 0.250278 -0.001333


0.001818 -0.000870 0.001065 147 0.203627 -0.001272


0.001903 -0.001032 0.001073 251 0.092962 -0.001455 
0.001928 -0.001065 0.001068 262 0.166586 -0.001496 
0.001924 -0.001056 0.001065 74 0.192103 -0.001487 
0.001899 -0.001022 0.001073 244 0.103525 -0.001444 
0.001903 -0.001032 0.001073 251 0.092962 -0.001455


0.001913 -0.001044 0.001070 148 0.138793 -0.001470


0.001874 -0.001007 0.001087 181 -0.093913 -0.001419 
0.001886 -0.001024 0.001085 69 -0.068542 -0.001439 
0.001883 -0.001015 0.001083 171 -0.033748 -0.001430 
0.001876 -0.001003 0.001083 53 -0.043765 -0.001416 
0.001874 -0.001007 0.001087 181 -0.093913 -0.001419


0.001880 -0.001012 0.001084 149 -0.059991 -0.001426


0.001792 -0.000882 0.001093 268 -0.199986 -0.001270 
0.001797 -0.000899 0.001095 80 -0.244496 -0.001287 
0.001822 -0.000934 0.001093 116 -0.194022 -0.001330 
0.001817 -0.000914 0.001088 76 -0.122289 -0.001310 
0.001792 -0.000882 0.001093 268 -0.199986 -0.001270


0.001807 -0.000907 0.001092 150 -0.190204 -0.001299


0.002020 -0.001229 0.001071 89 0.128917 -0.001684 
0.002011 -0.001213 0.001070 193 0.133907 -0.001666 
0.002007 -0.001210 0.001073 264 0.099133 -0.001661 
0.002016 -0.001227 0.001073 81 0.098408 -0.001681 
0.002020 -0.001229 0.001071 89 0.128917 -0.001684


0.002013 -0.001220 0.001072 151 0.115091 -0.001673


0.001998 -0.001194 0.001073 183 0.100357 -0.001643 
0.001989 -0.001180 0.001073 245 0.103339 -0.001626 
0.001989 -0.001180 0.001074 182 0.087226 -0.001626 
0.001993 -0.001190 0.001075 91 0.066280 -0.001637 
0.001998 -0.001194 0.001073 183 0.100357 -0.001643


0.001992 -0.001186 0.001074 152 0.089301 -0.001633


0.001989 -0.001180 0.001073 245 0.103339 -0.001626 
0.001992 -0.001181 0.001070 179 0.135504 -0.001628 
0.001987 -0.001171 0.001069 260 0.143406 -0.001618 
0.001987 -0.001174 0.001071 195 0.117513 -0.001620 
0.001989 -0.001180 0.001073 245 0.103339 -0.001626


0.001989 -0.001176 0.001071 153 0.124941 -0.001623


0.001989 -0.001180 0.001074 182 0.087226 -0.001626 
0.001989 -0.001180 0.001073 245 0.103339 -0.001626 
0.001987 -0.001174 0.001071 195 0.117513 -0.001620 
0.001985 -0.001172 0.001072 82 0.106523 -0.001617 
0.001989 -0.001180 0.001074 182 0.087226 -0.001626


0.001988 -0.001176 0.001073 154 0.103650 -0.001622


0.002021 -0.001226 0.001067 184 0.170908 -0.001682 
0.002011 -0.001210 0.001068 258 0.163100 -0.001663 
0.002011 -0.001213 0.001070 193 0.133907 -0.001666 
0.002020 -0.001229 0.001071 89 0.128917 -0.001684 
0.002021 -0.001226 0.001067 184 0.170908 -0.001682


0.002016 -0.001220 0.001069 155 0.149208 -0.001674


0.001972 -0.001139 0.001065 92 0.196106 -0.001582 
0.001958 -0.001116 0.001066 197 0.188657 -0.001555 
0.001963 -0.001126 0.001067 96 0.171534 -0.001566 
0.001970 -0.001137 0.001066 109 0.184389 -0.001579 
0.001972 -0.001139 0.001065 92 0.196106 -0.001582


0.001966 -0.001129 0.001066 156 0.185172 -0.001571


0.001997 -0.001181 0.001064 160 0.205984 -0.001631 
0.001976 -0.001144 0.001063 102 0.218036 -0.001588 
0.001974 -0.001141 0.001065 241 0.203353 -0.001585 
0.001991 -0.001171 0.001065 72 0.203245 -0.001619 
0.001997 -0.001181 0.001064 160 0.205984 -0.001631


0.001985 -0.001159 0.001064 157 0.207654 -0.001606


0.001827 -0.000949 0.001095 85 -0.233027 -0.001345 
0.001822 -0.000934 0.001093 116 -0.194022 -0.001330 
0.001797 -0.000899 0.001095 80 -0.244496 -0.001287 
0.001809 -0.000927 0.001097 185 -0.283889 -0.001317 
0.001827 -0.000949 0.001095 85 -0.233027 -0.001345


0.001814 -0.000927 0.001095 158 -0.238858 -0.001320


0.001790 -0.000903 0.001100 210 -0.339029 -0.001286 
0.001819 -0.000957 0.001101 144 -0.360706 -0.001348 
0.001829 -0.000964 0.001098 254 -0.301970 -0.001359 
0.001809 -0.000927 0.001097 185 -0.283889 -0.001317 
0.001790 -0.000903 0.001100 210 -0.339029 -0.001286


0.001812 -0.000938 0.001099 159 -0.321398 -0.001328


0.001878 -0.001061 0.001101 276 -0.366588 -0.001467 
0.001888 -0.001086 0.001103 199 -0.409125 -0.001494 
0.001895 -0.001087 0.001100 214 -0.353544 -0.001499 
0.001883 -0.001067 0.001100 45 -0.350395 -0.001475 
0.001878 -0.001061 0.001101 276 -0.366588 -0.001467


0.001886 -0.001075 0.001101 160 -0.369911 -0.001484


0.001922 -0.001165 0.001106 200 -0.513702 -0.001580 
0.001925 -0.001149 0.001102 279 -0.402233 -0.001568 
0.001888 -0.001086 0.001103 199 -0.409125 -0.001494 
0.001874 -0.001076 0.001105 70 -0.489501 -0.001478 
0.001922 -0.001165 0.001106 200 -0.513702 -0.001580


0.001902 -0.001119 0.001104 161 -0.453639 -0.001530


0.001809 -0.000927 0.001097 185 -0.283889 -0.001317 
0.001797 -0.000899 0.001095 80 -0.244496 -0.001287 
0.001773 -0.000864 0.001097 115 -0.288465 -0.001245 
0.001790 -0.000903 0.001100 210 -0.339029 -0.001286 
0.001809 -0.000927 0.001097 185 -0.283889 -0.001317


0.001792 -0.000898 0.001097 162 -0.288968 -0.001284


0.001862 -0.001008 0.001094 187 -0.223072 -0.001413 
0.001847 -0.000983 0.001095 248 -0.230435 -0.001385 
0.001838 -0.000973 0.001096 131 -0.260049 -0.001372 
0.001855 -0.001002 0.001096 83 -0.262814 -0.001405 
0.001862 -0.001008 0.001094 187 -0.223072 -0.001413


0.001851 -0.000992 0.001095 163 -0.244093 -0.001394


0.001860 -0.000998 0.001092 86 -0.190660 -0.001404 
0.001844 -0.000973 0.001093 186 -0.205106 -0.001374 
0.001847 -0.000983 0.001095 248 -0.230435 -0.001385 
0.001862 -0.001008 0.001094 187 -0.223072 -0.001413 
0.001860 -0.000998 0.001092 86 -0.190660 -0.001404


0.001853 -0.000990 0.001094 164 -0.212319 -0.001394


0.001917 -0.001016 0.001034 196 0.533658 -0.001448 
0.001921 -0.001039 0.001055 223 0.313081 -0.001470 
0.001971 -0.001114 0.001044 188 0.439090 -0.001560 
0.001969 -0.001105 0.001033 62 0.548760 -0.001551 
0.001917 -0.001016 0.001034 196 0.533658 -0.001448


0.001945 -0.001068 0.001042 165 0.458729 -0.001507


0.001838 -0.000973 0.001096 131 -0.260049 -0.001372 
0.001847 -0.000983 0.001095 248 -0.230435 -0.001385 
0.001844 -0.000973 0.001093 186 -0.205106 -0.001374 
0.001827 -0.000949 0.001095 85 -0.233027 -0.001345 
0.001838 -0.000973 0.001096 131 -0.260049 -0.001372


0.001839 -0.000970 0.001095 166 -0.232154 -0.001369


0.001855 -0.001002 0.001096 83 -0.262814 -0.001405 
0.001838 -0.000973 0.001096 131 -0.260049 -0.001372 
0.001829 -0.000964 0.001098 254 -0.301970 -0.001359 
0.001848 -0.000998 0.001098 175 -0.304798 -0.001398 
0.001855 -0.001002 0.001096 83 -0.262814 -0.001405


0.001843 -0.000984 0.001097 167 -0.282408 -0.001383


0.001973 -0.001107 0.001020 133 0.680009 -0.001555 
0.002024 -0.001195 0.001014 265 0.737352 -0.001657 
0.002023 -0.001193 0.001010 38 0.785398 -0.001655 
0.001976 -0.001111 0.001010 39 0.785398 -0.001560 
0.001973 -0.001107 0.001020 133 0.680009 -0.001555


0.001999 -0.001152 0.001013 168 0.747047 -0.001606


0.001876 -0.001003 0.001083 53 -0.043765 -0.001416 
0.001883 -0.001015 0.001083 171 -0.033748 -0.001430 
0.001888 -0.001015 0.001079 234 0.020345 -0.001432 
0.001883 -0.001008 0.001079 154 0.013325 -0.001424 
0.001876 -0.001003 0.001083 53 -0.043765 -0.001416


0.001883 -0.001010 0.001081 169 -0.010961 -0.001426


0.001796 -0.000878 0.001089 250 -0.131943 -0.001268 
0.001811 -0.000874 0.001075 55 0.073789 -0.001273 
0.001761 -0.000807 0.001085 48 -0.063737 -0.001189 
0.001765 -0.000835 0.001092 189 -0.192322 -0.001215 
0.001796 -0.000878 0.001089 250 -0.131943 -0.001268


0.001783 -0.000848 0.001086 170 -0.078633 -0.001236


0.001922 -0.001165 0.001106 200 -0.513702 -0.001580 
0.001959 -0.001198 0.001100 267 -0.347307 -0.001627 
0.001952 -0.001175 0.001097 220 -0.285299 -0.001604 
0.001925 -0.001149 0.001102 279 -0.402233 -0.001568 
0.001922 -0.001165 0.001106 200 -0.513702 -0.001580


0.001940 -0.001172 0.001102 171 -0.387097 -0.001595


0.001922 -0.001110 0.001094 134 -0.217926 -0.001532 
0.001943 -0.001137 0.001091 132 -0.160775 -0.001566 
0.001941 -0.001130 0.001089 125 -0.139188 -0.001559 
0.001924 -0.001108 0.001092 84 -0.182375 -0.001532 
0.001922 -0.001110 0.001094 134 -0.217926 -0.001532


0.001932 -0.001121 0.001092 172 -0.175065 -0.001547


0.001951 -0.001129 0.001082 242 -0.017544 -0.001563 
0.001953 -0.001139 0.001085 124 -0.061955 -0.001573 
0.001965 -0.001151 0.001080 278 0.000667 -0.001589 
0.001962 -0.001142 0.001078 190 0.031949 -0.001580 
0.001951 -0.001129 0.001082 242 -0.017544 -0.001563


0.001958 -0.001140 0.001081 173 -0.011719 -0.001576


0.001926 -0.001107 0.001090 173 -0.150454 -0.001532 
0.001940 -0.001127 0.001089 252 -0.129982 -0.001556 
0.001938 -0.001115 0.001085 239 -0.067435 -0.001544 
0.001924 -0.001095 0.001087 64 -0.094557 -0.001520 
0.001926 -0.001107 0.001090 173 -0.150454 -0.001532


0.001932 -0.001111 0.001088 174 -0.110607 -0.001538


0.001941 -0.001130 0.001089 125 -0.139188 -0.001559 
0.001940 -0.001127 0.001089 252 -0.129982 -0.001556 
0.001926 -0.001107 0.001090 173 -0.150454 -0.001532 
0.001924 -0.001108 0.001092 84 -0.182375 -0.001532 
0.001941 -0.001130 0.001089 125 -0.139188 -0.001559


0.001933 -0.001118 0.001090 175 -0.150499 -0.001545


0.001969 -0.001105 0.001033 62 0.548760 -0.001551 
0.001971 -0.001114 0.001044 188 0.439090 -0.001560 
0.002018 -0.001194 0.001040 263 0.477276 -0.001653 
0.002023 -0.001196 0.001027 168 0.610508 -0.001656 
0.001969 -0.001105 0.001033 62 0.548760 -0.001551


0.001995 -0.001152 0.001036 176 0.518900 -0.001605


0.001865 -0.000924 0.001028 231 0.599116 -0.001342 
0.001917 -0.001016 0.001034 196 0.533658 -0.001448 
0.001921 -0.001018 0.001023 166 0.648528 -0.001451 
0.001871 -0.000932 0.001022 142 0.657790 -0.001353 
0.001865 -0.000924 0.001028 231 0.599116 -0.001342


0.001894 -0.000972 0.001027 177 0.609785 -0.001399


0.001809 -0.000927 0.001097 185 -0.283889 -0.001317 
0.001829 -0.000964 0.001098 254 -0.301970 -0.001359 
0.001838 -0.000973 0.001096 131 -0.260049 -0.001372 
0.001827 -0.000949 0.001095 85 -0.233027 -0.001345 
0.001809 -0.000927 0.001097 185 -0.283889 -0.001317


0.001826 -0.000953 0.001097 178 -0.269734 -0.001348


0.001878 -0.001061 0.001101 276 -0.366588 -0.001467 
0.001883 -0.001067 0.001100 45 -0.350395 -0.001475 
0.001882 -0.001059 0.001099 229 -0.317585 -0.001468 
0.001867 -0.001036 0.001100 219 -0.340846 -0.001440 
0.001878 -0.001061 0.001101 276 -0.366588 -0.001467


0.001877 -0.001056 0.001100 179 -0.343854 -0.001463


0.002015 -0.001239 0.001080 120 -0.002715 -0.001690 
0.002009 -0.001224 0.001078 65 0.030613 -0.001674 
0.002001 -0.001218 0.001082 191 -0.028386 -0.001666 
0.002006 -0.001231 0.001085 213 -0.068068 -0.001679 
0.002015 -0.001239 0.001080 120 -0.002715 -0.001690


0.002008 -0.001228 0.001081 180 -0.017138 -0.001677


0.001792 -0.000882 0.001093 268 -0.199986 -0.001270 
0.001817 -0.000914 0.001088 76 -0.122289 -0.001310 
0.001828 -0.000920 0.001083 149 -0.038282 -0.001321 
0.001796 -0.000878 0.001089 250 -0.131943 -0.001268 
0.001792 -0.000882 0.001093 268 -0.199986 -0.001270


0.001808 -0.000899 0.001088 181 -0.123132 -0.001292


0.001993 -0.001220 0.001089 118 -0.138122 -0.001663 
0.001989 -0.001207 0.001087 90 -0.101115 -0.001649 
0.001974 -0.001193 0.001091 192 -0.169856 -0.001630 
0.001977 -0.001204 0.001093 94 -0.209388 -0.001641 
0.001993 -0.001220 0.001089 118 -0.138122 -0.001663


0.001983 -0.001206 0.001090 182 -0.154620 -0.001646


0.001974 -0.001193 0.001091 192 -0.169856 -0.001630 
0.001968 -0.001174 0.001088 63 -0.121032 -0.001610 
0.001944 -0.001145 0.001092 206 -0.189069 -0.001573 
0.001948 -0.001160 0.001095 95 -0.239348 -0.001588 
0.001974 -0.001193 0.001091 192 -0.169856 -0.001630


0.001959 -0.001168 0.001092 183 -0.179826 -0.001600


0.002023 -0.001196 0.001027 168 0.610508 -0.001656 
0.002018 -0.001194 0.001040 263 0.477276 -0.001653 
0.002067 -0.001278 0.001039 34 0.490874 -0.001750 
0.002069 -0.001277 0.001029 35 0.589049 -0.001750 
0.002023 -0.001196 0.001027 168 0.610508 -0.001656


0.002044 -0.001236 0.001034 184 0.541926 -0.001702


0.001955 -0.001107 0.001063 232 0.218541 -0.001546 
0.001928 -0.001065 0.001068 262 0.166586 -0.001496 
0.001930 -0.001070 0.001069 147 0.154355 -0.001501 
0.001952 -0.001104 0.001065 269 0.202156 -0.001542 
0.001955 -0.001107 0.001063 232 0.218541 -0.001546


0.001941 -0.001087 0.001066 185 0.185409 -0.001521


0.002067 -0.001278 0.001039 34 0.490874 -0.001750 
0.002018 -0.001194 0.001040 263 0.477276 -0.001653 
0.002013 -0.001195 0.001052 151 0.349170 -0.001651 
0.002064 -0.001280 0.001048 33 0.392699 -0.001750 
0.002067 -0.001278 0.001039 34 0.490874 -0.001750


0.002041 -0.001236 0.001045 186 0.427511 -0.001701


0.001862 -0.001008 0.001094 187 -0.223072 -0.001413 
0.001876 -0.001032 0.001094 256 -0.220430 -0.001442 
0.001876 -0.001025 0.001092 140 -0.185611 -0.001435 
0.001860 -0.000998 0.001092 86 -0.190660 -0.001404 
0.001862 -0.001008 0.001094 187 -0.223072 -0.001413


0.001868 -0.001016 0.001093 187 -0.204943 -0.001424


0.001868 -0.001023 0.001096 112 -0.256957 -0.001430 
0.001876 -0.001032 0.001094 256 -0.220430 -0.001442 
0.001862 -0.001008 0.001094 187 -0.223072 -0.001413 
0.001855 -0.001002 0.001096 83 -0.262814 -0.001405 
0.001868 -0.001023 0.001096 112 -0.256957 -0.001430


0.001865 -0.001016 0.001095 188 -0.240818 -0.001423


0.001893 -0.001050 0.001091 49 -0.159487 -0.001466 
0.001890 -0.001038 0.001088 111 -0.112938 -0.001454 
0.001873 -0.001014 0.001090 78 -0.144195 -0.001425 
0.001876 -0.001025 0.001092 140 -0.185611 -0.001435 
0.001893 -0.001050 0.001091 49 -0.159487 -0.001466


0.001883 -0.001032 0.001090 189 -0.150558 -0.001445


0.001839 -0.000948 0.001087 135 -0.099546 -0.001351 
0.001840 -0.000959 0.001091 73 -0.158189 -0.001361 
0.001858 -0.000987 0.001090 106 -0.145260 -0.001394 
0.001857 -0.000981 0.001087 257 -0.107885 -0.001388 
0.001839 -0.000948 0.001087 135 -0.099546 -0.001351


0.001849 -0.000969 0.001089 190 -0.127720 -0.001373


0.001878 -0.001061 0.001101 276 -0.366588 -0.001467 
0.001850 -0.001024 0.001103 277 -0.426261 -0.001421 
0.001874 -0.001076 0.001105 70 -0.489501 -0.001478 
0.001888 -0.001086 0.001103 199 -0.409125 -0.001494 
0.001878 -0.001061 0.001101 276 -0.366588 -0.001467


0.001872 -0.001061 0.001103 191 -0.422864 -0.001465


0.002001 -0.001205 0.001076 202 0.056079 -0.001654 
0.001994 -0.001200 0.001080 282 0.007387 -0.001646 
0.002001 -0.001218 0.001082 191 -0.028386 -0.001666 
0.002009 -0.001224 0.001078 65 0.030613 -0.001674 
0.002001 -0.001205 0.001076 202 0.056079 -0.001654


0.002001 -0.001212 0.001079 192 0.016424 -0.001660


0.001962 -0.001142 0.001078 190 0.031949 -0.001580 
0.001972 -0.001153 0.001075 77 0.076232 -0.001594 
0.001969 -0.001144 0.001073 249 0.104478 -0.001585 
0.001960 -0.001133 0.001075 66 0.066762 -0.001571 
0.001962 -0.001142 0.001078 190 0.031949 -0.001580


0.001966 -0.001143 0.001075 193 0.069856 -0.001583


0.001931 -0.001084 0.001076 155 0.059784 -0.001515 
0.001935 -0.001089 0.001074 266 0.080720 -0.001521 
0.001932 -0.001080 0.001073 165 0.100398 -0.001511 
0.001918 -0.001062 0.001076 170 0.061252 -0.001488 
0.001931 -0.001084 0.001076 155 0.059784 -0.001515


0.001929 -0.001079 0.001075 194 0.075538 -0.001509


0.001890 -0.001038 0.001088 111 -0.112938 -0.001454 
0.001886 -0.001024 0.001085 69 -0.068542 -0.001439 
0.001874 -0.001007 0.001087 181 -0.093913 -0.001419 
0.001873 -0.001014 0.001090 78 -0.144195 -0.001425 
0.001890 -0.001038 0.001088 111 -0.112938 -0.001454


0.001881 -0.001021 0.001087 195 -0.104897 -0.001434


0.001950 -0.001107 0.001070 208 0.137961 -0.001544 
0.001960 -0.001126 0.001071 230 0.124650 -0.001565 
0.001968 -0.001136 0.001068 178 0.157347 -0.001578 
0.001963 -0.001126 0.001067 96 0.171534 -0.001566 
0.001950 -0.001107 0.001070 208 0.137961 -0.001544


0.001960 -0.001124 0.001069 196 0.147873 -0.001563


0.001952 -0.001104 0.001065 269 0.202156 -0.001542 
0.001976 -0.001144 0.001063 102 0.218036 -0.001588 
0.001983 -0.001153 0.001061 169 0.242083 -0.001600 
0.001955 -0.001107 0.001063 232 0.218541 -0.001546 
0.001952 -0.001104 0.001065 269 0.202156 -0.001542


0.001967 -0.001127 0.001063 197 0.220204 -0.001569


0.001953 -0.001107 0.001066 75 0.189636 -0.001545 
0.001974 -0.001141 0.001065 241 0.203353 -0.001585 
0.001976 -0.001144 0.001063 102 0.218036 -0.001588 
0.001952 -0.001104 0.001065 269 0.202156 -0.001542 
0.001953 -0.001107 0.001066 75 0.189636 -0.001545


0.001964 -0.001124 0.001065 198 0.203295 -0.001565


0.002016 -0.001227 0.001073 81 0.098408 -0.001681 
0.002007 -0.001210 0.001073 264 0.099133 -0.001661 
0.002001 -0.001205 0.001076 202 0.056079 -0.001654 
0.002009 -0.001224 0.001078 65 0.030613 -0.001674 
0.002016 -0.001227 0.001073 81 0.098408 -0.001681


0.002008 -0.001217 0.001075 199 0.071059 -0.001668


0.002002 -0.001192 0.001067 180 0.177189 -0.001643 
0.002011 -0.001210 0.001068 258 0.163100 -0.001663 
0.001997 -0.001181 0.001064 160 0.205984 -0.001631 
0.001991 -0.001171 0.001065 72 0.203245 -0.001619 
0.002002 -0.001192 0.001067 180 0.177189 -0.001643


0.002000 -0.001188 0.001066 200 0.187380 -0.001639


0.002011 -0.001213 0.001070 193 0.133907 -0.001666 
0.002011 -0.001210 0.001068 258 0.163100 -0.001663 
0.002002 -0.001192 0.001067 180 0.177189 -0.001643 
0.002003 -0.001200 0.001070 87 0.133606 -0.001650 
0.002011 -0.001213 0.001070 193 0.133907 -0.001666


0.002007 -0.001204 0.001069 201 0.151950 -0.001656


0.001980 -0.001162 0.001072 98 0.112713 -0.001607 
0.001978 -0.001156 0.001070 68 0.140563 -0.001600 
0.001969 -0.001144 0.001073 249 0.104478 -0.001585 
0.001972 -0.001153 0.001075 77 0.076232 -0.001594 
0.001980 -0.001162 0.001072 98 0.112713 -0.001607


0.001975 -0.001154 0.001072 202 0.108497 -0.001597


0.001972 -0.001153 0.001075 77 0.076232 -0.001594 
0.001974 -0.001160 0.001077 174 0.047925 -0.001601 
0.001985 -0.001172 0.001072 82 0.106523 -0.001617 
0.001980 -0.001162 0.001072 98 0.112713 -0.001607 
0.001972 -0.001153 0.001075 77 0.076232 -0.001594


0.001978 -0.001162 0.001074 203 0.085849 -0.001605


0.001984 -0.001160 0.001066 177 0.190149 -0.001606 
0.001977 -0.001149 0.001067 259 0.178047 -0.001594 
0.001988 -0.001169 0.001067 194 0.170970 -0.001616 
0.001995 -0.001181 0.001067 88 0.170094 -0.001630 
0.001984 -0.001160 0.001066 177 0.190149 -0.001606


0.001986 -0.001165 0.001067 204 0.177315 -0.001611


0.001987 -0.001174 0.001071 195 0.117513 -0.001620 
0.001987 -0.001171 0.001069 260 0.143406 -0.001618 
0.001980 -0.001162 0.001072 98 0.112713 -0.001607 
0.001985 -0.001172 0.001072 82 0.106523 -0.001617 
0.001987 -0.001174 0.001071 195 0.117513 -0.001620


0.001985 -0.001170 0.001071 205 0.120039 -0.001615


0.001989 -0.001180 0.001073 245 0.103339 -0.001626 
0.001998 -0.001194 0.001073 183 0.100357 -0.001643 
0.002003 -0.001200 0.001070 87 0.133606 -0.001650 
0.001992 -0.001181 0.001070 179 0.135504 -0.001628 
0.001989 -0.001180 0.001073 245 0.103339 -0.001626


0.001996 -0.001189 0.001071 206 0.118201 -0.001637


0.001988 -0.001169 0.001067 194 0.170970 -0.001616 
0.001987 -0.001171 0.001069 260 0.143406 -0.001618 
0.001992 -0.001181 0.001070 179 0.135504 -0.001628 
0.001995 -0.001181 0.001067 88 0.170094 -0.001630 
0.001988 -0.001169 0.001067 194 0.170970 -0.001616


0.001991 -0.001175 0.001069 207 0.154994 -0.001623


0.001921 -0.001018 0.001023 166 0.648528 -0.001451 
0.001917 -0.001016 0.001034 196 0.533658 -0.001448 
0.001969 -0.001105 0.001033 62 0.548760 -0.001551 
0.001973 -0.001107 0.001020 133 0.680009 -0.001555 
0.001921 -0.001018 0.001023 166 0.648528 -0.001451


0.001945 -0.001061 0.001028 208 0.602736 -0.001501


0.002029 -0.001230 0.001059 221 0.264328 -0.001689 
0.002015 -0.001208 0.001062 150 0.239022 -0.001663 
0.002031 -0.001241 0.001066 261 0.190374 -0.001700 
0.002044 -0.001263 0.001065 236 0.193169 -0.001726 
0.002029 -0.001230 0.001059 221 0.264328 -0.001689


0.002030 -0.001235 0.001063 209 0.221722 -0.001694


0.002031 -0.001241 0.001066 261 0.190374 -0.001700 
0.002021 -0.001226 0.001067 184 0.170908 -0.001682 
0.002020 -0.001229 0.001071 89 0.128917 -0.001684 
0.002027 -0.001242 0.001071 198 0.124492 -0.001699 
0.002031 -0.001241 0.001066 261 0.190374 -0.001700


0.002025 -0.001235 0.001069 210 0.153672 -0.001691


0.001953 -0.001107 0.001066 75 0.189636 -0.001545 
0.001933 -0.001078 0.001070 139 0.141323 -0.001510 
0.001942 -0.001093 0.001069 71 0.143724 -0.001528 
0.001958 -0.001116 0.001066 197 0.188657 -0.001555 
0.001953 -0.001107 0.001066 75 0.189636 -0.001545


0.001947 -0.001099 0.001068 211 0.165835 -0.001535


0.002023 -0.001193 0.001010 38 0.785398 -0.001655 
0.002024 -0.001195 0.001014 265 0.737352 -0.001657 
0.002070 -0.001276 0.001019 36 0.687223 -0.001750 
0.002071 -0.001276 0.001010 37 0.785398 -0.001750 
0.002023 -0.001193 0.001010 38 0.785398 -0.001655


0.002047 -0.001235 0.001013 212 0.748849 -0.001703


0.002022 -0.001242 0.001076 164 0.062070 -0.001697 
0.002015 -0.001239 0.001080 120 -0.002715 -0.001690 
0.002028 -0.001266 0.001083 93 -0.043626 -0.001720 
0.002034 -0.001267 0.001078 161 0.032736 -0.001724 
0.002022 -0.001242 0.001076 164 0.062070 -0.001697


0.002025 -0.001253 0.001079 213 0.012118 -0.001708


0.002028 -0.001266 0.001083 93 -0.043626 -0.001720 
0.002039 -0.001294 0.001087 28 -0.098175 -0.001750 
0.002045 -0.001290 0.001080 29 0.000000 -0.001750 
0.002034 -0.001267 0.001078 161 0.032736 -0.001724 
0.002028 -0.001266 0.001083 93 -0.043626 -0.001720


0.002037 -0.001279 0.001082 214 -0.027261 -0.001736


0.002027 -0.001242 0.001071 198 0.124492 -0.001699 
0.002039 -0.001265 0.001072 243 0.110107 -0.001725 
0.002044 -0.001263 0.001065 236 0.193169 -0.001726 
0.002031 -0.001241 0.001066 261 0.190374 -0.001700 
0.002027 -0.001242 0.001071 198 0.124492 -0.001699


0.002035 -0.001253 0.001069 215 0.154536 -0.001712


0.001998 -0.001194 0.001073 183 0.100357 -0.001643 
0.002007 -0.001210 0.001073 264 0.099133 -0.001661 
0.002011 -0.001213 0.001070 193 0.133907 -0.001666 
0.002003 -0.001200 0.001070 87 0.133606 -0.001650 
0.001998 -0.001194 0.001073 183 0.100357 -0.001643


0.002005 -0.001204 0.001072 216 0.116751 -0.001655


0.002001 -0.001205 0.001076 202 0.056079 -0.001654 
0.002007 -0.001210 0.001073 264 0.099133 -0.001661 
0.001998 -0.001194 0.001073 183 0.100357 -0.001643 
0.001993 -0.001190 0.001075 91 0.066280 -0.001637 
0.002001 -0.001205 0.001076 202 0.056079 -0.001654


0.001999 -0.001200 0.001074 217 0.080462 -0.001649


0.001922 -0.001047 0.001061 157 0.245831 -0.001478 
0.001924 -0.001056 0.001065 74 0.192103 -0.001487 
0.001960 -0.001110 0.001059 275 0.265626 -0.001550 
0.001968 -0.001118 0.001053 255 0.333201 -0.001562 
0.001922 -0.001047 0.001061 157 0.245831 -0.001478


0.001944 -0.001083 0.001060 218 0.259186 -0.001519


0.001960 -0.001110 0.001059 275 0.265626 -0.001550 
0.001992 -0.001165 0.001058 246 0.274019 -0.001615 
0.002013 -0.001195 0.001052 151 0.349170 -0.001651 
0.001968 -0.001118 0.001053 255 0.333201 -0.001562 
0.001960 -0.001110 0.001059 275 0.265626 -0.001550


0.001983 -0.001147 0.001056 219 0.305504 -0.001595


0.001968 -0.001136 0.001068 178 0.157347 -0.001578 
0.001960 -0.001126 0.001071 230 0.124650 -0.001565 
0.001969 -0.001144 0.001073 249 0.104478 -0.001585 
0.001978 -0.001156 0.001070 68 0.140563 -0.001600 
0.001968 -0.001136 0.001068 178 0.157347 -0.001578


0.001969 -0.001141 0.001070 220 0.131760 -0.001582


0.001970 -0.001137 0.001066 109 0.184389 -0.001579 
0.001963 -0.001126 0.001067 96 0.171534 -0.001566 
0.001968 -0.001136 0.001068 178 0.157347 -0.001578 
0.001977 -0.001149 0.001067 259 0.178047 -0.001594 
0.001970 -0.001137 0.001066 109 0.184389 -0.001579


0.001970 -0.001137 0.001067 221 0.172829 -0.001579


0.001929 -0.001082 0.001077 54 0.046109 -0.001511 
0.001922 -0.001071 0.001077 156 0.040738 -0.001498 
0.001921 -0.001075 0.001080 204 0.006676 -0.001501 
0.001931 -0.001088 0.001078 141 0.028760 -0.001518 
0.001929 -0.001082 0.001077 54 0.046109 -0.001511


0.001926 -0.001079 0.001078 222 0.030571 -0.001507


0.002009 -0.001311 0.001105 24 -0.490874 -0.001750 
0.001959 -0.001198 0.001100 267 -0.347307 -0.001627 
0.001922 -0.001165 0.001106 200 -0.513702 -0.001580 
0.002001 -0.001316 0.001108 23 -0.589049 -0.001750 
0.002009 -0.001311 0.001105 24 -0.490874 -0.001750


0.001973 -0.001248 0.001105 223 -0.485295 -0.001677


0.001988 -0.001239 0.001098 100 -0.293559 -0.001677 
0.001959 -0.001198 0.001100 267 -0.347307 -0.001627 
0.002009 -0.001311 0.001105 24 -0.490874 -0.001750 
0.002017 -0.001307 0.001102 25 -0.392699 -0.001750 
0.001988 -0.001239 0.001098 100 -0.293559 -0.001677


0.001994 -0.001264 0.001101 224 -0.381084 -0.001701


0.002025 -0.001302 0.001098 26 -0.294524 -0.001750 
0.002005 -0.001253 0.001094 101 -0.211254 -0.001697 
0.001988 -0.001239 0.001098 100 -0.293559 -0.001677 
0.002017 -0.001307 0.001102 25 -0.392699 -0.001750 
0.002025 -0.001302 0.001098 26 -0.294524 -0.001750


0.002009 -0.001275 0.001098 225 -0.298001 -0.001718


0.002020 -0.001264 0.001088 119 -0.113647 -0.001715 
0.002006 -0.001231 0.001085 213 -0.068068 -0.001679 
0.001993 -0.001220 0.001089 118 -0.138122 -0.001663 
0.002005 -0.001253 0.001094 101 -0.211254 -0.001697 
0.002020 -0.001264 0.001088 119 -0.113647 -0.001715


0.002006 -0.001242 0.001089 226 -0.132764 -0.001688


0.002027 -0.001242 0.001071 198 0.124492 -0.001699 
0.002022 -0.001242 0.001076 164 0.062070 -0.001697 
0.002034 -0.001267 0.001078 161 0.032736 -0.001724 
0.002039 -0.001265 0.001072 243 0.110107 -0.001725 
0.002027 -0.001242 0.001071 198 0.124492 -0.001699


0.002031 -0.001254 0.001074 227 0.082353 -0.001711


0.001994 -0.001200 0.001080 282 0.007387 -0.001646 
0.001985 -0.001183 0.001079 128 0.013545 -0.001627 
0.001976 -0.001174 0.001083 240 -0.032593 -0.001615 
0.001981 -0.001187 0.001084 201 -0.059914 -0.001628 
0.001994 -0.001200 0.001080 282 0.007387 -0.001646


0.001984 -0.001186 0.001082 228 -0.017893 -0.001629


0.001931 -0.001084 0.001076 155 0.059784 -0.001515 
0.001929 -0.001082 0.001077 54 0.046109 -0.001511 
0.001931 -0.001088 0.001078 141 0.028760 -0.001518 
0.001940 -0.001101 0.001076 122 0.053289 -0.001533 
0.001931 -0.001084 0.001076 155 0.059784 -0.001515


0.001933 -0.001089 0.001077 229 0.046986 -0.001519


0.001922 -0.001071 0.001077 156 0.040738 -0.001498 
0.001902 -0.001038 0.001078 58 0.034613 -0.001460 
0.001904 -0.001050 0.001082 136 -0.031769 -0.001472 
0.001921 -0.001075 0.001080 204 0.006676 -0.001501 
0.001922 -0.001071 0.001077 156 0.040738 -0.001498


0.001913 -0.001058 0.001079 230 0.012567 -0.001483


0.001941 -0.001130 0.001089 125 -0.139188 -0.001559 
0.001943 -0.001137 0.001091 132 -0.160775 -0.001566 
0.001961 -0.001158 0.001087 205 -0.099097 -0.001593 
0.001956 -0.001147 0.001086 207 -0.085173 -0.001581 
0.001941 -0.001130 0.001089 125 -0.139188 -0.001559


0.001950 -0.001143 0.001088 231 -0.121058 -0.001575


0.001974 -0.001193 0.001091 192 -0.169856 -0.001630 
0.001989 -0.001207 0.001087 90 -0.101115 -0.001649 
0.001981 -0.001187 0.001084 201 -0.059914 -0.001628 
0.001968 -0.001174 0.001088 63 -0.121032 -0.001610 
0.001974 -0.001193 0.001091 192 -0.169856 -0.001630


0.001978 -0.001190 0.001088 232 -0.112978 -0.001629


0.001944 -0.001145 0.001092 206 -0.189069 -0.001573 
0.001968 -0.001174 0.001088 63 -0.121032 -0.001610 
0.001961 -0.001158 0.001087 205 -0.099097 -0.001593 
0.001943 -0.001137 0.001091 132 -0.160775 -0.001566 
0.001944 -0.001145 0.001092 206 -0.189069 -0.001573


0.001954 -0.001154 0.001090 233 -0.142492 -0.001586


0.001926 -0.001135 0.001099 121 -0.319277 -0.001555 
0.001925 -0.001149 0.001102 279 -0.402233 -0.001568 
0.001952 -0.001175 0.001097 220 -0.285299 -0.001604 
0.001948 -0.001160 0.001095 95 -0.239348 -0.001588 
0.001926 -0.001135 0.001099 121 -0.319277 -0.001555


0.001938 -0.001155 0.001099 234 -0.311525 -0.001579


0.001968 -0.001174 0.001088 63 -0.121032 -0.001610 
0.001981 -0.001187 0.001084 201 -0.059914 -0.001628 
0.001976 -0.001174 0.001083 240 -0.032593 -0.001615 
0.001961 -0.001158 0.001087 205 -0.099097 -0.001593 
0.001968 -0.001174 0.001088 63 -0.121032 -0.001610


0.001971 -0.001173 0.001086 235 -0.078159 -0.001612


0.001965 -0.001151 0.001080 278 0.000667 -0.001589 
0.001953 -0.001139 0.001085 124 -0.061955 -0.001573 
0.001956 -0.001147 0.001086 207 -0.085173 -0.001581 
0.001968 -0.001161 0.001082 272 -0.027379 -0.001599 
0.001965 -0.001151 0.001080 278 0.000667 -0.001589


0.001960 -0.001150 0.001083 236 -0.043460 -0.001586


0.001989 -0.001180 0.001074 182 0.087226 -0.001626 
0.001978 -0.001171 0.001078 271 0.026250 -0.001613 
0.001985 -0.001183 0.001079 128 0.013545 -0.001627 
0.001993 -0.001190 0.001075 91 0.066280 -0.001637 
0.001989 -0.001180 0.001074 182 0.087226 -0.001626


0.001986 -0.001181 0.001077 237 0.048325 -0.001626


0.001974 -0.001160 0.001077 174 0.047925 -0.001601 
0.001978 -0.001171 0.001078 271 0.026250 -0.001613 
0.001989 -0.001180 0.001074 182 0.087226 -0.001626 
0.001985 -0.001172 0.001072 82 0.106523 -0.001617 
0.001974 -0.001160 0.001077 174 0.047925 -0.001601


0.001982 -0.001171 0.001075 238 0.066981 -0.001614


0.001968 -0.001161 0.001082 272 -0.027379 -0.001599 
0.001978 -0.001171 0.001078 271 0.026250 -0.001613 
0.001974 -0.001160 0.001077 174 0.047925 -0.001601 
0.001965 -0.001151 0.001080 278 0.000667 -0.001589 
0.001968 -0.001161 0.001082 272 -0.027379 -0.001599


0.001971 -0.001161 0.001079 239 0.011866 -0.001601


0.001976 -0.001174 0.001083 240 -0.032593 -0.001615 
0.001985 -0.001183 0.001079 128 0.013545 -0.001627 
0.001978 -0.001171 0.001078 271 0.026250 -0.001613 
0.001968 -0.001161 0.001082 272 -0.027379 -0.001599 
0.001976 -0.001174 0.001083 240 -0.032593 -0.001615


0.001977 -0.001172 0.001081 240 -0.005044 -0.001613


0.001977 -0.001204 0.001093 94 -0.209388 -0.001641 
0.001974 -0.001193 0.001091 192 -0.169856 -0.001630 
0.001948 -0.001160 0.001095 95 -0.239348 -0.001588 
0.001952 -0.001175 0.001097 220 -0.285299 -0.001604 
0.001977 -0.001204 0.001093 94 -0.209388 -0.001641


0.001963 -0.001183 0.001094 241 -0.225971 -0.001616


0.001869 -0.000982 0.001078 145 0.025249 -0.001395 
0.001898 -0.001020 0.001072 50 0.111389 -0.001441 
0.001870 -0.000964 0.001067 129 0.177970 -0.001380 
0.001835 -0.000925 0.001080 253 0.007147 -0.001328 
0.001869 -0.000982 0.001078 145 0.025249 -0.001395


0.001868 -0.000973 0.001074 242 0.080422 -0.001386


0.001965 -0.001151 0.001080 278 0.000667 -0.001589 
0.001974 -0.001160 0.001077 174 0.047925 -0.001601 
0.001972 -0.001153 0.001075 77 0.076232 -0.001594 
0.001962 -0.001142 0.001078 190 0.031949 -0.001580 
0.001965 -0.001151 0.001080 278 0.000667 -0.001589


0.001968 -0.001152 0.001077 243 0.039194 -0.001591


0.001942 -0.001093 0.001069 71 0.143724 -0.001528 
0.001950 -0.001107 0.001070 208 0.137961 -0.001544 
0.001963 -0.001126 0.001067 96 0.171534 -0.001566 
0.001958 -0.001116 0.001066 197 0.188657 -0.001555 
0.001942 -0.001093 0.001069 71 0.143724 -0.001528


0.001954 -0.001111 0.001068 244 0.160469 -0.001548


0.001901 -0.001168 0.001109 280 -0.716451 -0.001571 
0.001890 -0.001163 0.001110 20 -0.785398 -0.001562 
0.001984 -0.001326 0.001110 21 -0.785398 -0.001750 
0.001993 -0.001321 0.001109 22 -0.687223 -0.001750 
0.001901 -0.001168 0.001109 280 -0.716451 -0.001571


0.001942 -0.001244 0.001109 245 -0.743620 -0.001658


0.001922 -0.001165 0.001106 200 -0.513702 -0.001580 
0.001901 -0.001168 0.001109 280 -0.716451 -0.001571 
0.001993 -0.001321 0.001109 22 -0.687223 -0.001750 
0.002001 -0.001316 0.001108 23 -0.589049 -0.001750 
0.001922 -0.001165 0.001106 200 -0.513702 -0.001580


0.001954 -0.001242 0.001108 246 -0.626629 -0.001663


0.001922 -0.001047 0.001061 157 0.245831 -0.001478 
0.001968 -0.001118 0.001053 255 0.333201 -0.001562 
0.001971 -0.001114 0.001044 188 0.439090 -0.001560 
0.001921 -0.001039 0.001055 223 0.313081 -0.001470 
0.001922 -0.001047 0.001061 157 0.245831 -0.001478


0.001946 -0.001080 0.001053 247 0.332779 -0.001518


0.001740 -0.000746 0.001072 203 0.112563 -0.001126 
0.001725 -0.000712 0.001066 97 0.189375 -0.001089 
0.001705 -0.000688 0.001073 51 0.098105 -0.001058 
0.001715 -0.000718 0.001081 126 -0.004354 -0.001089 
0.001740 -0.000746 0.001072 203 0.112563 -0.001126


0.001721 -0.000716 0.001073 248 0.098937 -0.001091


0.001761 -0.000752 0.001045 138 0.419109 -0.001141 
0.001726 -0.000691 0.001043 61 0.447171 -0.001071 
0.001716 -0.000681 0.001053 137 0.339265 -0.001058 
0.001746 -0.000736 0.001055 273 0.308341 -0.001120 
0.001761 -0.000752 0.001045 138 0.419109 -0.001141


0.001737 -0.000715 0.001049 249 0.378472 -0.001098


0.001715 -0.000718 0.001081 126 -0.004354 -0.001089 
0.001689 -0.000678 0.001083 47 -0.038321 -0.001041 
0.001690 -0.000694 0.001089 123 -0.127014 -0.001056 
0.001723 -0.000745 0.001086 152 -0.084772 -0.001117 
0.001715 -0.000718 0.001081 126 -0.004354 -0.001089


0.001704 -0.000709 0.001085 250 -0.063614 -0.001076


0.001782 -0.000776 0.001021 209 0.667400 -0.001173 
0.001736 -0.000698 0.001021 218 0.667026 -0.001082 
0.001734 -0.000697 0.001032 99 0.559753 -0.001080 
0.001774 -0.000768 0.001033 130 0.544822 -0.001162 
0.001782 -0.000776 0.001021 209 0.667400 -0.001173


0.001757 -0.000735 0.001027 251 0.609751 -0.001124


0.001926 -0.001135 0.001099 121 -0.319277 -0.001555 
0.001948 -0.001160 0.001095 95 -0.239348 -0.001588 
0.001944 -0.001145 0.001092 206 -0.189069 -0.001573 
0.001924 -0.001120 0.001096 270 -0.255064 -0.001542 
0.001926 -0.001135 0.001099 121 -0.319277 -0.001555


0.001936 -0.001140 0.001096 252 -0.250686 -0.001565


0.001883 -0.001067 0.001100 45 -0.350395 -0.001475 
0.001895 -0.001087 0.001100 214 -0.353544 -0.001499 
0.001902 -0.001090 0.001098 59 -0.301355 -0.001504 
0.001882 -0.001059 0.001099 229 -0.317585 -0.001468 
0.001883 -0.001067 0.001100 45 -0.350395 -0.001475


0.001890 -0.001076 0.001099 253 -0.330720 -0.001486


0.001956 -0.001147 0.001086 207 -0.085173 -0.001581 
0.001953 -0.001139 0.001085 124 -0.061955 -0.001573 
0.001940 -0.001127 0.001089 252 -0.129982 -0.001556 
0.001941 -0.001130 0.001089 125 -0.139188 -0.001559 
0.001956 -0.001147 0.001086 207 -0.085173 -0.001581


0.001947 -0.001136 0.001087 254 -0.104075 -0.001567


0.001850 -0.001024 0.001103 277 -0.426261 -0.001421 
0.001878 -0.001061 0.001101 276 -0.366588 -0.001467 
0.001867 -0.001036 0.001100 219 -0.340846 -0.001440 
0.001843 -0.001002 0.001101 224 -0.372614 -0.001399 
0.001850 -0.001024 0.001103 277 -0.426261 -0.001421


0.001860 -0.001031 0.001101 255 -0.376574 -0.001432


0.001888 -0.001086 0.001103 199 -0.409125 -0.001494 
0.001925 -0.001149 0.001102 279 -0.402233 -0.001568 
0.001926 -0.001135 0.001099 121 -0.319277 -0.001555 
0.001895 -0.001087 0.001100 214 -0.353544 -0.001499 
0.001888 -0.001086 0.001103 199 -0.409125 -0.001494


0.001908 -0.001114 0.001101 256 -0.371047 -0.001529


0.001981 -0.001187 0.001084 201 -0.059914 -0.001628 
0.001989 -0.001207 0.001087 90 -0.101115 -0.001649 
0.002001 -0.001218 0.001082 191 -0.028386 -0.001666 
0.001994 -0.001200 0.001080 282 0.007387 -0.001646 
0.001981 -0.001187 0.001084 201 -0.059914 -0.001628


0.001991 -0.001203 0.001083 257 -0.045506 -0.001647


0.001782 -0.000776 0.001021 209 0.667400 -0.001173 
0.001824 -0.000850 0.001022 225 0.659426 -0.001258 
0.001833 -0.000864 0.001010 42 0.785398 -0.001274 
0.001785 -0.000781 0.001010 43 0.785398 -0.001179 
0.001782 -0.000776 0.001021 209 0.667400 -0.001173


0.001806 -0.000818 0.001016 258 0.724406 -0.001221


0.001790 -0.000806 0.001050 228 0.368879 -0.001203 
0.001821 -0.000864 0.001054 143 0.323236 -0.001268 
0.001865 -0.000924 0.001028 231 0.599116 -0.001342 
0.001811 -0.000833 0.001036 127 0.522283 -0.001236 
0.001790 -0.000806 0.001050 228 0.368879 -0.001203


0.001822 -0.000856 0.001042 259 0.453353 -0.001262


