0.003462 0.001607 -0.000890 50 3.578613 0.000125 
0.003462 0.001603 -0.001078 110 3.560369 -0.000063 
0.003462 0.001587 -0.001078 85 3.479188 -0.000063 
0.003462 0.001594 -0.000890 51 3.510851 0.000125 
0.003462 0.001607 -0.000890 50 3.578613 0.000125


0.003462 0.001598 -0.000984 1 3.532257 0.000031


0.003462 0.001621 -0.001078 48 3.646376 -0.000063 
0.003462 0.001603 -0.001078 110 3.560369 -0.000063 
0.003462 0.001607 -0.000890 50 3.578613 0.000125 
0.003462 0.001621 -0.000890 49 3.646376 0.000125 
0.003462 0.001621 -0.001078 48 3.646376 -0.000063


0.003462 0.001613 -0.000984 2 3.607934 0.000031


0.003373 0.001436 -0.001134 142 2.570410 -0.000119 
0.003373 0.001435 -0.001012 118 2.566804 0.000003 
0.003384 0.001443 -0.001012 90 2.636272 0.000003 
0.003386 0.001445 -0.001135 119 2.646858 -0.000119 
0.003373 0.001436 -0.001134 142 2.570410 -0.000119


0.003379 0.001440 -0.001073 3 2.605085 -0.000058


0.003065 0.001567 -0.001265 12 0.587183 -0.000250 
0.003066 0.001566 -0.001083 111 0.594652 -0.000068 
0.003070 0.001548 -0.001167 109 0.685654 -0.000152 
0.003069 0.001551 -0.001265 13 0.669584 -0.000250 
0.003065 0.001567 -0.001265 12 0.587183 -0.000250


0.003067 0.001558 -0.001195 4 0.634268 -0.000180


0.003063 0.001584 -0.001078 10 0.504783 -0.000063 
0.003066 0.001566 -0.001083 111 0.594652 -0.000068 
0.003065 0.001567 -0.001265 12 0.587183 -0.000250 
0.003063 0.001584 -0.001265 11 0.504783 -0.000250 
0.003063 0.001584 -0.001078 10 0.504783 -0.000063


0.003064 0.001575 -0.001173 5 0.547850 -0.000158


0.003429 0.001492 -0.000931 81 2.969210 0.000085 
0.003426 0.001487 -0.000945 113 2.943456 0.000070 
0.003418 0.001477 -0.000949 144 2.877247 0.000066 
0.003423 0.001482 -0.000919 146 2.911003 0.000096 
0.003429 0.001492 -0.000931 81 2.969210 0.000085


0.003424 0.001484 -0.000936 6 2.925230 0.000079


0.003436 0.001503 -0.000890 58 3.036514 0.000125 
0.003433 0.001498 -0.000930 147 3.005564 0.000085 
0.003429 0.001492 -0.000931 81 2.969210 0.000085 
0.003429 0.001492 -0.000890 59 2.968752 0.000125 
0.003436 0.001503 -0.000890 58 3.036514 0.000125


0.003432 0.001496 -0.000910 7 2.995009 0.000105


0.003447 0.001525 -0.001079 83 3.155875 -0.000064 
0.003452 0.001538 -0.001079 112 3.227251 -0.000063 
0.003438 0.001507 -0.001265 42 3.059192 -0.000250 
0.003430 0.001493 -0.001265 41 2.976792 -0.000250 
0.003447 0.001525 -0.001079 83 3.155875 -0.000064


0.003443 0.001515 -0.001172 8 3.104787 -0.000157


0.003421 0.001481 -0.000890 60 2.900990 0.000125 
0.003423 0.001482 -0.000919 146 2.911003 0.000096 
0.003418 0.001477 -0.000949 144 2.877247 0.000066 
0.003413 0.001470 -0.000890 61 2.833227 0.000125 
0.003421 0.001481 -0.000890 60 2.900990 0.000125


0.003419 0.001477 -0.000912 9 2.880620 0.000103


0.003429 0.001492 -0.000931 81 2.969210 0.000085 
0.003423 0.001482 -0.000919 146 2.911003 0.000096 
0.003421 0.001481 -0.000890 60 2.900990 0.000125 
0.003429 0.001492 -0.000890 59 2.968752 0.000125 
0.003429 0.001492 -0.000931 81 2.969210 0.000085


0.003426 0.001486 -0.000908 10 2.937489 0.000108


0.003433 0.001498 -0.000939 145 3.006652 0.000076 
0.003433 0.001498 -0.000930 147 3.005564 0.000085 
0.003436 0.001503 -0.000890 58 3.036514 0.000125 
0.003443 0.001515 -0.000890 57 3.104277 0.000125 
0.003433 0.001498 -0.000939 145 3.006652 0.000076


0.003436 0.001503 -0.000913 11 3.038243 0.000103


0.003452 0.001538 -0.001079 112 3.227251 -0.000063 
0.003456 0.001554 -0.001079 84 3.309702 -0.000063 
0.003446 0.001522 -0.001265 43 3.141593 -0.000250 
0.003438 0.001507 -0.001265 42 3.059192 -0.000250 
0.003452 0.001538 -0.001079 112 3.227251 -0.000063


0.003449 0.001530 -0.001172 12 3.184434 -0.000157


0.003124 0.001457 -0.001140 105 1.221545 -0.000124 
0.003112 0.001470 -0.001140 138 1.131317 -0.000125 
0.003118 0.001463 -0.001017 104 1.177299 -0.000002 
0.003135 0.001448 -0.001015 135 1.289092 0.000000 
0.003124 0.001457 -0.001140 105 1.221545 -0.000124


0.003122 0.001460 -0.001078 13 1.204805 -0.000063


0.003448 0.001528 -0.000890 56 3.172039 0.000125 
0.003431 0.001495 -0.001053 123 2.990137 -0.000037 
0.003433 0.001498 -0.000939 145 3.006652 0.000076 
0.003443 0.001515 -0.000890 57 3.104277 0.000125 
0.003448 0.001528 -0.000890 56 3.172039 0.000125


0.003439 0.001509 -0.000943 14 3.068257 0.000072


0.003429 0.001492 -0.000931 81 2.969210 0.000085 
0.003433 0.001498 -0.000930 147 3.005564 0.000085 
0.003433 0.001498 -0.000939 145 3.006652 0.000076 
0.003426 0.001487 -0.000945 113 2.943456 0.000070 
0.003429 0.001492 -0.000931 81 2.969210 0.000085


0.003431 0.001494 -0.000936 15 2.981222 0.000079


0.003431 0.001495 -0.001053 123 2.990137 -0.000037 
0.003448 0.001528 -0.000890 56 3.172039 0.000125 
0.003453 0.001540 -0.000890 55 3.239801 0.000125 
0.003447 0.001525 -0.001079 83 3.155875 -0.000064 
0.003431 0.001495 -0.001053 123 2.990137 -0.000037


0.003446 0.001522 -0.000978 16 3.139558 0.000037


0.003454 0.001546 -0.001265 44 3.267788 -0.000250 
0.003460 0.001569 -0.001079 114 3.389887 -0.000063 
0.003462 0.001587 -0.001078 85 3.479188 -0.000063 
0.003460 0.001570 -0.001265 45 3.393984 -0.000250 
0.003454 0.001546 -0.001265 44 3.267788 -0.000250


0.003459 0.001568 -0.001172 17 3.382738 -0.000157


0.003456 0.001554 -0.001079 84 3.309702 -0.000063 
0.003460 0.001569 -0.001079 114 3.389887 -0.000063 
0.003454 0.001546 -0.001265 44 3.267788 -0.000250 
0.003446 0.001522 -0.001265 43 3.141593 -0.000250 
0.003456 0.001554 -0.001079 84 3.309702 -0.000063


0.003455 0.001547 -0.001172 18 3.277286 -0.000157


0.003317 0.001410 -0.001135 88 2.259174 -0.000120 
0.003320 0.001411 -0.001013 134 2.275818 0.000003 
0.003335 0.001416 -0.001012 117 2.356694 0.000003 
0.003332 0.001414 -0.001135 116 2.337448 -0.000119 
0.003317 0.001410 -0.001135 88 2.259174 -0.000120


0.003326 0.001412 -0.001074 19 2.307283 -0.000058


0.003346 0.001420 -0.001134 86 2.415413 -0.000119 
0.003360 0.001428 -0.001134 115 2.493146 -0.000119 
0.003343 0.001419 -0.001265 34 2.399990 -0.000250 
0.003328 0.001413 -0.001265 33 2.317590 -0.000250 
0.003346 0.001420 -0.001134 86 2.415413 -0.000119


0.003345 0.001420 -0.001200 20 2.406537 -0.000185


0.003347 0.001421 -0.001012 87 2.421656 0.000003 
0.003335 0.001416 -0.001012 117 2.356694 0.000003 
0.003323 0.001411 -0.000890 69 2.291128 0.000125 
0.003336 0.001416 -0.000890 68 2.358891 0.000125 
0.003347 0.001421 -0.001012 87 2.421656 0.000003


0.003336 0.001416 -0.000951 21 2.357093 0.000064


0.003312 0.001408 -0.001265 32 2.235189 -0.000250 
0.003332 0.001414 -0.001135 116 2.337448 -0.000119 
0.003346 0.001420 -0.001134 86 2.415413 -0.000119 
0.003328 0.001413 -0.001265 33 2.317590 -0.000250 
0.003312 0.001408 -0.001265 32 2.235189 -0.000250


0.003330 0.001414 -0.001200 22 2.326412 -0.000185


0.003317 0.001410 -0.001135 88 2.259174 -0.000120 
0.003332 0.001414 -0.001135 116 2.337448 -0.000119 
0.003312 0.001408 -0.001265 32 2.235189 -0.000250 
0.003296 0.001405 -0.001265 31 2.152789 -0.000250 
0.003317 0.001410 -0.001135 88 2.259174 -0.000120


0.003314 0.001409 -0.001200 23 2.246152 -0.000185


0.003332 0.001414 -0.001135 116 2.337448 -0.000119 
0.003335 0.001416 -0.001012 117 2.356694 0.000003 
0.003347 0.001421 -0.001012 87 2.421656 0.000003 
0.003346 0.001420 -0.001134 86 2.415413 -0.000119 
0.003332 0.001414 -0.001135 116 2.337448 -0.000119


0.003340 0.001418 -0.001073 24 2.382804 -0.000058


0.003360 0.001428 -0.001012 89 2.494469 0.000003 
0.003347 0.001421 -0.001012 87 2.421656 0.000003 
0.003336 0.001416 -0.000890 68 2.358891 0.000125 
0.003348 0.001421 -0.000890 67 2.426653 0.000125 
0.003360 0.001428 -0.001012 89 2.494469 0.000003


0.003348 0.001421 -0.000951 25 2.425416 0.000064


0.003360 0.001428 -0.001134 115 2.493146 -0.000119 
0.003373 0.001436 -0.001134 142 2.570410 -0.000119 
0.003358 0.001426 -0.001265 35 2.482390 -0.000250 
0.003343 0.001419 -0.001265 34 2.399990 -0.000250 
0.003360 0.001428 -0.001134 115 2.493146 -0.000119


0.003359 0.001427 -0.001200 26 2.486486 -0.000185


0.003346 0.001420 -0.001134 86 2.415413 -0.000119 
0.003347 0.001421 -0.001012 87 2.421656 0.000003 
0.003360 0.001428 -0.001012 89 2.494469 0.000003 
0.003360 0.001428 -0.001134 115 2.493146 -0.000119 
0.003346 0.001420 -0.001134 86 2.415413 -0.000119


0.003354 0.001424 -0.001073 27 2.456171 -0.000058


0.003360 0.001428 -0.000890 66 2.494415 0.000125 
0.003373 0.001435 -0.001012 118 2.566804 0.000003 
0.003360 0.001428 -0.001012 89 2.494469 0.000003 
0.003348 0.001421 -0.000890 67 2.426653 0.000125 
0.003360 0.001428 -0.000890 66 2.494415 0.000125


0.003361 0.001428 -0.000951 28 2.495584 0.000064


0.003384 0.001443 -0.001012 90 2.636272 0.000003 
0.003373 0.001435 -0.001012 118 2.566804 0.000003 
0.003360 0.001428 -0.000890 66 2.494415 0.000125 
0.003372 0.001435 -0.000890 65 2.562178 0.000125 
0.003384 0.001443 -0.001012 90 2.636272 0.000003


0.003372 0.001435 -0.000951 29 2.564917 0.000064


0.003360 0.001428 -0.001134 115 2.493146 -0.000119 
0.003360 0.001428 -0.001012 89 2.494469 0.000003 
0.003373 0.001435 -0.001012 118 2.566804 0.000003 
0.003373 0.001436 -0.001134 142 2.570410 -0.000119 
0.003360 0.001428 -0.001134 115 2.493146 -0.000119


0.003367 0.001431 -0.001073 30 2.531207 -0.000058


0.003386 0.001445 -0.001135 119 2.646858 -0.000119 
0.003384 0.001443 -0.001012 90 2.636272 0.000003 
0.003390 0.001448 -0.001006 120 2.676795 0.000009 
0.003394 0.001452 -0.001122 91 2.702112 -0.000106 
0.003386 0.001445 -0.001135 119 2.646858 -0.000119


0.003389 0.001447 -0.001069 31 2.665508 -0.000053


0.003372 0.001435 -0.001265 36 2.564791 -0.000250 
0.003386 0.001445 -0.001135 119 2.646858 -0.000119 
0.003394 0.001452 -0.001122 91 2.702112 -0.000106 
0.003386 0.001445 -0.001265 37 2.647191 -0.000250 
0.003372 0.001435 -0.001265 36 2.564791 -0.000250


0.003385 0.001444 -0.001197 32 2.640246 -0.000181


0.003373 0.001436 -0.001134 142 2.570410 -0.000119 
0.003386 0.001445 -0.001135 119 2.646858 -0.000119 
0.003372 0.001435 -0.001265 36 2.564791 -0.000250 
0.003358 0.001426 -0.001265 35 2.482390 -0.000250 
0.003373 0.001436 -0.001134 142 2.570410 -0.000119


0.003373 0.001435 -0.001200 33 2.566114 -0.000185


0.003390 0.001448 -0.001006 120 2.676795 0.000009 
0.003384 0.001443 -0.001012 90 2.636272 0.000003 
0.003372 0.001435 -0.000890 65 2.562178 0.000125 
0.003383 0.001442 -0.000890 64 2.629940 0.000125 
0.003390 0.001448 -0.001006 120 2.676795 0.000009


0.003382 0.001442 -0.000950 34 2.626302 0.000066


0.003427 0.001488 -0.001052 93 2.947854 -0.000037 
0.003426 0.001487 -0.000945 113 2.943456 0.000070 
0.003433 0.001498 -0.000939 145 3.006652 0.000076 
0.003431 0.001495 -0.001053 123 2.990137 -0.000037 
0.003427 0.001488 -0.001052 93 2.947854 -0.000037


0.003430 0.001492 -0.000997 35 2.972024 0.000018


0.003158 0.001431 -0.001137 102 1.434302 -0.000122 
0.003166 0.001427 -0.001015 131 1.478377 0.000001 
0.003182 0.001419 -0.001013 98 1.570110 0.000003 
0.003178 0.001421 -0.001135 132 1.547638 -0.000120 
0.003158 0.001431 -0.001137 102 1.434302 -0.000122


0.003171 0.001424 -0.001075 36 1.507612 -0.000060


0.003401 0.001458 -0.000989 82 2.751017 0.000026 
0.003390 0.001448 -0.001006 120 2.676795 0.000009 
0.003383 0.001442 -0.000890 64 2.629940 0.000125 
0.003394 0.001451 -0.000890 63 2.697703 0.000125 
0.003401 0.001458 -0.000989 82 2.751017 0.000026


0.003392 0.001450 -0.000944 37 2.688862 0.000071


0.003398 0.001455 -0.001265 38 2.729591 -0.000250 
0.003409 0.001466 -0.001084 121 2.807386 -0.000069 
0.003427 0.001488 -0.001052 93 2.947854 -0.000037 
0.003410 0.001467 -0.001265 39 2.811991 -0.000250 
0.003398 0.001455 -0.001265 38 2.729591 -0.000250


0.003412 0.001469 -0.001167 38 2.824162 -0.000151


0.003394 0.001452 -0.001122 91 2.702112 -0.000106 
0.003409 0.001466 -0.001084 121 2.807386 -0.000069 
0.003398 0.001455 -0.001265 38 2.729591 -0.000250 
0.003386 0.001445 -0.001265 37 2.647191 -0.000250 
0.003394 0.001452 -0.001122 91 2.702112 -0.000106


0.003397 0.001454 -0.001184 39 2.721561 -0.000169


0.003403 0.001460 -0.000890 62 2.765465 0.000125 
0.003412 0.001469 -0.000973 122 2.824642 0.000043 
0.003401 0.001458 -0.000989 82 2.751017 0.000026 
0.003394 0.001451 -0.000890 63 2.697703 0.000125 
0.003403 0.001460 -0.000890 62 2.765465 0.000125


0.003403 0.001459 -0.000936 40 2.759705 0.000080


0.003418 0.001477 -0.000949 144 2.877247 0.000066 
0.003412 0.001469 -0.000973 122 2.824642 0.000043 
0.003403 0.001460 -0.000890 62 2.765465 0.000125 
0.003413 0.001470 -0.000890 61 2.833227 0.000125 
0.003418 0.001477 -0.000949 144 2.877247 0.000066


0.003412 0.001469 -0.000926 41 2.825148 0.000090


0.003427 0.001488 -0.001052 93 2.947854 -0.000037 
0.003431 0.001495 -0.001053 123 2.990137 -0.000037 
0.003421 0.001480 -0.001265 40 2.894392 -0.000250 
0.003410 0.001467 -0.001265 39 2.811991 -0.000250 
0.003427 0.001488 -0.001052 93 2.947854 -0.000037


0.003423 0.001482 -0.001159 42 2.911112 -0.000143


0.003412 0.001469 -0.000973 122 2.824642 0.000043 
0.003427 0.001488 -0.001052 93 2.947854 -0.000037 
0.003409 0.001466 -0.001084 121 2.807386 -0.000069 
0.003401 0.001458 -0.000989 82 2.751017 0.000026 
0.003412 0.001469 -0.000973 122 2.824642 0.000043


0.003413 0.001470 -0.001025 43 2.832684 -0.000009


0.003412 0.001469 -0.000973 122 2.824642 0.000043 
0.003418 0.001477 -0.000949 144 2.877247 0.000066 
0.003426 0.001487 -0.000945 113 2.943456 0.000070 
0.003427 0.001488 -0.001052 93 2.947854 -0.000037 
0.003412 0.001469 -0.000973 122 2.824642 0.000043


0.003421 0.001480 -0.000980 44 2.898308 0.000036


0.003421 0.001480 -0.001265 40 2.894392 -0.000250 
0.003431 0.001495 -0.001053 123 2.990137 -0.000037 
0.003447 0.001525 -0.001079 83 3.155875 -0.000064 
0.003430 0.001493 -0.001265 41 2.976792 -0.000250 
0.003421 0.001480 -0.001265 40 2.894392 -0.000250


0.003433 0.001498 -0.001166 45 3.004210 -0.000150


0.003208 0.001409 -0.001136 128 1.709487 -0.000120 
0.003219 0.001407 -0.001013 125 1.762136 0.000002 
0.003232 0.001404 -0.001013 95 1.830266 0.000002 
0.003224 0.001406 -0.001136 97 1.787956 -0.000120 
0.003208 0.001409 -0.001136 128 1.709487 -0.000120


0.003221 0.001406 -0.001075 46 1.772463 -0.000059


0.003255 0.001402 -0.001136 94 1.945240 -0.000120 
0.003271 0.001402 -0.001135 124 2.024007 -0.000120 
0.003247 0.001403 -0.001265 28 1.905588 -0.000250 
0.003231 0.001405 -0.001265 27 1.823188 -0.000250 
0.003255 0.001402 -0.001136 94 1.945240 -0.000120


0.003251 0.001402 -0.001200 47 1.924508 -0.000185


0.003232 0.001404 -0.001013 95 1.830266 0.000002 
0.003219 0.001407 -0.001013 125 1.762136 0.000002 
0.003216 0.001407 -0.000890 77 1.749030 0.000125 
0.003229 0.001405 -0.000890 76 1.816792 0.000125 
0.003232 0.001404 -0.001013 95 1.830266 0.000002


0.003224 0.001406 -0.000952 48 1.789556 0.000063


0.003238 0.001404 -0.001013 96 1.859969 0.000003 
0.003232 0.001404 -0.001013 95 1.830266 0.000002 
0.003229 0.001405 -0.000890 76 1.816792 0.000125 
0.003243 0.001403 -0.000890 75 1.884554 0.000125 
0.003238 0.001404 -0.001013 96 1.859969 0.000003


0.003236 0.001404 -0.000952 49 1.847895 0.000064


0.003271 0.001402 -0.001135 124 2.024007 -0.000120 
0.003286 0.001403 -0.001135 99 2.103259 -0.000120 
0.003263 0.001402 -0.001265 29 1.987988 -0.000250 
0.003247 0.001403 -0.001265 28 1.905588 -0.000250 
0.003271 0.001402 -0.001135 124 2.024007 -0.000120


0.003267 0.001402 -0.001200 50 2.005213 -0.000185


0.003239 0.001403 -0.001136 126 1.866651 -0.000120 
0.003238 0.001404 -0.001013 96 1.859969 0.000003 
0.003252 0.001402 -0.001013 129 1.932096 0.000003 
0.003255 0.001402 -0.001136 94 1.945240 -0.000120 
0.003239 0.001403 -0.001136 126 1.866651 -0.000120


0.003246 0.001403 -0.001074 51 1.900989 -0.000059


0.003214 0.001408 -0.001265 26 1.740788 -0.000250 
0.003239 0.001403 -0.001136 126 1.866651 -0.000120 
0.003255 0.001402 -0.001136 94 1.945240 -0.000120 
0.003231 0.001405 -0.001265 27 1.823188 -0.000250 
0.003214 0.001408 -0.001265 26 1.740788 -0.000250


0.003235 0.001404 -0.001201 52 1.843969 -0.000185


0.003224 0.001406 -0.001136 97 1.787956 -0.000120 
0.003239 0.001403 -0.001136 126 1.866651 -0.000120 
0.003214 0.001408 -0.001265 26 1.740788 -0.000250 
0.003199 0.001412 -0.001265 25 1.658387 -0.000250 
0.003224 0.001406 -0.001136 97 1.787956 -0.000120


0.003219 0.001407 -0.001201 53 1.763448 -0.000185


0.003224 0.001406 -0.001136 97 1.787956 -0.000120 
0.003232 0.001404 -0.001013 95 1.830266 0.000002 
0.003238 0.001404 -0.001013 96 1.859969 0.000003 
0.003239 0.001403 -0.001136 126 1.866651 -0.000120 
0.003224 0.001406 -0.001136 97 1.787956 -0.000120


0.003233 0.001404 -0.001075 54 1.836213 -0.000059


0.003193 0.001414 -0.001136 101 1.629306 -0.000120 
0.003204 0.001411 -0.001013 127 1.687908 0.000002 
0.003219 0.001407 -0.001013 125 1.762136 0.000002 
0.003208 0.001409 -0.001136 128 1.709487 -0.000120 
0.003193 0.001414 -0.001136 101 1.629306 -0.000120


0.003206 0.001410 -0.001075 55 1.697211 -0.000059


0.003203 0.001411 -0.000890 78 1.681267 0.000125 
0.003204 0.001411 -0.001013 127 1.687908 0.000002 
0.003182 0.001419 -0.001013 98 1.570110 0.000003 
0.003190 0.001416 -0.000890 79 1.613505 0.000125 
0.003203 0.001411 -0.000890 78 1.681267 0.000125


0.003195 0.001414 -0.000952 56 1.638203 0.000064


0.003219 0.001407 -0.001013 125 1.762136 0.000002 
0.003204 0.001411 -0.001013 127 1.687908 0.000002 
0.003203 0.001411 -0.000890 78 1.681267 0.000125 
0.003216 0.001407 -0.000890 77 1.749030 0.000125 
0.003219 0.001407 -0.001013 125 1.762136 0.000002


0.003210 0.001409 -0.000952 57 1.720085 0.000063


0.003208 0.001409 -0.001136 128 1.709487 -0.000120 
0.003224 0.001406 -0.001136 97 1.787956 -0.000120 
0.003199 0.001412 -0.001265 25 1.658387 -0.000250 
0.003183 0.001418 -0.001265 24 1.575987 -0.000250 
0.003208 0.001409 -0.001136 128 1.709487 -0.000120


0.003203 0.001411 -0.001201 58 1.682957 -0.000185


0.003178 0.001421 -0.001135 132 1.547638 -0.000120 
0.003182 0.001419 -0.001013 98 1.570110 0.000003 
0.003204 0.001411 -0.001013 127 1.687908 0.000002 
0.003193 0.001414 -0.001136 101 1.629306 -0.000120 
0.003178 0.001421 -0.001135 132 1.547638 -0.000120


0.003189 0.001416 -0.001074 59 1.608731 -0.000059


0.003256 0.001402 -0.000890 74 1.952317 0.000125 
0.003252 0.001402 -0.001013 129 1.932096 0.000003 
0.003238 0.001404 -0.001013 96 1.859969 0.000003 
0.003243 0.001403 -0.000890 75 1.884554 0.000125 
0.003256 0.001402 -0.000890 74 1.952317 0.000125


0.003247 0.001403 -0.000952 60 1.907235 0.000064


0.003271 0.001402 -0.001135 124 2.024007 -0.000120 
0.003267 0.001402 -0.001013 100 2.004555 0.000003 
0.003282 0.001403 -0.001013 143 2.078499 0.000003 
0.003286 0.001403 -0.001135 99 2.103259 -0.000120 
0.003271 0.001402 -0.001135 124 2.024007 -0.000120


0.003276 0.001403 -0.001074 61 2.052579 -0.000058


0.003255 0.001402 -0.001136 94 1.945240 -0.000120 
0.003252 0.001402 -0.001013 129 1.932096 0.000003 
0.003267 0.001402 -0.001013 100 2.004555 0.000003 
0.003271 0.001402 -0.001135 124 2.024007 -0.000120 
0.003255 0.001402 -0.001136 94 1.945240 -0.000120


0.003261 0.001402 -0.001074 62 1.976474 -0.000059


0.003252 0.001402 -0.001013 129 1.932096 0.000003 
0.003256 0.001402 -0.000890 74 1.952317 0.000125 
0.003270 0.001402 -0.000890 73 2.020079 0.000125 
0.003267 0.001402 -0.001013 100 2.004555 0.000003 
0.003252 0.001402 -0.001013 129 1.932096 0.000003


0.003261 0.001402 -0.000952 63 1.977262 0.000064


0.003302 0.001406 -0.001135 130 2.181397 -0.000120 
0.003317 0.001410 -0.001135 88 2.259174 -0.000120 
0.003296 0.001405 -0.001265 31 2.152789 -0.000250 
0.003280 0.001403 -0.001265 30 2.070389 -0.000250 
0.003302 0.001406 -0.001135 130 2.181397 -0.000120


0.003299 0.001405 -0.001200 64 2.165940 -0.000185


0.003286 0.001403 -0.001135 99 2.103259 -0.000120 
0.003302 0.001406 -0.001135 130 2.181397 -0.000120 
0.003280 0.001403 -0.001265 30 2.070389 -0.000250 
0.003263 0.001402 -0.001265 29 1.987988 -0.000250 
0.003286 0.001403 -0.001135 99 2.103259 -0.000120


0.003283 0.001403 -0.001200 65 2.085761 -0.000185


0.003193 0.001414 -0.001136 101 1.629306 -0.000120 
0.003208 0.001409 -0.001136 128 1.709487 -0.000120 
0.003183 0.001418 -0.001265 24 1.575987 -0.000250 
0.003168 0.001425 -0.001265 23 1.493587 -0.000250 
0.003193 0.001414 -0.001136 101 1.629306 -0.000120


0.003188 0.001416 -0.001201 66 1.602093 -0.000185


0.003178 0.001421 -0.000890 80 1.545742 0.000125 
0.003166 0.001427 -0.001015 131 1.478377 0.000001 
0.003152 0.001435 -0.001015 92 1.399641 0.000001 
0.003166 0.001427 -0.000890 1 1.477980 0.000125 
0.003178 0.001421 -0.000890 80 1.545742 0.000125


0.003165 0.001427 -0.000953 67 1.475439 0.000063


0.003182 0.001419 -0.001013 98 1.570110 0.000003 
0.003166 0.001427 -0.001015 131 1.478377 0.000001 
0.003178 0.001421 -0.000890 80 1.545742 0.000125 
0.003190 0.001416 -0.000890 79 1.613505 0.000125 
0.003182 0.001419 -0.001013 98 1.570110 0.000003


0.003179 0.001420 -0.000952 68 1.551940 0.000063


0.003154 0.001434 -0.001265 22 1.411186 -0.000250 
0.003178 0.001421 -0.001135 132 1.547638 -0.000120 
0.003193 0.001414 -0.001136 101 1.629306 -0.000120 
0.003168 0.001425 -0.001265 23 1.493587 -0.000250 
0.003154 0.001434 -0.001265 22 1.411186 -0.000250


0.003173 0.001423 -0.001200 69 1.520430 -0.000185


0.003158 0.001431 -0.001137 102 1.434302 -0.000122 
0.003178 0.001421 -0.001135 132 1.547638 -0.000120 
0.003154 0.001434 -0.001265 22 1.411186 -0.000250 
0.003141 0.001443 -0.001265 21 1.328786 -0.000250 
0.003158 0.001431 -0.001137 102 1.434302 -0.000122


0.003157 0.001432 -0.001201 70 1.430455 -0.000185


0.003152 0.001435 -0.001015 92 1.399641 0.000001 
0.003135 0.001448 -0.001015 135 1.289092 0.000000 
0.003145 0.001440 -0.000890 2 1.356180 0.000125 
0.003166 0.001427 -0.000890 1 1.477980 0.000125 
0.003152 0.001435 -0.001015 92 1.399641 0.000001


0.003149 0.001437 -0.000953 71 1.380717 0.000063


0.003283 0.001403 -0.000890 72 2.087841 0.000125 
0.003282 0.001403 -0.001013 143 2.078499 0.000003 
0.003267 0.001402 -0.001013 100 2.004555 0.000003 
0.003270 0.001402 -0.000890 73 2.020079 0.000125 
0.003283 0.001403 -0.000890 72 2.087841 0.000125


0.003275 0.001402 -0.000952 72 2.047744 0.000064


0.003306 0.001407 -0.001013 103 2.202712 0.000003 
0.003282 0.001403 -0.001013 143 2.078499 0.000003 
0.003283 0.001403 -0.000890 72 2.087841 0.000125 
0.003297 0.001405 -0.000890 71 2.155604 0.000125 
0.003306 0.001407 -0.001013 103 2.202712 0.000003


0.003292 0.001404 -0.000952 73 2.131157 0.000064


0.003090 0.001500 -0.001029 133 0.946185 -0.000013 
0.003089 0.001503 -0.001145 139 0.930257 -0.000129 
0.003080 0.001521 -0.001154 107 0.831335 -0.000138 
0.003081 0.001518 -0.001042 140 0.845285 -0.000027 
0.003090 0.001500 -0.001029 133 0.946185 -0.000013


0.003085 0.001510 -0.001092 74 0.888265 -0.000077


0.003302 0.001406 -0.001135 130 2.181397 -0.000120 
0.003306 0.001407 -0.001013 103 2.202712 0.000003 
0.003320 0.001411 -0.001013 134 2.275818 0.000003 
0.003317 0.001410 -0.001135 88 2.259174 -0.000120 
0.003302 0.001406 -0.001135 130 2.181397 -0.000120


0.003311 0.001408 -0.001074 75 2.229776 -0.000058


0.003310 0.001408 -0.000890 70 2.223366 0.000125 
0.003320 0.001411 -0.001013 134 2.275818 0.000003 
0.003306 0.001407 -0.001013 103 2.202712 0.000003 
0.003297 0.001405 -0.000890 71 2.155604 0.000125 
0.003310 0.001408 -0.000890 70 2.223366 0.000125


0.003308 0.001407 -0.000952 76 2.214374 0.000064


0.003335 0.001416 -0.001012 117 2.356694 0.000003 
0.003320 0.001411 -0.001013 134 2.275818 0.000003 
0.003310 0.001408 -0.000890 70 2.223366 0.000125 
0.003323 0.001411 -0.000890 69 2.291128 0.000125 
0.003335 0.001416 -0.001012 117 2.356694 0.000003


0.003322 0.001411 -0.000951 77 2.286748 0.000064


0.003462 0.001587 -0.001078 85 3.479188 -0.000063 
0.003460 0.001569 -0.001079 114 3.389887 -0.000063 
0.003461 0.001580 -0.000890 52 3.443089 0.000125 
0.003462 0.001594 -0.000890 51 3.510851 0.000125 
0.003462 0.001587 -0.001078 85 3.479188 -0.000063


0.003461 0.001583 -0.000984 78 3.455758 0.000031


0.003461 0.001580 -0.000890 52 3.443089 0.000125 
0.003460 0.001569 -0.001079 114 3.389887 -0.000063 
0.003456 0.001554 -0.001079 84 3.309702 -0.000063 
0.003459 0.001567 -0.000890 53 3.375326 0.000125 
0.003461 0.001580 -0.000890 52 3.443089 0.000125


0.003459 0.001567 -0.000985 79 3.379504 0.000031


0.003456 0.001553 -0.000890 54 3.307564 0.000125 
0.003452 0.001538 -0.001079 112 3.227251 -0.000063 
0.003447 0.001525 -0.001079 83 3.155875 -0.000064 
0.003453 0.001540 -0.000890 55 3.239801 0.000125 
0.003456 0.001553 -0.000890 54 3.307564 0.000125


0.003452 0.001539 -0.000985 80 3.232624 0.000031


0.003456 0.001554 -0.001079 84 3.309702 -0.000063 
0.003452 0.001538 -0.001079 112 3.227251 -0.000063 
0.003456 0.001553 -0.000890 54 3.307564 0.000125 
0.003459 0.001567 -0.000890 53 3.375326 0.000125 
0.003456 0.001554 -0.001079 84 3.309702 -0.000063


0.003456 0.001553 -0.000985 81 3.304966 0.000031


0.003462 0.001587 -0.001078 85 3.479188 -0.000063 
0.003462 0.001603 -0.001078 110 3.560369 -0.000063 
0.003462 0.001595 -0.001265 46 3.520180 -0.000250 
0.003460 0.001570 -0.001265 45 3.393984 -0.000250 
0.003462 0.001587 -0.001078 85 3.479188 -0.000063


0.003462 0.001589 -0.001172 82 3.488449 -0.000156


0.003462 0.001603 -0.001078 110 3.560369 -0.000063 
0.003462 0.001621 -0.001078 48 3.646376 -0.000063 
0.003462 0.001621 -0.001265 47 3.646376 -0.000250 
0.003462 0.001595 -0.001265 46 3.520180 -0.000250 
0.003462 0.001603 -0.001078 110 3.560369 -0.000063


0.003462 0.001610 -0.001172 83 3.593330 -0.000156


0.003118 0.001463 -0.001017 104 1.177299 -0.000002 
0.003112 0.001470 -0.001140 138 1.131317 -0.000125 
0.003100 0.001485 -0.001142 106 1.034208 -0.000127 
0.003103 0.001481 -0.001023 137 1.061877 -0.000008 
0.003118 0.001463 -0.001017 104 1.177299 -0.000002


0.003108 0.001475 -0.001081 84 1.101171 -0.000065


0.003145 0.001440 -0.000890 2 1.356180 0.000125 
0.003135 0.001448 -0.001015 135 1.289092 0.000000 
0.003118 0.001463 -0.001017 104 1.177299 -0.000002 
0.003126 0.001455 -0.000890 3 1.235102 0.000126 
0.003145 0.001440 -0.000890 2 1.356180 0.000125


0.003131 0.001451 -0.000953 85 1.264415 0.000063


0.003140 0.001444 -0.001139 136 1.321120 -0.000123 
0.003152 0.001435 -0.001015 92 1.399641 0.000001 
0.003166 0.001427 -0.001015 131 1.478377 0.000001 
0.003158 0.001431 -0.001137 102 1.434302 -0.000122 
0.003140 0.001444 -0.001139 136 1.321120 -0.000123


0.003154 0.001434 -0.001076 86 1.408373 -0.000061


0.003140 0.001444 -0.001139 136 1.321120 -0.000123 
0.003158 0.001431 -0.001137 102 1.434302 -0.000122 
0.003141 0.001443 -0.001265 21 1.328786 -0.000250 
0.003128 0.001454 -0.001265 20 1.246386 -0.000250 
0.003140 0.001444 -0.001139 136 1.321120 -0.000123


0.003141 0.001443 -0.001202 87 1.332631 -0.000186


0.003103 0.001481 -0.001023 137 1.061877 -0.000008 
0.003100 0.001485 -0.001142 106 1.034208 -0.000127 
0.003089 0.001503 -0.001145 139 0.930257 -0.000129 
0.003090 0.001500 -0.001029 133 0.946185 -0.000013 
0.003103 0.001481 -0.001023 137 1.061877 -0.000008


0.003095 0.001492 -0.001085 88 0.993130 -0.000069


0.003090 0.001500 -0.001029 133 0.946185 -0.000013 
0.003081 0.001518 -0.001042 140 0.845285 -0.000027 
0.003083 0.001514 -0.000889 6 0.870402 0.000126 
0.003095 0.001493 -0.000889 5 0.991582 0.000127 
0.003090 0.001500 -0.001029 133 0.946185 -0.000013


0.003087 0.001506 -0.000962 89 0.913359 0.000053


0.003124 0.001457 -0.001140 105 1.221545 -0.000124 
0.003140 0.001444 -0.001139 136 1.321120 -0.000123 
0.003128 0.001454 -0.001265 20 1.246386 -0.000250 
0.003116 0.001465 -0.001265 19 1.163985 -0.000250 
0.003124 0.001457 -0.001140 105 1.221545 -0.000124


0.003127 0.001455 -0.001202 90 1.238253 -0.000187


0.003110 0.001473 -0.000889 4 1.113042 0.000126 
0.003103 0.001481 -0.001023 137 1.061877 -0.000008 
0.003090 0.001500 -0.001029 133 0.946185 -0.000013 
0.003095 0.001493 -0.000889 5 0.991582 0.000127 
0.003110 0.001473 -0.000889 4 1.113042 0.000126


0.003099 0.001486 -0.000957 91 1.028169 0.000058


0.003118 0.001463 -0.001017 104 1.177299 -0.000002 
0.003103 0.001481 -0.001023 137 1.061877 -0.000008 
0.003110 0.001473 -0.000889 4 1.113042 0.000126 
0.003126 0.001455 -0.000890 3 1.235102 0.000126 
0.003118 0.001463 -0.001017 104 1.177299 -0.000002


0.003114 0.001468 -0.000955 92 1.146827 0.000061


0.003100 0.001485 -0.001142 106 1.034208 -0.000127 
0.003112 0.001470 -0.001140 138 1.131317 -0.000125 
0.003106 0.001478 -0.001265 18 1.081585 -0.000250 
0.003096 0.001491 -0.001265 17 0.999185 -0.000250 
0.003100 0.001485 -0.001142 106 1.034208 -0.000127


0.003103 0.001481 -0.001203 93 1.061570 -0.000188


0.003124 0.001457 -0.001140 105 1.221545 -0.000124 
0.003135 0.001448 -0.001015 135 1.289092 0.000000 
0.003152 0.001435 -0.001015 92 1.399641 0.000001 
0.003140 0.001444 -0.001139 136 1.321120 -0.000123 
0.003124 0.001457 -0.001140 105 1.221545 -0.000124


0.003137 0.001446 -0.001077 94 1.307844 -0.000062


0.003106 0.001478 -0.001265 18 1.081585 -0.000250 
0.003112 0.001470 -0.001140 138 1.131317 -0.000125 
0.003124 0.001457 -0.001140 105 1.221545 -0.000124 
0.003116 0.001465 -0.001265 19 1.163985 -0.000250 
0.003106 0.001478 -0.001265 18 1.081585 -0.000250


0.003114 0.001468 -0.001203 95 1.149606 -0.000187


0.003087 0.001505 -0.001265 16 0.916785 -0.000250 
0.003089 0.001503 -0.001145 139 0.930257 -0.000129 
0.003100 0.001485 -0.001142 106 1.034208 -0.000127 
0.003096 0.001491 -0.001265 17 0.999185 -0.000250 
0.003087 0.001505 -0.001265 16 0.916785 -0.000250


0.003093 0.001496 -0.001204 96 0.970106 -0.000189


0.003080 0.001521 -0.001154 107 0.831335 -0.000138 
0.003089 0.001503 -0.001145 139 0.930257 -0.000129 
0.003087 0.001505 -0.001265 16 0.916785 -0.000250 
0.003080 0.001520 -0.001265 15 0.834384 -0.000250 
0.003080 0.001521 -0.001154 107 0.831335 -0.000138


0.003084 0.001512 -0.001207 97 0.878190 -0.000192


0.003394 0.001452 -0.001122 91 2.702112 -0.000106 
0.003390 0.001448 -0.001006 120 2.676795 0.000009 
0.003401 0.001458 -0.000989 82 2.751017 0.000026 
0.003409 0.001466 -0.001084 121 2.807386 -0.000069 
0.003394 0.001452 -0.001122 91 2.702112 -0.000106


0.003399 0.001456 -0.001050 98 2.734320 -0.000035


0.003083 0.001514 -0.000889 6 0.870402 0.000126 
0.003081 0.001518 -0.001042 140 0.845285 -0.000027 
0.003073 0.001537 -0.001055 108 0.743307 -0.000039 
0.003074 0.001536 -0.000890 7 0.748205 0.000126 
0.003083 0.001514 -0.000889 6 0.870402 0.000126


0.003077 0.001526 -0.000969 99 0.801798 0.000047


0.003073 0.001537 -0.001160 141 0.740688 -0.000145 
0.003080 0.001521 -0.001154 107 0.831335 -0.000138 
0.003080 0.001520 -0.001265 15 0.834384 -0.000250 
0.003074 0.001535 -0.001265 14 0.751984 -0.000250 
0.003073 0.001537 -0.001160 141 0.740688 -0.000145


0.003076 0.001528 -0.001211 100 0.789598 -0.000196


0.003070 0.001548 -0.001167 109 0.685654 -0.000152 
0.003073 0.001537 -0.001160 141 0.740688 -0.000145 
0.003074 0.001535 -0.001265 14 0.751984 -0.000250 
0.003069 0.001551 -0.001265 13 0.669584 -0.000250 
0.003070 0.001548 -0.001167 109 0.685654 -0.000152


0.003071 0.001543 -0.001215 101 0.711978 -0.000199


0.003073 0.001537 -0.001055 108 0.743307 -0.000039 
0.003066 0.001566 -0.001083 111 0.594652 -0.000068 
0.003067 0.001559 -0.000890 8 0.626717 0.000125 
0.003074 0.001536 -0.000890 7 0.748205 0.000126 
0.003073 0.001537 -0.001055 108 0.743307 -0.000039


0.003069 0.001549 -0.000979 102 0.678224 0.000036


0.003073 0.001537 -0.001055 108 0.743307 -0.000039 
0.003073 0.001537 -0.001160 141 0.740688 -0.000145 
0.003070 0.001548 -0.001167 109 0.685654 -0.000152 
0.003066 0.001566 -0.001083 111 0.594652 -0.000068 
0.003073 0.001537 -0.001055 108 0.743307 -0.000039


0.003070 0.001547 -0.001116 103 0.691102 -0.000101


0.003073 0.001537 -0.001160 141 0.740688 -0.000145 
0.003073 0.001537 -0.001055 108 0.743307 -0.000039 
0.003081 0.001518 -0.001042 140 0.845285 -0.000027 
0.003080 0.001521 -0.001154 107 0.831335 -0.000138 
0.003073 0.001537 -0.001160 141 0.740688 -0.000145


0.003077 0.001528 -0.001103 104 0.790153 -0.000087


0.003066 0.001566 -0.001083 111 0.594652 -0.000068 
0.003063 0.001584 -0.001078 10 0.504783 -0.000063 
0.003063 0.001584 -0.000890 9 0.504783 0.000125 
0.003067 0.001559 -0.000890 8 0.626717 0.000125 
0.003066 0.001566 -0.001083 111 0.594652 -0.000068


0.003065 0.001573 -0.000985 105 0.557731 0.000030


0.003286 0.001403 -0.001135 99 2.103259 -0.000120 
0.003282 0.001403 -0.001013 143 2.078499 0.000003 
0.003306 0.001407 -0.001013 103 2.202712 0.000003 
0.003302 0.001406 -0.001135 130 2.181397 -0.000120 
0.003286 0.001403 -0.001135 99 2.103259 -0.000120


0.003294 0.001405 -0.001074 106 2.141467 -0.000058


