0.003196 -0.000780 -0.000851 117 3.558876 2.212865 
0.003207 -0.000787 -0.000859 221 3.559769 2.137352 
0.003233 -0.000765 -0.000868 36 3.546875 2.044758 
0.003216 -0.000764 -0.000859 35 3.549151 2.141294 
0.003196 -0.000780 -0.000851 117 3.558876 2.212865


0.003213 -0.000774 -0.000860 1 3.553650 2.134239


0.003207 -0.000787 -0.000859 221 3.559769 2.137352 
0.003183 -0.000802 -0.000848 177 3.569936 2.232081 
0.003187 -0.000813 -0.000854 70 3.573778 2.180727 
0.003217 -0.000794 -0.000867 272 3.560932 2.062356 
0.003207 -0.000787 -0.000859 221 3.559769 2.137352


0.003198 -0.000799 -0.000857 2 3.566085 2.153311


0.003207 -0.000787 -0.000859 221 3.559769 2.137352 
0.003217 -0.000794 -0.000867 272 3.560932 2.062356 
0.003252 -0.000767 -0.000876 37 3.544357 1.948613 
0.003233 -0.000765 -0.000868 36 3.546875 2.044758 
0.003207 -0.000787 -0.000859 221 3.559769 2.137352


0.003227 -0.000778 -0.000868 3 3.552953 2.048572


0.003034 -0.001029 -0.000825 116 3.687034 2.404035 
0.003031 -0.001027 -0.000821 265 3.686533 2.432720 
0.003021 -0.001050 -0.000825 154 3.697583 2.401877 
0.003027 -0.001046 -0.000828 112 3.694833 2.385142 
0.003034 -0.001029 -0.000825 116 3.687034 2.404035


0.003028 -0.001038 -0.000825 4 3.691499 2.406033


0.002565 -0.001728 -0.000887 120 4.042564 1.746290 
0.002487 -0.001796 -0.000888 88 4.085403 1.714137 
0.002511 -0.001814 -0.000890 58 4.081485 1.570796 
0.002601 -0.001745 -0.000890 57 4.035443 1.570796 
0.002565 -0.001728 -0.000887 120 4.042564 1.746290


0.002541 -0.001771 -0.000890 5 4.061220 1.653555


0.002487 -0.001796 -0.000888 88 4.085403 1.714137 
0.002409 -0.001861 -0.000889 2 4.127031 1.669363 
0.002418 -0.001878 -0.000890 1 4.127527 1.570796 
0.002511 -0.001814 -0.000890 58 4.081485 1.570796 
0.002487 -0.001796 -0.000888 88 4.085403 1.714137


0.002456 -0.001837 -0.000890 6 4.105376 1.634207


0.002926 -0.001262 -0.000860 180 3.795634 2.126675 
0.002981 -0.001221 -0.000871 231 3.767908 2.017656 
0.002986 -0.001191 -0.000864 146 3.756611 2.091022 
0.002944 -0.001226 -0.000855 124 3.778791 2.172221 
0.002926 -0.001262 -0.000860 180 3.795634 2.126675


0.002959 -0.001225 -0.000863 7 3.774707 2.102952


0.003212 -0.000860 -0.000877 122 3.587044 1.938819 
0.003207 -0.000895 -0.000881 222 3.600942 1.879209 
0.003311 -0.000769 -0.000890 40 3.535766 1.664508 
0.003291 -0.000768 -0.000887 39 3.538756 1.758169 
0.003212 -0.000860 -0.000877 122 3.587044 1.938819


0.003255 -0.000823 -0.000885 8 3.565406 1.815075


0.003207 -0.000895 -0.000881 222 3.600942 1.879209 
0.003154 -0.000971 -0.000877 158 3.639766 1.942847 
0.003166 -0.001097 -0.000890 43 3.682825 1.570796 
0.003254 -0.000936 -0.000890 42 3.607742 1.570796 
0.003207 -0.000895 -0.000881 222 3.600942 1.879209


0.003195 -0.000975 -0.000887 9 3.632964 1.747243


0.003254 -0.000936 -0.000890 42 3.607742 1.570796 
0.003331 -0.000769 -0.000890 41 3.532659 1.570796 
0.003311 -0.000769 -0.000890 40 3.535766 1.664508 
0.003207 -0.000895 -0.000881 222 3.600942 1.879209 
0.003254 -0.000936 -0.000890 42 3.607742 1.570796


0.003276 -0.000842 -0.000889 10 3.569144 1.678574


0.002964 -0.001119 -0.000813 281 3.736481 2.484884 
0.002937 -0.001146 -0.000803 178 3.752528 2.544707 
0.002908 -0.001204 -0.000817 152 3.780501 2.455865 
0.002943 -0.001165 -0.000823 251 3.757920 2.415797 
0.002964 -0.001119 -0.000813 281 3.736481 2.484884


0.002938 -0.001159 -0.000814 11 3.756871 2.476189


0.003212 -0.000860 -0.000877 122 3.587044 1.938819 
0.003221 -0.000818 -0.000873 223 3.569417 1.986819 
0.003183 -0.000847 -0.000862 148 3.587577 2.113469 
0.003178 -0.000879 -0.000867 278 3.600670 2.056831 
0.003212 -0.000860 -0.000877 122 3.587044 1.938819


0.003199 -0.000851 -0.000870 12 3.586155 2.024638


0.003271 -0.000768 -0.000883 38 3.541625 1.852630 
0.003221 -0.000818 -0.000873 223 3.569417 1.986819 
0.003212 -0.000860 -0.000877 122 3.587044 1.938819 
0.003291 -0.000768 -0.000887 39 3.538756 1.758169 
0.003271 -0.000768 -0.000883 38 3.541625 1.852630


0.003249 -0.000803 -0.000881 13 3.559096 1.886431


0.002857 -0.001444 -0.000886 162 3.873344 1.785116 
0.002806 -0.001458 -0.000877 247 3.891933 1.932763 
0.002746 -0.001523 -0.000878 218 3.929117 1.919193 
0.002789 -0.001518 -0.000886 277 3.915026 1.778280 
0.002857 -0.001444 -0.000886 162 3.873344 1.785116


0.002800 -0.001486 -0.000882 14 3.902316 1.856469


0.002979 -0.001041 -0.000757 139 3.703894 2.801820 
0.003062 -0.000890 -0.000747 157 3.627677 2.856533 
0.003059 -0.000888 -0.000733 101 3.627620 2.925007 
0.002976 -0.001034 -0.000735 71 3.701911 2.917316 
0.002979 -0.001041 -0.000757 139 3.703894 2.801820


0.003020 -0.000964 -0.000743 15 3.665292 2.877268


0.003075 -0.000942 -0.000816 195 3.645056 2.464075 
0.003079 -0.000921 -0.000807 200 3.635961 2.519955 
0.003035 -0.000988 -0.000798 203 3.671123 2.574477 
0.003034 -0.001003 -0.000808 132 3.677170 2.512999 
0.003075 -0.000942 -0.000816 195 3.645056 2.464075


0.003056 -0.000963 -0.000807 16 3.657311 2.518869


0.003058 -0.000883 -0.000712 199 3.625539 3.035773 
0.003128 -0.000737 -0.000710 26 3.553951 3.041549 
0.003129 -0.000734 -0.000690 25 3.552437 3.141593 
0.003059 -0.000878 -0.000690 24 3.623641 3.141593 
0.003058 -0.000883 -0.000712 199 3.625539 3.035773


0.003095 -0.000809 -0.000701 17 3.588892 3.090494


0.002456 -0.001611 -0.000735 196 4.048006 2.918132 
0.002451 -0.001610 -0.000713 225 4.049382 3.029951 
0.002319 -0.001705 -0.000710 16 4.122103 3.043118 
0.002320 -0.001708 -0.000729 15 4.122188 2.945329 
0.002456 -0.001611 -0.000735 196 4.048006 2.918132


0.002387 -0.001659 -0.000722 18 4.085414 2.985319


0.003200 -0.000762 -0.000847 34 3.551171 2.239171 
0.003184 -0.000759 -0.000834 33 3.552895 2.338570 
0.003176 -0.000778 -0.000835 284 3.561915 2.336910 
0.003190 -0.000773 -0.000845 127 3.557338 2.262254 
0.003200 -0.000762 -0.000847 34 3.551171 2.239171


0.003187 -0.000768 -0.000840 19 3.555824 2.294304


0.002448 -0.001611 -0.000690 18 4.050869 3.141593 
0.002318 -0.001704 -0.000690 17 4.122074 3.141593 
0.002319 -0.001705 -0.000710 16 4.122103 3.043118 
0.002451 -0.001610 -0.000713 225 4.049382 3.029951 
0.002448 -0.001611 -0.000690 18 4.050869 3.141593


0.002385 -0.001658 -0.000701 20 4.086106 3.089444


0.003190 -0.000773 -0.000845 127 3.557338 2.262254 
0.003196 -0.000780 -0.000851 117 3.558876 2.212865 
0.003216 -0.000764 -0.000859 35 3.549151 2.141294 
0.003200 -0.000762 -0.000847 34 3.551171 2.239171 
0.003190 -0.000773 -0.000845 127 3.557338 2.262254


0.003200 -0.000769 -0.000850 21 3.554127 2.213984


0.002454 -0.001765 -0.000877 228 4.088734 1.940511 
0.002521 -0.001701 -0.000872 264 4.050049 2.003606 
0.002500 -0.001687 -0.000859 59 4.053212 2.141470 
0.002440 -0.001746 -0.000866 262 4.088802 2.072364 
0.002454 -0.001765 -0.000877 228 4.088734 1.940511


0.002479 -0.001725 -0.000869 22 4.070241 2.041310


0.003183 -0.000802 -0.000848 177 3.569936 2.232081 
0.003162 -0.000814 -0.000836 76 3.578253 2.323488 
0.003162 -0.000829 -0.000842 270 3.584139 2.277904 
0.003187 -0.000813 -0.000854 70 3.573778 2.180727 
0.003183 -0.000802 -0.000848 177 3.569936 2.232081


0.003173 -0.000814 -0.000846 23 3.576516 2.253678


0.003150 -0.000783 -0.000809 129 3.568397 2.504692 
0.003128 -0.000810 -0.000796 226 3.583050 2.582864 
0.003119 -0.000842 -0.000806 130 3.597392 2.522584 
0.003144 -0.000806 -0.000816 96 3.578499 2.465284 
0.003150 -0.000783 -0.000809 129 3.568397 2.504692


0.003135 -0.000810 -0.000807 24 3.581828 2.519215


0.003148 -0.000751 -0.000787 30 3.555847 2.638605 
0.003128 -0.000810 -0.000796 226 3.583050 2.582864 
0.003150 -0.000783 -0.000809 129 3.568397 2.504692 
0.003158 -0.000754 -0.000804 31 3.555251 2.537444 
0.003148 -0.000751 -0.000787 30 3.555847 2.638605


0.003146 -0.000774 -0.000799 25 3.565639 2.566295


0.002415 -0.001669 -0.000789 142 4.078069 2.624371 
0.002458 -0.001614 -0.000751 263 4.048276 2.835581 
0.002323 -0.001712 -0.000748 14 4.122328 2.847278 
0.002326 -0.001718 -0.000767 13 4.122524 2.748544 
0.002415 -0.001669 -0.000789 142 4.078069 2.624371


0.002381 -0.001678 -0.000764 26 4.092791 2.766076


0.002323 -0.001712 -0.000748 14 4.122328 2.847278 
0.002458 -0.001614 -0.000751 263 4.048276 2.835581 
0.002456 -0.001611 -0.000735 196 4.048006 2.918132 
0.002320 -0.001708 -0.000729 15 4.122188 2.945329 
0.002323 -0.001712 -0.000748 14 4.122328 2.847278


0.002390 -0.001662 -0.000741 27 4.085192 2.888520


0.002389 -0.001827 -0.000882 4 4.126033 1.866341 
0.002454 -0.001765 -0.000877 228 4.088734 1.940511 
0.002440 -0.001746 -0.000866 262 4.088802 2.072364 
0.002380 -0.001812 -0.000875 5 4.125547 1.964053 
0.002389 -0.001827 -0.000882 4 4.126033 1.866341


0.002416 -0.001787 -0.000875 28 4.107345 1.962680


0.002470 -0.001782 -0.000884 131 4.087474 1.823775 
0.002454 -0.001765 -0.000877 228 4.088734 1.940511 
0.002389 -0.001827 -0.000882 4 4.126033 1.866341 
0.002399 -0.001844 -0.000887 3 4.126531 1.767802 
0.002470 -0.001782 -0.000884 131 4.087474 1.823775


0.002428 -0.001805 -0.000883 29 4.107242 1.851702


0.002636 -0.001488 -0.000795 192 3.952675 2.593180 
0.002601 -0.001500 -0.000765 165 3.967724 2.759239 
0.002458 -0.001614 -0.000751 263 4.048276 2.835581 
0.002559 -0.001561 -0.000800 194 3.999070 2.564129 
0.002636 -0.001488 -0.000795 192 3.952675 2.593180


0.002564 -0.001541 -0.000777 30 3.991850 2.691318


0.002355 -0.001768 -0.000845 8 4.124175 2.258401 
0.002399 -0.001728 -0.000838 212 4.098673 2.311320 
0.002381 -0.001726 -0.000826 136 4.104615 2.394046 
0.002348 -0.001755 -0.000832 9 4.123770 2.356066 
0.002355 -0.001768 -0.000845 8 4.124175 2.258401


0.002371 -0.001744 -0.000835 31 4.112821 2.330504


0.002365 -0.001726 -0.000816 229 4.110470 2.465105 
0.002381 -0.001709 -0.000809 202 4.100454 2.508122 
0.002335 -0.001734 -0.000802 11 4.123059 2.552834 
0.002341 -0.001744 -0.000817 10 4.123396 2.454293 
0.002365 -0.001726 -0.000816 229 4.110470 2.465105


0.002355 -0.001728 -0.000811 32 4.114344 2.495400


0.002555 -0.001636 -0.000855 138 4.021681 2.172946 
0.002612 -0.001589 -0.000856 191 3.989929 2.167055 
0.002596 -0.001586 -0.000847 179 3.994359 2.245158 
0.002541 -0.001627 -0.000843 98 4.023675 2.275093 
0.002555 -0.001636 -0.000855 138 4.021681 2.172946


0.002576 -0.001610 -0.000850 33 4.007397 2.216160


0.002355 -0.001768 -0.000845 8 4.124175 2.258401 
0.002363 -0.001782 -0.000857 7 4.124611 2.160353 
0.002414 -0.001732 -0.000848 128 4.094303 2.233122 
0.002399 -0.001728 -0.000838 212 4.098673 2.311320 
0.002355 -0.001768 -0.000845 8 4.124175 2.258401


0.002383 -0.001752 -0.000847 34 4.110468 2.241705


0.003058 -0.000883 -0.000712 199 3.625539 3.035773 
0.003059 -0.000888 -0.000733 101 3.627620 2.925007 
0.003130 -0.000741 -0.000730 27 3.555064 2.940934 
0.003128 -0.000737 -0.000710 26 3.553951 3.041549 
0.003058 -0.000883 -0.000712 199 3.625539 3.035773


0.003095 -0.000813 -0.000721 35 3.590547 2.986945


0.003094 -0.001054 -0.000872 234 3.682723 2.002155 
0.003082 -0.001035 -0.000862 145 3.678341 2.114196 
0.003066 -0.001066 -0.000863 67 3.693071 2.101417 
0.003079 -0.001087 -0.000874 140 3.697986 1.980013 
0.003094 -0.001054 -0.000872 234 3.682723 2.002155


0.003080 -0.001061 -0.000868 36 3.688045 2.049769


0.003097 -0.001011 -0.000862 245 3.666249 2.113367 
0.003082 -0.001035 -0.000862 145 3.678341 2.114196 
0.003094 -0.001054 -0.000872 234 3.682723 2.002155 
0.003110 -0.001033 -0.000874 159 3.671594 1.983587 
0.003097 -0.001011 -0.000862 245 3.666249 2.113367


0.003096 -0.001033 -0.000868 37 3.674736 2.053535


0.002570 -0.001509 -0.000702 230 3.980335 3.081991 
0.002571 -0.001508 -0.000690 19 3.979665 3.141593 
0.002448 -0.001611 -0.000690 18 4.050869 3.141593 
0.002451 -0.001610 -0.000713 225 4.049382 3.029951 
0.002570 -0.001509 -0.000702 230 3.980335 3.081991


0.002511 -0.001560 -0.000699 38 4.015066 3.099083


0.002729 -0.001416 -0.000817 97 3.901761 2.458671 
0.002674 -0.001478 -0.000821 164 3.937678 2.427852 
0.002688 -0.001478 -0.000832 78 3.933239 2.357634 
0.002744 -0.001418 -0.000830 169 3.897611 2.370848 
0.002729 -0.001416 -0.000817 97 3.901761 2.458671


0.002709 -0.001447 -0.000825 39 3.917579 2.405005


0.002633 -0.001535 -0.000835 156 3.967756 2.332415 
0.002688 -0.001478 -0.000832 78 3.933239 2.357634 
0.002674 -0.001478 -0.000821 164 3.937678 2.427852 
0.002614 -0.001535 -0.000822 63 3.973655 2.422000 
0.002633 -0.001535 -0.000835 156 3.967756 2.332415


0.002652 -0.001507 -0.000828 40 3.953084 2.386231


0.003181 -0.000902 -0.000873 175 3.608945 1.988850 
0.003207 -0.000895 -0.000881 222 3.600942 1.879209 
0.003212 -0.000860 -0.000877 122 3.587044 1.938819 
0.003178 -0.000879 -0.000867 278 3.600670 2.056831 
0.003181 -0.000902 -0.000873 175 3.608945 1.988850


0.003194 -0.000884 -0.000875 41 3.599390 1.966263


0.003181 -0.000902 -0.000873 175 3.608945 1.988850 
0.003134 -0.000966 -0.000868 104 3.642007 2.050777 
0.003154 -0.000971 -0.000877 158 3.639766 1.942847 
0.003207 -0.000895 -0.000881 222 3.600942 1.879209 
0.003181 -0.000902 -0.000873 175 3.608945 1.988850


0.003169 -0.000934 -0.000875 42 3.622860 1.967241


0.002729 -0.001416 -0.000817 97 3.901761 2.458671 
0.002702 -0.001421 -0.000794 232 3.911498 2.600071 
0.002636 -0.001488 -0.000795 192 3.952675 2.593180 
0.002674 -0.001478 -0.000821 164 3.937678 2.427852 
0.002729 -0.001416 -0.000817 97 3.901761 2.458671


0.002685 -0.001451 -0.000807 43 3.925888 2.521319


0.002998 -0.001090 -0.000827 208 3.717456 2.391184 
0.003014 -0.001055 -0.000821 80 3.700913 2.427642 
0.003001 -0.001062 -0.000812 163 3.706858 2.488557 
0.002985 -0.001100 -0.000821 256 3.724359 2.427268 
0.002998 -0.001090 -0.000827 208 3.717456 2.391184


0.003000 -0.001077 -0.000820 44 3.712404 2.433969


0.002975 -0.001065 -0.000779 254 3.713793 2.682539 
0.003040 -0.000958 -0.000780 126 3.658522 2.676960 
0.003062 -0.000890 -0.000747 157 3.627677 2.856533 
0.002979 -0.001041 -0.000757 139 3.703894 2.801820 
0.002975 -0.001065 -0.000779 254 3.713793 2.682539


0.003015 -0.000989 -0.000765 45 3.676011 2.757029


0.002789 -0.001518 -0.000886 277 3.915026 1.778280 
0.002718 -0.001590 -0.000886 204 3.957083 1.770062 
0.002770 -0.001596 -0.000890 55 3.943359 1.570796 
0.002849 -0.001515 -0.000890 54 3.897316 1.570796 
0.002789 -0.001518 -0.000886 277 3.915026 1.778280


0.002781 -0.001555 -0.000889 46 3.928134 1.675812


0.003100 -0.000927 -0.000832 213 3.634290 2.355337 
0.003092 -0.000940 -0.000831 269 3.640823 2.360198 
0.003097 -0.000945 -0.000838 144 3.641469 2.314778 
0.003107 -0.000923 -0.000836 147 3.631267 2.329149 
0.003100 -0.000927 -0.000832 213 3.634290 2.355337


0.003099 -0.000934 -0.000834 47 3.636962 2.339943


0.003036 -0.001038 -0.000831 266 3.689852 2.359849 
0.003046 -0.001012 -0.000827 176 3.677938 2.393007 
0.003043 -0.001006 -0.000820 118 3.676442 2.437000 
0.003034 -0.001029 -0.000825 116 3.687034 2.404035 
0.003036 -0.001038 -0.000831 266 3.689852 2.359849


0.003039 -0.001022 -0.000826 48 3.682823 2.398601


0.003025 -0.001075 -0.000841 257 3.705854 2.286236 
0.003025 -0.001059 -0.000833 215 3.699778 2.349001 
0.003013 -0.001074 -0.000831 60 3.707932 2.360899 
0.003010 -0.001095 -0.000840 207 3.716342 2.299534 
0.003025 -0.001075 -0.000841 257 3.705854 2.286236


0.003018 -0.001075 -0.000836 49 3.707482 2.324066


0.002371 -0.001796 -0.000867 6 4.125072 2.061788 
0.002428 -0.001739 -0.000858 94 4.091430 2.150697 
0.002414 -0.001732 -0.000848 128 4.094303 2.233122 
0.002363 -0.001782 -0.000857 7 4.124611 2.160353 
0.002371 -0.001796 -0.000867 6 4.125072 2.061788


0.002394 -0.001762 -0.000858 50 4.108899 2.152755


0.002440 -0.001746 -0.000866 262 4.088802 2.072364 
0.002428 -0.001739 -0.000858 94 4.091430 2.150697 
0.002371 -0.001796 -0.000867 6 4.125072 2.061788 
0.002380 -0.001812 -0.000875 5 4.125547 1.964053 
0.002440 -0.001746 -0.000866 262 4.088802 2.072364


0.002405 -0.001773 -0.000867 51 4.107776 2.063851


0.002718 -0.001590 -0.000886 204 3.957083 1.770062 
0.002643 -0.001660 -0.000887 108 3.999607 1.761813 
0.002687 -0.001672 -0.000890 56 3.989401 1.570796 
0.002770 -0.001596 -0.000890 55 3.943359 1.570796 
0.002718 -0.001590 -0.000886 204 3.957083 1.770062


0.002704 -0.001630 -0.000889 52 3.972318 1.671569


0.002892 -0.001193 -0.000788 188 3.780970 2.634374 
0.002859 -0.001259 -0.000810 79 3.812747 2.498624 
0.002908 -0.001204 -0.000817 152 3.780501 2.455865 
0.002937 -0.001146 -0.000803 178 3.752528 2.544707 
0.002892 -0.001193 -0.000788 188 3.780970 2.634374


0.002899 -0.001200 -0.000804 53 3.781704 2.534855


0.002887 -0.001159 -0.000713 252 3.770154 3.028797 
0.002883 -0.001170 -0.000736 189 3.775109 2.911484 
0.002976 -0.001034 -0.000735 71 3.701911 2.917316 
0.002977 -0.001024 -0.000713 90 3.698015 3.029662 
0.002887 -0.001159 -0.000713 252 3.770154 3.028797


0.002932 -0.001097 -0.000724 54 3.736300 2.973069


0.002887 -0.001159 -0.000713 252 3.770154 3.028797 
0.002977 -0.001024 -0.000713 90 3.698015 3.029662 
0.002980 -0.001018 -0.000690 23 3.694846 3.141593 
0.002891 -0.001151 -0.000690 22 3.766051 3.141593 
0.002887 -0.001159 -0.000713 252 3.770154 3.028797


0.002935 -0.001088 -0.000702 55 3.732267 3.085816


0.003034 -0.001195 -0.000882 141 3.746306 1.863384 
0.003007 -0.001254 -0.000885 239 3.773014 1.801131 
0.003067 -0.001230 -0.000890 50 3.750265 1.624824 
0.003074 -0.001207 -0.000890 49 3.740859 1.663983 
0.003034 -0.001195 -0.000882 141 3.746306 1.863384


0.003045 -0.001222 -0.000888 56 3.752577 1.739210


0.003094 -0.001054 -0.000872 234 3.682723 2.002155 
0.003079 -0.001087 -0.000874 140 3.697986 1.980013 
0.003093 -0.001117 -0.000884 236 3.705470 1.831272 
0.003111 -0.001090 -0.000884 75 3.692047 1.828188 
0.003094 -0.001054 -0.000872 234 3.682723 2.002155


0.003094 -0.001087 -0.000879 57 3.694586 1.910794


0.003154 -0.000971 -0.000877 158 3.639766 1.942847 
0.003129 -0.001061 -0.000884 62 3.677612 1.825256 
0.003145 -0.001111 -0.000890 44 3.691760 1.624876 
0.003166 -0.001097 -0.000890 43 3.682825 1.570796 
0.003154 -0.000971 -0.000877 158 3.639766 1.942847


0.003148 -0.001060 -0.000887 58 3.673197 1.743193


0.002381 -0.001726 -0.000826 136 4.104615 2.394046 
0.002365 -0.001726 -0.000816 229 4.110470 2.465105 
0.002341 -0.001744 -0.000817 10 4.123396 2.454293 
0.002348 -0.001755 -0.000832 9 4.123770 2.356066 
0.002381 -0.001726 -0.000826 136 4.104615 2.394046


0.002359 -0.001738 -0.000823 59 4.115566 2.417643


0.003162 -0.000829 -0.000842 270 3.584139 2.277904 
0.003158 -0.000860 -0.000850 271 3.597094 2.218066 
0.003183 -0.000847 -0.000862 148 3.587577 2.113469 
0.003187 -0.000813 -0.000854 70 3.573778 2.180727 
0.003162 -0.000829 -0.000842 270 3.584139 2.277904


0.003172 -0.000837 -0.000852 60 3.585645 2.197873


0.002996 -0.001344 -0.000890 52 3.805232 1.570796 
0.002919 -0.001369 -0.000886 93 3.833040 1.793409 
0.002857 -0.001444 -0.000886 162 3.873344 1.785116 
0.002924 -0.001432 -0.000890 53 3.851274 1.570796 
0.002996 -0.001344 -0.000890 52 3.805232 1.570796


0.002924 -0.001397 -0.000889 61 3.840615 1.683816


0.002960 -0.001310 -0.000884 121 3.803052 1.819833 
0.002919 -0.001369 -0.000886 93 3.833040 1.793409 
0.002996 -0.001344 -0.000890 52 3.805232 1.570796 
0.003063 -0.001254 -0.000890 51 3.759190 1.570796 
0.002960 -0.001310 -0.000884 121 3.803052 1.819833


0.002984 -0.001319 -0.000889 62 3.799965 1.692949


0.002744 -0.001418 -0.000830 169 3.897611 2.370848 
0.002795 -0.001353 -0.000824 69 3.862075 2.410581 
0.002794 -0.001337 -0.000810 135 3.856846 2.501647 
0.002729 -0.001416 -0.000817 97 3.901761 2.458671 
0.002744 -0.001418 -0.000830 169 3.897611 2.370848


0.002766 -0.001381 -0.000820 63 3.879597 2.436963


0.003150 -0.000783 -0.000809 129 3.568397 2.504692 
0.003159 -0.000784 -0.000821 235 3.567105 2.431504 
0.003171 -0.000757 -0.000820 32 3.554261 2.437731 
0.003158 -0.000754 -0.000804 31 3.555251 2.537444 
0.003150 -0.000783 -0.000809 129 3.568397 2.504692


0.003159 -0.000769 -0.000814 64 3.561255 2.477990


0.003159 -0.000800 -0.000828 166 3.573544 2.385618 
0.003159 -0.000784 -0.000821 235 3.567105 2.431504 
0.003150 -0.000783 -0.000809 129 3.568397 2.504692 
0.003144 -0.000806 -0.000816 96 3.578499 2.465284 
0.003159 -0.000800 -0.000828 166 3.573544 2.385618


0.003153 -0.000793 -0.000818 65 3.571888 2.446851


0.003171 -0.000757 -0.000820 32 3.554261 2.437731 
0.003159 -0.000784 -0.000821 235 3.567105 2.431504 
0.003176 -0.000778 -0.000835 284 3.561915 2.336910 
0.003184 -0.000759 -0.000834 33 3.552895 2.338570 
0.003171 -0.000757 -0.000820 32 3.554261 2.437731


0.003172 -0.000769 -0.000828 66 3.559040 2.386311


0.003183 -0.000847 -0.000862 148 3.587577 2.113469 
0.003158 -0.000860 -0.000850 271 3.597094 2.218066 
0.003153 -0.000887 -0.000856 170 3.608374 2.169315 
0.003178 -0.000879 -0.000867 278 3.600670 2.056831 
0.003183 -0.000847 -0.000862 148 3.587577 2.113469


0.003168 -0.000868 -0.000859 67 3.598424 2.139699


0.003088 -0.000888 -0.000796 92 3.621336 2.587600 
0.003112 -0.000828 -0.000787 233 3.593305 2.639763 
0.003062 -0.000890 -0.000747 157 3.627677 2.856533 
0.003040 -0.000958 -0.000780 126 3.658522 2.676960 
0.003088 -0.000888 -0.000796 92 3.621336 2.587600


0.003075 -0.000891 -0.000777 68 3.625190 2.691407


0.002543 -0.001717 -0.000882 276 4.046902 1.865796 
0.002521 -0.001701 -0.000872 264 4.050049 2.003606 
0.002454 -0.001765 -0.000877 228 4.088734 1.940511 
0.002470 -0.001782 -0.000884 131 4.087474 1.823775 
0.002543 -0.001717 -0.000882 276 4.046902 1.865796


0.002497 -0.001741 -0.000879 69 4.068325 1.910633


0.003076 -0.001137 -0.000883 167 3.716357 1.850869 
0.003057 -0.001168 -0.000883 255 3.731363 1.844984 
0.003083 -0.001184 -0.000889 48 3.731010 1.688066 
0.003095 -0.001163 -0.000889 47 3.721024 1.696124 
0.003076 -0.001137 -0.000883 167 3.716357 1.850869


0.003078 -0.001163 -0.000886 70 3.724947 1.770258


0.003083 -0.001184 -0.000889 48 3.731010 1.688066 
0.003057 -0.001168 -0.000883 255 3.731363 1.844984 
0.003034 -0.001195 -0.000882 141 3.746306 1.863384 
0.003074 -0.001207 -0.000890 49 3.740859 1.663983 
0.003083 -0.001184 -0.000889 48 3.731010 1.688066


0.003062 -0.001188 -0.000887 71 3.737374 1.765355


0.002960 -0.001310 -0.000884 121 3.803052 1.819833 
0.002914 -0.001330 -0.000877 85 3.821654 1.944780 
0.002861 -0.001392 -0.000876 198 3.856023 1.948492 
0.002919 -0.001369 -0.000886 93 3.833040 1.793409 
0.002960 -0.001310 -0.000884 121 3.803052 1.819833


0.002914 -0.001350 -0.000881 72 3.828391 1.878730


0.003153 -0.000887 -0.000856 170 3.608374 2.169315 
0.003132 -0.000892 -0.000843 61 3.614324 2.275700 
0.003119 -0.000920 -0.000844 285 3.627644 2.264992 
0.003135 -0.000921 -0.000855 253 3.624859 2.172113 
0.003153 -0.000887 -0.000856 170 3.608374 2.169315


0.003135 -0.000905 -0.000850 73 3.618794 2.220813


0.002448 -0.001684 -0.000832 73 4.070580 2.356056 
0.002399 -0.001728 -0.000838 212 4.098673 2.311320 
0.002414 -0.001732 -0.000848 128 4.094303 2.233122 
0.002467 -0.001682 -0.000841 244 4.063295 2.288204 
0.002448 -0.001684 -0.000832 73 4.070580 2.356056


0.002432 -0.001707 -0.000840 74 4.081730 2.298163


0.002522 -0.001630 -0.000835 151 4.030913 2.336724 
0.002467 -0.001682 -0.000841 244 4.063295 2.288204 
0.002484 -0.001683 -0.000850 174 4.057861 2.219051 
0.002541 -0.001627 -0.000843 98 4.023675 2.275093 
0.002522 -0.001630 -0.000835 151 4.030913 2.336724


0.002503 -0.001656 -0.000842 75 4.043958 2.281034


0.002440 -0.001746 -0.000866 262 4.088802 2.072364 
0.002500 -0.001687 -0.000859 59 4.053212 2.141470 
0.002484 -0.001683 -0.000850 174 4.057861 2.219051 
0.002428 -0.001739 -0.000858 94 4.091430 2.150697 
0.002440 -0.001746 -0.000866 262 4.088802 2.072364


0.002463 -0.001714 -0.000858 76 4.072864 2.147382


0.002795 -0.001353 -0.000824 69 3.862075 2.410581 
0.002744 -0.001418 -0.000830 169 3.897611 2.370848 
0.002757 -0.001425 -0.000843 242 3.896260 2.270372 
0.002806 -0.001366 -0.000841 172 3.863156 2.292981 
0.002795 -0.001353 -0.000824 69 3.862075 2.410581


0.002775 -0.001391 -0.000834 77 3.879792 2.337421


0.002558 -0.001588 -0.000824 143 4.007119 2.407636 
0.002579 -0.001585 -0.000837 81 3.999616 2.322662 
0.002633 -0.001535 -0.000835 156 3.967756 2.332415 
0.002614 -0.001535 -0.000822 63 3.973655 2.422000 
0.002558 -0.001588 -0.000824 143 4.007119 2.407636


0.002596 -0.001561 -0.000830 78 3.987034 2.372294


0.002522 -0.001630 -0.000835 151 4.030913 2.336724 
0.002579 -0.001585 -0.000837 81 3.999616 2.322662 
0.002558 -0.001588 -0.000824 143 4.007119 2.407636 
0.002496 -0.001639 -0.000825 74 4.041814 2.404732 
0.002522 -0.001630 -0.000835 151 4.030913 2.336724


0.002539 -0.001611 -0.000830 79 4.019852 2.369123


0.003187 -0.000813 -0.000854 70 3.573778 2.180727 
0.003183 -0.000847 -0.000862 148 3.587577 2.113469 
0.003221 -0.000818 -0.000873 223 3.569417 1.986819 
0.003217 -0.000794 -0.000867 272 3.560932 2.062356 
0.003187 -0.000813 -0.000854 70 3.573778 2.180727


0.003202 -0.000818 -0.000864 80 3.572905 2.086323


0.003196 -0.000780 -0.000851 117 3.558876 2.212865 
0.003177 -0.000791 -0.000840 246 3.566752 2.297379 
0.003183 -0.000802 -0.000848 177 3.569936 2.232081 
0.003207 -0.000787 -0.000859 221 3.559769 2.137352 
0.003196 -0.000780 -0.000851 117 3.558876 2.212865


0.003190 -0.000790 -0.000850 81 3.563822 2.220024


0.003059 -0.000888 -0.000733 101 3.627620 2.925007 
0.003062 -0.000890 -0.000747 157 3.627677 2.856533 
0.003134 -0.000744 -0.000750 28 3.555757 2.839893 
0.003130 -0.000741 -0.000730 27 3.555064 2.940934 
0.003059 -0.000888 -0.000733 101 3.627620 2.925007


0.003097 -0.000816 -0.000740 82 3.591528 2.892408


0.003134 -0.000744 -0.000750 28 3.555757 2.839893 
0.003062 -0.000890 -0.000747 157 3.627677 2.856533 
0.003112 -0.000828 -0.000787 233 3.593305 2.639763 
0.003140 -0.000748 -0.000769 29 3.556016 2.739446 
0.003134 -0.000744 -0.000750 28 3.555757 2.839893


0.003112 -0.000803 -0.000763 83 3.583179 2.770792


0.002633 -0.001535 -0.000835 156 3.967756 2.332415 
0.002579 -0.001585 -0.000837 81 3.999616 2.322662 
0.002596 -0.001586 -0.000847 179 3.994359 2.245158 
0.002651 -0.001535 -0.000846 65 3.961974 2.252029 
0.002633 -0.001535 -0.000835 156 3.967756 2.332415


0.002614 -0.001561 -0.000841 84 3.980924 2.289226


0.002926 -0.001262 -0.000860 180 3.795634 2.126675 
0.002899 -0.001279 -0.000853 77 3.808858 2.193043 
0.002866 -0.001329 -0.000857 153 3.834147 2.159246 
0.002907 -0.001299 -0.000865 66 3.813292 2.083706 
0.002926 -0.001262 -0.000860 180 3.795634 2.126675


0.002899 -0.001292 -0.000859 85 3.812975 2.141613


0.002936 -0.001233 -0.000854 181 3.783382 2.188303 
0.002899 -0.001279 -0.000853 77 3.808858 2.193043 
0.002926 -0.001262 -0.000860 180 3.795634 2.126675 
0.002944 -0.001226 -0.000855 124 3.778791 2.172221 
0.002936 -0.001233 -0.000854 181 3.783382 2.188303


0.002926 -0.001250 -0.000856 86 3.791666 2.170721


0.003021 -0.001050 -0.000825 154 3.697583 2.401877 
0.003031 -0.001027 -0.000821 265 3.686533 2.432720 
0.003029 -0.001023 -0.000816 183 3.685552 2.461183 
0.003014 -0.001055 -0.000821 80 3.700913 2.427642 
0.003021 -0.001050 -0.000825 154 3.697583 2.401877


0.003024 -0.001039 -0.000821 87 3.692651 2.431025


0.003029 -0.001023 -0.000816 183 3.685552 2.461183 
0.003031 -0.001016 -0.000813 224 3.682642 2.480939 
0.003001 -0.001062 -0.000812 163 3.706858 2.488557 
0.003014 -0.001055 -0.000821 80 3.700913 2.427642 
0.003029 -0.001023 -0.000816 183 3.685552 2.461183


0.003019 -0.001039 -0.000816 88 3.693993 2.464953


0.002979 -0.001041 -0.000757 139 3.703894 2.801820 
0.002976 -0.001034 -0.000735 71 3.701911 2.917316 
0.002883 -0.001170 -0.000736 189 3.775109 2.911484 
0.002888 -0.001177 -0.000760 86 3.776466 2.785388 
0.002979 -0.001041 -0.000757 139 3.703894 2.801820


0.002932 -0.001106 -0.000747 89 3.739352 2.856120


0.002891 -0.001246 -0.000830 64 3.799649 2.369634 
0.002901 -0.001257 -0.000843 150 3.800851 2.270877 
0.002931 -0.001218 -0.000844 241 3.779552 2.262925 
0.002930 -0.001200 -0.000833 193 3.773487 2.344882 
0.002891 -0.001246 -0.000830 64 3.799649 2.369634


0.002913 -0.001230 -0.000838 90 3.788384 2.312699


0.002901 -0.001257 -0.000843 150 3.800851 2.270877 
0.002851 -0.001315 -0.000841 82 3.833930 2.286180 
0.002866 -0.001329 -0.000857 153 3.834147 2.159246 
0.002899 -0.001279 -0.000853 77 3.808858 2.193043 
0.002901 -0.001257 -0.000843 150 3.800851 2.270877


0.002879 -0.001295 -0.000849 91 3.819457 2.228358


0.003109 -0.001144 -0.000889 46 3.711060 1.688156 
0.003093 -0.001117 -0.000884 236 3.705470 1.831272 
0.003076 -0.001137 -0.000883 167 3.716357 1.850869 
0.003095 -0.001163 -0.000889 47 3.721024 1.696124 
0.003109 -0.001144 -0.000889 46 3.711060 1.688156


0.003093 -0.001140 -0.000887 92 3.713491 1.766804


0.003057 -0.001168 -0.000883 255 3.731363 1.844984 
0.003076 -0.001137 -0.000883 167 3.716357 1.850869 
0.003063 -0.001113 -0.000874 106 3.710702 1.978281 
0.003044 -0.001141 -0.000874 209 3.725032 1.978819 
0.003057 -0.001168 -0.000883 255 3.731363 1.844984


0.003060 -0.001140 -0.000879 93 3.720880 1.913591


0.003076 -0.001137 -0.000883 167 3.716357 1.850869 
0.003093 -0.001117 -0.000884 236 3.705470 1.831272 
0.003079 -0.001087 -0.000874 140 3.697986 1.980013 
0.003063 -0.001113 -0.000874 106 3.710702 1.978281 
0.003076 -0.001137 -0.000883 167 3.716357 1.850869


0.003077 -0.001113 -0.000879 94 3.707645 1.910368


0.003115 -0.000867 -0.000816 250 3.608100 2.466001 
0.003144 -0.000823 -0.000824 184 3.585209 2.411352 
0.003144 -0.000806 -0.000816 96 3.578499 2.465284 
0.003119 -0.000842 -0.000806 130 3.597392 2.522584 
0.003115 -0.000867 -0.000816 250 3.608100 2.466001


0.003131 -0.000834 -0.000815 95 3.592291 2.466768


0.003112 -0.000828 -0.000787 233 3.593305 2.639763 
0.003128 -0.000810 -0.000796 226 3.583050 2.582864 
0.003148 -0.000751 -0.000787 30 3.555847 2.638605 
0.003140 -0.000748 -0.000769 29 3.556016 2.739446 
0.003112 -0.000828 -0.000787 233 3.593305 2.639763


0.003132 -0.000784 -0.000785 96 3.572076 2.650886


0.003119 -0.000842 -0.000806 130 3.597392 2.522584 
0.003128 -0.000810 -0.000796 226 3.583050 2.582864 
0.003112 -0.000828 -0.000787 233 3.593305 2.639763 
0.003088 -0.000888 -0.000796 92 3.621336 2.587600 
0.003119 -0.000842 -0.000806 130 3.597392 2.522584


0.003112 -0.000842 -0.000796 97 3.598772 2.583799


0.003061 -0.000976 -0.000821 137 3.661104 2.429685 
0.003073 -0.000957 -0.000822 115 3.650991 2.422477 
0.003057 -0.000976 -0.000817 216 3.661817 2.455912 
0.003049 -0.000993 -0.000818 261 3.670105 2.449889 
0.003061 -0.000976 -0.000821 137 3.661104 2.429685


0.003060 -0.000976 -0.000820 98 3.661000 2.439661


0.002747 -0.001477 -0.000863 155 3.915379 2.095949 
0.002797 -0.001422 -0.000862 237 3.883402 2.106818 
0.002771 -0.001434 -0.000856 185 3.894722 2.167829 
0.002721 -0.001487 -0.000856 84 3.925967 2.163288 
0.002747 -0.001477 -0.000863 155 3.915379 2.095949


0.002759 -0.001455 -0.000859 99 3.904859 2.134858


0.002771 -0.001434 -0.000856 185 3.894722 2.167829 
0.002757 -0.001425 -0.000843 242 3.896260 2.270372 
0.002704 -0.001482 -0.000845 161 3.929576 2.260538 
0.002721 -0.001487 -0.000856 84 3.925967 2.163288 
0.002771 -0.001434 -0.000856 185 3.894722 2.167829


0.002738 -0.001457 -0.000850 100 3.911631 2.216728


0.002670 -0.001420 -0.000735 187 3.921099 2.918396 
0.002684 -0.001399 -0.000704 238 3.910085 3.073930 
0.002570 -0.001509 -0.000702 230 3.980335 3.081991 
0.002584 -0.001503 -0.000738 109 3.973825 2.903940 
0.002670 -0.001420 -0.000735 187 3.921099 2.918396


0.002627 -0.001458 -0.000720 101 3.946339 2.995360


0.002570 -0.001509 -0.000702 230 3.980335 3.081991 
0.002684 -0.001399 -0.000704 238 3.910085 3.073930 
0.002686 -0.001396 -0.000690 20 3.908460 3.141593 
0.002571 -0.001508 -0.000690 19 3.979665 3.141593 
0.002570 -0.001509 -0.000702 230 3.980335 3.081991


0.002629 -0.001454 -0.000697 102 3.944636 3.109999


0.002670 -0.001420 -0.000735 187 3.921099 2.918396 
0.002785 -0.001295 -0.000738 240 3.845636 2.901014 
0.002790 -0.001283 -0.000711 186 3.839930 3.040927 
0.002684 -0.001399 -0.000704 238 3.910085 3.073930 
0.002670 -0.001420 -0.000735 187 3.921099 2.918396


0.002733 -0.001350 -0.000722 103 3.879186 2.984749


0.002686 -0.001396 -0.000690 20 3.908460 3.141593 
0.002684 -0.001399 -0.000704 238 3.910085 3.073930 
0.002790 -0.001283 -0.000711 186 3.839930 3.040927 
0.002793 -0.001277 -0.000690 21 3.837255 3.141593 
0.002686 -0.001396 -0.000690 20 3.908460 3.141593


0.002739 -0.001340 -0.000699 104 3.873931 3.099807


0.002795 -0.001314 -0.000788 100 3.848914 2.632385 
0.002794 -0.001337 -0.000810 135 3.856846 2.501647 
0.002859 -0.001259 -0.000810 79 3.812747 2.498624 
0.002892 -0.001193 -0.000788 188 3.780970 2.634374 
0.002795 -0.001314 -0.000788 100 3.848914 2.632385


0.002835 -0.001276 -0.000799 105 3.824902 2.569598


0.003104 -0.000952 -0.000846 72 3.642588 2.250914 
0.003087 -0.000984 -0.000846 133 3.658560 2.248747 
0.003097 -0.001011 -0.000862 245 3.666249 2.113367 
0.003116 -0.000961 -0.000857 119 3.643713 2.160101 
0.003104 -0.000952 -0.000846 72 3.642588 2.250914


0.003101 -0.000977 -0.000853 106 3.652796 2.193767


0.002931 -0.001218 -0.000844 241 3.779552 2.262925 
0.002901 -0.001257 -0.000843 150 3.800851 2.270877 
0.002899 -0.001279 -0.000853 77 3.808858 2.193043 
0.002936 -0.001233 -0.000854 181 3.783382 2.188303 
0.002931 -0.001218 -0.000844 241 3.779552 2.262925


0.002917 -0.001247 -0.000849 107 3.793166 2.229462


0.002986 -0.001191 -0.000864 146 3.756611 2.091022 
0.002981 -0.001221 -0.000871 231 3.767908 2.017656 
0.003034 -0.001195 -0.000882 141 3.746306 1.863384 
0.003018 -0.001169 -0.000871 149 3.741208 2.014433 
0.002986 -0.001191 -0.000864 146 3.756611 2.091022


0.003004 -0.001194 -0.000873 108 3.752982 1.997253


0.002806 -0.001366 -0.000841 172 3.863156 2.292981 
0.002851 -0.001315 -0.000841 82 3.833930 2.286180 
0.002843 -0.001300 -0.000826 182 3.830769 2.396962 
0.002795 -0.001353 -0.000824 69 3.862075 2.410581 
0.002806 -0.001366 -0.000841 172 3.863156 2.292981


0.002824 -0.001334 -0.000833 109 3.847482 2.347626


0.003067 -0.001230 -0.000890 50 3.750265 1.624824 
0.003007 -0.001254 -0.000885 239 3.773014 1.801131 
0.002960 -0.001310 -0.000884 121 3.803052 1.819833 
0.003063 -0.001254 -0.000890 51 3.759190 1.570796 
0.003067 -0.001230 -0.000890 50 3.750265 1.624824


0.003024 -0.001262 -0.000889 110 3.771234 1.706570


0.002984 -0.001067 -0.000794 280 3.712453 2.594597 
0.002975 -0.001065 -0.000779 254 3.713793 2.682539 
0.002892 -0.001193 -0.000788 188 3.780970 2.634374 
0.002937 -0.001146 -0.000803 178 3.752528 2.544707 
0.002984 -0.001067 -0.000794 280 3.712453 2.594597


0.002947 -0.001118 -0.000791 111 3.739949 2.616397


0.002919 -0.001369 -0.000886 93 3.833040 1.793409 
0.002861 -0.001392 -0.000876 198 3.856023 1.948492 
0.002806 -0.001458 -0.000877 247 3.891933 1.932763 
0.002857 -0.001444 -0.000886 162 3.873344 1.785116 
0.002919 -0.001369 -0.000886 93 3.833040 1.793409


0.002861 -0.001416 -0.000882 112 3.863531 1.867654


0.003029 -0.001023 -0.000816 183 3.685552 2.461183 
0.003049 -0.000993 -0.000818 261 3.670105 2.449889 
0.003057 -0.000976 -0.000817 216 3.661817 2.455912 
0.003031 -0.001016 -0.000813 224 3.682642 2.480939 
0.003029 -0.001023 -0.000816 183 3.685552 2.461183


0.003041 -0.001002 -0.000816 113 3.675026 2.462312


0.002674 -0.001535 -0.000857 102 3.954675 2.152968 
0.002651 -0.001535 -0.000846 65 3.961974 2.252029 
0.002596 -0.001586 -0.000847 179 3.994359 2.245158 
0.002612 -0.001589 -0.000856 191 3.989929 2.167055 
0.002674 -0.001535 -0.000857 102 3.954675 2.152968


0.002633 -0.001561 -0.000851 114 3.975223 2.205690


0.002883 -0.001170 -0.000736 189 3.775109 2.911484 
0.002887 -0.001159 -0.000713 252 3.770154 3.028797 
0.002790 -0.001283 -0.000711 186 3.839930 3.040927 
0.002785 -0.001295 -0.000738 240 3.845636 2.901014 
0.002883 -0.001170 -0.000736 189 3.775109 2.911484


0.002837 -0.001227 -0.000724 115 3.807710 2.971736


0.002688 -0.001418 -0.000770 87 3.914603 2.733297 
0.002670 -0.001420 -0.000735 187 3.921099 2.918396 
0.002584 -0.001503 -0.000738 109 3.973825 2.903940 
0.002601 -0.001500 -0.000765 165 3.967724 2.759239 
0.002688 -0.001418 -0.000770 87 3.914603 2.733297


0.002636 -0.001460 -0.000752 116 3.944302 2.829955


0.002570 -0.001509 -0.000702 230 3.980335 3.081991 
0.002451 -0.001610 -0.000713 225 4.049382 3.029951 
0.002456 -0.001611 -0.000735 196 4.048006 2.918132 
0.002584 -0.001503 -0.000738 109 3.973825 2.903940 
0.002570 -0.001509 -0.000702 230 3.980335 3.081991


0.002516 -0.001559 -0.000722 117 4.012886 2.984629


0.002795 -0.001314 -0.000788 100 3.848914 2.632385 
0.002702 -0.001421 -0.000794 232 3.911498 2.600071 
0.002729 -0.001416 -0.000817 97 3.901761 2.458671 
0.002794 -0.001337 -0.000810 135 3.856846 2.501647 
0.002795 -0.001314 -0.000788 100 3.848914 2.632385


0.002755 -0.001372 -0.000802 118 3.879777 2.550562


0.002966 -0.001162 -0.000840 105 3.751262 2.295423 
0.002930 -0.001200 -0.000833 193 3.773487 2.344882 
0.002931 -0.001218 -0.000844 241 3.779552 2.262925 
0.002963 -0.001187 -0.000850 217 3.760768 2.217622 
0.002966 -0.001162 -0.000840 105 3.751262 2.295423


0.002947 -0.001192 -0.000842 119 3.766261 2.280745


0.002975 -0.001065 -0.000779 254 3.713793 2.682539 
0.002984 -0.001067 -0.000794 280 3.712453 2.594597 
0.003035 -0.000988 -0.000798 203 3.671123 2.574477 
0.003040 -0.000958 -0.000780 126 3.658522 2.676960 
0.002975 -0.001065 -0.000779 254 3.713793 2.682539


0.003009 -0.001019 -0.000788 120 3.688972 2.633814


0.002891 -0.001246 -0.000830 64 3.799649 2.369634 
0.002843 -0.001300 -0.000826 182 3.830769 2.396962 
0.002851 -0.001315 -0.000841 82 3.833930 2.286180 
0.002901 -0.001257 -0.000843 150 3.800851 2.270877 
0.002891 -0.001246 -0.000830 64 3.799649 2.369634


0.002871 -0.001279 -0.000835 121 3.816293 2.331997


0.002931 -0.001218 -0.000844 241 3.779552 2.262925 
0.002936 -0.001233 -0.000854 181 3.783382 2.188303 
0.002944 -0.001226 -0.000855 124 3.778791 2.172221 
0.002963 -0.001187 -0.000850 217 3.760768 2.217622 
0.002931 -0.001218 -0.000844 241 3.779552 2.262925


0.002943 -0.001216 -0.000851 122 3.775627 2.210622


0.002973 -0.001135 -0.000831 197 3.739658 2.363227 
0.002943 -0.001165 -0.000823 251 3.757920 2.415797 
0.002930 -0.001200 -0.000833 193 3.773487 2.344882 
0.002966 -0.001162 -0.000840 105 3.751262 2.295423 
0.002973 -0.001135 -0.000831 197 3.739658 2.363227


0.002953 -0.001165 -0.000832 123 3.755580 2.355443


0.002819 -0.001382 -0.000856 206 3.864554 2.168095 
0.002866 -0.001329 -0.000857 153 3.834147 2.159246 
0.002851 -0.001315 -0.000841 82 3.833930 2.286180 
0.002806 -0.001366 -0.000841 172 3.863156 2.292981 
0.002819 -0.001382 -0.000856 206 3.864554 2.168095


0.002835 -0.001348 -0.000849 124 3.848945 2.227653


0.002952 -0.001277 -0.000875 125 3.794305 1.960336 
0.002907 -0.001299 -0.000865 66 3.813292 2.083706 
0.002853 -0.001361 -0.000864 173 3.848337 2.093101 
0.002914 -0.001330 -0.000877 85 3.821654 1.944780 
0.002952 -0.001277 -0.000875 125 3.794305 1.960336


0.002906 -0.001317 -0.000870 125 3.819339 2.022489


0.003057 -0.000976 -0.000817 216 3.661817 2.455912 
0.003073 -0.000957 -0.000822 115 3.650991 2.422477 
0.003091 -0.000929 -0.000824 214 3.636715 2.409130 
0.003075 -0.000942 -0.000816 195 3.645056 2.464075 
0.003057 -0.000976 -0.000817 216 3.661817 2.455912


0.003074 -0.000951 -0.000820 126 3.648638 2.438209


0.002819 -0.001382 -0.000856 206 3.864554 2.168095 
0.002806 -0.001366 -0.000841 172 3.863156 2.292981 
0.002757 -0.001425 -0.000843 242 3.896260 2.270372 
0.002771 -0.001434 -0.000856 185 3.894722 2.167829 
0.002819 -0.001382 -0.000856 206 3.864554 2.168095


0.002788 -0.001402 -0.000849 127 3.879679 2.225977


0.002926 -0.001262 -0.000860 180 3.795634 2.126675 
0.002907 -0.001299 -0.000865 66 3.813292 2.083706 
0.002952 -0.001277 -0.000875 125 3.794305 1.960336 
0.002981 -0.001221 -0.000871 231 3.767908 2.017656 
0.002926 -0.001262 -0.000860 180 3.795634 2.126675


0.002941 -0.001264 -0.000868 128 3.792756 2.048476


0.002696 -0.001532 -0.000865 248 3.946926 2.080009 
0.002674 -0.001535 -0.000857 102 3.954675 2.152968 
0.002612 -0.001589 -0.000856 191 3.989929 2.167055 
0.002646 -0.001586 -0.000868 107 3.978273 2.044928 
0.002696 -0.001532 -0.000865 248 3.946926 2.080009


0.002657 -0.001560 -0.000862 129 3.967439 2.112760


0.002718 -0.001590 -0.000886 204 3.957083 1.770062 
0.002681 -0.001588 -0.000879 267 3.967954 1.908223 
0.002613 -0.001652 -0.000880 160 4.007055 1.893195 
0.002643 -0.001660 -0.000887 108 3.999607 1.761813 
0.002718 -0.001590 -0.000886 204 3.957083 1.770062


0.002664 -0.001623 -0.000883 130 3.982910 1.835865


0.002789 -0.001518 -0.000886 277 3.915026 1.778280 
0.002746 -0.001523 -0.000878 218 3.929117 1.919193 
0.002681 -0.001588 -0.000879 267 3.967954 1.908223 
0.002718 -0.001590 -0.000886 204 3.957083 1.770062 
0.002789 -0.001518 -0.000886 277 3.915026 1.778280


0.002734 -0.001555 -0.000883 131 3.942268 1.846532


0.002415 -0.001669 -0.000789 142 4.078069 2.624371 
0.002486 -0.001628 -0.000807 243 4.042457 2.517648 
0.002559 -0.001561 -0.000800 194 3.999070 2.564129 
0.002458 -0.001614 -0.000751 263 4.048276 2.835581 
0.002415 -0.001669 -0.000789 142 4.078069 2.624371


0.002479 -0.001618 -0.000787 132 4.041929 2.637388


0.002614 -0.001535 -0.000822 63 3.973655 2.422000 
0.002559 -0.001561 -0.000800 194 3.999070 2.564129 
0.002486 -0.001628 -0.000807 243 4.042457 2.517648 
0.002558 -0.001588 -0.000824 143 4.007119 2.407636 
0.002614 -0.001535 -0.000822 63 3.973655 2.422000


0.002554 -0.001578 -0.000813 133 4.005539 2.479984


0.002744 -0.001418 -0.000830 169 3.897611 2.370848 
0.002688 -0.001478 -0.000832 78 3.933239 2.357634 
0.002704 -0.001482 -0.000845 161 3.929576 2.260538 
0.002757 -0.001425 -0.000843 242 3.896260 2.270372 
0.002744 -0.001418 -0.000830 169 3.897611 2.370848


0.002723 -0.001451 -0.000837 134 3.914174 2.316120


0.002795 -0.001353 -0.000824 69 3.862075 2.410581 
0.002843 -0.001300 -0.000826 182 3.830769 2.396962 
0.002859 -0.001259 -0.000810 79 3.812747 2.498624 
0.002794 -0.001337 -0.000810 135 3.856846 2.501647 
0.002795 -0.001353 -0.000824 69 3.862075 2.410581


0.002823 -0.001312 -0.000817 135 3.840621 2.453410


0.002984 -0.001067 -0.000794 280 3.712453 2.594597 
0.002937 -0.001146 -0.000803 178 3.752528 2.544707 
0.002964 -0.001119 -0.000813 281 3.736481 2.484884 
0.002992 -0.001067 -0.000805 282 3.710474 2.530347 
0.002984 -0.001067 -0.000794 280 3.712453 2.594597


0.002969 -0.001100 -0.000804 136 3.727996 2.539622


0.002558 -0.001588 -0.000824 143 4.007119 2.407636 
0.002486 -0.001628 -0.000807 243 4.042457 2.517648 
0.002447 -0.001665 -0.000814 68 4.065740 2.475935 
0.002496 -0.001639 -0.000825 74 4.041814 2.404732 
0.002558 -0.001588 -0.000824 143 4.007119 2.407636


0.002497 -0.001630 -0.000818 137 4.039253 2.453082


0.002447 -0.001665 -0.000814 68 4.065740 2.475935 
0.002486 -0.001628 -0.000807 243 4.042457 2.517648 
0.002415 -0.001669 -0.000789 142 4.078069 2.624371 
0.002398 -0.001689 -0.000799 283 4.089274 2.566183 
0.002447 -0.001665 -0.000814 68 4.065740 2.475935


0.002436 -0.001663 -0.000802 138 4.068860 2.546997


0.002447 -0.001665 -0.000814 68 4.065740 2.475935 
0.002422 -0.001691 -0.000821 110 4.081513 2.428523 
0.002448 -0.001684 -0.000832 73 4.070580 2.356056 
0.002496 -0.001639 -0.000825 74 4.041814 2.404732 
0.002447 -0.001665 -0.000814 68 4.065740 2.475935


0.002453 -0.001670 -0.000823 139 4.064910 2.417115


0.002414 -0.001732 -0.000848 128 4.094303 2.233122 
0.002428 -0.001739 -0.000858 94 4.091430 2.150697 
0.002484 -0.001683 -0.000850 174 4.057861 2.219051 
0.002467 -0.001682 -0.000841 244 4.063295 2.288204 
0.002414 -0.001732 -0.000848 128 4.094303 2.233122


0.002448 -0.001709 -0.000849 140 4.076751 2.224001


0.003097 -0.001011 -0.000862 245 3.666249 2.113367 
0.003110 -0.001033 -0.000874 159 3.671594 1.983587 
0.003134 -0.000966 -0.000868 104 3.642007 2.050777 
0.003116 -0.000961 -0.000857 119 3.643713 2.160101 
0.003097 -0.001011 -0.000862 245 3.666249 2.113367


0.003114 -0.000993 -0.000865 141 3.655923 2.077864


0.003025 -0.001075 -0.000841 257 3.705854 2.286236 
0.003039 -0.001052 -0.000841 211 3.694272 2.292580 
0.003036 -0.001038 -0.000831 266 3.689852 2.359849 
0.003025 -0.001059 -0.000833 215 3.699778 2.349001 
0.003025 -0.001075 -0.000841 257 3.705854 2.286236


0.003031 -0.001056 -0.000837 142 3.697446 2.322069


0.003094 -0.001054 -0.000872 234 3.682723 2.002155 
0.003111 -0.001090 -0.000884 75 3.692047 1.828188 
0.003129 -0.001061 -0.000884 62 3.677612 1.825256 
0.003110 -0.001033 -0.000874 159 3.671594 1.983587 
0.003094 -0.001054 -0.000872 234 3.682723 2.002155


0.003111 -0.001059 -0.000879 143 3.681017 1.910112


0.003129 -0.001061 -0.000884 62 3.677612 1.825256 
0.003111 -0.001090 -0.000884 75 3.692047 1.828188 
0.003126 -0.001126 -0.000890 45 3.701199 1.664125 
0.003145 -0.001111 -0.000890 44 3.691760 1.624876 
0.003129 -0.001061 -0.000884 62 3.677612 1.825256


0.003128 -0.001097 -0.000888 144 3.690694 1.736044


0.003057 -0.001046 -0.000851 205 3.687685 2.210726 
0.003066 -0.001066 -0.000863 67 3.693071 2.101417 
0.003082 -0.001035 -0.000862 145 3.678341 2.114196 
0.003073 -0.001017 -0.000850 89 3.673748 2.220614 
0.003057 -0.001046 -0.000851 205 3.687685 2.210726


0.003070 -0.001041 -0.000856 145 3.683224 2.162019


0.003144 -0.000840 -0.000831 83 3.592068 2.360331 
0.003162 -0.000829 -0.000842 270 3.584139 2.277904 
0.003162 -0.000814 -0.000836 76 3.578253 2.323488 
0.003144 -0.000823 -0.000824 184 3.585209 2.411352 
0.003144 -0.000840 -0.000831 83 3.592068 2.360331


0.003153 -0.000826 -0.000834 146 3.584912 2.343367


0.002541 -0.001627 -0.000843 98 4.023675 2.275093 
0.002484 -0.001683 -0.000850 174 4.057861 2.219051 
0.002500 -0.001687 -0.000859 59 4.053212 2.141470 
0.002555 -0.001636 -0.000855 138 4.021681 2.172946 
0.002541 -0.001627 -0.000843 98 4.023675 2.275093


0.002520 -0.001658 -0.000852 147 4.039127 2.203420


0.003162 -0.000814 -0.000836 76 3.578253 2.323488 
0.003159 -0.000800 -0.000828 166 3.573544 2.385618 
0.003144 -0.000806 -0.000816 96 3.578499 2.465284 
0.003144 -0.000823 -0.000824 184 3.585209 2.411352 
0.003162 -0.000814 -0.000836 76 3.578253 2.323488


0.003152 -0.000811 -0.000826 148 3.578874 2.396505


0.003183 -0.000802 -0.000848 177 3.569936 2.232081 
0.003177 -0.000791 -0.000840 246 3.566752 2.297379 
0.003159 -0.000800 -0.000828 166 3.573544 2.385618 
0.003162 -0.000814 -0.000836 76 3.578253 2.323488 
0.003183 -0.000802 -0.000848 177 3.569936 2.232081


0.003170 -0.000802 -0.000838 149 3.572114 2.309721


0.003196 -0.000780 -0.000851 117 3.558876 2.212865 
0.003190 -0.000773 -0.000845 127 3.557338 2.262254 
0.003176 -0.000778 -0.000835 284 3.561915 2.336910 
0.003177 -0.000791 -0.000840 246 3.566752 2.297379 
0.003196 -0.000780 -0.000851 117 3.558876 2.212865


0.003185 -0.000780 -0.000843 150 3.561214 2.277411


0.002790 -0.001302 -0.000763 279 3.846529 2.768363 
0.002795 -0.001314 -0.000788 100 3.848914 2.632385 
0.002892 -0.001193 -0.000788 188 3.780970 2.634374 
0.002888 -0.001177 -0.000760 86 3.776466 2.785388 
0.002790 -0.001302 -0.000763 279 3.846529 2.768363


0.002842 -0.001247 -0.000774 151 3.813230 2.707978


0.002702 -0.001421 -0.000794 232 3.911498 2.600071 
0.002795 -0.001314 -0.000788 100 3.848914 2.632385 
0.002790 -0.001302 -0.000763 279 3.846529 2.768363 
0.002688 -0.001418 -0.000770 87 3.914603 2.733297 
0.002702 -0.001421 -0.000794 232 3.911498 2.600071


0.002744 -0.001364 -0.000778 152 3.880407 2.686203


0.002861 -0.001392 -0.000876 198 3.856023 1.948492 
0.002797 -0.001422 -0.000862 237 3.883402 2.106818 
0.002747 -0.001477 -0.000863 155 3.915379 2.095949 
0.002806 -0.001458 -0.000877 247 3.891933 1.932763 
0.002861 -0.001392 -0.000876 198 3.856023 1.948492


0.002802 -0.001437 -0.000870 153 3.886615 2.023408


0.002565 -0.001728 -0.000887 120 4.042564 1.746290 
0.002543 -0.001717 -0.000882 276 4.046902 1.865796 
0.002470 -0.001782 -0.000884 131 4.087474 1.823775 
0.002487 -0.001796 -0.000888 88 4.085403 1.714137 
0.002565 -0.001728 -0.000887 120 4.042564 1.746290


0.002516 -0.001756 -0.000886 154 4.065610 1.790073


0.002674 -0.001535 -0.000857 102 3.954675 2.152968 
0.002696 -0.001532 -0.000865 248 3.946926 2.080009 
0.002747 -0.001477 -0.000863 155 3.915379 2.095949 
0.002721 -0.001487 -0.000856 84 3.925967 2.163288 
0.002674 -0.001535 -0.000857 102 3.954675 2.152968


0.002709 -0.001508 -0.000861 155 3.935732 2.124294


0.002522 -0.001630 -0.000835 151 4.030913 2.336724 
0.002541 -0.001627 -0.000843 98 4.023675 2.275093 
0.002596 -0.001586 -0.000847 179 3.994359 2.245158 
0.002579 -0.001585 -0.000837 81 3.999616 2.322662 
0.002522 -0.001630 -0.000835 151 4.030913 2.336724


0.002559 -0.001607 -0.000840 156 4.012123 2.295950


0.003137 -0.000868 -0.000838 227 3.604223 2.314940 
0.003114 -0.000897 -0.000830 249 3.619750 2.369975 
0.003115 -0.000902 -0.000834 171 3.621602 2.342500 
0.003132 -0.000892 -0.000843 61 3.614324 2.275700 
0.003137 -0.000868 -0.000838 227 3.604223 2.314940


0.003124 -0.000890 -0.000836 157 3.614967 2.325973


0.003144 -0.000840 -0.000831 83 3.592068 2.360331 
0.003137 -0.000868 -0.000838 227 3.604223 2.314940 
0.003158 -0.000860 -0.000850 271 3.597094 2.218066 
0.003162 -0.000829 -0.000842 270 3.584139 2.277904 
0.003144 -0.000840 -0.000831 83 3.592068 2.360331


0.003150 -0.000849 -0.000841 158 3.594381 2.293048


0.003115 -0.000902 -0.000834 171 3.621602 2.342500 
0.003114 -0.000897 -0.000830 249 3.619750 2.369975 
0.003091 -0.000929 -0.000824 214 3.636715 2.409130 
0.003099 -0.000923 -0.000829 99 3.632745 2.374319 
0.003115 -0.000902 -0.000834 171 3.621602 2.342500


0.003105 -0.000913 -0.000829 159 3.627695 2.374188


0.003144 -0.000823 -0.000824 184 3.585209 2.411352 
0.003115 -0.000867 -0.000816 250 3.608100 2.466001 
0.003112 -0.000887 -0.000823 201 3.616607 2.414116 
0.003144 -0.000840 -0.000831 83 3.592068 2.360331 
0.003144 -0.000823 -0.000824 184 3.585209 2.411352


0.003129 -0.000854 -0.000824 160 3.600483 2.413546


0.003079 -0.000921 -0.000807 200 3.635961 2.519955 
0.003115 -0.000867 -0.000816 250 3.608100 2.466001 
0.003119 -0.000842 -0.000806 130 3.597392 2.522584 
0.003088 -0.000888 -0.000796 92 3.621336 2.587600 
0.003079 -0.000921 -0.000807 200 3.635961 2.519955


0.003100 -0.000879 -0.000806 161 3.615688 2.524724


0.003112 -0.000887 -0.000823 201 3.616607 2.414116 
0.003115 -0.000867 -0.000816 250 3.608100 2.466001 
0.003079 -0.000921 -0.000807 200 3.635961 2.519955 
0.003075 -0.000942 -0.000816 195 3.645056 2.464075 
0.003112 -0.000887 -0.000823 201 3.616607 2.414116


0.003095 -0.000904 -0.000815 162 3.626417 2.466816


0.002643 -0.001660 -0.000887 108 3.999607 1.761813 
0.002613 -0.001652 -0.000880 160 4.007055 1.893195 
0.002543 -0.001717 -0.000882 276 4.046902 1.865796 
0.002565 -0.001728 -0.000887 120 4.042564 1.746290 
0.002643 -0.001660 -0.000887 108 3.999607 1.761813


0.002591 -0.001689 -0.000884 163 4.024035 1.819325


0.002797 -0.001422 -0.000862 237 3.883402 2.106818 
0.002861 -0.001392 -0.000876 198 3.856023 1.948492 
0.002914 -0.001330 -0.000877 85 3.821654 1.944780 
0.002853 -0.001361 -0.000864 173 3.848337 2.093101 
0.002797 -0.001422 -0.000862 237 3.883402 2.106818


0.002856 -0.001376 -0.000870 164 3.852269 2.025872


0.002771 -0.001434 -0.000856 185 3.894722 2.167829 
0.002797 -0.001422 -0.000862 237 3.883402 2.106818 
0.002853 -0.001361 -0.000864 173 3.848337 2.093101 
0.002819 -0.001382 -0.000856 206 3.864554 2.168095 
0.002771 -0.001434 -0.000856 185 3.894722 2.167829


0.002810 -0.001400 -0.000859 165 3.872733 2.135521


0.002330 -0.001725 -0.000785 12 4.122768 2.650612 
0.002398 -0.001689 -0.000799 283 4.089274 2.566183 
0.002415 -0.001669 -0.000789 142 4.078069 2.624371 
0.002326 -0.001718 -0.000767 13 4.122524 2.748544 
0.002330 -0.001725 -0.000785 12 4.122768 2.650612


0.002367 -0.001700 -0.000785 166 4.103121 2.648473


0.002381 -0.001709 -0.000809 202 4.100454 2.508122 
0.002398 -0.001689 -0.000799 283 4.089274 2.566183 
0.002330 -0.001725 -0.000785 12 4.122768 2.650612 
0.002335 -0.001734 -0.000802 11 4.123059 2.552834 
0.002381 -0.001709 -0.000809 202 4.100454 2.508122


0.002361 -0.001714 -0.000799 167 4.108872 2.570081


0.003040 -0.000958 -0.000780 126 3.658522 2.676960 
0.003035 -0.000988 -0.000798 203 3.671123 2.574477 
0.003079 -0.000921 -0.000807 200 3.635961 2.519955 
0.003088 -0.000888 -0.000796 92 3.621336 2.587600 
0.003040 -0.000958 -0.000780 126 3.658522 2.676960


0.003061 -0.000938 -0.000795 168 3.646719 2.590851


0.002422 -0.001691 -0.000821 110 4.081513 2.428523 
0.002381 -0.001709 -0.000809 202 4.100454 2.508122 
0.002365 -0.001726 -0.000816 229 4.110470 2.465105 
0.002381 -0.001726 -0.000826 136 4.104615 2.394046 
0.002422 -0.001691 -0.000821 110 4.081513 2.428523


0.002387 -0.001713 -0.000818 169 4.099259 2.449379


0.002891 -0.001151 -0.000690 22 3.766051 3.141593 
0.002793 -0.001277 -0.000690 21 3.837255 3.141593 
0.002790 -0.001283 -0.000711 186 3.839930 3.040927 
0.002887 -0.001159 -0.000713 252 3.770154 3.028797 
0.002891 -0.001151 -0.000690 22 3.766051 3.141593


0.002841 -0.001218 -0.000701 170 3.803347 3.088599


0.002843 -0.001300 -0.000826 182 3.830769 2.396962 
0.002891 -0.001246 -0.000830 64 3.799649 2.369634 
0.002908 -0.001204 -0.000817 152 3.780501 2.455865 
0.002859 -0.001259 -0.000810 79 3.812747 2.498624 
0.002843 -0.001300 -0.000826 182 3.830769 2.396962


0.002875 -0.001252 -0.000821 171 3.805926 2.431533


0.002908 -0.001204 -0.000817 152 3.780501 2.455865 
0.002891 -0.001246 -0.000830 64 3.799649 2.369634 
0.002930 -0.001200 -0.000833 193 3.773487 2.344882 
0.002943 -0.001165 -0.000823 251 3.757920 2.415797 
0.002908 -0.001204 -0.000817 152 3.780501 2.455865


0.002918 -0.001204 -0.000826 172 3.777898 2.397419


0.003111 -0.001090 -0.000884 75 3.692047 1.828188 
0.003093 -0.001117 -0.000884 236 3.705470 1.831272 
0.003109 -0.001144 -0.000889 46 3.711060 1.688156 
0.003126 -0.001126 -0.000890 45 3.701199 1.664125 
0.003111 -0.001090 -0.000884 75 3.692047 1.828188


0.003110 -0.001119 -0.000887 173 3.702464 1.753225


0.002979 -0.001041 -0.000757 139 3.703894 2.801820 
0.002888 -0.001177 -0.000760 86 3.776466 2.785388 
0.002892 -0.001193 -0.000788 188 3.780970 2.634374 
0.002975 -0.001065 -0.000779 254 3.713793 2.682539 
0.002979 -0.001041 -0.000757 139 3.703894 2.801820


0.002934 -0.001119 -0.000771 174 3.743811 2.728854


0.002704 -0.001482 -0.000845 161 3.929576 2.260538 
0.002651 -0.001535 -0.000846 65 3.961974 2.252029 
0.002674 -0.001535 -0.000857 102 3.954675 2.152968 
0.002721 -0.001487 -0.000856 84 3.925967 2.163288 
0.002704 -0.001482 -0.000845 161 3.929576 2.260538


0.002687 -0.001510 -0.000851 175 3.943044 2.208339


0.002633 -0.001535 -0.000835 156 3.967756 2.332415 
0.002651 -0.001535 -0.000846 65 3.961974 2.252029 
0.002704 -0.001482 -0.000845 161 3.929576 2.260538 
0.002688 -0.001478 -0.000832 78 3.933239 2.357634 
0.002633 -0.001535 -0.000835 156 3.967756 2.332415


0.002669 -0.001507 -0.000839 176 3.948139 2.301885


0.002612 -0.001589 -0.000856 191 3.989929 2.167055 
0.002555 -0.001636 -0.000855 138 4.021681 2.172946 
0.002583 -0.001644 -0.000869 91 4.014288 2.033379 
0.002646 -0.001586 -0.000868 107 3.978273 2.044928 
0.002612 -0.001589 -0.000856 191 3.989929 2.167055


0.002599 -0.001614 -0.000862 177 4.001022 2.106151


0.002422 -0.001691 -0.000821 110 4.081513 2.428523 
0.002447 -0.001665 -0.000814 68 4.065740 2.475935 
0.002398 -0.001689 -0.000799 283 4.089274 2.566183 
0.002381 -0.001709 -0.000809 202 4.100454 2.508122 
0.002422 -0.001691 -0.000821 110 4.081513 2.428523


0.002412 -0.001688 -0.000811 178 4.084231 2.495238


0.002696 -0.001532 -0.000865 248 3.946926 2.080009 
0.002746 -0.001523 -0.000878 218 3.929117 1.919193 
0.002806 -0.001458 -0.000877 247 3.891933 1.932763 
0.002747 -0.001477 -0.000863 155 3.915379 2.095949 
0.002696 -0.001532 -0.000865 248 3.946926 2.080009


0.002749 -0.001497 -0.000872 179 3.920785 2.009148


0.002613 -0.001652 -0.000880 160 4.007055 1.893195 
0.002681 -0.001588 -0.000879 267 3.967954 1.908223 
0.002646 -0.001586 -0.000868 107 3.978273 2.044928 
0.002583 -0.001644 -0.000869 91 4.014288 2.033379 
0.002613 -0.001652 -0.000880 160 4.007055 1.893195


0.002631 -0.001618 -0.000875 180 3.991879 1.971971


0.002853 -0.001361 -0.000864 173 3.848337 2.093101 
0.002907 -0.001299 -0.000865 66 3.813292 2.083706 
0.002866 -0.001329 -0.000857 153 3.834147 2.159246 
0.002819 -0.001382 -0.000856 206 3.864554 2.168095 
0.002853 -0.001361 -0.000864 173 3.848337 2.093101


0.002861 -0.001343 -0.000860 181 3.840052 2.127805


0.003057 -0.001046 -0.000851 205 3.687685 2.210726 
0.003073 -0.001017 -0.000850 89 3.673748 2.220614 
0.003065 -0.000998 -0.000836 134 3.668271 2.329984 
0.003051 -0.001024 -0.000837 95 3.681143 2.319334 
0.003057 -0.001046 -0.000851 205 3.687685 2.210726


0.003061 -0.001021 -0.000843 182 3.677725 2.270404


0.003025 -0.001059 -0.000833 215 3.699778 2.349001 
0.003027 -0.001046 -0.000828 112 3.694833 2.385142 
0.003021 -0.001050 -0.000825 154 3.697583 2.401877 
0.003013 -0.001074 -0.000831 60 3.707932 2.360899 
0.003025 -0.001059 -0.000833 215 3.699778 2.349001


0.003022 -0.001057 -0.000829 183 3.700035 2.374325


0.003010 -0.001095 -0.000840 207 3.716342 2.299534 
0.003013 -0.001074 -0.000831 60 3.707932 2.360899 
0.002998 -0.001090 -0.000827 208 3.717456 2.391184 
0.002993 -0.001113 -0.000835 114 3.726992 2.331847 
0.003010 -0.001095 -0.000840 207 3.716342 2.299534


0.003004 -0.001093 -0.000833 184 3.717184 2.346055


0.003153 -0.000887 -0.000856 170 3.608374 2.169315 
0.003135 -0.000921 -0.000855 253 3.624859 2.172113 
0.003181 -0.000902 -0.000873 175 3.608945 1.988850 
0.003178 -0.000879 -0.000867 278 3.600670 2.056831 
0.003153 -0.000887 -0.000856 170 3.608374 2.169315


0.003162 -0.000897 -0.000863 185 3.610685 2.097192


0.003135 -0.000921 -0.000855 253 3.624859 2.172113 
0.003119 -0.000920 -0.000844 285 3.627644 2.264992 
0.003104 -0.000952 -0.000846 72 3.642588 2.250914 
0.003116 -0.000961 -0.000857 119 3.643713 2.160101 
0.003135 -0.000921 -0.000855 253 3.624859 2.172113


0.003119 -0.000938 -0.000851 186 3.634704 2.212369


0.003181 -0.000902 -0.000873 175 3.608945 1.988850 
0.003135 -0.000921 -0.000855 253 3.624859 2.172113 
0.003116 -0.000961 -0.000857 119 3.643713 2.160101 
0.003134 -0.000966 -0.000868 104 3.642007 2.050777 
0.003181 -0.000902 -0.000873 175 3.608945 1.988850


0.003141 -0.000938 -0.000864 187 3.629840 2.094004


0.003007 -0.001254 -0.000885 239 3.773014 1.801131 
0.002952 -0.001277 -0.000875 125 3.794305 1.960336 
0.002914 -0.001330 -0.000877 85 3.821654 1.944780 
0.002960 -0.001310 -0.000884 121 3.803052 1.819833 
0.003007 -0.001254 -0.000885 239 3.773014 1.801131


0.002958 -0.001293 -0.000881 188 3.797948 1.883264


0.002985 -0.001100 -0.000821 256 3.724359 2.427268 
0.002964 -0.001119 -0.000813 281 3.736481 2.484884 
0.002943 -0.001165 -0.000823 251 3.757920 2.415797 
0.002973 -0.001135 -0.000831 197 3.739658 2.363227 
0.002985 -0.001100 -0.000821 256 3.724359 2.427268


0.002966 -0.001130 -0.000822 189 3.739610 2.423340


0.002963 -0.001187 -0.000850 217 3.760768 2.217622 
0.002944 -0.001226 -0.000855 124 3.778791 2.172221 
0.002986 -0.001191 -0.000864 146 3.756611 2.091022 
0.002989 -0.001163 -0.000855 111 3.745595 2.171299 
0.002963 -0.001187 -0.000850 217 3.760768 2.217622


0.002970 -0.001192 -0.000856 190 3.760435 2.163743


0.003044 -0.001141 -0.000874 209 3.725032 1.978819 
0.003018 -0.001169 -0.000871 149 3.741208 2.014433 
0.003034 -0.001195 -0.000882 141 3.746306 1.863384 
0.003057 -0.001168 -0.000883 255 3.731363 1.844984 
0.003044 -0.001141 -0.000874 209 3.725032 1.978819


0.003038 -0.001168 -0.000878 191 3.735985 1.925785


0.003057 -0.001046 -0.000851 205 3.687685 2.210726 
0.003044 -0.001071 -0.000852 103 3.699907 2.202007 
0.003051 -0.001090 -0.000863 210 3.705344 2.100725 
0.003066 -0.001066 -0.000863 67 3.693071 2.101417 
0.003057 -0.001046 -0.000851 205 3.687685 2.210726


0.003055 -0.001068 -0.000857 192 3.696513 2.153938


0.003079 -0.001087 -0.000874 140 3.697986 1.980013 
0.003066 -0.001066 -0.000863 67 3.693071 2.101417 
0.003051 -0.001090 -0.000863 210 3.705344 2.100725 
0.003063 -0.001113 -0.000874 106 3.710702 1.978281 
0.003079 -0.001087 -0.000874 140 3.697986 1.980013


0.003065 -0.001089 -0.000869 193 3.701788 2.040349


0.002998 -0.001090 -0.000827 208 3.717456 2.391184 
0.002985 -0.001100 -0.000821 256 3.724359 2.427268 
0.002973 -0.001135 -0.000831 197 3.739658 2.363227 
0.002993 -0.001113 -0.000835 114 3.726992 2.331847 
0.002998 -0.001090 -0.000827 208 3.717456 2.391184


0.002987 -0.001109 -0.000829 194 3.727123 2.378638


0.003039 -0.001052 -0.000841 211 3.694272 2.292580 
0.003044 -0.001071 -0.000852 103 3.699907 2.202007 
0.003057 -0.001046 -0.000851 205 3.687685 2.210726 
0.003051 -0.001024 -0.000837 95 3.681143 2.319334 
0.003039 -0.001052 -0.000841 211 3.694272 2.292580


0.003048 -0.001048 -0.000845 195 3.690765 2.256382


0.003073 -0.001017 -0.000850 89 3.673748 2.220614 
0.003082 -0.001035 -0.000862 145 3.678341 2.114196 
0.003097 -0.001011 -0.000862 245 3.666249 2.113367 
0.003087 -0.000984 -0.000846 133 3.658560 2.248747 
0.003073 -0.001017 -0.000850 89 3.673748 2.220614


0.003085 -0.001012 -0.000855 196 3.669241 2.174500


0.003119 -0.000920 -0.000844 285 3.627644 2.264992 
0.003107 -0.000923 -0.000836 147 3.631267 2.329149 
0.003097 -0.000945 -0.000838 144 3.641469 2.314778 
0.003104 -0.000952 -0.000846 72 3.642588 2.250914 
0.003119 -0.000920 -0.000844 285 3.627644 2.264992


0.003107 -0.000935 -0.000841 197 3.635744 2.290139


0.003100 -0.000927 -0.000832 213 3.634290 2.355337 
0.003107 -0.000923 -0.000836 147 3.631267 2.329149 
0.003115 -0.000902 -0.000834 171 3.621602 2.342500 
0.003099 -0.000923 -0.000829 99 3.632745 2.374319 
0.003100 -0.000927 -0.000832 213 3.634290 2.355337


0.003105 -0.000919 -0.000833 198 3.629974 2.350427


0.003081 -0.000971 -0.000836 260 3.654843 2.327968 
0.003097 -0.000945 -0.000838 144 3.641469 2.314778 
0.003092 -0.000940 -0.000831 269 3.640823 2.360198 
0.003075 -0.000965 -0.000828 275 3.653600 2.380697 
0.003081 -0.000971 -0.000836 260 3.654843 2.327968


0.003086 -0.000955 -0.000833 199 3.647681 2.346087


0.003075 -0.000942 -0.000816 195 3.645056 2.464075 
0.003091 -0.000929 -0.000824 214 3.636715 2.409130 
0.003114 -0.000897 -0.000830 249 3.619750 2.369975 
0.003112 -0.000887 -0.000823 201 3.616607 2.414116 
0.003075 -0.000942 -0.000816 195 3.645056 2.464075


0.003098 -0.000914 -0.000823 200 3.629515 2.414853


0.003043 -0.001006 -0.000820 118 3.676442 2.437000 
0.003057 -0.000986 -0.000822 273 3.665737 2.420478 
0.003054 -0.000987 -0.000820 274 3.666718 2.437904 
0.003044 -0.001002 -0.000818 258 3.674424 2.447644 
0.003043 -0.001006 -0.000820 118 3.676442 2.437000


0.003049 -0.000995 -0.000820 201 3.670829 2.435838


0.003084 -0.000945 -0.000827 190 3.644352 2.391961 
0.003073 -0.000957 -0.000822 115 3.650991 2.422477 
0.003061 -0.000976 -0.000821 137 3.661104 2.429685 
0.003070 -0.000968 -0.000825 123 3.655938 2.406680 
0.003084 -0.000945 -0.000827 190 3.644352 2.391961


0.003072 -0.000961 -0.000824 202 3.653092 2.412847


0.002984 -0.001067 -0.000794 280 3.712453 2.594597 
0.002992 -0.001067 -0.000805 282 3.710474 2.530347 
0.003034 -0.001003 -0.000808 132 3.677170 2.512999 
0.003035 -0.000988 -0.000798 203 3.671123 2.574477 
0.002984 -0.001067 -0.000794 280 3.712453 2.594597


0.003011 -0.001031 -0.000801 203 3.692798 2.554222


0.003044 -0.001002 -0.000818 258 3.674424 2.447644 
0.003031 -0.001027 -0.000821 265 3.686533 2.432720 
0.003034 -0.001029 -0.000825 116 3.687034 2.404035 
0.003043 -0.001006 -0.000820 118 3.676442 2.437000 
0.003044 -0.001002 -0.000818 258 3.674424 2.447644


0.003038 -0.001016 -0.000821 204 3.681112 2.430473


0.003065 -0.000998 -0.000836 134 3.668271 2.329984 
0.003060 -0.000985 -0.000825 259 3.664803 2.406944 
0.003046 -0.001012 -0.000827 176 3.677938 2.393007 
0.003051 -0.001024 -0.000837 95 3.681143 2.319334 
0.003065 -0.000998 -0.000836 134 3.668271 2.329984


0.003055 -0.001005 -0.000831 205 3.673045 2.362500


0.003075 -0.000965 -0.000828 275 3.653600 2.380697 
0.003060 -0.000985 -0.000825 259 3.664803 2.406944 
0.003065 -0.000998 -0.000836 134 3.668271 2.329984 
0.003081 -0.000971 -0.000836 260 3.654843 2.327968 
0.003075 -0.000965 -0.000828 275 3.653600 2.380697


0.003070 -0.000980 -0.000831 206 3.660379 2.361558


0.003087 -0.000984 -0.000846 133 3.658560 2.248747 
0.003081 -0.000971 -0.000836 260 3.654843 2.327968 
0.003065 -0.000998 -0.000836 134 3.668271 2.329984 
0.003073 -0.001017 -0.000850 89 3.673748 2.220614 
0.003087 -0.000984 -0.000846 133 3.658560 2.248747


0.003076 -0.000992 -0.000842 207 3.663866 2.282080


0.003097 -0.000945 -0.000838 144 3.641469 2.314778 
0.003081 -0.000971 -0.000836 260 3.654843 2.327968 
0.003087 -0.000984 -0.000846 133 3.658560 2.248747 
0.003104 -0.000952 -0.000846 72 3.642588 2.250914 
0.003097 -0.000945 -0.000838 144 3.641469 2.314778


0.003092 -0.000963 -0.000841 208 3.649367 2.285845


0.003061 -0.000976 -0.000821 137 3.661104 2.429685 
0.003054 -0.000987 -0.000820 274 3.666718 2.437904 
0.003057 -0.000986 -0.000822 273 3.665737 2.420478 
0.003070 -0.000968 -0.000825 123 3.655938 2.406680 
0.003061 -0.000976 -0.000821 137 3.661104 2.429685


0.003060 -0.000979 -0.000822 209 3.662372 2.423756


0.002643 -0.001660 -0.000887 108 3.999607 1.761813 
0.002565 -0.001728 -0.000887 120 4.042564 1.746290 
0.002601 -0.001745 -0.000890 57 4.035443 1.570796 
0.002687 -0.001672 -0.000890 56 3.989401 1.570796 
0.002643 -0.001660 -0.000887 108 3.999607 1.761813


0.002624 -0.001701 -0.000890 210 4.016728 1.665551


0.002521 -0.001701 -0.000872 264 4.050049 2.003606 
0.002583 -0.001644 -0.000869 91 4.014288 2.033379 
0.002555 -0.001636 -0.000855 138 4.021681 2.172946 
0.002500 -0.001687 -0.000859 59 4.053212 2.141470 
0.002521 -0.001701 -0.000872 264 4.050049 2.003606


0.002540 -0.001667 -0.000864 211 4.034813 2.089341


0.002543 -0.001717 -0.000882 276 4.046902 1.865796 
0.002613 -0.001652 -0.000880 160 4.007055 1.893195 
0.002583 -0.001644 -0.000869 91 4.014288 2.033379 
0.002521 -0.001701 -0.000872 264 4.050049 2.003606 
0.002543 -0.001717 -0.000882 276 4.046902 1.865796


0.002565 -0.001678 -0.000876 212 4.029581 1.951013


0.002487 -0.001796 -0.000888 88 4.085403 1.714137 
0.002470 -0.001782 -0.000884 131 4.087474 1.823775 
0.002399 -0.001844 -0.000887 3 4.126531 1.767802 
0.002409 -0.001861 -0.000889 2 4.127031 1.669363 
0.002487 -0.001796 -0.000888 88 4.085403 1.714137


0.002441 -0.001821 -0.000887 213 4.106649 1.746193


0.002496 -0.001639 -0.000825 74 4.041814 2.404732 
0.002448 -0.001684 -0.000832 73 4.070580 2.356056 
0.002467 -0.001682 -0.000841 244 4.063295 2.288204 
0.002522 -0.001630 -0.000835 151 4.030913 2.336724 
0.002496 -0.001639 -0.000825 74 4.041814 2.404732


0.002483 -0.001659 -0.000833 214 4.051664 2.347481


0.002456 -0.001611 -0.000735 196 4.048006 2.918132 
0.002458 -0.001614 -0.000751 263 4.048276 2.835581 
0.002601 -0.001500 -0.000765 165 3.967724 2.759239 
0.002584 -0.001503 -0.000738 109 3.973825 2.903940 
0.002456 -0.001611 -0.000735 196 4.048006 2.918132


0.002526 -0.001558 -0.000747 215 4.009430 2.856630


0.002674 -0.001478 -0.000821 164 3.937678 2.427852 
0.002636 -0.001488 -0.000795 192 3.952675 2.593180 
0.002559 -0.001561 -0.000800 194 3.999070 2.564129 
0.002614 -0.001535 -0.000822 63 3.973655 2.422000 
0.002674 -0.001478 -0.000821 164 3.937678 2.427852


0.002621 -0.001516 -0.000810 216 3.965738 2.503608


0.002636 -0.001488 -0.000795 192 3.952675 2.593180 
0.002702 -0.001421 -0.000794 232 3.911498 2.600071 
0.002688 -0.001418 -0.000770 87 3.914603 2.733297 
0.002601 -0.001500 -0.000765 165 3.967724 2.759239 
0.002636 -0.001488 -0.000795 192 3.952675 2.593180


0.002657 -0.001457 -0.000781 217 3.936607 2.672949


0.002790 -0.001302 -0.000763 279 3.846529 2.768363 
0.002785 -0.001295 -0.000738 240 3.845636 2.901014 
0.002670 -0.001420 -0.000735 187 3.921099 2.918396 
0.002688 -0.001418 -0.000770 87 3.914603 2.733297 
0.002790 -0.001302 -0.000763 279 3.846529 2.768363


0.002734 -0.001359 -0.000751 218 3.881970 2.832501


0.003099 -0.000923 -0.000829 99 3.632745 2.374319 
0.003084 -0.000945 -0.000827 190 3.644352 2.391961 
0.003092 -0.000940 -0.000831 269 3.640823 2.360198 
0.003100 -0.000927 -0.000832 213 3.634290 2.355337 
0.003099 -0.000923 -0.000829 99 3.632745 2.374319


0.003094 -0.000934 -0.000830 219 3.638050 2.370544


0.003112 -0.000887 -0.000823 201 3.616607 2.414116 
0.003114 -0.000897 -0.000830 249 3.619750 2.369975 
0.003137 -0.000868 -0.000838 227 3.604223 2.314940 
0.003144 -0.000840 -0.000831 83 3.592068 2.360331 
0.003112 -0.000887 -0.000823 201 3.616607 2.414116


0.003127 -0.000873 -0.000831 220 3.608151 2.365326


0.002448 -0.001684 -0.000832 73 4.070580 2.356056 
0.002422 -0.001691 -0.000821 110 4.081513 2.428523 
0.002381 -0.001726 -0.000826 136 4.104615 2.394046 
0.002399 -0.001728 -0.000838 212 4.098673 2.311320 
0.002448 -0.001684 -0.000832 73 4.070580 2.356056


0.002412 -0.001707 -0.000829 221 4.088851 2.373223


0.003035 -0.001114 -0.000863 268 3.717612 2.105055 
0.003017 -0.001138 -0.000861 168 3.730141 2.116154 
0.003018 -0.001169 -0.000871 149 3.741208 2.014433 
0.003044 -0.001141 -0.000874 209 3.725032 1.978819 
0.003035 -0.001114 -0.000863 268 3.717612 2.105055


0.003028 -0.001141 -0.000868 222 3.728511 2.054004


0.002888 -0.001177 -0.000760 86 3.776466 2.785388 
0.002883 -0.001170 -0.000736 189 3.775109 2.911484 
0.002785 -0.001295 -0.000738 240 3.845636 2.901014 
0.002790 -0.001302 -0.000763 279 3.846529 2.768363 
0.002888 -0.001177 -0.000760 86 3.776466 2.785388


0.002837 -0.001237 -0.000749 223 3.810942 2.843616


0.003029 -0.001023 -0.000816 183 3.685552 2.461183 
0.003031 -0.001027 -0.000821 265 3.686533 2.432720 
0.003044 -0.001002 -0.000818 258 3.674424 2.447644 
0.003049 -0.000993 -0.000818 261 3.670105 2.449889 
0.003029 -0.001023 -0.000816 183 3.685552 2.461183


0.003038 -0.001011 -0.000818 224 3.679154 2.448042


0.003021 -0.001050 -0.000825 154 3.697583 2.401877 
0.003014 -0.001055 -0.000821 80 3.700913 2.427642 
0.002998 -0.001090 -0.000827 208 3.717456 2.391184 
0.003013 -0.001074 -0.000831 60 3.707932 2.360899 
0.003021 -0.001050 -0.000825 154 3.697583 2.401877


0.003012 -0.001067 -0.000826 225 3.705976 2.395627


0.003057 -0.000986 -0.000822 273 3.665737 2.420478 
0.003060 -0.000985 -0.000825 259 3.664803 2.406944 
0.003075 -0.000965 -0.000828 275 3.653600 2.380697 
0.003070 -0.000968 -0.000825 123 3.655938 2.406680 
0.003057 -0.000986 -0.000822 273 3.665737 2.420478


0.003065 -0.000976 -0.000825 226 3.660016 2.403810


0.003046 -0.001012 -0.000827 176 3.677938 2.393007 
0.003036 -0.001038 -0.000831 266 3.689852 2.359849 
0.003039 -0.001052 -0.000841 211 3.694272 2.292580 
0.003051 -0.001024 -0.000837 95 3.681143 2.319334 
0.003046 -0.001012 -0.000827 176 3.677938 2.393007


0.003043 -0.001032 -0.000834 227 3.685811 2.341370


0.003025 -0.001059 -0.000833 215 3.699778 2.349001 
0.003036 -0.001038 -0.000831 266 3.689852 2.359849 
0.003034 -0.001029 -0.000825 116 3.687034 2.404035 
0.003027 -0.001046 -0.000828 112 3.694833 2.385142 
0.003025 -0.001059 -0.000833 215 3.699778 2.349001


0.003030 -0.001043 -0.000829 228 3.692878 2.374601


0.002696 -0.001532 -0.000865 248 3.946926 2.080009 
0.002646 -0.001586 -0.000868 107 3.978273 2.044928 
0.002681 -0.001588 -0.000879 267 3.967954 1.908223 
0.002746 -0.001523 -0.000878 218 3.929117 1.919193 
0.002696 -0.001532 -0.000865 248 3.946926 2.080009


0.002692 -0.001557 -0.000873 229 3.955542 1.990043


0.002976 -0.001034 -0.000735 71 3.701911 2.917316 
0.003059 -0.000888 -0.000733 101 3.627620 2.925007 
0.003058 -0.000883 -0.000712 199 3.625539 3.035773 
0.002977 -0.001024 -0.000713 90 3.698015 3.029662 
0.002976 -0.001034 -0.000735 71 3.701911 2.917316


0.003019 -0.000958 -0.000723 230 3.663274 2.978177


0.003051 -0.001090 -0.000863 210 3.705344 2.100725 
0.003035 -0.001114 -0.000863 268 3.717612 2.105055 
0.003044 -0.001141 -0.000874 209 3.725032 1.978819 
0.003063 -0.001113 -0.000874 106 3.710702 1.978281 
0.003051 -0.001090 -0.000863 210 3.705344 2.100725


0.003048 -0.001115 -0.000869 231 3.714687 2.041008


0.003029 -0.001094 -0.000852 219 3.711968 2.202765 
0.003035 -0.001114 -0.000863 268 3.717612 2.105055 
0.003051 -0.001090 -0.000863 210 3.705344 2.100725 
0.003044 -0.001071 -0.000852 103 3.699907 2.202007 
0.003029 -0.001094 -0.000852 219 3.711968 2.202765


0.003040 -0.001092 -0.000858 232 3.708717 2.152857


0.003017 -0.001138 -0.000861 168 3.730141 2.116154 
0.003035 -0.001114 -0.000863 268 3.717612 2.105055 
0.003029 -0.001094 -0.000852 219 3.711968 2.202765 
0.003011 -0.001117 -0.000850 113 3.724158 2.218516 
0.003017 -0.001138 -0.000861 168 3.730141 2.116154


0.003023 -0.001116 -0.000857 233 3.720977 2.160849


0.003039 -0.001052 -0.000841 211 3.694272 2.292580 
0.003025 -0.001075 -0.000841 257 3.705854 2.286236 
0.003029 -0.001094 -0.000852 219 3.711968 2.202765 
0.003044 -0.001071 -0.000852 103 3.699907 2.202007 
0.003039 -0.001052 -0.000841 211 3.694272 2.292580


0.003034 -0.001073 -0.000847 234 3.703009 2.246095


0.003025 -0.001075 -0.000841 257 3.705854 2.286236 
0.003010 -0.001095 -0.000840 207 3.716342 2.299534 
0.003011 -0.001117 -0.000850 113 3.724158 2.218516 
0.003029 -0.001094 -0.000852 219 3.711968 2.202765 
0.003025 -0.001075 -0.000841 257 3.705854 2.286236


0.003019 -0.001095 -0.000846 235 3.714587 2.251964


0.003134 -0.000966 -0.000868 104 3.642007 2.050777 
0.003110 -0.001033 -0.000874 159 3.671594 1.983587 
0.003129 -0.001061 -0.000884 62 3.677612 1.825256 
0.003154 -0.000971 -0.000877 158 3.639766 1.942847 
0.003134 -0.000966 -0.000868 104 3.642007 2.050777


0.003132 -0.001008 -0.000876 236 3.657813 1.952259


0.002988 -0.001140 -0.000845 220 3.737952 2.255020 
0.002966 -0.001162 -0.000840 105 3.751262 2.295423 
0.002963 -0.001187 -0.000850 217 3.760768 2.217622 
0.002989 -0.001163 -0.000855 111 3.745595 2.171299 
0.002988 -0.001140 -0.000845 220 3.737952 2.255020


0.002977 -0.001163 -0.000848 237 3.748895 2.235160


0.002973 -0.001135 -0.000831 197 3.739658 2.363227 
0.002966 -0.001162 -0.000840 105 3.751262 2.295423 
0.002988 -0.001140 -0.000845 220 3.737952 2.255020 
0.002993 -0.001113 -0.000835 114 3.726992 2.331847 
0.002973 -0.001135 -0.000831 197 3.739658 2.363227


0.002980 -0.001137 -0.000838 238 3.738971 2.311697


0.003011 -0.001117 -0.000850 113 3.724158 2.218516 
0.003010 -0.001095 -0.000840 207 3.716342 2.299534 
0.002993 -0.001113 -0.000835 114 3.726992 2.331847 
0.002988 -0.001140 -0.000845 220 3.737952 2.255020 
0.003011 -0.001117 -0.000850 113 3.724158 2.218516


0.003001 -0.001116 -0.000843 239 3.726366 2.276495


0.002989 -0.001163 -0.000855 111 3.745595 2.171299 
0.002986 -0.001191 -0.000864 146 3.756611 2.091022 
0.003018 -0.001169 -0.000871 149 3.741208 2.014433 
0.003017 -0.001138 -0.000861 168 3.730141 2.116154 
0.002989 -0.001163 -0.000855 111 3.745595 2.171299


0.003002 -0.001165 -0.000863 240 3.743388 2.098692


0.003011 -0.001117 -0.000850 113 3.724158 2.218516 
0.002988 -0.001140 -0.000845 220 3.737952 2.255020 
0.002989 -0.001163 -0.000855 111 3.745595 2.171299 
0.003017 -0.001138 -0.000861 168 3.730141 2.116154 
0.003011 -0.001117 -0.000850 113 3.724158 2.218516


0.003001 -0.001139 -0.000853 241 3.734461 2.190562


0.003075 -0.000965 -0.000828 275 3.653600 2.380697 
0.003092 -0.000940 -0.000831 269 3.640823 2.360198 
0.003084 -0.000945 -0.000827 190 3.644352 2.391961 
0.003070 -0.000968 -0.000825 123 3.655938 2.406680 
0.003075 -0.000965 -0.000828 275 3.653600 2.380697


0.003080 -0.000954 -0.000828 242 3.648674 2.385040


0.002952 -0.001277 -0.000875 125 3.794305 1.960336 
0.003007 -0.001254 -0.000885 239 3.773014 1.801131 
0.003034 -0.001195 -0.000882 141 3.746306 1.863384 
0.002981 -0.001221 -0.000871 231 3.767908 2.017656 
0.002952 -0.001277 -0.000875 125 3.794305 1.960336


0.002993 -0.001237 -0.000879 243 3.770348 1.912271


0.003099 -0.000923 -0.000829 99 3.632745 2.374319 
0.003091 -0.000929 -0.000824 214 3.636715 2.409130 
0.003073 -0.000957 -0.000822 115 3.650991 2.422477 
0.003084 -0.000945 -0.000827 190 3.644352 2.391961 
0.003099 -0.000923 -0.000829 99 3.632745 2.374319


0.003087 -0.000938 -0.000826 244 3.641195 2.399664


0.003158 -0.000860 -0.000850 271 3.597094 2.218066 
0.003137 -0.000868 -0.000838 227 3.604223 2.314940 
0.003132 -0.000892 -0.000843 61 3.614324 2.275700 
0.003153 -0.000887 -0.000856 170 3.608374 2.169315 
0.003158 -0.000860 -0.000850 271 3.597094 2.218066


0.003145 -0.000877 -0.000847 245 3.606001 2.244687


0.003217 -0.000794 -0.000867 272 3.560932 2.062356 
0.003221 -0.000818 -0.000873 223 3.569417 1.986819 
0.003271 -0.000768 -0.000883 38 3.541625 1.852630 
0.003252 -0.000767 -0.000876 37 3.544357 1.948613 
0.003217 -0.000794 -0.000867 272 3.560932 2.062356


0.003240 -0.000787 -0.000875 246 3.554033 1.963350


0.003046 -0.001012 -0.000827 176 3.677938 2.393007 
0.003060 -0.000985 -0.000825 259 3.664803 2.406944 
0.003057 -0.000986 -0.000822 273 3.665737 2.420478 
0.003043 -0.001006 -0.000820 118 3.676442 2.437000 
0.003046 -0.001012 -0.000827 176 3.677938 2.393007


0.003051 -0.000998 -0.000823 247 3.671230 2.414495


0.003061 -0.000976 -0.000821 137 3.661104 2.429685 
0.003049 -0.000993 -0.000818 261 3.670105 2.449889 
0.003044 -0.001002 -0.000818 258 3.674424 2.447644 
0.003054 -0.000987 -0.000820 274 3.666718 2.437904 
0.003061 -0.000976 -0.000821 137 3.661104 2.429685


0.003052 -0.000990 -0.000819 248 3.668086 2.441368


0.002849 -0.001515 -0.000890 54 3.897316 1.570796 
0.002924 -0.001432 -0.000890 53 3.851274 1.570796 
0.002857 -0.001444 -0.000886 162 3.873344 1.785116 
0.002789 -0.001518 -0.000886 277 3.915026 1.778280 
0.002849 -0.001515 -0.000890 54 3.897316 1.570796


0.002855 -0.001477 -0.000889 249 3.884158 1.679777


0.003075 -0.000942 -0.000816 195 3.645056 2.464075 
0.003034 -0.001003 -0.000808 132 3.677170 2.512999 
0.003031 -0.001016 -0.000813 224 3.682642 2.480939 
0.003057 -0.000976 -0.000817 216 3.661817 2.455912 
0.003075 -0.000942 -0.000816 195 3.645056 2.464075


0.003049 -0.000984 -0.000813 250 3.666660 2.479234


0.002977 -0.001024 -0.000713 90 3.698015 3.029662 
0.003058 -0.000883 -0.000712 199 3.625539 3.035773 
0.003059 -0.000878 -0.000690 24 3.623641 3.141593 
0.002980 -0.001018 -0.000690 23 3.694846 3.141593 
0.002977 -0.001024 -0.000713 90 3.698015 3.029662


0.003020 -0.000951 -0.000701 251 3.660511 3.087549


0.003001 -0.001062 -0.000812 163 3.706858 2.488557 
0.002992 -0.001067 -0.000805 282 3.710474 2.530347 
0.002964 -0.001119 -0.000813 281 3.736481 2.484884 
0.002985 -0.001100 -0.000821 256 3.724359 2.427268 
0.003001 -0.001062 -0.000812 163 3.706858 2.488557


0.002985 -0.001087 -0.000813 252 3.719553 2.483252


0.003001 -0.001062 -0.000812 163 3.706858 2.488557 
0.003031 -0.001016 -0.000813 224 3.682642 2.480939 
0.003034 -0.001003 -0.000808 132 3.677170 2.512999 
0.002992 -0.001067 -0.000805 282 3.710474 2.530347 
0.003001 -0.001062 -0.000812 163 3.706858 2.488557


0.003014 -0.001037 -0.000810 253 3.694281 2.503933


0.003159 -0.000784 -0.000821 235 3.567105 2.431504 
0.003159 -0.000800 -0.000828 166 3.573544 2.385618 
0.003177 -0.000791 -0.000840 246 3.566752 2.297379 
0.003176 -0.000778 -0.000835 284 3.561915 2.336910 
0.003159 -0.000784 -0.000821 235 3.567105 2.431504


0.003167 -0.000788 -0.000831 254 3.567324 2.362920


0.003132 -0.000892 -0.000843 61 3.614324 2.275700 
0.003115 -0.000902 -0.000834 171 3.621602 2.342500 
0.003107 -0.000923 -0.000836 147 3.631267 2.329149 
0.003119 -0.000920 -0.000844 285 3.627644 2.264992 
0.003132 -0.000892 -0.000843 61 3.614324 2.275700


0.003118 -0.000909 -0.000839 255 3.623706 2.303263


