-0.001164 -0.001422 0.000152 147 1.801866 3.056004 
-0.001299 -0.001463 0.000159 32 1.942965 3.043418 
-0.001298 -0.001465 0.000110 33 1.942965 3.141593 
-0.001175 -0.001426 0.000110 34 1.813585 3.141593 
-0.001164 -0.001422 0.000152 147 1.801866 3.056004


-0.001234 -0.001442 0.000132 1 1.875353 3.095863


-0.001025 -0.001400 0.000145 79 1.661463 3.071052 
-0.001013 -0.001393 0.000194 150 1.649102 2.972750 
-0.001157 -0.001413 0.000203 77 1.793736 2.953328 
-0.001164 -0.001422 0.000152 147 1.801866 3.056004 
-0.001025 -0.001400 0.000145 79 1.661463 3.071052


-0.001090 -0.001405 0.000173 2 1.726567 3.013938


-0.000416 -0.001313 0.000510 76 1.125042 2.211634 
-0.000307 -0.001386 0.000502 176 1.015660 2.239807 
-0.000283 -0.001356 0.000529 118 1.011396 2.146579 
-0.000391 -0.001286 0.000535 136 1.115888 2.125694 
-0.000416 -0.001313 0.000510 76 1.125042 2.211634


-0.000349 -0.001335 0.000519 3 1.067166 2.183779


-0.001299 -0.001463 0.000159 32 1.942965 3.043418 
-0.001164 -0.001422 0.000152 147 1.801866 3.056004 
-0.001157 -0.001413 0.000203 77 1.793736 2.953328 
-0.001301 -0.001456 0.000207 31 1.942965 2.945243 
-0.001299 -0.001463 0.000159 32 1.942965 3.043418


-0.001231 -0.001437 0.000180 4 1.870401 3.000246


-0.000918 -0.001397 0.000110 36 1.554824 3.141593 
-0.000900 -0.001396 0.000150 149 1.537108 3.060446 
-0.001025 -0.001400 0.000145 79 1.661463 3.071052 
-0.001047 -0.001403 0.000110 35 1.684204 3.141593 
-0.000918 -0.001397 0.000110 36 1.554824 3.141593


-0.000973 -0.001397 0.000128 5 1.609386 3.103827


-0.000794 -0.001406 0.000143 90 1.430325 3.075354 
-0.000777 -0.001405 0.000178 158 1.413550 3.004843 
-0.000883 -0.001392 0.000191 199 1.519837 2.978964 
-0.000900 -0.001396 0.000150 149 1.537108 3.060446 
-0.000794 -0.001406 0.000143 90 1.430325 3.075354


-0.000838 -0.001398 0.000165 6 1.475220 3.030227


-0.000471 -0.001361 0.000452 161 1.150454 2.388513 
-0.000559 -0.001300 0.000475 66 1.241257 2.321020 
-0.000606 -0.001322 0.000439 112 1.274254 2.422902 
-0.000500 -0.001381 0.000417 78 1.166958 2.480355 
-0.000471 -0.001361 0.000452 161 1.150454 2.388513


-0.000534 -0.001341 0.000445 7 1.208507 2.405191


-0.001025 -0.001400 0.000145 79 1.661463 3.071052 
-0.001164 -0.001422 0.000152 147 1.801866 3.056004 
-0.001175 -0.001426 0.000110 34 1.813585 3.141593 
-0.001047 -0.001403 0.000110 35 1.684204 3.141593 
-0.001025 -0.001400 0.000145 79 1.661463 3.071052


-0.001103 -0.001411 0.000129 8 1.740285 3.102741


-0.001007 -0.001383 0.000238 80 1.642065 2.882513 
-0.001013 -0.001393 0.000194 150 1.649102 2.972750 
-0.000883 -0.001392 0.000191 199 1.519837 2.978964 
-0.000873 -0.001385 0.000227 60 1.510799 2.904268 
-0.001007 -0.001383 0.000238 80 1.642065 2.882513


-0.000944 -0.001386 0.000212 9 1.580486 2.935507


-0.001157 -0.001413 0.000203 77 1.793736 2.953328 
-0.001013 -0.001393 0.000194 150 1.649102 2.972750 
-0.001007 -0.001383 0.000238 80 1.642065 2.882513 
-0.001157 -0.001402 0.000247 152 1.791034 2.863245 
-0.001157 -0.001413 0.000203 77 1.793736 2.953328


-0.001084 -0.001396 0.000220 10 1.719050 2.919165


-0.001157 -0.001413 0.000203 77 1.793736 2.953328 
-0.001157 -0.001402 0.000247 152 1.791034 2.863245 
-0.001306 -0.001445 0.000255 30 1.942965 2.847068 
-0.001301 -0.001456 0.000207 31 1.942965 2.945243 
-0.001157 -0.001413 0.000203 77 1.793736 2.953328


-0.001231 -0.001427 0.000227 11 1.867728 2.903579


-0.000471 -0.001361 0.000452 161 1.150454 2.388513 
-0.000355 -0.001436 0.000437 101 1.028233 2.426320 
-0.000331 -0.001412 0.000471 117 1.021528 2.332924 
-0.000443 -0.001338 0.000483 148 1.136286 2.297983 
-0.000471 -0.001361 0.000452 161 1.150454 2.388513


-0.000400 -0.001386 0.000460 12 1.084381 2.364278


-0.000717 -0.001417 0.000169 71 1.352807 3.023261 
-0.000667 -0.001427 0.000187 63 1.301671 2.986900 
-0.000764 -0.001401 0.000210 91 1.401281 2.938546 
-0.000777 -0.001405 0.000178 158 1.413550 3.004843 
-0.000717 -0.001417 0.000169 71 1.352807 3.023261


-0.000731 -0.001412 0.000186 13 1.367364 2.988690


-0.000873 -0.001385 0.000227 60 1.510799 2.904268 
-0.000853 -0.001374 0.000268 82 1.491993 2.818877 
-0.000990 -0.001369 0.000279 154 1.624612 2.794858 
-0.001007 -0.001383 0.000238 80 1.642065 2.882513 
-0.000873 -0.001385 0.000227 60 1.510799 2.904268


-0.000931 -0.001376 0.000253 14 1.567420 2.851426


-0.001157 -0.001402 0.000247 152 1.791034 2.863245 
-0.001152 -0.001387 0.000288 86 1.783716 2.777338 
-0.001312 -0.001430 0.000301 29 1.942965 2.748894 
-0.001306 -0.001445 0.000255 30 1.942965 2.847068 
-0.001157 -0.001402 0.000247 152 1.791034 2.863245


-0.001232 -0.001414 0.000272 15 1.865301 2.811160


-0.000583 -0.001434 0.000265 64 1.220759 2.825075 
-0.000453 -0.001504 0.000228 93 1.076153 2.903059 
-0.000432 -0.001500 0.000275 163 1.060453 2.805054 
-0.000568 -0.001426 0.000300 100 1.210496 2.751431 
-0.000583 -0.001434 0.000265 64 1.220759 2.825075


-0.000508 -0.001464 0.000266 16 1.142287 2.822907


-0.000864 -0.001273 0.000442 103 1.508747 2.414915 
-0.001023 -0.001243 0.000473 105 1.647357 2.326508 
-0.001136 -0.001305 0.000423 167 1.753191 2.464437 
-0.000927 -0.001302 0.000403 89 1.564138 2.514858 
-0.000864 -0.001273 0.000442 103 1.508747 2.414915


-0.000987 -0.001279 0.000434 17 1.618414 2.436350


-0.000632 -0.001157 0.000557 132 1.331477 2.034825 
-0.000629 -0.001128 0.000570 83 1.335112 1.972141 
-0.000684 -0.001129 0.000565 185 1.376107 1.998083 
-0.000687 -0.001161 0.000548 159 1.373668 2.070669 
-0.000632 -0.001157 0.000557 132 1.331477 2.034825


-0.000658 -0.001144 0.000560 18 1.353996 2.019431


-0.000861 -0.001209 0.000502 169 1.509323 2.239171 
-0.000957 -0.001176 0.000524 104 1.589331 2.163499 
-0.001070 -0.001213 0.000503 168 1.684781 2.236417 
-0.001023 -0.001243 0.000473 105 1.647357 2.326508 
-0.000861 -0.001209 0.000502 169 1.509323 2.239171


-0.000978 -0.001210 0.000500 19 1.607340 2.245463


-0.000743 -0.001093 0.000575 125 1.425247 1.943337 
-0.000837 -0.001095 0.000570 67 1.496488 1.970182 
-0.000844 -0.001136 0.000551 131 1.499663 2.061417 
-0.000748 -0.001130 0.000559 58 1.425247 2.025310 
-0.000743 -0.001093 0.000575 125 1.425247 1.943337


-0.000793 -0.001113 0.000564 20 1.461448 2.001618


-0.001157 -0.001402 0.000247 152 1.791034 2.863245 
-0.001007 -0.001383 0.000238 80 1.642065 2.882513 
-0.000990 -0.001369 0.000279 154 1.624612 2.794858 
-0.001152 -0.001387 0.000288 86 1.783716 2.777338 
-0.001157 -0.001402 0.000247 152 1.791034 2.863245


-0.001077 -0.001383 0.000262 21 1.710424 2.831359


-0.000990 -0.001369 0.000279 154 1.624612 2.794858 
-0.000853 -0.001374 0.000268 82 1.491993 2.818877 
-0.000850 -0.001358 0.000311 153 1.490209 2.726505 
-0.001002 -0.001355 0.000315 85 1.635784 2.719217 
-0.000990 -0.001369 0.000279 154 1.624612 2.794858


-0.000924 -0.001362 0.000293 22 1.560756 2.766705


-0.001152 -0.001387 0.000288 86 1.783716 2.777338 
-0.000990 -0.001369 0.000279 154 1.624612 2.794858 
-0.001002 -0.001355 0.000315 85 1.635784 2.719217 
-0.001153 -0.001373 0.000320 62 1.780998 2.706850 
-0.001152 -0.001387 0.000288 86 1.783716 2.777338


-0.001074 -0.001369 0.000300 23 1.706396 2.751854


-0.001152 -0.001387 0.000288 86 1.783716 2.777338 
-0.001153 -0.001373 0.000320 62 1.780998 2.706850 
-0.001319 -0.001410 0.000345 28 1.942965 2.650719 
-0.001312 -0.001430 0.000301 29 1.942965 2.748894 
-0.001152 -0.001387 0.000288 86 1.783716 2.777338


-0.001235 -0.001398 0.000312 24 1.862999 2.723691


-0.001319 -0.001410 0.000345 28 1.942965 2.650719 
-0.001153 -0.001373 0.000320 62 1.780998 2.706850 
-0.001143 -0.001342 0.000373 87 1.766236 2.585992 
-0.001328 -0.001387 0.000387 27 1.942965 2.552544 
-0.001319 -0.001410 0.000345 28 1.942965 2.650719


-0.001236 -0.001376 0.000355 25 1.858672 2.627799


-0.000722 -0.001387 0.000287 94 1.363374 2.779159 
-0.000850 -0.001358 0.000311 153 1.490209 2.726505 
-0.000853 -0.001374 0.000268 82 1.491993 2.818877 
-0.000742 -0.001396 0.000247 160 1.381104 2.862543 
-0.000722 -0.001387 0.000287 94 1.363374 2.779159


-0.000792 -0.001378 0.000278 26 1.431877 2.798015


-0.000848 -0.001338 0.000351 88 1.489233 2.637847 
-0.000977 -0.001330 0.000361 156 1.611245 2.615516 
-0.001002 -0.001355 0.000315 85 1.635784 2.719217 
-0.000850 -0.001358 0.000311 153 1.490209 2.726505 
-0.000848 -0.001338 0.000351 88 1.489233 2.637847


-0.000919 -0.001344 0.000334 27 1.556655 2.676919


-0.000848 -0.001338 0.000351 88 1.489233 2.637847 
-0.000806 -0.001318 0.000391 84 1.452591 2.544299 
-0.000927 -0.001302 0.000403 89 1.564138 2.514858 
-0.000977 -0.001330 0.000361 156 1.611245 2.615516 
-0.000848 -0.001338 0.000351 88 1.489233 2.637847


-0.000889 -0.001321 0.000376 28 1.529234 2.580341


-0.000927 -0.001302 0.000403 89 1.564138 2.514858 
-0.001136 -0.001305 0.000423 167 1.753191 2.464437 
-0.001143 -0.001342 0.000373 87 1.766236 2.585992 
-0.000977 -0.001330 0.000361 156 1.611245 2.615516 
-0.000927 -0.001302 0.000403 89 1.564138 2.514858


-0.001046 -0.001318 0.000388 29 1.673966 2.549887


-0.000977 -0.001330 0.000361 156 1.611245 2.615516 
-0.001143 -0.001342 0.000373 87 1.766236 2.585992 
-0.001153 -0.001373 0.000320 62 1.780998 2.706850 
-0.001002 -0.001355 0.000315 85 1.635784 2.719217 
-0.000977 -0.001330 0.000361 156 1.611245 2.615516


-0.001069 -0.001349 0.000341 30 1.698630 2.659713


-0.000663 -0.001434 0.000110 38 1.296063 3.141593 
-0.000693 -0.001425 0.000145 157 1.327842 3.071645 
-0.000794 -0.001406 0.000143 90 1.430325 3.075354 
-0.000789 -0.001408 0.000110 37 1.425444 3.141593 
-0.000663 -0.001434 0.000110 38 1.296063 3.141593


-0.000735 -0.001417 0.000127 31 1.369926 3.107665


-0.000602 -0.001452 0.000150 98 1.233065 3.059991 
-0.000667 -0.001427 0.000187 63 1.301671 2.986900 
-0.000717 -0.001417 0.000169 71 1.352807 3.023261 
-0.000693 -0.001425 0.000145 157 1.327842 3.071645 
-0.000602 -0.001452 0.000150 98 1.233065 3.059991


-0.000670 -0.001430 0.000162 32 1.303873 3.035663


-0.000794 -0.001406 0.000143 90 1.430325 3.075354 
-0.000900 -0.001396 0.000150 149 1.537108 3.060446 
-0.000918 -0.001397 0.000110 36 1.554824 3.141593 
-0.000789 -0.001408 0.000110 37 1.425444 3.141593 
-0.000794 -0.001406 0.000143 90 1.430325 3.075354


-0.000850 -0.001400 0.000128 33 1.486929 3.104876


-0.000717 -0.001417 0.000169 71 1.352807 3.023261 
-0.000777 -0.001405 0.000178 158 1.413550 3.004843 
-0.000794 -0.001406 0.000143 90 1.430325 3.075354 
-0.000693 -0.001425 0.000145 157 1.327842 3.071645 
-0.000717 -0.001417 0.000169 71 1.352807 3.023261


-0.000745 -0.001413 0.000158 34 1.381142 3.043950


-0.000883 -0.001392 0.000191 199 1.519837 2.978964 
-0.000777 -0.001405 0.000178 158 1.413550 3.004843 
-0.000764 -0.001401 0.000210 91 1.401281 2.938546 
-0.000873 -0.001385 0.000227 60 1.510799 2.904268 
-0.000883 -0.001392 0.000191 199 1.519837 2.978964


-0.000824 -0.001395 0.000201 35 1.461426 2.957200


-0.000764 -0.001401 0.000210 91 1.401281 2.938546 
-0.000742 -0.001396 0.000247 160 1.381104 2.862543 
-0.000853 -0.001374 0.000268 82 1.491993 2.818877 
-0.000873 -0.001385 0.000227 60 1.510799 2.904268 
-0.000764 -0.001401 0.000210 91 1.401281 2.938546


-0.000808 -0.001388 0.000238 36 1.446383 2.881879


-0.000597 -0.001440 0.000230 92 1.231849 2.898285 
-0.000742 -0.001396 0.000247 160 1.381104 2.862543 
-0.000764 -0.001401 0.000210 91 1.401281 2.938546 
-0.000667 -0.001427 0.000187 63 1.301671 2.986900 
-0.000597 -0.001440 0.000230 92 1.231849 2.898285


-0.000692 -0.001414 0.000218 37 1.329033 2.922564


-0.000597 -0.001440 0.000230 92 1.231849 2.898285 
-0.000471 -0.001505 0.000180 162 1.091972 3.001105 
-0.000453 -0.001504 0.000228 93 1.076153 2.903059 
-0.000583 -0.001434 0.000265 64 1.220759 2.825075 
-0.000597 -0.001440 0.000230 92 1.231849 2.898285


-0.000525 -0.001470 0.000225 38 1.155512 2.908069


-0.000736 -0.001166 0.000541 151 1.411032 2.100925 
-0.000716 -0.001184 0.000532 155 1.393087 2.134883 
-0.000687 -0.001174 0.000541 116 1.371190 2.099923 
-0.000687 -0.001161 0.000548 159 1.373668 2.070669 
-0.000736 -0.001166 0.000541 151 1.411032 2.100925


-0.000707 -0.001171 0.000541 39 1.387189 2.101880


-0.000722 -0.001387 0.000287 94 1.363374 2.779159 
-0.000742 -0.001396 0.000247 160 1.381104 2.862543 
-0.000597 -0.001440 0.000230 92 1.231849 2.898285 
-0.000583 -0.001434 0.000265 64 1.220759 2.825075 
-0.000722 -0.001387 0.000287 94 1.363374 2.779159


-0.000660 -0.001412 0.000257 40 1.299447 2.842887


-0.000722 -0.001387 0.000287 94 1.363374 2.779159 
-0.000701 -0.001374 0.000325 61 1.346176 2.695523 
-0.000848 -0.001338 0.000351 88 1.489233 2.637847 
-0.000850 -0.001358 0.000311 153 1.490209 2.726505 
-0.000722 -0.001387 0.000287 94 1.363374 2.779159


-0.000780 -0.001363 0.000318 41 1.422587 2.711765


-0.000677 -0.001358 0.000365 97 1.327713 2.605995 
-0.000701 -0.001374 0.000325 61 1.346176 2.695523 
-0.000568 -0.001426 0.000300 100 1.210496 2.751431 
-0.000550 -0.001413 0.000340 57 1.198939 2.663152 
-0.000677 -0.001358 0.000365 97 1.327713 2.605995


-0.000624 -0.001392 0.000332 42 1.271155 2.681100


-0.000677 -0.001358 0.000365 97 1.327713 2.605995 
-0.000644 -0.001341 0.000403 172 1.302187 2.515068 
-0.000765 -0.001294 0.000429 81 1.418449 2.447873 
-0.000806 -0.001318 0.000391 84 1.452591 2.544299 
-0.000677 -0.001358 0.000365 97 1.327713 2.605995


-0.000723 -0.001327 0.000396 43 1.375560 2.530729


-0.000426 -0.001536 0.000110 40 1.037303 3.141593 
-0.000471 -0.001505 0.000180 162 1.091972 3.001105 
-0.000602 -0.001452 0.000150 98 1.233065 3.059991 
-0.000541 -0.001478 0.000110 39 1.166683 3.141593 
-0.000426 -0.001536 0.000110 40 1.037303 3.141593


-0.000509 -0.001491 0.000137 44 1.132242 3.086386


-0.000317 -0.001607 0.000159 42 0.907923 3.043418 
-0.000471 -0.001505 0.000180 162 1.091972 3.001105 
-0.000426 -0.001536 0.000110 40 1.037303 3.141593 
-0.000319 -0.001609 0.000110 41 0.907923 3.141593 
-0.000317 -0.001607 0.000159 42 0.907923 3.043418


-0.000382 -0.001562 0.000139 45 0.986348 3.082321


-0.000453 -0.001504 0.000228 93 1.076153 2.903059 
-0.000471 -0.001505 0.000180 162 1.091972 3.001105 
-0.000317 -0.001607 0.000159 42 0.907923 3.043418 
-0.000313 -0.001601 0.000207 43 0.907923 2.945243 
-0.000453 -0.001504 0.000228 93 1.076153 2.903059


-0.000387 -0.001552 0.000193 46 0.996128 2.974512


-0.000602 -0.001452 0.000150 98 1.233065 3.059991 
-0.000693 -0.001425 0.000145 157 1.327842 3.071645 
-0.000663 -0.001434 0.000110 38 1.296063 3.141593 
-0.000541 -0.001478 0.000110 39 1.166683 3.141593 
-0.000602 -0.001452 0.000150 98 1.233065 3.059991


-0.000624 -0.001446 0.000128 47 1.255938 3.103850


-0.000597 -0.001440 0.000230 92 1.231849 2.898285 
-0.000667 -0.001427 0.000187 63 1.301671 2.986900 
-0.000602 -0.001452 0.000150 98 1.233065 3.059991 
-0.000471 -0.001505 0.000180 162 1.091972 3.001105 
-0.000597 -0.001440 0.000230 92 1.231849 2.898285


-0.000584 -0.001454 0.000186 48 1.214738 2.987480


-0.000432 -0.001500 0.000275 163 1.060453 2.805054 
-0.000453 -0.001504 0.000228 93 1.076153 2.903059 
-0.000313 -0.001601 0.000207 43 0.907923 2.945243 
-0.000306 -0.001592 0.000255 44 0.907923 2.847068 
-0.000432 -0.001500 0.000275 163 1.060453 2.805054


-0.000374 -0.001547 0.000240 49 0.988303 2.876828


-0.000418 -0.001488 0.000318 99 1.054257 2.711277 
-0.000432 -0.001500 0.000275 163 1.060453 2.805054 
-0.000306 -0.001592 0.000255 44 0.907923 2.847068 
-0.000295 -0.001579 0.000301 45 0.907923 2.748894 
-0.000418 -0.001488 0.000318 99 1.054257 2.711277


-0.000362 -0.001538 0.000286 50 0.982880 2.780115


-0.000568 -0.001426 0.000300 100 1.210496 2.751431 
-0.000432 -0.001500 0.000275 163 1.060453 2.805054 
-0.000418 -0.001488 0.000318 99 1.054257 2.711277 
-0.000550 -0.001413 0.000340 57 1.198939 2.663152 
-0.000568 -0.001426 0.000300 100 1.210496 2.751431


-0.000491 -0.001455 0.000307 51 1.131353 2.734974


-0.000379 -0.001456 0.000400 102 1.037448 2.522350 
-0.000399 -0.001474 0.000360 165 1.045672 2.617290 
-0.000282 -0.001562 0.000345 46 0.907923 2.650719 
-0.000267 -0.001542 0.000387 47 0.907923 2.552544 
-0.000379 -0.001456 0.000400 102 1.037448 2.522350


-0.000331 -0.001508 0.000372 52 0.974976 2.588255


-0.000399 -0.001474 0.000360 165 1.045672 2.617290 
-0.000418 -0.001488 0.000318 99 1.054257 2.711277 
-0.000295 -0.001579 0.000301 45 0.907923 2.748894 
-0.000282 -0.001562 0.000345 46 0.907923 2.650719 
-0.000399 -0.001474 0.000360 165 1.045672 2.617290


-0.000348 -0.001524 0.000330 53 0.979186 2.684392


-0.000526 -0.001398 0.000379 111 1.183135 2.572272 
-0.000399 -0.001474 0.000360 165 1.045672 2.617290 
-0.000379 -0.001456 0.000400 102 1.037448 2.522350 
-0.000500 -0.001381 0.000417 78 1.166958 2.480355 
-0.000526 -0.001398 0.000379 111 1.183135 2.572272


-0.000450 -0.001426 0.000388 54 1.108602 2.550786


-0.000550 -0.001413 0.000340 57 1.198939 2.663152 
-0.000418 -0.001488 0.000318 99 1.054257 2.711277 
-0.000399 -0.001474 0.000360 165 1.045672 2.617290 
-0.000526 -0.001398 0.000379 111 1.183135 2.572272 
-0.000550 -0.001413 0.000340 57 1.198939 2.663152


-0.000473 -0.001442 0.000348 55 1.120806 2.643542


-0.000568 -0.001426 0.000300 100 1.210496 2.751431 
-0.000701 -0.001374 0.000325 61 1.346176 2.695523 
-0.000722 -0.001387 0.000287 94 1.363374 2.779159 
-0.000583 -0.001434 0.000265 64 1.220759 2.825075 
-0.000568 -0.001426 0.000300 100 1.210496 2.751431


-0.000643 -0.001404 0.000294 56 1.285470 2.764665


-0.000861 -0.001209 0.000502 169 1.509323 2.239171 
-0.000789 -0.001241 0.000480 174 1.445839 2.305813 
-0.000718 -0.001221 0.000507 95 1.389173 2.224350 
-0.000830 -0.001189 0.000519 106 1.484669 2.183228 
-0.000861 -0.001209 0.000502 169 1.509323 2.239171


-0.000799 -0.001215 0.000502 57 1.457364 2.240064


-0.001143 -0.001342 0.000373 87 1.766236 2.585992 
-0.001136 -0.001305 0.000423 167 1.753191 2.464437 
-0.001339 -0.001360 0.000427 26 1.942965 2.454369 
-0.001328 -0.001387 0.000387 27 1.942965 2.552544 
-0.001143 -0.001342 0.000373 87 1.766236 2.585992


-0.001237 -0.001346 0.000401 58 1.851544 2.519716


-0.000789 -0.001241 0.000480 174 1.445839 2.305813 
-0.000864 -0.001273 0.000442 103 1.508747 2.414915 
-0.000765 -0.001294 0.000429 81 1.418449 2.447873 
-0.000714 -0.001270 0.000465 173 1.377948 2.352064 
-0.000789 -0.001241 0.000480 174 1.445839 2.305813


-0.000783 -0.001270 0.000454 59 1.437570 2.381941


-0.001070 -0.001213 0.000503 168 1.684781 2.236417 
-0.001203 -0.001261 0.000483 108 1.803108 2.298759 
-0.001136 -0.001305 0.000423 167 1.753191 2.464437 
-0.001023 -0.001243 0.000473 105 1.647357 2.326508 
-0.001070 -0.001213 0.000503 168 1.684781 2.236417


-0.001108 -0.001256 0.000471 60 1.721694 2.334522


-0.001136 -0.001305 0.000423 167 1.753191 2.464437 
-0.001203 -0.001261 0.000483 108 1.803108 2.298759 
-0.001351 -0.001329 0.000463 25 1.942965 2.356194 
-0.001339 -0.001360 0.000427 26 1.942965 2.454369 
-0.001136 -0.001305 0.000423 167 1.753191 2.464437


-0.001258 -0.001312 0.000448 61 1.860562 2.398873


-0.000714 -0.001270 0.000465 173 1.377948 2.352064 
-0.000765 -0.001294 0.000429 81 1.418449 2.447873 
-0.000644 -0.001341 0.000403 172 1.302187 2.515068 
-0.000606 -0.001322 0.000439 112 1.274254 2.422902 
-0.000714 -0.001270 0.000465 173 1.377948 2.352064


-0.000682 -0.001307 0.000433 62 1.343522 2.436892


-0.000861 -0.001209 0.000502 169 1.509323 2.239171 
-0.001023 -0.001243 0.000473 105 1.647357 2.326508 
-0.000864 -0.001273 0.000442 103 1.508747 2.414915 
-0.000789 -0.001241 0.000480 174 1.445839 2.305813 
-0.000861 -0.001209 0.000502 169 1.509323 2.239171


-0.000884 -0.001241 0.000474 63 1.527629 2.326178


-0.000957 -0.001176 0.000524 104 1.589331 2.163499 
-0.000861 -0.001209 0.000502 169 1.509323 2.239171 
-0.000830 -0.001189 0.000519 106 1.484669 2.183228 
-0.000836 -0.001173 0.000529 72 1.490941 2.146683 
-0.000957 -0.001176 0.000524 104 1.589331 2.163499


-0.000871 -0.001187 0.000518 64 1.518629 2.184887


-0.000968 -0.001165 0.000532 170 1.598496 2.134507 
-0.001093 -0.001194 0.000520 166 1.702037 2.180111 
-0.001070 -0.001213 0.000503 168 1.684781 2.236417 
-0.000957 -0.001176 0.000524 104 1.589331 2.163499 
-0.000968 -0.001165 0.000532 170 1.598496 2.134507


-0.001022 -0.001187 0.000519 65 1.643216 2.181144


-0.000968 -0.001165 0.000532 170 1.598496 2.134507 
-0.000957 -0.001176 0.000524 104 1.589331 2.163499 
-0.000836 -0.001173 0.000529 72 1.490941 2.146683 
-0.000844 -0.001136 0.000551 131 1.499663 2.061417 
-0.000968 -0.001165 0.000532 170 1.598496 2.134507


-0.000901 -0.001162 0.000534 66 1.544266 2.129105


-0.001086 -0.001157 0.000542 65 1.692454 2.095534 
-0.001230 -0.001178 0.000545 109 1.809148 2.085114 
-0.001225 -0.001237 0.000507 171 1.816008 2.223826 
-0.001093 -0.001194 0.000520 166 1.702037 2.180111 
-0.001086 -0.001157 0.000542 65 1.692454 2.095534


-0.001158 -0.001191 0.000528 67 1.754683 2.149582


-0.001203 -0.001261 0.000483 108 1.803108 2.298759 
-0.001225 -0.001237 0.000507 171 1.816008 2.223826 
-0.001364 -0.001295 0.000496 24 1.942965 2.258020 
-0.001351 -0.001329 0.000463 25 1.942965 2.356194 
-0.001203 -0.001261 0.000483 108 1.803108 2.298759


-0.001286 -0.001280 0.000486 68 1.875814 2.288144


-0.001086 -0.001157 0.000542 65 1.692454 2.095534 
-0.001093 -0.001194 0.000520 166 1.702037 2.180111 
-0.000968 -0.001165 0.000532 170 1.598496 2.134507 
-0.000947 -0.001114 0.000560 107 1.580974 2.019683 
-0.001086 -0.001157 0.000542 65 1.692454 2.095534


-0.001024 -0.001157 0.000538 69 1.642801 2.110620


-0.001364 -0.001295 0.000496 24 1.942965 2.258020 
-0.001225 -0.001237 0.000507 171 1.816008 2.223826 
-0.001230 -0.001178 0.000545 109 1.809148 2.085114 
-0.001379 -0.001258 0.000525 23 1.942965 2.159845 
-0.001364 -0.001295 0.000496 24 1.942965 2.258020


-0.001299 -0.001242 0.000518 70 1.877123 2.185949


-0.000830 -0.001189 0.000519 106 1.484669 2.183228 
-0.000716 -0.001184 0.000532 155 1.393087 2.134883 
-0.000736 -0.001166 0.000541 151 1.411032 2.100925 
-0.000836 -0.001173 0.000529 72 1.490941 2.146683 
-0.000830 -0.001189 0.000519 106 1.484669 2.183228


-0.000779 -0.001178 0.000530 71 1.444624 2.143376


-0.000736 -0.001166 0.000541 151 1.411032 2.100925 
-0.000748 -0.001130 0.000559 58 1.425247 2.025310 
-0.000844 -0.001136 0.000551 131 1.499663 2.061417 
-0.000836 -0.001173 0.000529 72 1.490941 2.146683 
-0.000736 -0.001166 0.000541 151 1.411032 2.100925


-0.000791 -0.001151 0.000545 72 1.456527 2.085246


-0.000938 -0.001078 0.000576 96 1.573711 1.940687 
-0.000947 -0.001114 0.000560 107 1.580974 2.019683 
-0.000837 -0.001095 0.000570 67 1.496488 1.970182 
-0.000842 -0.001068 0.000581 203 1.501311 1.912338 
-0.000938 -0.001078 0.000576 96 1.573711 1.940687


-0.000891 -0.001089 0.000572 73 1.537840 1.962590


-0.000677 -0.001358 0.000365 97 1.327713 2.605995 
-0.000806 -0.001318 0.000391 84 1.452591 2.544299 
-0.000848 -0.001338 0.000351 88 1.489233 2.637847 
-0.000701 -0.001374 0.000325 61 1.346176 2.695523 
-0.000677 -0.001358 0.000365 97 1.327713 2.605995


-0.000757 -0.001346 0.000357 74 1.404241 2.623398


-0.000526 -0.001398 0.000379 111 1.183135 2.572272 
-0.000644 -0.001341 0.000403 172 1.302187 2.515068 
-0.000677 -0.001358 0.000365 97 1.327713 2.605995 
-0.000550 -0.001413 0.000340 57 1.198939 2.663152 
-0.000526 -0.001398 0.000379 111 1.183135 2.572272


-0.000599 -0.001377 0.000371 75 1.253309 2.591343


-0.000606 -0.001322 0.000439 112 1.274254 2.422902 
-0.000644 -0.001341 0.000403 172 1.302187 2.515068 
-0.000526 -0.001398 0.000379 111 1.183135 2.572272 
-0.000500 -0.001381 0.000417 78 1.166958 2.480355 
-0.000606 -0.001322 0.000439 112 1.274254 2.422902


-0.000569 -0.001360 0.000409 76 1.231934 2.499845


-0.000765 -0.001294 0.000429 81 1.418449 2.447873 
-0.000864 -0.001273 0.000442 103 1.508747 2.414915 
-0.000927 -0.001302 0.000403 89 1.564138 2.514858 
-0.000806 -0.001318 0.000391 84 1.452591 2.544299 
-0.000765 -0.001294 0.000429 81 1.418449 2.447873


-0.000840 -0.001296 0.000416 77 1.485886 2.482566


-0.000652 -0.001246 0.000498 113 1.330018 2.252687 
-0.000714 -0.001270 0.000465 173 1.377948 2.352064 
-0.000606 -0.001322 0.000439 112 1.274254 2.422902 
-0.000559 -0.001300 0.000475 66 1.241257 2.321020 
-0.000652 -0.001246 0.000498 113 1.330018 2.252687


-0.000633 -0.001285 0.000469 78 1.306069 2.339438


-0.000789 -0.001241 0.000480 174 1.445839 2.305813 
-0.000714 -0.001270 0.000465 173 1.377948 2.352064 
-0.000652 -0.001246 0.000498 113 1.330018 2.252687 
-0.000718 -0.001221 0.000507 95 1.389173 2.224350 
-0.000789 -0.001241 0.000480 174 1.445839 2.305813


-0.000718 -0.001245 0.000487 79 1.385554 2.285231


-0.000652 -0.001246 0.000498 113 1.330018 2.252687 
-0.000632 -0.001234 0.000511 59 1.316935 2.210333 
-0.000667 -0.001206 0.000524 115 1.349767 2.164268 
-0.000718 -0.001221 0.000507 95 1.389173 2.224350 
-0.000652 -0.001246 0.000498 113 1.330018 2.252687


-0.000667 -0.001227 0.000510 80 1.346492 2.213625


-0.000536 -0.001282 0.000497 114 1.227418 2.255997 
-0.000632 -0.001234 0.000511 59 1.316935 2.210333 
-0.000652 -0.001246 0.000498 113 1.330018 2.252687 
-0.000559 -0.001300 0.000475 66 1.241257 2.321020 
-0.000536 -0.001282 0.000497 114 1.227418 2.255997


-0.000595 -0.001265 0.000495 81 1.279261 2.261858


-0.000667 -0.001206 0.000524 115 1.349767 2.164268 
-0.000632 -0.001185 0.000542 184 1.326713 2.097055 
-0.000687 -0.001174 0.000541 116 1.371190 2.099923 
-0.000716 -0.001184 0.000532 155 1.393087 2.134883 
-0.000667 -0.001206 0.000524 115 1.349767 2.164268


-0.000675 -0.001187 0.000535 82 1.360139 2.124673


-0.001070 -0.001213 0.000503 168 1.684781 2.236417 
-0.001093 -0.001194 0.000520 166 1.702037 2.180111 
-0.001225 -0.001237 0.000507 171 1.816008 2.223826 
-0.001203 -0.001261 0.000483 108 1.803108 2.298759 
-0.001070 -0.001213 0.000503 168 1.684781 2.236417


-0.001148 -0.001226 0.000502 83 1.751057 2.237989


-0.000443 -0.001338 0.000483 148 1.136286 2.297983 
-0.000331 -0.001412 0.000471 117 1.021528 2.332924 
-0.000307 -0.001386 0.000502 176 1.015660 2.239807 
-0.000416 -0.001313 0.000510 76 1.125042 2.211634 
-0.000443 -0.001338 0.000483 148 1.136286 2.297983


-0.000374 -0.001362 0.000491 84 1.074853 2.273428


-0.000249 -0.001519 0.000427 48 0.907923 2.454369 
-0.000355 -0.001436 0.000437 101 1.028233 2.426320 
-0.000379 -0.001456 0.000400 102 1.037448 2.522350 
-0.000267 -0.001542 0.000387 47 0.907923 2.552544 
-0.000249 -0.001519 0.000427 48 0.907923 2.454369


-0.000312 -0.001488 0.000412 85 0.970600 2.491507


-0.000500 -0.001381 0.000417 78 1.166958 2.480355 
-0.000379 -0.001456 0.000400 102 1.037448 2.522350 
-0.000355 -0.001436 0.000437 101 1.028233 2.426320 
-0.000471 -0.001361 0.000452 161 1.150454 2.388513 
-0.000500 -0.001381 0.000417 78 1.166958 2.480355


-0.000426 -0.001407 0.000426 86 1.096043 2.457205


-0.000331 -0.001412 0.000471 117 1.021528 2.332924 
-0.000355 -0.001436 0.000437 101 1.028233 2.426320 
-0.000249 -0.001519 0.000427 48 0.907923 2.454369 
-0.000229 -0.001493 0.000463 49 0.907923 2.356194 
-0.000331 -0.001412 0.000471 117 1.021528 2.332924


-0.000291 -0.001465 0.000449 87 0.966602 2.395090


-0.000206 -0.001465 0.000496 50 0.907923 2.258020 
-0.000307 -0.001386 0.000502 176 1.015660 2.239807 
-0.000331 -0.001412 0.000471 117 1.021528 2.332924 
-0.000229 -0.001493 0.000463 49 0.907923 2.356194 
-0.000206 -0.001465 0.000496 50 0.907923 2.258020


-0.000268 -0.001439 0.000483 88 0.963419 2.299409


-0.000471 -0.001361 0.000452 161 1.150454 2.388513 
-0.000443 -0.001338 0.000483 148 1.136286 2.297983 
-0.000536 -0.001282 0.000497 114 1.227418 2.255997 
-0.000559 -0.001300 0.000475 66 1.241257 2.321020 
-0.000471 -0.001361 0.000452 161 1.150454 2.388513


-0.000502 -0.001320 0.000476 89 1.189158 2.317679


-0.000307 -0.001386 0.000502 176 1.015660 2.239807 
-0.000206 -0.001465 0.000496 50 0.907923 2.258020 
-0.000182 -0.001434 0.000525 51 0.907923 2.159845 
-0.000283 -0.001356 0.000529 118 1.011396 2.146579 
-0.000307 -0.001386 0.000502 176 1.015660 2.239807


-0.000244 -0.001410 0.000513 90 0.960847 2.203776


-0.001230 -0.001178 0.000545 109 1.809148 2.085114 
-0.001302 -0.001145 0.000570 177 1.856737 1.971065 
-0.001394 -0.001219 0.000551 22 1.942965 2.061670 
-0.001379 -0.001258 0.000525 23 1.942965 2.159845 
-0.001230 -0.001178 0.000545 109 1.809148 2.085114


-0.001326 -0.001200 0.000548 91 1.887410 2.073073


-0.001165 -0.001091 0.000578 110 1.746088 1.926564 
-0.001230 -0.001178 0.000545 109 1.809148 2.085114 
-0.001086 -0.001157 0.000542 65 1.692454 2.095534 
-0.001051 -0.001091 0.000573 175 1.660286 1.957271 
-0.001165 -0.001091 0.000578 110 1.746088 1.926564


-0.001133 -0.001130 0.000560 92 1.726536 2.019798


-0.001394 -0.001219 0.000551 22 1.942965 2.061670 
-0.001302 -0.001145 0.000570 177 1.856737 1.971065 
-0.001314 -0.001125 0.000579 119 1.861225 1.922460 
-0.001410 -0.001178 0.000572 21 1.942965 1.963495 
-0.001394 -0.001219 0.000551 22 1.942965 2.061670


-0.001355 -0.001167 0.000568 93 1.900499 1.981766


-0.001251 -0.001057 0.000594 120 1.803149 1.819930 
-0.001264 -0.001088 0.000587 73 1.817292 1.874974 
-0.001202 -0.001081 0.000584 164 1.771523 1.891147 
-0.001165 -0.001031 0.000596 68 1.738369 1.803004 
-0.001251 -0.001057 0.000594 120 1.803149 1.819930


-0.001220 -0.001064 0.000590 94 1.782419 1.848486


-0.001314 -0.001125 0.000579 119 1.861225 1.922460 
-0.001338 -0.001098 0.000590 74 1.872289 1.853802 
-0.001427 -0.001135 0.000588 20 1.942965 1.865321 
-0.001410 -0.001178 0.000572 21 1.942965 1.963495 
-0.001314 -0.001125 0.000579 119 1.861225 1.922460


-0.001372 -0.001134 0.000582 95 1.904719 1.903119


-0.001427 -0.001135 0.000588 20 1.942965 1.865321 
-0.001338 -0.001098 0.000590 74 1.872289 1.853802 
-0.001345 -0.001029 0.000604 121 1.862822 1.715410 
-0.001444 -0.001091 0.000600 19 1.942965 1.767146 
-0.001427 -0.001135 0.000588 20 1.942965 1.865321


-0.001389 -0.001088 0.000596 96 1.904992 1.802372


-0.001264 -0.001088 0.000587 73 1.817292 1.874974 
-0.001251 -0.001057 0.000594 120 1.803149 1.819930 
-0.001338 -0.001098 0.000590 74 1.872289 1.853802 
-0.001314 -0.001125 0.000579 119 1.861225 1.922460 
-0.001264 -0.001088 0.000587 73 1.817292 1.874974


-0.001292 -0.001092 0.000588 97 1.838285 1.868881


-0.001202 -0.001081 0.000584 164 1.771523 1.891147 
-0.001264 -0.001088 0.000587 73 1.817292 1.874974 
-0.001314 -0.001125 0.000579 119 1.861225 1.922460 
-0.001302 -0.001145 0.000570 177 1.856737 1.971065 
-0.001202 -0.001081 0.000584 164 1.771523 1.891147


-0.001271 -0.001110 0.000580 98 1.826378 1.916547


-0.001251 -0.001057 0.000594 120 1.803149 1.819930 
-0.001165 -0.001031 0.000596 68 1.738369 1.803004 
-0.001131 -0.000974 0.000605 123 1.707946 1.698327 
-0.001230 -0.000999 0.000604 201 1.779379 1.714090 
-0.001251 -0.001057 0.000594 120 1.803149 1.819930


-0.001194 -0.001016 0.000601 99 1.756866 1.760702


-0.001200 -0.000921 0.000610 14 1.748894 1.570796 
-0.001295 -0.000941 0.000610 15 1.813585 1.570796 
-0.001345 -0.001029 0.000604 121 1.862822 1.715410 
-0.001230 -0.000999 0.000604 201 1.779379 1.714090 
-0.001200 -0.000921 0.000610 14 1.748894 1.570796


-0.001267 -0.000973 0.000608 100 1.800674 1.645381


-0.001345 -0.001029 0.000604 121 1.862822 1.715410 
-0.001393 -0.001012 0.000608 178 1.890878 1.651895 
-0.001462 -0.001045 0.000607 18 1.942965 1.668971 
-0.001444 -0.001091 0.000600 19 1.942965 1.767146 
-0.001345 -0.001029 0.000604 121 1.862822 1.715410


-0.001411 -0.001044 0.000605 101 1.909790 1.702539


-0.001388 -0.000967 0.000610 16 1.878275 1.570796 
-0.001393 -0.001012 0.000608 178 1.890878 1.651895 
-0.001345 -0.001029 0.000604 121 1.862822 1.715410 
-0.001295 -0.000941 0.000610 15 1.813585 1.570796 
-0.001388 -0.000967 0.000610 16 1.878275 1.570796


-0.001355 -0.000987 0.000609 102 1.861173 1.628492


-0.001462 -0.001045 0.000607 18 1.942965 1.668971 
-0.001393 -0.001012 0.000608 178 1.890878 1.651895 
-0.001388 -0.000967 0.000610 16 1.878275 1.570796 
-0.001480 -0.001000 0.000610 17 1.942965 1.570796 
-0.001462 -0.001045 0.000607 18 1.942965 1.668971


-0.001431 -0.001006 0.000609 103 1.913686 1.616906


-0.001131 -0.000974 0.000605 123 1.707946 1.698327 
-0.001029 -0.000949 0.000607 181 1.636404 1.667879 
-0.001007 -0.000899 0.000610 12 1.619514 1.570796 
-0.001104 -0.000907 0.000610 13 1.684204 1.570796 
-0.001131 -0.000974 0.000605 123 1.707946 1.698327


-0.001068 -0.000932 0.000609 104 1.661731 1.628804


-0.001200 -0.000921 0.000610 14 1.748894 1.570796 
-0.001230 -0.000999 0.000604 201 1.779379 1.714090 
-0.001131 -0.000974 0.000605 123 1.707946 1.698327 
-0.001104 -0.000907 0.000610 13 1.684204 1.570796 
-0.001200 -0.000921 0.000610 14 1.748894 1.570796


-0.001166 -0.000950 0.000608 105 1.729746 1.640467


-0.000684 -0.001129 0.000565 185 1.376107 1.998083 
-0.000629 -0.001128 0.000570 83 1.335112 1.972141 
-0.000596 -0.001104 0.000582 124 1.315281 1.904377 
-0.000666 -0.001096 0.000579 202 1.367736 1.920666 
-0.000684 -0.001129 0.000565 185 1.376107 1.998083


-0.000644 -0.001114 0.000574 106 1.348384 1.949556


-0.000743 -0.001093 0.000575 125 1.425247 1.943337 
-0.000748 -0.001130 0.000559 58 1.425247 2.025310 
-0.000684 -0.001129 0.000565 185 1.376107 1.998083 
-0.000666 -0.001096 0.000579 202 1.367736 1.920666 
-0.000743 -0.001093 0.000575 125 1.425247 1.943337


-0.000710 -0.001112 0.000570 107 1.398438 1.972715


-0.000659 -0.001073 0.000587 127 1.365900 1.871049 
-0.000666 -0.001096 0.000579 202 1.367736 1.920666 
-0.000596 -0.001104 0.000582 124 1.315281 1.904377 
-0.000571 -0.001082 0.000591 196 1.301494 1.845308 
-0.000659 -0.001073 0.000587 127 1.365900 1.871049


-0.000623 -0.001089 0.000585 108 1.337454 1.886476


-0.000837 -0.001095 0.000570 67 1.496488 1.970182 
-0.000947 -0.001114 0.000560 107 1.580974 2.019683 
-0.000968 -0.001165 0.000532 170 1.598496 2.134507 
-0.000844 -0.001136 0.000551 131 1.499663 2.061417 
-0.000837 -0.001095 0.000570 67 1.496488 1.970182


-0.000899 -0.001127 0.000554 109 1.543317 2.048849


-0.000659 -0.001073 0.000587 127 1.365900 1.871049 
-0.000571 -0.001082 0.000591 196 1.301494 1.845308 
-0.000525 -0.001050 0.000601 141 1.276119 1.755781 
-0.000609 -0.001031 0.000600 70 1.337465 1.763666 
-0.000659 -0.001073 0.000587 127 1.365900 1.871049


-0.000591 -0.001059 0.000595 110 1.319918 1.810519


-0.001051 -0.001091 0.000573 175 1.660286 1.957271 
-0.001086 -0.001157 0.000542 65 1.692454 2.095534 
-0.000947 -0.001114 0.000560 107 1.580974 2.019683 
-0.000938 -0.001078 0.000576 96 1.573711 1.940687 
-0.001051 -0.001091 0.000573 175 1.660286 1.957271


-0.001006 -0.001110 0.000563 111 1.626239 2.006287


-0.001165 -0.001091 0.000578 110 1.746088 1.926564 
-0.001202 -0.001081 0.000584 164 1.771523 1.891147 
-0.001302 -0.001145 0.000570 177 1.856737 1.971065 
-0.001230 -0.001178 0.000545 109 1.809148 2.085114 
-0.001165 -0.001091 0.000578 110 1.746088 1.926564


-0.001225 -0.001124 0.000570 112 1.795369 1.970538


-0.000892 -0.001006 0.000598 128 1.540373 1.789364 
-0.000792 -0.001002 0.000600 183 1.469382 1.767368 
-0.000758 -0.000946 0.000608 144 1.449763 1.647760 
-0.000840 -0.000935 0.000608 179 1.506773 1.641541 
-0.000892 -0.001006 0.000598 128 1.540373 1.789364


-0.000821 -0.000972 0.000604 113 1.491212 1.713217


-0.000842 -0.001068 0.000581 203 1.501311 1.912338 
-0.000837 -0.001095 0.000570 67 1.496488 1.970182 
-0.000743 -0.001093 0.000575 125 1.425247 1.943337 
-0.000749 -0.001066 0.000585 182 1.432559 1.888610 
-0.000842 -0.001068 0.000581 203 1.501311 1.912338


-0.000793 -0.001080 0.000578 114 1.463775 1.930148


-0.000749 -0.001066 0.000585 182 1.432559 1.888610 
-0.000743 -0.001093 0.000575 125 1.425247 1.943337 
-0.000666 -0.001096 0.000579 202 1.367736 1.920666 
-0.000659 -0.001073 0.000587 127 1.365900 1.871049 
-0.000749 -0.001066 0.000585 182 1.432559 1.888610


-0.000704 -0.001082 0.000582 115 1.397764 1.907141


-0.000484 -0.001228 0.000544 197 1.203676 2.087827 
-0.000458 -0.001200 0.000562 186 1.192400 2.008499 
-0.000561 -0.001144 0.000571 126 1.281674 1.965959 
-0.000575 -0.001178 0.000554 69 1.284053 2.045962 
-0.000484 -0.001228 0.000544 197 1.203676 2.087827


-0.000520 -0.001187 0.000558 116 1.240717 2.029150


-0.001051 -0.001091 0.000573 175 1.660286 1.957271 
-0.000984 -0.001008 0.000597 180 1.606464 1.793450 
-0.001076 -0.001012 0.000598 129 1.672550 1.789102 
-0.001165 -0.001091 0.000578 110 1.746088 1.926564 
-0.001051 -0.001091 0.000573 175 1.660286 1.957271


-0.001069 -0.001051 0.000587 117 1.670622 1.869805


-0.000892 -0.001006 0.000598 128 1.540373 1.789364 
-0.000984 -0.001008 0.000597 180 1.606464 1.793450 
-0.001051 -0.001091 0.000573 175 1.660286 1.957271 
-0.000938 -0.001078 0.000576 96 1.573711 1.940687 
-0.000892 -0.001006 0.000598 128 1.540373 1.789364


-0.000966 -0.001046 0.000587 118 1.594525 1.872710


-0.001029 -0.000949 0.000607 181 1.636404 1.667879 
-0.001076 -0.001012 0.000598 129 1.672550 1.789102 
-0.000984 -0.001008 0.000597 180 1.606464 1.793450 
-0.000926 -0.000931 0.000608 122 1.565470 1.639663 
-0.001029 -0.000949 0.000607 181 1.636404 1.667879


-0.001004 -0.000975 0.000604 119 1.619688 1.724717


-0.000984 -0.001008 0.000597 180 1.606464 1.793450 
-0.000892 -0.001006 0.000598 128 1.540373 1.789364 
-0.000840 -0.000935 0.000608 179 1.506773 1.641541 
-0.000926 -0.000931 0.000608 122 1.565470 1.639663 
-0.000984 -0.001008 0.000597 180 1.606464 1.793450


-0.000911 -0.000970 0.000604 120 1.554276 1.717875


-0.001029 -0.000949 0.000607 181 1.636404 1.667879 
-0.000926 -0.000931 0.000608 122 1.565470 1.639663 
-0.000910 -0.000897 0.000610 11 1.554824 1.570796 
-0.001007 -0.000899 0.000610 12 1.619514 1.570796 
-0.001029 -0.000949 0.000607 181 1.636404 1.667879


-0.000968 -0.000919 0.000609 121 1.593872 1.614052


-0.001131 -0.000974 0.000605 123 1.707946 1.698327 
-0.001165 -0.001031 0.000596 68 1.738369 1.803004 
-0.001076 -0.001012 0.000598 129 1.672550 1.789102 
-0.001029 -0.000949 0.000607 181 1.636404 1.667879 
-0.001131 -0.000974 0.000605 123 1.707946 1.698327


-0.001100 -0.000992 0.000602 122 1.688356 1.741624


-0.000701 -0.001015 0.000600 130 1.403658 1.768058 
-0.000749 -0.001066 0.000585 182 1.432559 1.888610 
-0.000659 -0.001073 0.000587 127 1.365900 1.871049 
-0.000609 -0.001031 0.000600 70 1.337465 1.763666 
-0.000701 -0.001015 0.000600 130 1.403658 1.768058


-0.000680 -0.001046 0.000594 123 1.384544 1.824588


-0.000701 -0.001015 0.000600 130 1.403658 1.768058 
-0.000792 -0.001002 0.000600 183 1.469382 1.767368 
-0.000842 -0.001068 0.000581 203 1.501311 1.912338 
-0.000749 -0.001066 0.000585 182 1.432559 1.888610 
-0.000701 -0.001015 0.000600 130 1.403658 1.768058


-0.000771 -0.001038 0.000592 124 1.451303 1.835891


-0.000842 -0.001068 0.000581 203 1.501311 1.912338 
-0.000792 -0.001002 0.000600 183 1.469382 1.767368 
-0.000892 -0.001006 0.000598 128 1.540373 1.789364 
-0.000938 -0.001078 0.000576 96 1.573711 1.940687 
-0.000842 -0.001068 0.000581 203 1.501311 1.912338


-0.000866 -0.001039 0.000590 125 1.520610 1.854469


-0.000758 -0.000946 0.000608 144 1.449763 1.647760 
-0.000717 -0.000913 0.000610 9 1.425444 1.570796 
-0.000813 -0.000902 0.000610 10 1.490134 1.570796 
-0.000840 -0.000935 0.000608 179 1.506773 1.641541 
-0.000758 -0.000946 0.000608 144 1.449763 1.647760


-0.000782 -0.000924 0.000609 126 1.467916 1.609258


-0.000926 -0.000931 0.000608 122 1.565470 1.639663 
-0.000840 -0.000935 0.000608 179 1.506773 1.641541 
-0.000813 -0.000902 0.000610 10 1.490134 1.570796 
-0.000910 -0.000897 0.000610 11 1.554824 1.570796 
-0.000926 -0.000931 0.000608 122 1.565470 1.639663


-0.000873 -0.000916 0.000609 127 1.529225 1.607184


-0.000632 -0.001157 0.000557 132 1.331477 2.034825 
-0.000687 -0.001161 0.000548 159 1.373668 2.070669 
-0.000687 -0.001174 0.000541 116 1.371190 2.099923 
-0.000632 -0.001185 0.000542 184 1.326713 2.097055 
-0.000632 -0.001157 0.000557 132 1.331477 2.034825


-0.000660 -0.001169 0.000547 128 1.350704 2.076140


-0.000632 -0.001234 0.000511 59 1.316935 2.210333 
-0.000536 -0.001282 0.000497 114 1.227418 2.255997 
-0.000497 -0.001257 0.000525 200 1.204636 2.161709 
-0.000580 -0.001204 0.000539 133 1.282360 2.107491 
-0.000632 -0.001234 0.000511 59 1.316935 2.210333


-0.000561 -0.001244 0.000518 129 1.257947 2.185827


-0.000632 -0.001185 0.000542 184 1.326713 2.097055 
-0.000580 -0.001204 0.000539 133 1.282360 2.107491 
-0.000575 -0.001178 0.000554 69 1.284053 2.045962 
-0.000632 -0.001157 0.000557 132 1.331477 2.034825 
-0.000632 -0.001185 0.000542 184 1.326713 2.097055


-0.000605 -0.001181 0.000548 130 1.306211 2.071919


-0.000748 -0.001130 0.000559 58 1.425247 2.025310 
-0.000736 -0.001166 0.000541 151 1.411032 2.100925 
-0.000687 -0.001161 0.000548 159 1.373668 2.070669 
-0.000684 -0.001129 0.000565 185 1.376107 1.998083 
-0.000748 -0.001130 0.000559 58 1.425247 2.025310


-0.000714 -0.001146 0.000553 131 1.396459 2.049305


-0.000632 -0.001157 0.000557 132 1.331477 2.034825 
-0.000575 -0.001178 0.000554 69 1.284053 2.045962 
-0.000561 -0.001144 0.000571 126 1.281674 1.965959 
-0.000629 -0.001128 0.000570 83 1.335112 1.972141 
-0.000632 -0.001157 0.000557 132 1.331477 2.034825


-0.000599 -0.001152 0.000563 132 1.308091 2.005470


-0.000629 -0.001128 0.000570 83 1.335112 1.972141 
-0.000561 -0.001144 0.000571 126 1.281674 1.965959 
-0.000523 -0.001120 0.000584 195 1.259509 1.894327 
-0.000596 -0.001104 0.000582 124 1.315281 1.904377 
-0.000629 -0.001128 0.000570 83 1.335112 1.972141


-0.000578 -0.001124 0.000577 133 1.297725 1.935260


-0.000716 -0.001184 0.000532 155 1.393087 2.134883 
-0.000830 -0.001189 0.000519 106 1.484669 2.183228 
-0.000718 -0.001221 0.000507 95 1.389173 2.224350 
-0.000667 -0.001206 0.000524 115 1.349767 2.164268 
-0.000716 -0.001184 0.000532 155 1.393087 2.134883


-0.000733 -0.001200 0.000520 134 1.404077 2.179121


-0.000497 -0.001257 0.000525 200 1.204636 2.161709 
-0.000536 -0.001282 0.000497 114 1.227418 2.255997 
-0.000443 -0.001338 0.000483 148 1.136286 2.297983 
-0.000416 -0.001313 0.000510 76 1.125042 2.211634 
-0.000497 -0.001257 0.000525 200 1.204636 2.161709


-0.000473 -0.001297 0.000504 135 1.173540 2.233621


-0.000484 -0.001228 0.000544 197 1.203676 2.087827 
-0.000497 -0.001257 0.000525 200 1.204636 2.161709 
-0.000416 -0.001313 0.000510 76 1.125042 2.211634 
-0.000391 -0.001286 0.000535 136 1.115888 2.125694 
-0.000484 -0.001228 0.000544 197 1.203676 2.087827


-0.000447 -0.001271 0.000528 136 1.162587 2.148530


-0.000427 -0.001172 0.000578 138 1.178240 1.927613 
-0.000458 -0.001200 0.000562 186 1.192400 2.008499 
-0.000365 -0.001258 0.000555 135 1.107675 2.041536 
-0.000336 -0.001229 0.000573 193 1.097311 1.955369 
-0.000427 -0.001172 0.000578 138 1.178240 1.927613


-0.000397 -0.001215 0.000567 137 1.144038 1.985340


-0.000336 -0.001229 0.000573 193 1.097311 1.955369 
-0.000229 -0.001294 0.000572 142 1.002220 1.962626 
-0.000198 -0.001261 0.000588 192 0.995949 1.868841 
-0.000301 -0.001199 0.000588 75 1.084708 1.865726 
-0.000336 -0.001229 0.000573 193 1.097311 1.955369


-0.000266 -0.001246 0.000580 138 1.045012 1.915820


-0.000301 -0.001199 0.000588 75 1.084708 1.865726 
-0.000198 -0.001261 0.000588 192 0.995949 1.868841 
-0.000166 -0.001228 0.000599 143 0.989351 1.773938 
-0.000263 -0.001169 0.000599 134 1.070851 1.773570 
-0.000301 -0.001199 0.000588 75 1.084708 1.865726


-0.000232 -0.001214 0.000594 139 1.035143 1.822972


-0.000427 -0.001172 0.000578 138 1.178240 1.927613 
-0.000523 -0.001120 0.000584 195 1.259509 1.894327 
-0.000561 -0.001144 0.000571 126 1.281674 1.965959 
-0.000458 -0.001200 0.000562 186 1.192400 2.008499 
-0.000427 -0.001172 0.000578 138 1.178240 1.927613


-0.000493 -0.001159 0.000574 140 1.228119 1.951423


-0.000443 -0.001075 0.000601 187 1.215049 1.751532 
-0.000481 -0.001097 0.000594 145 1.235265 1.820378 
-0.000390 -0.001146 0.000591 189 1.160402 1.845888 
-0.000351 -0.001118 0.000601 194 1.142597 1.760781 
-0.000443 -0.001075 0.000601 187 1.215049 1.751532


-0.000416 -0.001109 0.000597 141 1.188313 1.796604


-0.000390 -0.001049 0.000607 140 1.187157 1.662900 
-0.000304 -0.001090 0.000607 190 1.121306 1.669159 
-0.000256 -0.001059 0.000610 4 1.101993 1.570796 
-0.000344 -0.001018 0.000610 5 1.166683 1.570796 
-0.000390 -0.001049 0.000607 140 1.187157 1.662900


-0.000324 -0.001054 0.000609 142 1.144142 1.620131


-0.000525 -0.001050 0.000601 141 1.276119 1.755781 
-0.000443 -0.001075 0.000601 187 1.215049 1.751532 
-0.000390 -0.001049 0.000607 140 1.187157 1.662900 
-0.000473 -0.001017 0.000608 188 1.248416 1.661516 
-0.000525 -0.001050 0.000601 141 1.276119 1.755781


-0.000458 -0.001048 0.000605 143 1.231458 1.709533


-0.000435 -0.000983 0.000610 6 1.231373 1.570796 
-0.000473 -0.001017 0.000608 188 1.248416 1.661516 
-0.000390 -0.001049 0.000607 140 1.187157 1.662900 
-0.000344 -0.001018 0.000610 5 1.166683 1.570796 
-0.000435 -0.000983 0.000610 6 1.231373 1.570796


-0.000411 -0.001017 0.000609 144 1.208266 1.618099


-0.000580 -0.001204 0.000539 133 1.282360 2.107491 
-0.000632 -0.001185 0.000542 184 1.326713 2.097055 
-0.000667 -0.001206 0.000524 115 1.349767 2.164268 
-0.000632 -0.001234 0.000511 59 1.316935 2.210333 
-0.000580 -0.001204 0.000539 133 1.282360 2.107491


-0.000628 -0.001208 0.000529 145 1.318819 2.145392


-0.000304 -0.001090 0.000607 190 1.121306 1.669159 
-0.000351 -0.001118 0.000601 194 1.142597 1.760781 
-0.000263 -0.001169 0.000599 134 1.070851 1.773570 
-0.000221 -0.001138 0.000607 139 1.055315 1.676571 
-0.000304 -0.001090 0.000607 190 1.121306 1.669159


-0.000285 -0.001129 0.000604 146 1.097427 1.721814


-0.000481 -0.001097 0.000594 145 1.235265 1.820378 
-0.000523 -0.001120 0.000584 195 1.259509 1.894327 
-0.000427 -0.001172 0.000578 138 1.178240 1.927613 
-0.000390 -0.001146 0.000591 189 1.160402 1.845888 
-0.000481 -0.001097 0.000594 145 1.235265 1.820378


-0.000455 -0.001134 0.000587 147 1.208412 1.874162


-0.000304 -0.001090 0.000607 190 1.121306 1.669159 
-0.000221 -0.001138 0.000607 139 1.055315 1.676571 
-0.000171 -0.001105 0.000610 3 1.037303 1.570796 
-0.000256 -0.001059 0.000610 4 1.101993 1.570796 
-0.000304 -0.001090 0.000607 190 1.121306 1.669159


-0.000238 -0.001098 0.000609 148 1.078839 1.623533


-0.000443 -0.001075 0.000601 187 1.215049 1.751532 
-0.000351 -0.001118 0.000601 194 1.142597 1.760781 
-0.000304 -0.001090 0.000607 190 1.121306 1.669159 
-0.000390 -0.001049 0.000607 140 1.187157 1.662900 
-0.000443 -0.001075 0.000601 187 1.215049 1.751532


-0.000372 -0.001083 0.000605 149 1.166382 1.713003


-0.000156 -0.001400 0.000551 52 0.907923 2.061670 
-0.000258 -0.001325 0.000552 191 1.008089 2.055858 
-0.000283 -0.001356 0.000529 118 1.011396 2.146579 
-0.000182 -0.001434 0.000525 51 0.907923 2.159845 
-0.000156 -0.001400 0.000551 52 0.907923 2.061670


-0.000220 -0.001379 0.000539 150 0.958902 2.108762


-0.000229 -0.001294 0.000572 142 1.002220 1.962626 
-0.000258 -0.001325 0.000552 191 1.008089 2.055858 
-0.000156 -0.001400 0.000551 52 0.907923 2.061670 
-0.000129 -0.001365 0.000572 53 0.907923 1.963495 
-0.000229 -0.001294 0.000572 142 1.002220 1.962626


-0.000193 -0.001346 0.000561 151 0.956542 2.013666


-0.000391 -0.001286 0.000535 136 1.115888 2.125694 
-0.000283 -0.001356 0.000529 118 1.011396 2.146579 
-0.000258 -0.001325 0.000552 191 1.008089 2.055858 
-0.000365 -0.001258 0.000555 135 1.107675 2.041536 
-0.000391 -0.001286 0.000535 136 1.115888 2.125694


-0.000324 -0.001306 0.000542 152 1.060873 2.095246


-0.000365 -0.001258 0.000555 135 1.107675 2.041536 
-0.000258 -0.001325 0.000552 191 1.008089 2.055858 
-0.000229 -0.001294 0.000572 142 1.002220 1.962626 
-0.000336 -0.001229 0.000573 193 1.097311 1.955369 
-0.000365 -0.001258 0.000555 135 1.107675 2.041536


-0.000297 -0.001276 0.000563 153 1.053852 2.006639


-0.000198 -0.001261 0.000588 192 0.995949 1.868841 
-0.000229 -0.001294 0.000572 142 1.002220 1.962626 
-0.000129 -0.001365 0.000572 53 0.907923 1.963495 
-0.000100 -0.001329 0.000588 54 0.907923 1.865321 
-0.000198 -0.001261 0.000588 192 0.995949 1.868841


-0.000164 -0.001312 0.000580 154 0.953466 1.917678


-0.000263 -0.001169 0.000599 134 1.070851 1.773570 
-0.000166 -0.001228 0.000599 143 0.989351 1.773938 
-0.000130 -0.001193 0.000607 137 0.981696 1.675420 
-0.000221 -0.001138 0.000607 139 1.055315 1.676571 
-0.000263 -0.001169 0.000599 134 1.070851 1.773570


-0.000195 -0.001182 0.000603 155 1.024202 1.727041


-0.000166 -0.001228 0.000599 143 0.989351 1.773938 
-0.000198 -0.001261 0.000588 192 0.995949 1.868841 
-0.000100 -0.001329 0.000588 54 0.907923 1.865321 
-0.000071 -0.001292 0.000600 55 0.907923 1.767146 
-0.000166 -0.001228 0.000599 143 0.989351 1.773938


-0.000134 -0.001277 0.000594 156 0.950220 1.821213


-0.000301 -0.001199 0.000588 75 1.084708 1.865726 
-0.000263 -0.001169 0.000599 134 1.070851 1.773570 
-0.000351 -0.001118 0.000601 194 1.142597 1.760781 
-0.000390 -0.001146 0.000591 189 1.160402 1.845888 
-0.000301 -0.001199 0.000588 75 1.084708 1.865726


-0.000326 -0.001158 0.000595 157 1.114622 1.813398


-0.000041 -0.001253 0.000607 56 0.907923 1.668971 
-0.000130 -0.001193 0.000607 137 0.981696 1.675420 
-0.000166 -0.001228 0.000599 143 0.989351 1.773938 
-0.000071 -0.001292 0.000600 55 0.907923 1.767146 
-0.000041 -0.001253 0.000607 56 0.907923 1.668971


-0.000102 -0.001241 0.000604 158 0.946646 1.723498


-0.000301 -0.001199 0.000588 75 1.084708 1.865726 
-0.000390 -0.001146 0.000591 189 1.160402 1.845888 
-0.000427 -0.001172 0.000578 138 1.178240 1.927613 
-0.000336 -0.001229 0.000573 193 1.097311 1.955369 
-0.000301 -0.001199 0.000588 75 1.084708 1.865726


-0.000364 -0.001187 0.000583 159 1.130215 1.900666


-0.000130 -0.001193 0.000607 137 0.981696 1.675420 
-0.000041 -0.001253 0.000607 56 0.907923 1.668971 
-0.000011 -0.001215 0.000610 1 0.907923 1.570796 
-0.000089 -0.001157 0.000610 2 0.972613 1.570796 
-0.000130 -0.001193 0.000607 137 0.981696 1.675420


-0.000068 -0.001205 0.000609 160 0.942479 1.623274


-0.000221 -0.001138 0.000607 139 1.055315 1.676571 
-0.000130 -0.001193 0.000607 137 0.981696 1.675420 
-0.000089 -0.001157 0.000610 2 0.972613 1.570796 
-0.000171 -0.001105 0.000610 3 1.037303 1.570796 
-0.000221 -0.001138 0.000607 139 1.055315 1.676571


-0.000153 -0.001149 0.000609 161 1.011607 1.625228


-0.000792 -0.001002 0.000600 183 1.469382 1.767368 
-0.000701 -0.001015 0.000600 130 1.403658 1.768058 
-0.000650 -0.000966 0.000608 198 1.374514 1.653541 
-0.000758 -0.000946 0.000608 144 1.449763 1.647760 
-0.000792 -0.001002 0.000600 183 1.469382 1.767368


-0.000725 -0.000982 0.000605 162 1.424104 1.711168


-0.000596 -0.001104 0.000582 124 1.315281 1.904377 
-0.000523 -0.001120 0.000584 195 1.259509 1.894327 
-0.000481 -0.001097 0.000594 145 1.235265 1.820378 
-0.000571 -0.001082 0.000591 196 1.301494 1.845308 
-0.000596 -0.001104 0.000582 124 1.315281 1.904377


-0.000543 -0.001101 0.000588 163 1.277678 1.867434


-0.000609 -0.001031 0.000600 70 1.337465 1.763666 
-0.000525 -0.001050 0.000601 141 1.276119 1.755781 
-0.000473 -0.001017 0.000608 188 1.248416 1.661516 
-0.000558 -0.000990 0.000608 146 1.309293 1.657937 
-0.000609 -0.001031 0.000600 70 1.337465 1.763666


-0.000541 -0.001022 0.000605 164 1.292570 1.711324


-0.000484 -0.001228 0.000544 197 1.203676 2.087827 
-0.000391 -0.001286 0.000535 136 1.115888 2.125694 
-0.000365 -0.001258 0.000555 135 1.107675 2.041536 
-0.000458 -0.001200 0.000562 186 1.192400 2.008499 
-0.000484 -0.001228 0.000544 197 1.203676 2.087827


-0.000425 -0.001243 0.000549 165 1.155106 2.067980


-0.000481 -0.001097 0.000594 145 1.235265 1.820378 
-0.000443 -0.001075 0.000601 187 1.215049 1.751532 
-0.000525 -0.001050 0.000601 141 1.276119 1.755781 
-0.000571 -0.001082 0.000591 196 1.301494 1.845308 
-0.000481 -0.001097 0.000594 145 1.235265 1.820378


-0.000505 -0.001076 0.000597 166 1.256740 1.794797


-0.000558 -0.000990 0.000608 146 1.309293 1.657937 
-0.000473 -0.001017 0.000608 188 1.248416 1.661516 
-0.000435 -0.000983 0.000610 6 1.231373 1.570796 
-0.000527 -0.000953 0.000610 7 1.296063 1.570796 
-0.000558 -0.000990 0.000608 146 1.309293 1.657937


-0.000498 -0.000986 0.000609 167 1.271182 1.616805


-0.000558 -0.000990 0.000608 146 1.309293 1.657937 
-0.000650 -0.000966 0.000608 198 1.374514 1.653541 
-0.000701 -0.001015 0.000600 130 1.403658 1.768058 
-0.000609 -0.001031 0.000600 70 1.337465 1.763666 
-0.000558 -0.000990 0.000608 146 1.309293 1.657937


-0.000629 -0.001001 0.000605 168 1.355959 1.712621


-0.000621 -0.000930 0.000610 8 1.360754 1.570796 
-0.000650 -0.000966 0.000608 198 1.374514 1.653541 
-0.000558 -0.000990 0.000608 146 1.309293 1.657937 
-0.000527 -0.000953 0.000610 7 1.296063 1.570796 
-0.000621 -0.000930 0.000610 8 1.360754 1.570796


-0.000589 -0.000960 0.000609 169 1.335071 1.614895


-0.000758 -0.000946 0.000608 144 1.449763 1.647760 
-0.000650 -0.000966 0.000608 198 1.374514 1.653541 
-0.000621 -0.000930 0.000610 8 1.360754 1.570796 
-0.000717 -0.000913 0.000610 9 1.425444 1.570796 
-0.000758 -0.000946 0.000608 144 1.449763 1.647760


-0.000686 -0.000939 0.000609 170 1.402508 1.612676


-0.001013 -0.001393 0.000194 150 1.649102 2.972750 
-0.001025 -0.001400 0.000145 79 1.661463 3.071052 
-0.000900 -0.001396 0.000150 149 1.537108 3.060446 
-0.000883 -0.001392 0.000191 199 1.519837 2.978964 
-0.001013 -0.001393 0.000194 150 1.649102 2.972750


-0.000955 -0.001394 0.000170 171 1.591860 3.021294


-0.000484 -0.001228 0.000544 197 1.203676 2.087827 
-0.000575 -0.001178 0.000554 69 1.284053 2.045962 
-0.000580 -0.001204 0.000539 133 1.282360 2.107491 
-0.000497 -0.001257 0.000525 200 1.204636 2.161709 
-0.000484 -0.001228 0.000544 197 1.203676 2.087827


-0.000534 -0.001216 0.000541 172 1.244010 2.102427


-0.001345 -0.001029 0.000604 121 1.862822 1.715410 
-0.001338 -0.001098 0.000590 74 1.872289 1.853802 
-0.001251 -0.001057 0.000594 120 1.803149 1.819930 
-0.001230 -0.000999 0.000604 201 1.779379 1.714090 
-0.001345 -0.001029 0.000604 121 1.862822 1.715410


-0.001291 -0.001046 0.000599 173 1.829128 1.777916


-0.001076 -0.001012 0.000598 129 1.672550 1.789102 
-0.001165 -0.001031 0.000596 68 1.738369 1.803004 
-0.001202 -0.001081 0.000584 164 1.771523 1.891147 
-0.001165 -0.001091 0.000578 110 1.746088 1.926564 
-0.001076 -0.001012 0.000598 129 1.672550 1.789102


-0.001152 -0.001054 0.000590 174 1.731606 1.854213


