0.003797 0.001099 -0.000891 52 -0.000556 0.000732 
0.003776 0.001082 -0.000794 152 -0.000458 0.000710 
0.003800 0.001082 -0.000798 86 -0.000462 0.000734 
0.003810 0.001099 -0.000893 51 -0.000558 0.000744 
0.003797 0.001099 -0.000891 52 -0.000556 0.000732


0.003796 0.001090 -0.000844 1 -0.000509 0.000730


0.003776 0.001082 -0.000794 152 -0.000458 0.000710 
0.003703 0.001086 -0.000818 90 -0.000483 0.000637 
0.003676 0.001078 -0.000773 76 -0.000437 0.000610 
0.003739 0.001073 -0.000742 145 -0.000405 0.000673 
0.003776 0.001082 -0.000794 152 -0.000458 0.000710


0.003723 0.001080 -0.000782 2 -0.000446 0.000658


0.003785 0.001067 -0.000713 203 -0.000375 0.000719 
0.003844 0.001058 -0.000660 150 -0.000322 0.000778 
0.003837 0.001081 -0.000790 156 -0.000454 0.000772 
0.003800 0.001082 -0.000798 86 -0.000462 0.000734 
0.003785 0.001067 -0.000713 203 -0.000375 0.000719


0.003817 0.001072 -0.000740 3 -0.000403 0.000751


0.003866 0.001103 -0.000918 46 -0.000584 0.000800 
0.003886 0.001099 -0.000893 153 -0.000559 0.000820 
0.003903 0.001099 -0.000892 88 -0.000557 0.000837 
0.003875 0.001105 -0.000926 45 -0.000592 0.000809 
0.003866 0.001103 -0.000918 46 -0.000584 0.000800


0.003882 0.001102 -0.000907 4 -0.000573 0.000817


0.003894 0.001097 -0.000879 87 -0.000544 0.000828 
0.003886 0.001099 -0.000893 153 -0.000559 0.000820 
0.003866 0.001103 -0.000918 46 -0.000584 0.000800 
0.003856 0.001102 -0.000911 47 -0.000576 0.000790 
0.003894 0.001097 -0.000879 87 -0.000544 0.000828


0.003875 0.001100 -0.000900 5 -0.000566 0.000809


0.003903 0.001099 -0.000892 88 -0.000557 0.000837 
0.003886 0.001099 -0.000893 153 -0.000559 0.000820 
0.003894 0.001097 -0.000879 87 -0.000544 0.000828 
0.003940 0.001093 -0.000860 96 -0.000525 0.000874 
0.003903 0.001099 -0.000892 88 -0.000557 0.000837


0.003905 0.001097 -0.000881 6 -0.000546 0.000840


0.003776 0.001082 -0.000794 152 -0.000458 0.000710 
0.003797 0.001099 -0.000891 52 -0.000556 0.000732 
0.003785 0.001099 -0.000890 53 -0.000556 0.000719 
0.003703 0.001086 -0.000818 90 -0.000483 0.000637 
0.003776 0.001082 -0.000794 152 -0.000458 0.000710


0.003765 0.001091 -0.000849 7 -0.000513 0.000699


0.003960 0.001104 -0.000922 93 -0.000588 0.000894 
0.003959 0.001108 -0.000942 181 -0.000608 0.000894 
0.003897 0.001110 -0.000956 42 -0.000622 0.000831 
0.003891 0.001108 -0.000945 43 -0.000611 0.000825 
0.003960 0.001104 -0.000922 93 -0.000588 0.000894


0.003927 0.001108 -0.000941 8 -0.000607 0.000861


0.004078 0.001091 -0.000845 212 -0.000510 0.001013 
0.004025 0.001098 -0.000886 154 -0.000552 0.000960 
0.003968 0.001096 -0.000873 208 -0.000538 0.000902 
0.004017 0.001087 -0.000827 209 -0.000491 0.000951 
0.004078 0.001091 -0.000845 212 -0.000510 0.001013


0.004022 0.001093 -0.000858 9 -0.000523 0.000957


0.004078 0.001091 -0.000845 212 -0.000510 0.001013 
0.004096 0.001097 -0.000879 213 -0.000544 0.001030 
0.004027 0.001103 -0.000913 92 -0.000578 0.000961 
0.004025 0.001098 -0.000886 154 -0.000552 0.000960 
0.004078 0.001091 -0.000845 212 -0.000510 0.001013


0.004057 0.001097 -0.000881 10 -0.000546 0.000991


0.004639 0.001037 -0.000541 155 -0.000201 0.001573 
0.004727 0.001040 -0.000559 146 -0.000219 0.001661 
0.004695 0.001063 -0.000688 196 -0.000351 0.001630 
0.004646 0.001055 -0.000642 134 -0.000303 0.001580 
0.004639 0.001037 -0.000541 155 -0.000201 0.001573


0.004677 0.001049 -0.000608 11 -0.000269 0.001611


0.004579 0.001045 -0.000585 94 -0.000246 0.001513 
0.004639 0.001037 -0.000541 155 -0.000201 0.001573 
0.004646 0.001055 -0.000642 134 -0.000303 0.001580 
0.004597 0.001061 -0.000678 81 -0.000340 0.001531 
0.004579 0.001045 -0.000585 94 -0.000246 0.001513


0.004615 0.001049 -0.000612 12 -0.000273 0.001549


0.004542 0.001024 -0.000464 182 -0.000123 0.001476 
0.004458 0.001028 -0.000488 136 -0.000147 0.001392 
0.004400 0.001002 -0.000343 15 -0.000000 0.001335 
0.004504 0.001002 -0.000343 16 -0.000000 0.001438 
0.004542 0.001024 -0.000464 182 -0.000123 0.001476


0.004476 0.001014 -0.000410 13 -0.000068 0.001410


0.003800 0.001082 -0.000798 86 -0.000462 0.000734 
0.003837 0.001081 -0.000790 156 -0.000454 0.000772 
0.003822 0.001100 -0.000896 50 -0.000561 0.000756 
0.003810 0.001099 -0.000893 51 -0.000558 0.000744 
0.003800 0.001082 -0.000798 86 -0.000462 0.000734


0.003817 0.001090 -0.000844 14 -0.000509 0.000751


0.003976 0.001072 -0.000738 170 -0.000401 0.000910 
0.003957 0.001085 -0.000810 101 -0.000475 0.000892 
0.003903 0.001089 -0.000838 159 -0.000503 0.000837 
0.003877 0.001082 -0.000797 84 -0.000461 0.000811 
0.003976 0.001072 -0.000738 170 -0.000401 0.000910


0.003928 0.001082 -0.000796 15 -0.000460 0.000863


0.003837 0.001081 -0.000790 156 -0.000454 0.000772 
0.003877 0.001082 -0.000797 84 -0.000461 0.000811 
0.003834 0.001100 -0.000899 49 -0.000565 0.000768 
0.003822 0.001100 -0.000896 50 -0.000561 0.000756 
0.003837 0.001081 -0.000790 156 -0.000454 0.000772


0.003843 0.001091 -0.000846 16 -0.000510 0.000777


0.003992 0.001022 -0.000456 99 -0.000115 0.000926 
0.003878 0.001024 -0.000467 198 -0.000126 0.000812 
0.003881 0.001002 -0.000343 10 -0.000000 0.000815 
0.003985 0.001002 -0.000343 11 -0.000000 0.000919 
0.003992 0.001022 -0.000456 99 -0.000115 0.000926


0.003934 0.001013 -0.000402 17 -0.000060 0.000868


0.003911 0.001033 -0.000520 97 -0.000180 0.000845 
0.003878 0.001024 -0.000467 198 -0.000126 0.000812 
0.003992 0.001022 -0.000456 99 -0.000115 0.000926 
0.004003 0.001042 -0.000569 74 -0.000230 0.000937 
0.003911 0.001033 -0.000520 97 -0.000180 0.000845


0.003946 0.001030 -0.000503 18 -0.000163 0.000880


0.004103 0.001131 -0.001076 177 -0.000744 0.001037 
0.004211 0.001131 -0.001075 129 -0.000743 0.001145 
0.004245 0.001145 -0.001152 204 -0.000822 0.001179 
0.004122 0.001150 -0.001182 98 -0.000851 0.001056 
0.004103 0.001131 -0.001076 177 -0.000744 0.001037


0.004170 0.001139 -0.001121 19 -0.000790 0.001104


0.004072 0.001062 -0.000680 207 -0.000342 0.001006 
0.004164 0.001071 -0.000734 117 -0.000397 0.001098 
0.004105 0.001081 -0.000793 186 -0.000457 0.001039 
0.004043 0.001074 -0.000753 138 -0.000416 0.000977 
0.004072 0.001062 -0.000680 207 -0.000342 0.001006


0.004096 0.001072 -0.000740 20 -0.000403 0.001030


0.003992 0.001022 -0.000456 99 -0.000115 0.000926 
0.004103 0.001026 -0.000480 158 -0.000140 0.001037 
0.004114 0.001051 -0.000621 100 -0.000283 0.001048 
0.004003 0.001042 -0.000569 74 -0.000230 0.000937 
0.003992 0.001022 -0.000456 99 -0.000115 0.000926


0.004053 0.001035 -0.000532 21 -0.000192 0.000987


0.004089 0.001002 -0.000343 12 -0.000000 0.001023 
0.004103 0.001026 -0.000480 158 -0.000140 0.001037 
0.003992 0.001022 -0.000456 99 -0.000115 0.000926 
0.003985 0.001002 -0.000343 11 -0.000000 0.000919 
0.004089 0.001002 -0.000343 12 -0.000000 0.001023


0.004042 0.001013 -0.000406 22 -0.000064 0.000976


0.003845 0.001101 -0.000905 48 -0.000570 0.000779 
0.003903 0.001089 -0.000838 159 -0.000503 0.000837 
0.003894 0.001097 -0.000879 87 -0.000544 0.000828 
0.003856 0.001102 -0.000911 47 -0.000576 0.000790 
0.003845 0.001101 -0.000905 48 -0.000570 0.000779


0.003874 0.001097 -0.000883 23 -0.000548 0.000808


0.003877 0.001082 -0.000797 84 -0.000461 0.000811 
0.003903 0.001089 -0.000838 159 -0.000503 0.000837 
0.003845 0.001101 -0.000905 48 -0.000570 0.000779 
0.003834 0.001100 -0.000899 49 -0.000565 0.000768 
0.003877 0.001082 -0.000797 84 -0.000461 0.000811


0.003865 0.001093 -0.000860 24 -0.000525 0.000799


0.003894 0.001097 -0.000879 87 -0.000544 0.000828 
0.003903 0.001089 -0.000838 159 -0.000503 0.000837 
0.003957 0.001085 -0.000810 101 -0.000475 0.000892 
0.003940 0.001093 -0.000860 96 -0.000525 0.000874 
0.003894 0.001097 -0.000879 87 -0.000544 0.000828


0.003923 0.001091 -0.000847 25 -0.000512 0.000858


0.003906 0.001114 -0.000979 40 -0.000645 0.000840 
0.003946 0.001115 -0.000981 160 -0.000648 0.000880 
0.003968 0.001117 -0.000996 103 -0.000663 0.000902 
0.003908 0.001116 -0.000991 39 -0.000658 0.000843 
0.003906 0.001114 -0.000979 40 -0.000645 0.000840


0.003932 0.001116 -0.000987 26 -0.000654 0.000866


0.003959 0.001111 -0.000963 102 -0.000629 0.000893 
0.003946 0.001115 -0.000981 160 -0.000648 0.000880 
0.003906 0.001114 -0.000979 40 -0.000645 0.000840 
0.003902 0.001112 -0.000967 41 -0.000634 0.000836 
0.003959 0.001111 -0.000963 102 -0.000629 0.000893


0.003928 0.001113 -0.000972 27 -0.000639 0.000862


0.003968 0.001117 -0.000996 103 -0.000663 0.000902 
0.003946 0.001115 -0.000981 160 -0.000648 0.000880 
0.003959 0.001111 -0.000963 102 -0.000629 0.000893 
0.004016 0.001112 -0.000968 211 -0.000635 0.000950 
0.003968 0.001117 -0.000996 103 -0.000663 0.000902


0.003972 0.001114 -0.000977 28 -0.000644 0.000906


0.004370 0.001140 -0.001127 151 -0.000796 0.001304 
0.004424 0.001127 -0.001051 149 -0.000719 0.001358 
0.004518 0.001130 -0.001068 175 -0.000736 0.001452 
0.004494 0.001146 -0.001161 194 -0.000831 0.001428 
0.004370 0.001140 -0.001127 151 -0.000796 0.001304


0.004451 0.001136 -0.001102 29 -0.000771 0.001386


0.004429 0.001106 -0.000931 104 -0.000597 0.001363 
0.004355 0.001106 -0.000934 79 -0.000600 0.001289 
0.004331 0.001094 -0.000861 105 -0.000526 0.001266 
0.004438 0.001097 -0.000880 73 -0.000545 0.001372 
0.004429 0.001106 -0.000931 104 -0.000597 0.001363


0.004388 0.001101 -0.000902 30 -0.000567 0.001323


0.004388 0.001117 -0.000993 106 -0.000660 0.001323 
0.004355 0.001106 -0.000934 79 -0.000600 0.001289 
0.004429 0.001106 -0.000931 104 -0.000597 0.001363 
0.004436 0.001115 -0.000983 161 -0.000649 0.001370 
0.004388 0.001117 -0.000993 106 -0.000660 0.001323


0.004402 0.001111 -0.000960 31 -0.000627 0.001336


0.004010 0.001148 -0.001169 162 -0.000838 0.000944 
0.004122 0.001150 -0.001182 98 -0.000851 0.001056 
0.004125 0.001165 -0.001265 33 -0.000937 0.001059 
0.004009 0.001165 -0.001265 34 -0.000937 0.000944 
0.004010 0.001148 -0.001169 162 -0.000838 0.000944


0.004066 0.001157 -0.001220 32 -0.000891 0.001001


0.003902 0.001143 -0.001141 36 -0.000810 0.000836 
0.004010 0.001148 -0.001169 162 -0.000838 0.000944 
0.004009 0.001165 -0.001265 34 -0.000937 0.000944 
0.003894 0.001165 -0.001265 35 -0.000937 0.000828 
0.003902 0.001143 -0.001141 36 -0.000810 0.000836


0.003954 0.001155 -0.001210 33 -0.000880 0.000888


0.004010 0.001135 -0.001095 107 -0.000763 0.000945 
0.004010 0.001148 -0.001169 162 -0.000838 0.000944 
0.003902 0.001143 -0.001141 36 -0.000810 0.000836 
0.003909 0.001121 -0.001015 37 -0.000683 0.000844 
0.004010 0.001135 -0.001095 107 -0.000763 0.000945


0.003958 0.001136 -0.001105 34 -0.000774 0.000892


0.003128 0.001067 -0.000710 72 -0.000373 0.000062 
0.003186 0.001059 -0.000663 163 -0.000325 0.000120 
0.003154 0.001069 -0.000725 109 -0.000388 0.000088 
0.003130 0.001070 -0.000730 71 -0.000393 0.000064 
0.003128 0.001067 -0.000710 72 -0.000373 0.000062


0.003150 0.001066 -0.000707 35 -0.000370 0.000084


0.003214 0.001047 -0.000600 108 -0.000260 0.000148 
0.003186 0.001059 -0.000663 163 -0.000325 0.000120 
0.003128 0.001067 -0.000710 72 -0.000373 0.000062 
0.003129 0.001063 -0.000690 1 -0.000353 0.000063 
0.003214 0.001047 -0.000600 108 -0.000260 0.000148


0.003164 0.001059 -0.000666 36 -0.000328 0.000098


0.003192 0.001072 -0.000740 214 -0.000403 0.000126 
0.003186 0.001059 -0.000663 163 -0.000325 0.000120 
0.003214 0.001047 -0.000600 108 -0.000260 0.000148 
0.003260 0.001056 -0.000649 157 -0.000310 0.000194 
0.003192 0.001072 -0.000740 214 -0.000403 0.000126


0.003213 0.001059 -0.000663 37 -0.000325 0.000147


0.003225 0.001032 -0.000512 80 -0.000171 0.000160 
0.003311 0.001032 -0.000511 119 -0.000171 0.000245 
0.003260 0.001056 -0.000649 157 -0.000310 0.000194 
0.003214 0.001047 -0.000600 108 -0.000260 0.000148 
0.003225 0.001032 -0.000512 80 -0.000171 0.000160


0.003253 0.001042 -0.000568 38 -0.000228 0.000187


0.003233 0.001095 -0.000868 62 -0.000533 0.000168 
0.003223 0.001089 -0.000837 164 -0.000502 0.000157 
0.003258 0.001085 -0.000811 120 -0.000475 0.000193 
0.003252 0.001096 -0.000876 61 -0.000542 0.000186 
0.003233 0.001095 -0.000868 62 -0.000533 0.000168


0.003242 0.001091 -0.000848 39 -0.000513 0.000176


0.003213 0.001090 -0.000839 110 -0.000503 0.000147 
0.003223 0.001089 -0.000837 164 -0.000502 0.000157 
0.003233 0.001095 -0.000868 62 -0.000533 0.000168 
0.003216 0.001093 -0.000859 63 -0.000524 0.000150 
0.003213 0.001090 -0.000839 110 -0.000503 0.000147


0.003221 0.001092 -0.000851 40 -0.000516 0.000155


0.003208 0.001084 -0.000808 111 -0.000472 0.000142 
0.003223 0.001089 -0.000837 164 -0.000502 0.000157 
0.003213 0.001090 -0.000839 110 -0.000503 0.000147 
0.003200 0.001086 -0.000817 128 -0.000481 0.000134 
0.003208 0.001084 -0.000808 111 -0.000472 0.000142


0.003211 0.001087 -0.000825 41 -0.000490 0.000145


0.003170 0.001086 -0.000820 66 -0.000484 0.000105 
0.003183 0.001085 -0.000814 165 -0.000478 0.000117 
0.003192 0.001087 -0.000826 113 -0.000491 0.000126 
0.003184 0.001089 -0.000834 65 -0.000499 0.000118 
0.003170 0.001086 -0.000820 66 -0.000484 0.000105


0.003182 0.001087 -0.000824 42 -0.000488 0.000116


0.003171 0.001083 -0.000802 112 -0.000466 0.000105 
0.003183 0.001085 -0.000814 165 -0.000478 0.000117 
0.003170 0.001086 -0.000820 66 -0.000484 0.000105 
0.003158 0.001083 -0.000804 67 -0.000468 0.000092 
0.003171 0.001083 -0.000802 112 -0.000466 0.000105


0.003171 0.001084 -0.000810 43 -0.000474 0.000105


0.003192 0.001087 -0.000826 113 -0.000491 0.000126 
0.003183 0.001085 -0.000814 165 -0.000478 0.000117 
0.003185 0.001082 -0.000798 217 -0.000462 0.000120 
0.003200 0.001086 -0.000817 128 -0.000481 0.000134 
0.003192 0.001087 -0.000826 113 -0.000491 0.000126


0.003190 0.001085 -0.000814 44 -0.000478 0.000124


0.003199 0.001091 -0.000847 64 -0.000512 0.000133 
0.003204 0.001090 -0.000839 166 -0.000504 0.000138 
0.003213 0.001090 -0.000839 110 -0.000503 0.000147 
0.003216 0.001093 -0.000859 63 -0.000524 0.000150 
0.003199 0.001091 -0.000847 64 -0.000512 0.000133


0.003208 0.001091 -0.000846 45 -0.000511 0.000142


0.003192 0.001087 -0.000826 113 -0.000491 0.000126 
0.003204 0.001090 -0.000839 166 -0.000504 0.000138 
0.003199 0.001091 -0.000847 64 -0.000512 0.000133 
0.003184 0.001089 -0.000834 65 -0.000499 0.000118 
0.003192 0.001087 -0.000826 113 -0.000491 0.000126


0.003195 0.001089 -0.000837 46 -0.000501 0.000129


0.003213 0.001090 -0.000839 110 -0.000503 0.000147 
0.003204 0.001090 -0.000839 166 -0.000504 0.000138 
0.003192 0.001087 -0.000826 113 -0.000491 0.000126 
0.003200 0.001086 -0.000817 128 -0.000481 0.000134 
0.003213 0.001090 -0.000839 110 -0.000503 0.000147


0.003202 0.001088 -0.000830 47 -0.000495 0.000136


0.003134 0.001074 -0.000750 70 -0.000413 0.000068 
0.003162 0.001073 -0.000745 167 -0.000408 0.000097 
0.003166 0.001078 -0.000775 114 -0.000439 0.000100 
0.003140 0.001077 -0.000769 69 -0.000432 0.000074 
0.003134 0.001074 -0.000750 70 -0.000413 0.000068


0.003150 0.001076 -0.000760 48 -0.000423 0.000085


0.003154 0.001069 -0.000725 109 -0.000388 0.000088 
0.003162 0.001073 -0.000745 167 -0.000408 0.000097 
0.003134 0.001074 -0.000750 70 -0.000413 0.000068 
0.003130 0.001070 -0.000730 71 -0.000393 0.000064 
0.003154 0.001069 -0.000725 109 -0.000388 0.000088


0.003145 0.001072 -0.000737 49 -0.000400 0.000079


0.003166 0.001078 -0.000775 114 -0.000439 0.000100 
0.003162 0.001073 -0.000745 167 -0.000408 0.000097 
0.003192 0.001072 -0.000740 214 -0.000403 0.000126 
0.003191 0.001080 -0.000783 141 -0.000447 0.000125 
0.003166 0.001078 -0.000775 114 -0.000439 0.000100


0.003178 0.001076 -0.000761 50 -0.000424 0.000112


0.003148 0.001080 -0.000787 68 -0.000450 0.000082 
0.003167 0.001080 -0.000785 168 -0.000449 0.000101 
0.003171 0.001083 -0.000802 112 -0.000466 0.000105 
0.003158 0.001083 -0.000804 67 -0.000468 0.000092 
0.003148 0.001080 -0.000787 68 -0.000450 0.000082


0.003161 0.001082 -0.000794 51 -0.000458 0.000095


0.003166 0.001078 -0.000775 114 -0.000439 0.000100 
0.003167 0.001080 -0.000785 168 -0.000449 0.000101 
0.003148 0.001080 -0.000787 68 -0.000450 0.000082 
0.003140 0.001077 -0.000769 69 -0.000432 0.000074 
0.003166 0.001078 -0.000775 114 -0.000439 0.000100


0.003155 0.001079 -0.000779 52 -0.000442 0.000089


0.003185 0.001082 -0.000798 217 -0.000462 0.000120 
0.003167 0.001080 -0.000785 168 -0.000449 0.000101 
0.003166 0.001078 -0.000775 114 -0.000439 0.000100 
0.003191 0.001080 -0.000783 141 -0.000447 0.000125 
0.003185 0.001082 -0.000798 217 -0.000462 0.000120


0.003177 0.001080 -0.000785 53 -0.000449 0.000111


0.004712 0.001002 -0.000343 18 -0.000000 0.001646 
0.004718 0.001020 -0.000446 169 -0.000105 0.001652 
0.004626 0.001019 -0.000441 115 -0.000099 0.001560 
0.004608 0.001002 -0.000343 17 -0.000000 0.001542 
0.004712 0.001002 -0.000343 18 -0.000000 0.001646


0.004666 0.001011 -0.000393 54 -0.000051 0.001600


0.004816 0.001022 -0.000458 20 -0.000117 0.001750 
0.004718 0.001020 -0.000446 169 -0.000105 0.001652 
0.004712 0.001002 -0.000343 18 -0.000000 0.001646 
0.004816 0.001002 -0.000343 19 0.000000 0.001750 
0.004816 0.001022 -0.000458 20 -0.000117 0.001750


0.004765 0.001012 -0.000398 55 -0.000056 0.001700


0.004727 0.001040 -0.000559 146 -0.000219 0.001661 
0.004639 0.001037 -0.000541 155 -0.000201 0.001573 
0.004626 0.001019 -0.000441 115 -0.000099 0.001560 
0.004718 0.001020 -0.000446 169 -0.000105 0.001652 
0.004727 0.001040 -0.000559 146 -0.000219 0.001661


0.004677 0.001029 -0.000497 56 -0.000156 0.001612


0.003886 0.001057 -0.000654 202 -0.000316 0.000820 
0.003980 0.001056 -0.000648 116 -0.000310 0.000914 
0.003976 0.001072 -0.000738 170 -0.000401 0.000910 
0.003877 0.001082 -0.000797 84 -0.000461 0.000811 
0.003886 0.001057 -0.000654 202 -0.000316 0.000820


0.003930 0.001067 -0.000709 57 -0.000372 0.000864


0.003886 0.001057 -0.000654 202 -0.000316 0.000820 
0.003877 0.001082 -0.000797 84 -0.000461 0.000811 
0.003837 0.001081 -0.000790 156 -0.000454 0.000772 
0.003844 0.001058 -0.000660 150 -0.000322 0.000778 
0.003886 0.001057 -0.000654 202 -0.000316 0.000820


0.003861 0.001070 -0.000725 58 -0.000388 0.000795


0.003976 0.001072 -0.000738 170 -0.000401 0.000910 
0.004043 0.001074 -0.000753 138 -0.000416 0.000977 
0.004017 0.001087 -0.000827 209 -0.000491 0.000951 
0.003957 0.001085 -0.000810 101 -0.000475 0.000892 
0.003976 0.001072 -0.000738 170 -0.000401 0.000910


0.003998 0.001080 -0.000782 59 -0.000446 0.000933


0.004385 0.001077 -0.000769 174 -0.000433 0.001319 
0.004430 0.001081 -0.000793 125 -0.000457 0.001364 
0.004438 0.001097 -0.000880 73 -0.000545 0.001372 
0.004331 0.001094 -0.000861 105 -0.000526 0.001266 
0.004385 0.001077 -0.000769 174 -0.000433 0.001319


0.004396 0.001087 -0.000826 60 -0.000490 0.001330


0.004550 0.001114 -0.000977 179 -0.000644 0.001484 
0.004491 0.001115 -0.000985 132 -0.000651 0.001425 
0.004491 0.001106 -0.000931 183 -0.000597 0.001425 
0.004557 0.001099 -0.000893 171 -0.000559 0.001491 
0.004550 0.001114 -0.000977 179 -0.000644 0.001484


0.004522 0.001109 -0.000946 61 -0.000613 0.001456


0.004287 0.001058 -0.000659 118 -0.000321 0.001222 
0.004245 0.001082 -0.000794 75 -0.000458 0.001179 
0.004164 0.001071 -0.000734 117 -0.000397 0.001098 
0.004189 0.001050 -0.000617 180 -0.000278 0.001123 
0.004287 0.001058 -0.000659 118 -0.000321 0.001222


0.004221 0.001065 -0.000701 62 -0.000364 0.001156


0.003142 0.001033 -0.000517 2 -0.000176 0.000076 
0.003225 0.001032 -0.000512 80 -0.000171 0.000160 
0.003214 0.001047 -0.000600 108 -0.000260 0.000148 
0.003129 0.001063 -0.000690 1 -0.000353 0.000063 
0.003142 0.001033 -0.000517 2 -0.000176 0.000076


0.003177 0.001044 -0.000580 63 -0.000240 0.000112


0.003676 0.001078 -0.000773 76 -0.000437 0.000610 
0.003634 0.001069 -0.000721 89 -0.000384 0.000569 
0.003711 0.001060 -0.000671 206 -0.000333 0.000646 
0.003739 0.001073 -0.000742 145 -0.000405 0.000673 
0.003676 0.001078 -0.000773 76 -0.000437 0.000610


0.003690 0.001070 -0.000727 64 -0.000390 0.000624


0.003634 0.001069 -0.000721 89 -0.000384 0.000569 
0.003550 0.001078 -0.000772 191 -0.000436 0.000484 
0.003508 0.001070 -0.000730 122 -0.000392 0.000442 
0.003598 0.001060 -0.000669 188 -0.000331 0.000532 
0.003634 0.001069 -0.000721 89 -0.000384 0.000569


0.003572 0.001069 -0.000723 65 -0.000386 0.000507


0.003544 0.001041 -0.000566 121 -0.000226 0.000478 
0.003598 0.001060 -0.000669 188 -0.000331 0.000532 
0.003508 0.001070 -0.000730 122 -0.000392 0.000442 
0.003466 0.001063 -0.000687 215 -0.000349 0.000400 
0.003544 0.001041 -0.000566 121 -0.000226 0.000478


0.003529 0.001058 -0.000663 66 -0.000325 0.000463


0.003544 0.001041 -0.000566 121 -0.000226 0.000478 
0.003387 0.001034 -0.000522 189 -0.000181 0.000321 
0.003466 0.001002 -0.000343 6 -0.000000 0.000400 
0.003570 0.001002 -0.000343 7 -0.000000 0.000504 
0.003544 0.001041 -0.000566 121 -0.000226 0.000478


0.003492 0.001020 -0.000443 67 -0.000102 0.000426


0.003671 0.001099 -0.000890 54 -0.000556 0.000606 
0.003633 0.001091 -0.000849 173 -0.000514 0.000567 
0.003703 0.001086 -0.000818 90 -0.000483 0.000637 
0.003785 0.001099 -0.000890 53 -0.000556 0.000719 
0.003671 0.001099 -0.000890 54 -0.000556 0.000606


0.003698 0.001094 -0.000862 68 -0.000527 0.000632


0.003593 0.001084 -0.000809 123 -0.000473 0.000528 
0.003510 0.001091 -0.000849 190 -0.000514 0.000444 
0.003438 0.001087 -0.000827 127 -0.000491 0.000372 
0.003550 0.001078 -0.000772 191 -0.000436 0.000484 
0.003593 0.001084 -0.000809 123 -0.000473 0.000528


0.003523 0.001085 -0.000814 69 -0.000479 0.000457


0.003703 0.001086 -0.000818 90 -0.000483 0.000637 
0.003633 0.001091 -0.000849 173 -0.000514 0.000567 
0.003593 0.001084 -0.000809 123 -0.000473 0.000528 
0.003676 0.001078 -0.000773 76 -0.000437 0.000610 
0.003703 0.001086 -0.000818 90 -0.000483 0.000637


0.003651 0.001085 -0.000813 70 -0.000477 0.000586


0.004385 0.001077 -0.000769 174 -0.000433 0.001319 
0.004331 0.001094 -0.000861 105 -0.000526 0.001266 
0.004245 0.001082 -0.000794 75 -0.000458 0.001179 
0.004287 0.001058 -0.000659 118 -0.000321 0.001222 
0.004385 0.001077 -0.000769 174 -0.000433 0.001319


0.004312 0.001078 -0.000771 71 -0.000434 0.001246


0.004419 0.001055 -0.000644 124 -0.000306 0.001353 
0.004385 0.001077 -0.000769 174 -0.000433 0.001319 
0.004287 0.001058 -0.000659 118 -0.000321 0.001222 
0.004335 0.001038 -0.000546 78 -0.000206 0.001269 
0.004419 0.001055 -0.000644 124 -0.000306 0.001353


0.004357 0.001057 -0.000654 72 -0.000316 0.001291


0.004419 0.001055 -0.000644 124 -0.000306 0.001353 
0.004495 0.001077 -0.000766 184 -0.000429 0.001429 
0.004430 0.001081 -0.000793 125 -0.000457 0.001364 
0.004385 0.001077 -0.000769 174 -0.000433 0.001319 
0.004419 0.001055 -0.000644 124 -0.000306 0.001353


0.004432 0.001073 -0.000743 73 -0.000406 0.001366


0.003311 0.001098 -0.000890 58 -0.000555 0.000245 
0.003409 0.001085 -0.000813 77 -0.000477 0.000343 
0.003438 0.001087 -0.000827 127 -0.000491 0.000372 
0.003331 0.001099 -0.000890 57 -0.000556 0.000265 
0.003311 0.001098 -0.000890 58 -0.000555 0.000245


0.003372 0.001092 -0.000855 74 -0.000520 0.000306


0.003371 0.001082 -0.000796 126 -0.000460 0.000305 
0.003409 0.001085 -0.000813 77 -0.000477 0.000343 
0.003311 0.001098 -0.000890 58 -0.000555 0.000245 
0.003291 0.001098 -0.000887 59 -0.000552 0.000225 
0.003371 0.001082 -0.000796 126 -0.000460 0.000305


0.003345 0.001091 -0.000846 75 -0.000511 0.000279


0.004598 0.001129 -0.001065 219 -0.000733 0.001532 
0.004599 0.001146 -0.001158 131 -0.000828 0.001533 
0.004494 0.001146 -0.001161 194 -0.000831 0.001428 
0.004518 0.001130 -0.001068 175 -0.000736 0.001452 
0.004598 0.001129 -0.001065 219 -0.000733 0.001532


0.004552 0.001138 -0.001113 76 -0.000782 0.001486


0.003271 0.001097 -0.000883 60 -0.000548 0.000205 
0.003309 0.001080 -0.000787 176 -0.000451 0.000243 
0.003371 0.001082 -0.000796 126 -0.000460 0.000305 
0.003291 0.001098 -0.000887 59 -0.000552 0.000225 
0.003271 0.001097 -0.000883 60 -0.000548 0.000205


0.003311 0.001089 -0.000838 77 -0.000503 0.000245


0.003258 0.001085 -0.000811 120 -0.000475 0.000193 
0.003309 0.001080 -0.000787 176 -0.000451 0.000243 
0.003271 0.001097 -0.000883 60 -0.000548 0.000205 
0.003252 0.001096 -0.000876 61 -0.000542 0.000186 
0.003258 0.001085 -0.000811 120 -0.000475 0.000193


0.003273 0.001090 -0.000839 78 -0.000504 0.000207


0.003371 0.001082 -0.000796 126 -0.000460 0.000305 
0.003309 0.001080 -0.000787 176 -0.000451 0.000243 
0.003308 0.001064 -0.000697 192 -0.000359 0.000242 
0.003466 0.001063 -0.000687 215 -0.000349 0.000400 
0.003371 0.001082 -0.000796 126 -0.000460 0.000305


0.003363 0.001072 -0.000742 79 -0.000405 0.000298


0.004010 0.001148 -0.001169 162 -0.000838 0.000944 
0.004010 0.001135 -0.001095 107 -0.000763 0.000945 
0.004103 0.001131 -0.001076 177 -0.000744 0.001037 
0.004122 0.001150 -0.001182 98 -0.000851 0.001056 
0.004010 0.001148 -0.001169 162 -0.000838 0.000944


0.004061 0.001141 -0.001130 80 -0.000799 0.000995


0.003308 0.001064 -0.000697 192 -0.000359 0.000242 
0.003234 0.001077 -0.000766 218 -0.000429 0.000168 
0.003192 0.001072 -0.000740 214 -0.000403 0.000126 
0.003260 0.001056 -0.000649 157 -0.000310 0.000194 
0.003308 0.001064 -0.000697 192 -0.000359 0.000242


0.003248 0.001067 -0.000713 81 -0.000375 0.000183


0.004211 0.001131 -0.001075 129 -0.000743 0.001145 
0.004103 0.001131 -0.001076 177 -0.000744 0.001037 
0.004077 0.001122 -0.001024 139 -0.000691 0.001011 
0.004170 0.001118 -0.001001 85 -0.000668 0.001104 
0.004211 0.001131 -0.001075 129 -0.000743 0.001145


0.004140 0.001126 -0.001044 82 -0.000712 0.001074


0.004701 0.001165 -0.001265 28 -0.000937 0.001635 
0.004704 0.001145 -0.001156 178 -0.000825 0.001638 
0.004816 0.001144 -0.001150 26 -0.000820 0.001750 
0.004816 0.001165 -0.001265 27 -0.000937 0.001750 
0.004701 0.001165 -0.001265 28 -0.000937 0.001635


0.004759 0.001155 -0.001209 83 -0.000879 0.001693


0.004599 0.001146 -0.001158 131 -0.000828 0.001533 
0.004598 0.001129 -0.001065 219 -0.000733 0.001532 
0.004685 0.001124 -0.001031 195 -0.000699 0.001619 
0.004704 0.001145 -0.001156 178 -0.000825 0.001638 
0.004599 0.001146 -0.001158 131 -0.000828 0.001533


0.004646 0.001136 -0.001102 84 -0.000771 0.001581


0.004704 0.001145 -0.001156 178 -0.000825 0.001638 
0.004685 0.001124 -0.001031 195 -0.000699 0.001619 
0.004816 0.001124 -0.001035 25 -0.000702 0.001750 
0.004816 0.001144 -0.001150 26 -0.000820 0.001750 
0.004704 0.001145 -0.001156 178 -0.000825 0.001638


0.004755 0.001134 -0.001093 85 -0.000762 0.001689


0.004491 0.001115 -0.000985 132 -0.000651 0.001425 
0.004550 0.001114 -0.000977 179 -0.000644 0.001484 
0.004518 0.001130 -0.001068 175 -0.000736 0.001452 
0.004424 0.001127 -0.001051 149 -0.000719 0.001358 
0.004491 0.001115 -0.000985 132 -0.000651 0.001425


0.004496 0.001122 -0.001020 86 -0.000688 0.001430


0.004610 0.001113 -0.000972 130 -0.000638 0.001544 
0.004550 0.001114 -0.000977 179 -0.000644 0.001484 
0.004557 0.001099 -0.000893 171 -0.000559 0.001491 
0.004625 0.001094 -0.000865 83 -0.000530 0.001560 
0.004610 0.001113 -0.000972 130 -0.000638 0.001544


0.004585 0.001105 -0.000927 87 -0.000593 0.001520


0.004518 0.001130 -0.001068 175 -0.000736 0.001452 
0.004550 0.001114 -0.000977 179 -0.000644 0.001484 
0.004610 0.001113 -0.000972 130 -0.000638 0.001544 
0.004598 0.001129 -0.001065 219 -0.000733 0.001532 
0.004518 0.001130 -0.001068 175 -0.000736 0.001452


0.004569 0.001122 -0.001020 88 -0.000688 0.001503


0.004717 0.001085 -0.000816 135 -0.000480 0.001651 
0.004695 0.001063 -0.000688 196 -0.000351 0.001630 
0.004816 0.001063 -0.000689 22 -0.000351 0.001750 
0.004816 0.001083 -0.000804 23 -0.000468 0.001750 
0.004717 0.001085 -0.000816 135 -0.000480 0.001651


0.004761 0.001074 -0.000749 89 -0.000413 0.001695


0.004544 0.001068 -0.000719 133 -0.000382 0.001478 
0.004597 0.001061 -0.000678 81 -0.000340 0.001531 
0.004613 0.001078 -0.000772 200 -0.000435 0.001547 
0.004555 0.001085 -0.000810 197 -0.000475 0.001489 
0.004544 0.001068 -0.000719 133 -0.000382 0.001478


0.004577 0.001073 -0.000745 90 -0.000408 0.001511


0.004222 0.001032 -0.000513 143 -0.000172 0.001156 
0.004335 0.001038 -0.000546 78 -0.000206 0.001269 
0.004287 0.001058 -0.000659 118 -0.000321 0.001222 
0.004189 0.001050 -0.000617 180 -0.000278 0.001123 
0.004222 0.001032 -0.000513 143 -0.000172 0.001156


0.004258 0.001045 -0.000584 91 -0.000244 0.001193


0.003897 0.001110 -0.000956 42 -0.000622 0.000831 
0.003959 0.001108 -0.000942 181 -0.000608 0.000894 
0.003959 0.001111 -0.000963 102 -0.000629 0.000893 
0.003902 0.001112 -0.000967 41 -0.000634 0.000836 
0.003897 0.001110 -0.000956 42 -0.000622 0.000831


0.003929 0.001110 -0.000957 92 -0.000623 0.000864


0.003960 0.001104 -0.000922 93 -0.000588 0.000894 
0.004025 0.001098 -0.000886 154 -0.000552 0.000960 
0.004027 0.001103 -0.000913 92 -0.000578 0.000961 
0.003959 0.001108 -0.000942 181 -0.000608 0.000894 
0.003960 0.001104 -0.000922 93 -0.000588 0.000894


0.003993 0.001103 -0.000916 93 -0.000582 0.000927


0.003959 0.001111 -0.000963 102 -0.000629 0.000893 
0.003959 0.001108 -0.000942 181 -0.000608 0.000894 
0.004027 0.001103 -0.000913 92 -0.000578 0.000961 
0.004016 0.001112 -0.000968 211 -0.000635 0.000950 
0.003959 0.001111 -0.000963 102 -0.000629 0.000893


0.003990 0.001109 -0.000946 94 -0.000613 0.000924


0.004458 0.001028 -0.000488 136 -0.000147 0.001392 
0.004506 0.001049 -0.000611 95 -0.000272 0.001440 
0.004419 0.001055 -0.000644 124 -0.000306 0.001353 
0.004335 0.001038 -0.000546 78 -0.000206 0.001269 
0.004458 0.001028 -0.000488 136 -0.000147 0.001392


0.004429 0.001043 -0.000572 95 -0.000233 0.001364


0.004542 0.001024 -0.000464 182 -0.000123 0.001476 
0.004579 0.001045 -0.000585 94 -0.000246 0.001513 
0.004506 0.001049 -0.000611 95 -0.000272 0.001440 
0.004458 0.001028 -0.000488 136 -0.000147 0.001392 
0.004542 0.001024 -0.000464 182 -0.000123 0.001476


0.004521 0.001036 -0.000537 96 -0.000197 0.001455


0.004626 0.001019 -0.000441 115 -0.000099 0.001560 
0.004639 0.001037 -0.000541 155 -0.000201 0.001573 
0.004579 0.001045 -0.000585 94 -0.000246 0.001513 
0.004542 0.001024 -0.000464 182 -0.000123 0.001476 
0.004626 0.001019 -0.000441 115 -0.000099 0.001560


0.004596 0.001031 -0.000508 97 -0.000167 0.001530


0.004429 0.001106 -0.000931 104 -0.000597 0.001363 
0.004491 0.001106 -0.000931 183 -0.000597 0.001425 
0.004491 0.001115 -0.000985 132 -0.000651 0.001425 
0.004436 0.001115 -0.000983 161 -0.000649 0.001370 
0.004429 0.001106 -0.000931 104 -0.000597 0.001363


0.004462 0.001110 -0.000957 98 -0.000624 0.001396


0.004500 0.001092 -0.000853 137 -0.000518 0.001434 
0.004491 0.001106 -0.000931 183 -0.000597 0.001425 
0.004429 0.001106 -0.000931 104 -0.000597 0.001363 
0.004438 0.001097 -0.000880 73 -0.000545 0.001372 
0.004500 0.001092 -0.000853 137 -0.000518 0.001434


0.004464 0.001100 -0.000899 99 -0.000564 0.001399


0.004557 0.001099 -0.000893 171 -0.000559 0.001491 
0.004491 0.001106 -0.000931 183 -0.000597 0.001425 
0.004500 0.001092 -0.000853 137 -0.000518 0.001434 
0.004555 0.001085 -0.000810 197 -0.000475 0.001489 
0.004557 0.001099 -0.000893 171 -0.000559 0.001491


0.004526 0.001095 -0.000872 100 -0.000537 0.001460


0.004430 0.001081 -0.000793 125 -0.000457 0.001364 
0.004495 0.001077 -0.000766 184 -0.000429 0.001429 
0.004500 0.001092 -0.000853 137 -0.000518 0.001434 
0.004438 0.001097 -0.000880 73 -0.000545 0.001372 
0.004430 0.001081 -0.000793 125 -0.000457 0.001364


0.004466 0.001087 -0.000823 101 -0.000487 0.001400


0.004419 0.001055 -0.000644 124 -0.000306 0.001353 
0.004506 0.001049 -0.000611 95 -0.000272 0.001440 
0.004544 0.001068 -0.000719 133 -0.000382 0.001478 
0.004495 0.001077 -0.000766 184 -0.000429 0.001429 
0.004419 0.001055 -0.000644 124 -0.000306 0.001353


0.004491 0.001062 -0.000685 102 -0.000347 0.001425


0.004500 0.001092 -0.000853 137 -0.000518 0.001434 
0.004495 0.001077 -0.000766 184 -0.000429 0.001429 
0.004544 0.001068 -0.000719 133 -0.000382 0.001478 
0.004555 0.001085 -0.000810 197 -0.000475 0.001489 
0.004500 0.001092 -0.000853 137 -0.000518 0.001434


0.004523 0.001080 -0.000787 103 -0.000451 0.001458


0.003883 0.001107 -0.000935 44 -0.000601 0.000818 
0.003938 0.001101 -0.000901 185 -0.000567 0.000872 
0.003960 0.001104 -0.000922 93 -0.000588 0.000894 
0.003891 0.001108 -0.000945 43 -0.000611 0.000825 
0.003883 0.001107 -0.000935 44 -0.000601 0.000818


0.003918 0.001105 -0.000926 104 -0.000592 0.000852


0.003903 0.001099 -0.000892 88 -0.000557 0.000837 
0.003938 0.001101 -0.000901 185 -0.000567 0.000872 
0.003883 0.001107 -0.000935 44 -0.000601 0.000818 
0.003875 0.001105 -0.000926 45 -0.000592 0.000809 
0.003903 0.001099 -0.000892 88 -0.000557 0.000837


0.003900 0.001103 -0.000914 105 -0.000579 0.000834


0.003968 0.001096 -0.000873 208 -0.000538 0.000902 
0.003938 0.001101 -0.000901 185 -0.000567 0.000872 
0.003903 0.001099 -0.000892 88 -0.000557 0.000837 
0.003940 0.001093 -0.000860 96 -0.000525 0.000874 
0.003968 0.001096 -0.000873 208 -0.000538 0.000902


0.003937 0.001097 -0.000882 106 -0.000547 0.000871


0.004043 0.001074 -0.000753 138 -0.000416 0.000977 
0.004105 0.001081 -0.000793 186 -0.000457 0.001039 
0.004078 0.001091 -0.000845 212 -0.000510 0.001013 
0.004017 0.001087 -0.000827 209 -0.000491 0.000951 
0.004043 0.001074 -0.000753 138 -0.000416 0.000977


0.004061 0.001083 -0.000805 107 -0.000469 0.000995


0.004072 0.001062 -0.000680 207 -0.000342 0.001006 
0.004114 0.001051 -0.000621 100 -0.000283 0.001048 
0.004189 0.001050 -0.000617 180 -0.000278 0.001123 
0.004164 0.001071 -0.000734 117 -0.000397 0.001098 
0.004072 0.001062 -0.000680 207 -0.000342 0.001006


0.004135 0.001059 -0.000663 108 -0.000325 0.001069


0.004164 0.001091 -0.000848 91 -0.000513 0.001098 
0.004105 0.001081 -0.000793 186 -0.000457 0.001039 
0.004164 0.001071 -0.000734 117 -0.000397 0.001098 
0.004245 0.001082 -0.000794 75 -0.000458 0.001179 
0.004164 0.001091 -0.000848 91 -0.000513 0.001098


0.004169 0.001081 -0.000792 109 -0.000456 0.001104


0.003987 0.001122 -0.001025 187 -0.000692 0.000921 
0.004010 0.001135 -0.001095 107 -0.000763 0.000945 
0.003909 0.001121 -0.001015 37 -0.000683 0.000844 
0.003910 0.001119 -0.001003 38 -0.000670 0.000844 
0.003987 0.001122 -0.001025 187 -0.000692 0.000921


0.003954 0.001124 -0.001034 110 -0.000702 0.000888


0.003968 0.001117 -0.000996 103 -0.000663 0.000902 
0.003987 0.001122 -0.001025 187 -0.000692 0.000921 
0.003910 0.001119 -0.001003 38 -0.000670 0.000844 
0.003908 0.001116 -0.000991 39 -0.000658 0.000843 
0.003968 0.001117 -0.000996 103 -0.000663 0.000902


0.003943 0.001119 -0.001004 111 -0.000671 0.000878


0.004016 0.001112 -0.000968 211 -0.000635 0.000950 
0.004077 0.001122 -0.001024 139 -0.000691 0.001011 
0.003987 0.001122 -0.001025 187 -0.000692 0.000921 
0.003968 0.001117 -0.000996 103 -0.000663 0.000902 
0.004016 0.001112 -0.000968 211 -0.000635 0.000950


0.004012 0.001119 -0.001003 112 -0.000670 0.000946


0.003508 0.001070 -0.000730 122 -0.000392 0.000442 
0.003409 0.001085 -0.000813 77 -0.000477 0.000343 
0.003371 0.001082 -0.000796 126 -0.000460 0.000305 
0.003466 0.001063 -0.000687 215 -0.000349 0.000400 
0.003508 0.001070 -0.000730 122 -0.000392 0.000442


0.003438 0.001075 -0.000756 113 -0.000420 0.000373


0.003673 0.001002 -0.000343 8 -0.000000 0.000608 
0.003659 0.001032 -0.000513 216 -0.000172 0.000593 
0.003544 0.001041 -0.000566 121 -0.000226 0.000478 
0.003570 0.001002 -0.000343 7 -0.000000 0.000504 
0.003673 0.001002 -0.000343 8 -0.000000 0.000608


0.003611 0.001019 -0.000441 114 -0.000100 0.000546


0.003768 0.001028 -0.000491 172 -0.000150 0.000703 
0.003659 0.001032 -0.000513 216 -0.000172 0.000593 
0.003673 0.001002 -0.000343 8 -0.000000 0.000608 
0.003777 0.001002 -0.000343 9 -0.000000 0.000711 
0.003768 0.001028 -0.000491 172 -0.000150 0.000703


0.003719 0.001016 -0.000422 115 -0.000081 0.000654


0.003774 0.001041 -0.000563 199 -0.000223 0.000708 
0.003687 0.001049 -0.000607 140 -0.000268 0.000622 
0.003659 0.001032 -0.000513 216 -0.000172 0.000593 
0.003768 0.001028 -0.000491 172 -0.000150 0.000703 
0.003774 0.001041 -0.000563 199 -0.000223 0.000708


0.003722 0.001037 -0.000543 116 -0.000203 0.000656


0.003466 0.001002 -0.000343 6 -0.000000 0.000400 
0.003387 0.001034 -0.000522 189 -0.000181 0.000321 
0.003311 0.001032 -0.000511 119 -0.000171 0.000245 
0.003362 0.001002 -0.000343 5 -0.000000 0.000296 
0.003466 0.001002 -0.000343 6 -0.000000 0.000400


0.003381 0.001017 -0.000430 117 -0.000088 0.000316


0.003687 0.001049 -0.000607 140 -0.000268 0.000622 
0.003598 0.001060 -0.000669 188 -0.000331 0.000532 
0.003544 0.001041 -0.000566 121 -0.000226 0.000478 
0.003659 0.001032 -0.000513 216 -0.000172 0.000593 
0.003687 0.001049 -0.000607 140 -0.000268 0.000622


0.003622 0.001045 -0.000588 118 -0.000249 0.000556


0.003387 0.001034 -0.000522 189 -0.000181 0.000321 
0.003308 0.001064 -0.000697 192 -0.000359 0.000242 
0.003260 0.001056 -0.000649 157 -0.000310 0.000194 
0.003311 0.001032 -0.000511 119 -0.000171 0.000245 
0.003387 0.001034 -0.000522 189 -0.000181 0.000321


0.003316 0.001046 -0.000595 119 -0.000255 0.000251


0.003444 0.001099 -0.000890 56 -0.000556 0.000379 
0.003510 0.001091 -0.000849 190 -0.000514 0.000444 
0.003567 0.001094 -0.000863 142 -0.000528 0.000501 
0.003558 0.001099 -0.000890 55 -0.000556 0.000492 
0.003444 0.001099 -0.000890 56 -0.000556 0.000379


0.003520 0.001096 -0.000873 120 -0.000538 0.000454


0.003438 0.001087 -0.000827 127 -0.000491 0.000372 
0.003510 0.001091 -0.000849 190 -0.000514 0.000444 
0.003444 0.001099 -0.000890 56 -0.000556 0.000379 
0.003331 0.001099 -0.000890 57 -0.000556 0.000265 
0.003438 0.001087 -0.000827 127 -0.000491 0.000372


0.003431 0.001094 -0.000864 121 -0.000529 0.000365


0.003593 0.001084 -0.000809 123 -0.000473 0.000528 
0.003633 0.001091 -0.000849 173 -0.000514 0.000567 
0.003567 0.001094 -0.000863 142 -0.000528 0.000501 
0.003510 0.001091 -0.000849 190 -0.000514 0.000444 
0.003593 0.001084 -0.000809 123 -0.000473 0.000528


0.003576 0.001090 -0.000843 122 -0.000507 0.000510


0.003634 0.001069 -0.000721 89 -0.000384 0.000569 
0.003676 0.001078 -0.000773 76 -0.000437 0.000610 
0.003593 0.001084 -0.000809 123 -0.000473 0.000528 
0.003550 0.001078 -0.000772 191 -0.000436 0.000484 
0.003634 0.001069 -0.000721 89 -0.000384 0.000569


0.003613 0.001077 -0.000769 123 -0.000432 0.000548


0.003567 0.001094 -0.000863 142 -0.000528 0.000501 
0.003633 0.001091 -0.000849 173 -0.000514 0.000567 
0.003671 0.001099 -0.000890 54 -0.000556 0.000606 
0.003558 0.001099 -0.000890 55 -0.000556 0.000492 
0.003567 0.001094 -0.000863 142 -0.000528 0.000501


0.003607 0.001096 -0.000873 124 -0.000538 0.000542


0.003438 0.001087 -0.000827 127 -0.000491 0.000372 
0.003409 0.001085 -0.000813 77 -0.000477 0.000343 
0.003508 0.001070 -0.000730 122 -0.000392 0.000442 
0.003550 0.001078 -0.000772 191 -0.000436 0.000484 
0.003438 0.001087 -0.000827 127 -0.000491 0.000372


0.003476 0.001080 -0.000785 125 -0.000449 0.000410


0.004297 0.001002 -0.000343 14 -0.000000 0.001231 
0.004335 0.001038 -0.000546 78 -0.000206 0.001269 
0.004222 0.001032 -0.000513 143 -0.000172 0.001156 
0.004193 0.001002 -0.000343 13 -0.000000 0.001127 
0.004297 0.001002 -0.000343 14 -0.000000 0.001231


0.004262 0.001019 -0.000436 126 -0.000094 0.001196


0.004458 0.001028 -0.000488 136 -0.000147 0.001392 
0.004335 0.001038 -0.000546 78 -0.000206 0.001269 
0.004297 0.001002 -0.000343 14 -0.000000 0.001231 
0.004400 0.001002 -0.000343 15 -0.000000 0.001335 
0.004458 0.001028 -0.000488 136 -0.000147 0.001392


0.004373 0.001017 -0.000430 127 -0.000088 0.001307


0.003234 0.001077 -0.000766 218 -0.000429 0.000168 
0.003308 0.001064 -0.000697 192 -0.000359 0.000242 
0.003309 0.001080 -0.000787 176 -0.000451 0.000243 
0.003258 0.001085 -0.000811 120 -0.000475 0.000193 
0.003234 0.001077 -0.000766 218 -0.000429 0.000168


0.003277 0.001077 -0.000765 128 -0.000429 0.000211


0.004016 0.001112 -0.000968 211 -0.000635 0.000950 
0.004117 0.001107 -0.000936 193 -0.000602 0.001051 
0.004170 0.001118 -0.001001 85 -0.000668 0.001104 
0.004077 0.001122 -0.001024 139 -0.000691 0.001011 
0.004016 0.001112 -0.000968 211 -0.000635 0.000950


0.004095 0.001115 -0.000982 129 -0.000649 0.001029


0.004222 0.001032 -0.000513 143 -0.000172 0.001156 
0.004103 0.001026 -0.000480 158 -0.000140 0.001037 
0.004089 0.001002 -0.000343 12 -0.000000 0.001023 
0.004193 0.001002 -0.000343 13 -0.000000 0.001127 
0.004222 0.001032 -0.000513 143 -0.000172 0.001156


0.004152 0.001016 -0.000420 130 -0.000078 0.001086


0.004189 0.001050 -0.000617 180 -0.000278 0.001123 
0.004114 0.001051 -0.000621 100 -0.000283 0.001048 
0.004103 0.001026 -0.000480 158 -0.000140 0.001037 
0.004222 0.001032 -0.000513 143 -0.000172 0.001156 
0.004189 0.001050 -0.000617 180 -0.000278 0.001123


0.004157 0.001040 -0.000558 131 -0.000218 0.001091


0.004262 0.001112 -0.000968 144 -0.000634 0.001197 
0.004227 0.001101 -0.000904 210 -0.000570 0.001161 
0.004331 0.001094 -0.000861 105 -0.000526 0.001266 
0.004355 0.001106 -0.000934 79 -0.000600 0.001289 
0.004262 0.001112 -0.000968 144 -0.000634 0.001197


0.004294 0.001103 -0.000917 132 -0.000583 0.001228


0.004170 0.001118 -0.001001 85 -0.000668 0.001104 
0.004117 0.001107 -0.000936 193 -0.000602 0.001051 
0.004227 0.001101 -0.000904 210 -0.000570 0.001161 
0.004262 0.001112 -0.000968 144 -0.000634 0.001197 
0.004170 0.001118 -0.001001 85 -0.000668 0.001104


0.004194 0.001110 -0.000952 133 -0.000618 0.001128


0.004470 0.001165 -0.001265 30 -0.000937 0.001404 
0.004494 0.001146 -0.001161 194 -0.000831 0.001428 
0.004599 0.001146 -0.001158 131 -0.000828 0.001533 
0.004585 0.001165 -0.001265 29 -0.000937 0.001520 
0.004470 0.001165 -0.001265 30 -0.000937 0.001404


0.004537 0.001155 -0.001213 134 -0.000883 0.001471


0.004370 0.001140 -0.001127 151 -0.000796 0.001304 
0.004318 0.001126 -0.001046 205 -0.000714 0.001253 
0.004388 0.001117 -0.000993 106 -0.000660 0.001323 
0.004424 0.001127 -0.001051 149 -0.000719 0.001358 
0.004370 0.001140 -0.001127 151 -0.000796 0.001304


0.004375 0.001128 -0.001054 135 -0.000722 0.001309


0.003191 0.001080 -0.000783 141 -0.000447 0.000125 
0.003208 0.001084 -0.000808 111 -0.000472 0.000142 
0.003200 0.001086 -0.000817 128 -0.000481 0.000134 
0.003185 0.001082 -0.000798 217 -0.000462 0.000120 
0.003191 0.001080 -0.000783 141 -0.000447 0.000125


0.003196 0.001083 -0.000801 136 -0.000465 0.000130


0.003258 0.001002 -0.000343 4 -0.000000 0.000192 
0.003225 0.001032 -0.000512 80 -0.000171 0.000160 
0.003142 0.001033 -0.000517 2 -0.000176 0.000076 
0.003154 0.001002 -0.000343 3 -0.000000 0.000088 
0.003258 0.001002 -0.000343 4 -0.000000 0.000192


0.003195 0.001017 -0.000429 137 -0.000087 0.000129


0.003311 0.001032 -0.000511 119 -0.000171 0.000245 
0.003225 0.001032 -0.000512 80 -0.000171 0.000160 
0.003258 0.001002 -0.000343 4 -0.000000 0.000192 
0.003362 0.001002 -0.000343 5 -0.000000 0.000296 
0.003311 0.001032 -0.000511 119 -0.000171 0.000245


0.003289 0.001017 -0.000427 138 -0.000086 0.000223


0.003223 0.001089 -0.000837 164 -0.000502 0.000157 
0.003208 0.001084 -0.000808 111 -0.000472 0.000142 
0.003234 0.001077 -0.000766 218 -0.000429 0.000168 
0.003258 0.001085 -0.000811 120 -0.000475 0.000193 
0.003223 0.001089 -0.000837 164 -0.000502 0.000157


0.003231 0.001084 -0.000806 139 -0.000470 0.000165


0.004816 0.001063 -0.000689 22 -0.000351 0.001750 
0.004695 0.001063 -0.000688 196 -0.000351 0.001630 
0.004727 0.001040 -0.000559 146 -0.000219 0.001661 
0.004816 0.001043 -0.000574 21 -0.000234 0.001750 
0.004816 0.001063 -0.000689 22 -0.000351 0.001750


0.004764 0.001052 -0.000627 140 -0.000289 0.001698


0.004613 0.001078 -0.000772 200 -0.000435 0.001547 
0.004597 0.001061 -0.000678 81 -0.000340 0.001531 
0.004646 0.001055 -0.000642 134 -0.000303 0.001580 
0.004695 0.001063 -0.000688 196 -0.000351 0.001630 
0.004613 0.001078 -0.000772 200 -0.000435 0.001547


0.004638 0.001064 -0.000695 141 -0.000357 0.001572


0.004613 0.001078 -0.000772 200 -0.000435 0.001547 
0.004625 0.001094 -0.000865 83 -0.000530 0.001560 
0.004557 0.001099 -0.000893 171 -0.000559 0.001491 
0.004555 0.001085 -0.000810 197 -0.000475 0.001489 
0.004613 0.001078 -0.000772 200 -0.000435 0.001547


0.004588 0.001089 -0.000835 142 -0.000500 0.001522


0.004626 0.001019 -0.000441 115 -0.000099 0.001560 
0.004542 0.001024 -0.000464 182 -0.000123 0.001476 
0.004504 0.001002 -0.000343 16 -0.000000 0.001438 
0.004608 0.001002 -0.000343 17 -0.000000 0.001542 
0.004626 0.001019 -0.000441 115 -0.000099 0.001560


0.004570 0.001012 -0.000398 143 -0.000056 0.001504


0.004727 0.001040 -0.000559 146 -0.000219 0.001661 
0.004718 0.001020 -0.000446 169 -0.000105 0.001652 
0.004816 0.001022 -0.000458 20 -0.000117 0.001750 
0.004816 0.001043 -0.000574 21 -0.000234 0.001750 
0.004727 0.001040 -0.000559 146 -0.000219 0.001661


0.004769 0.001031 -0.000509 144 -0.000169 0.001703


0.004579 0.001045 -0.000585 94 -0.000246 0.001513 
0.004597 0.001061 -0.000678 81 -0.000340 0.001531 
0.004544 0.001068 -0.000719 133 -0.000382 0.001478 
0.004506 0.001049 -0.000611 95 -0.000272 0.001440 
0.004579 0.001045 -0.000585 94 -0.000246 0.001513


0.004556 0.001056 -0.000648 145 -0.000310 0.001490


0.003878 0.001024 -0.000467 198 -0.000126 0.000812 
0.003768 0.001028 -0.000491 172 -0.000150 0.000703 
0.003777 0.001002 -0.000343 9 -0.000000 0.000711 
0.003881 0.001002 -0.000343 10 -0.000000 0.000815 
0.003878 0.001024 -0.000467 198 -0.000126 0.000812


0.003826 0.001014 -0.000411 146 -0.000069 0.000760


0.003987 0.001122 -0.001025 187 -0.000692 0.000921 
0.004077 0.001122 -0.001024 139 -0.000691 0.001011 
0.004103 0.001131 -0.001076 177 -0.000744 0.001037 
0.004010 0.001135 -0.001095 107 -0.000763 0.000945 
0.003987 0.001122 -0.001025 187 -0.000692 0.000921


0.004044 0.001128 -0.001055 147 -0.000723 0.000978


0.003833 0.001037 -0.000543 147 -0.000203 0.000767 
0.003878 0.001024 -0.000467 198 -0.000126 0.000812 
0.003911 0.001033 -0.000520 97 -0.000180 0.000845 
0.003832 0.001048 -0.000602 82 -0.000263 0.000766 
0.003833 0.001037 -0.000543 147 -0.000203 0.000767


0.003863 0.001036 -0.000533 148 -0.000193 0.000798


0.003687 0.001049 -0.000607 140 -0.000268 0.000622 
0.003774 0.001041 -0.000563 199 -0.000223 0.000708 
0.003773 0.001054 -0.000639 148 -0.000300 0.000707 
0.003711 0.001060 -0.000671 206 -0.000333 0.000646 
0.003687 0.001049 -0.000607 140 -0.000268 0.000622


0.003736 0.001051 -0.000620 149 -0.000281 0.000671


0.003878 0.001024 -0.000467 198 -0.000126 0.000812 
0.003833 0.001037 -0.000543 147 -0.000203 0.000767 
0.003774 0.001041 -0.000563 199 -0.000223 0.000708 
0.003768 0.001028 -0.000491 172 -0.000150 0.000703 
0.003878 0.001024 -0.000467 198 -0.000126 0.000812


0.003813 0.001033 -0.000516 150 -0.000176 0.000747


0.003773 0.001054 -0.000639 148 -0.000300 0.000707 
0.003774 0.001041 -0.000563 199 -0.000223 0.000708 
0.003833 0.001037 -0.000543 147 -0.000203 0.000767 
0.003832 0.001048 -0.000602 82 -0.000263 0.000766 
0.003773 0.001054 -0.000639 148 -0.000300 0.000707


0.003803 0.001045 -0.000587 151 -0.000248 0.000737


0.004610 0.001113 -0.000972 130 -0.000638 0.001544 
0.004718 0.001107 -0.000936 201 -0.000602 0.001652 
0.004685 0.001124 -0.001031 195 -0.000699 0.001619 
0.004598 0.001129 -0.001065 219 -0.000733 0.001532 
0.004610 0.001113 -0.000972 130 -0.000638 0.001544


0.004652 0.001118 -0.001001 152 -0.000668 0.001587


0.004388 0.001117 -0.000993 106 -0.000660 0.001323 
0.004436 0.001115 -0.000983 161 -0.000649 0.001370 
0.004491 0.001115 -0.000985 132 -0.000651 0.001425 
0.004424 0.001127 -0.001051 149 -0.000719 0.001358 
0.004388 0.001117 -0.000993 106 -0.000660 0.001323


0.004435 0.001118 -0.001003 153 -0.000670 0.001369


0.004816 0.001104 -0.000920 24 -0.000585 0.001750 
0.004718 0.001107 -0.000936 201 -0.000602 0.001652 
0.004717 0.001085 -0.000816 135 -0.000480 0.001651 
0.004816 0.001083 -0.000804 23 -0.000468 0.001750 
0.004816 0.001104 -0.000920 24 -0.000585 0.001750


0.004767 0.001095 -0.000869 154 -0.000534 0.001701


0.004685 0.001124 -0.001031 195 -0.000699 0.001619 
0.004718 0.001107 -0.000936 201 -0.000602 0.001652 
0.004816 0.001104 -0.000920 24 -0.000585 0.001750 
0.004816 0.001124 -0.001035 25 -0.000702 0.001750 
0.004685 0.001124 -0.001031 195 -0.000699 0.001619


0.004759 0.001115 -0.000980 155 -0.000647 0.001693


0.004717 0.001085 -0.000816 135 -0.000480 0.001651 
0.004718 0.001107 -0.000936 201 -0.000602 0.001652 
0.004610 0.001113 -0.000972 130 -0.000638 0.001544 
0.004625 0.001094 -0.000865 83 -0.000530 0.001560 
0.004717 0.001085 -0.000816 135 -0.000480 0.001651


0.004667 0.001100 -0.000897 156 -0.000563 0.001602


0.003832 0.001048 -0.000602 82 -0.000263 0.000766 
0.003844 0.001058 -0.000660 150 -0.000322 0.000778 
0.003785 0.001067 -0.000713 203 -0.000375 0.000719 
0.003773 0.001054 -0.000639 148 -0.000300 0.000707 
0.003832 0.001048 -0.000602 82 -0.000263 0.000766


0.003809 0.001057 -0.000654 157 -0.000315 0.000743


0.003980 0.001056 -0.000648 116 -0.000310 0.000914 
0.003886 0.001057 -0.000654 202 -0.000316 0.000820 
0.003911 0.001033 -0.000520 97 -0.000180 0.000845 
0.004003 0.001042 -0.000569 74 -0.000230 0.000937 
0.003980 0.001056 -0.000648 116 -0.000310 0.000914


0.003945 0.001047 -0.000598 158 -0.000259 0.000879


0.003980 0.001056 -0.000648 116 -0.000310 0.000914 
0.004003 0.001042 -0.000569 74 -0.000230 0.000937 
0.004114 0.001051 -0.000621 100 -0.000283 0.001048 
0.004072 0.001062 -0.000680 207 -0.000342 0.001006 
0.003980 0.001056 -0.000648 116 -0.000310 0.000914


0.004042 0.001053 -0.000630 159 -0.000291 0.000976


0.003773 0.001054 -0.000639 148 -0.000300 0.000707 
0.003785 0.001067 -0.000713 203 -0.000375 0.000719 
0.003739 0.001073 -0.000742 145 -0.000405 0.000673 
0.003711 0.001060 -0.000671 206 -0.000333 0.000646 
0.003773 0.001054 -0.000639 148 -0.000300 0.000707


0.003752 0.001063 -0.000691 160 -0.000353 0.000686


0.003832 0.001048 -0.000602 82 -0.000263 0.000766 
0.003911 0.001033 -0.000520 97 -0.000180 0.000845 
0.003886 0.001057 -0.000654 202 -0.000316 0.000820 
0.003844 0.001058 -0.000660 150 -0.000322 0.000778 
0.003832 0.001048 -0.000602 82 -0.000263 0.000766


0.003868 0.001049 -0.000609 161 -0.000270 0.000802


0.003785 0.001067 -0.000713 203 -0.000375 0.000719 
0.003800 0.001082 -0.000798 86 -0.000462 0.000734 
0.003776 0.001082 -0.000794 152 -0.000458 0.000710 
0.003739 0.001073 -0.000742 145 -0.000405 0.000673 
0.003785 0.001067 -0.000713 203 -0.000375 0.000719


0.003775 0.001076 -0.000762 162 -0.000425 0.000709


0.004240 0.001165 -0.001265 32 -0.000937 0.001174 
0.004245 0.001145 -0.001152 204 -0.000822 0.001179 
0.004370 0.001140 -0.001127 151 -0.000796 0.001304 
0.004355 0.001165 -0.001265 31 -0.000937 0.001289 
0.004240 0.001165 -0.001265 32 -0.000937 0.001174


0.004302 0.001154 -0.001203 163 -0.000873 0.001237


0.004122 0.001150 -0.001182 98 -0.000851 0.001056 
0.004245 0.001145 -0.001152 204 -0.000822 0.001179 
0.004240 0.001165 -0.001265 32 -0.000937 0.001174 
0.004125 0.001165 -0.001265 33 -0.000937 0.001059 
0.004122 0.001150 -0.001182 98 -0.000851 0.001056


0.004183 0.001156 -0.001216 164 -0.000887 0.001117


0.004211 0.001131 -0.001075 129 -0.000743 0.001145 
0.004318 0.001126 -0.001046 205 -0.000714 0.001253 
0.004370 0.001140 -0.001127 151 -0.000796 0.001304 
0.004245 0.001145 -0.001152 204 -0.000822 0.001179 
0.004211 0.001131 -0.001075 129 -0.000743 0.001145


0.004286 0.001136 -0.001100 165 -0.000769 0.001220


0.004388 0.001117 -0.000993 106 -0.000660 0.001323 
0.004318 0.001126 -0.001046 205 -0.000714 0.001253 
0.004262 0.001112 -0.000968 144 -0.000634 0.001197 
0.004355 0.001106 -0.000934 79 -0.000600 0.001289 
0.004388 0.001117 -0.000993 106 -0.000660 0.001323


0.004331 0.001115 -0.000985 166 -0.000652 0.001265


0.004370 0.001140 -0.001127 151 -0.000796 0.001304 
0.004494 0.001146 -0.001161 194 -0.000831 0.001428 
0.004470 0.001165 -0.001265 30 -0.000937 0.001404 
0.004355 0.001165 -0.001265 31 -0.000937 0.001289 
0.004370 0.001140 -0.001127 151 -0.000796 0.001304


0.004422 0.001154 -0.001205 167 -0.000875 0.001356


0.004211 0.001131 -0.001075 129 -0.000743 0.001145 
0.004170 0.001118 -0.001001 85 -0.000668 0.001104 
0.004262 0.001112 -0.000968 144 -0.000634 0.001197 
0.004318 0.001126 -0.001046 205 -0.000714 0.001253 
0.004211 0.001131 -0.001075 129 -0.000743 0.001145


0.004240 0.001122 -0.001022 168 -0.000690 0.001175


0.003598 0.001060 -0.000669 188 -0.000331 0.000532 
0.003687 0.001049 -0.000607 140 -0.000268 0.000622 
0.003711 0.001060 -0.000671 206 -0.000333 0.000646 
0.003634 0.001069 -0.000721 89 -0.000384 0.000569 
0.003598 0.001060 -0.000669 188 -0.000331 0.000532


0.003658 0.001059 -0.000667 169 -0.000329 0.000592


0.003968 0.001096 -0.000873 208 -0.000538 0.000902 
0.003940 0.001093 -0.000860 96 -0.000525 0.000874 
0.003957 0.001085 -0.000810 101 -0.000475 0.000892 
0.004017 0.001087 -0.000827 209 -0.000491 0.000951 
0.003968 0.001096 -0.000873 208 -0.000538 0.000902


0.003971 0.001090 -0.000843 170 -0.000507 0.000905


0.004025 0.001098 -0.000886 154 -0.000552 0.000960 
0.003960 0.001104 -0.000922 93 -0.000588 0.000894 
0.003938 0.001101 -0.000901 185 -0.000567 0.000872 
0.003968 0.001096 -0.000873 208 -0.000538 0.000902 
0.004025 0.001098 -0.000886 154 -0.000552 0.000960


0.003973 0.001100 -0.000896 171 -0.000561 0.000907


0.003976 0.001072 -0.000738 170 -0.000401 0.000910 
0.003980 0.001056 -0.000648 116 -0.000310 0.000914 
0.004072 0.001062 -0.000680 207 -0.000342 0.001006 
0.004043 0.001074 -0.000753 138 -0.000416 0.000977 
0.003976 0.001072 -0.000738 170 -0.000401 0.000910


0.004018 0.001066 -0.000705 172 -0.000367 0.000952


0.004164 0.001091 -0.000848 91 -0.000513 0.001098 
0.004245 0.001082 -0.000794 75 -0.000458 0.001179 
0.004331 0.001094 -0.000861 105 -0.000526 0.001266 
0.004227 0.001101 -0.000904 210 -0.000570 0.001161 
0.004164 0.001091 -0.000848 91 -0.000513 0.001098


0.004242 0.001092 -0.000852 173 -0.000517 0.001176


0.004027 0.001103 -0.000913 92 -0.000578 0.000961 
0.004096 0.001097 -0.000879 213 -0.000544 0.001030 
0.004117 0.001107 -0.000936 193 -0.000602 0.001051 
0.004016 0.001112 -0.000968 211 -0.000635 0.000950 
0.004027 0.001103 -0.000913 92 -0.000578 0.000961


0.004064 0.001105 -0.000924 174 -0.000590 0.000998


0.004105 0.001081 -0.000793 186 -0.000457 0.001039 
0.004164 0.001091 -0.000848 91 -0.000513 0.001098 
0.004096 0.001097 -0.000879 213 -0.000544 0.001030 
0.004078 0.001091 -0.000845 212 -0.000510 0.001013 
0.004105 0.001081 -0.000793 186 -0.000457 0.001039


0.004111 0.001090 -0.000842 175 -0.000506 0.001045


0.004164 0.001091 -0.000848 91 -0.000513 0.001098 
0.004227 0.001101 -0.000904 210 -0.000570 0.001161 
0.004117 0.001107 -0.000936 193 -0.000602 0.001051 
0.004096 0.001097 -0.000879 213 -0.000544 0.001030 
0.004164 0.001091 -0.000848 91 -0.000513 0.001098


0.004151 0.001099 -0.000892 176 -0.000557 0.001085


0.003162 0.001073 -0.000745 167 -0.000408 0.000097 
0.003154 0.001069 -0.000725 109 -0.000388 0.000088 
0.003186 0.001059 -0.000663 163 -0.000325 0.000120 
0.003192 0.001072 -0.000740 214 -0.000403 0.000126 
0.003162 0.001073 -0.000745 167 -0.000408 0.000097


0.003174 0.001068 -0.000718 177 -0.000381 0.000108


0.003387 0.001034 -0.000522 189 -0.000181 0.000321 
0.003544 0.001041 -0.000566 121 -0.000226 0.000478 
0.003466 0.001063 -0.000687 215 -0.000349 0.000400 
0.003308 0.001064 -0.000697 192 -0.000359 0.000242 
0.003387 0.001034 -0.000522 189 -0.000181 0.000321


0.003426 0.001051 -0.000618 178 -0.000279 0.000360


0.004695 0.001063 -0.000688 196 -0.000351 0.001630 
0.004717 0.001085 -0.000816 135 -0.000480 0.001651 
0.004625 0.001094 -0.000865 83 -0.000530 0.001560 
0.004613 0.001078 -0.000772 200 -0.000435 0.001547 
0.004695 0.001063 -0.000688 196 -0.000351 0.001630


0.004663 0.001080 -0.000785 179 -0.000449 0.001597


0.003183 0.001085 -0.000814 165 -0.000478 0.000117 
0.003171 0.001083 -0.000802 112 -0.000466 0.000105 
0.003167 0.001080 -0.000785 168 -0.000449 0.000101 
0.003185 0.001082 -0.000798 217 -0.000462 0.000120 
0.003183 0.001085 -0.000814 165 -0.000478 0.000117


0.003177 0.001083 -0.000800 180 -0.000464 0.000111


0.003208 0.001084 -0.000808 111 -0.000472 0.000142 
0.003191 0.001080 -0.000783 141 -0.000447 0.000125 
0.003192 0.001072 -0.000740 214 -0.000403 0.000126 
0.003234 0.001077 -0.000766 218 -0.000429 0.000168 
0.003208 0.001084 -0.000808 111 -0.000472 0.000142


0.003206 0.001078 -0.000774 181 -0.000438 0.000140


0.004599 0.001146 -0.001158 131 -0.000828 0.001533 
0.004704 0.001145 -0.001156 178 -0.000825 0.001638 
0.004701 0.001165 -0.001265 28 -0.000937 0.001635 
0.004585 0.001165 -0.001265 29 -0.000937 0.001520 
0.004599 0.001146 -0.001158 131 -0.000828 0.001533


0.004647 0.001155 -0.001211 182 -0.000881 0.001581


