0.003063 -0.001292 -0.001016 120 1.666362 -0.000001 
0.003065 -0.001306 -0.001019 86 1.740351 -0.000004 
0.003065 -0.001305 -0.001143 121 1.735741 -0.000128 
0.003063 -0.001290 -0.001140 152 1.657926 -0.000125 
0.003063 -0.001292 -0.001016 120 1.666362 -0.000001


0.003064 -0.001298 -0.001080 1 1.700095 -0.000064


0.003152 -0.001106 -0.001265 12 0.587183 -0.000250 
0.003154 -0.001105 -0.001081 115 0.574524 -0.000065 
0.003134 -0.001119 -0.001169 114 0.694662 -0.000154 
0.003138 -0.001116 -0.001265 13 0.669584 -0.000250 
0.003152 -0.001106 -0.001265 12 0.587183 -0.000250


0.003144 -0.001111 -0.001195 2 0.631487 -0.000180


0.003166 -0.001097 -0.001078 10 0.504783 -0.000063 
0.003154 -0.001105 -0.001081 115 0.574524 -0.000065 
0.003152 -0.001106 -0.001265 12 0.587183 -0.000250 
0.003166 -0.001097 -0.001265 11 0.504783 -0.000250 
0.003166 -0.001097 -0.001078 10 0.504783 -0.000063


0.003159 -0.001101 -0.001172 3 0.542818 -0.000157


0.003288 -0.001471 -0.000995 144 3.270751 0.000021 
0.003298 -0.001469 -0.000945 142 3.321917 0.000070 
0.003308 -0.001467 -0.000942 107 3.374124 0.000074 
0.003303 -0.001468 -0.001043 81 3.345564 -0.000027 
0.003288 -0.001471 -0.000995 144 3.270751 0.000021


0.003299 -0.001469 -0.000981 4 3.328093 0.000034


0.003347 -0.001454 -0.000890 50 3.578613 0.000125 
0.003349 -0.001453 -0.001076 116 3.591201 -0.000060 
0.003321 -0.001464 -0.000967 108 3.440315 0.000048 
0.003335 -0.001459 -0.000890 51 3.510851 0.000125 
0.003347 -0.001454 -0.000890 50 3.578613 0.000125


0.003338 -0.001458 -0.000956 5 3.530262 0.000060


0.003359 -0.001448 -0.001078 48 3.646376 -0.000063 
0.003349 -0.001453 -0.001076 116 3.591201 -0.000060 
0.003347 -0.001454 -0.000890 50 3.578613 0.000125 
0.003359 -0.001448 -0.000890 49 3.646376 0.000125 
0.003359 -0.001448 -0.001078 48 3.646376 -0.000063


0.003354 -0.001450 -0.000984 6 3.615642 0.000032


0.003064 -0.001245 -0.001138 118 1.431361 -0.000123 
0.003068 -0.001226 -0.001137 84 1.337413 -0.000121 
0.003067 -0.001229 -0.001013 145 1.349825 0.000002 
0.003064 -0.001248 -0.001014 119 1.449318 0.000001 
0.003064 -0.001245 -0.001138 118 1.431361 -0.000123


0.003066 -0.001237 -0.001076 7 1.391979 -0.000060


0.003063 -0.001261 -0.001137 82 1.512211 -0.000122 
0.003062 -0.001274 -0.001138 117 1.578690 -0.000122 
0.003062 -0.001274 -0.001265 24 1.575987 -0.000250 
0.003063 -0.001257 -0.001265 23 1.493587 -0.000250 
0.003063 -0.001261 -0.001137 82 1.512211 -0.000122


0.003062 -0.001266 -0.001201 8 1.540120 -0.000186


0.003063 -0.001263 -0.001015 83 1.524526 0.000000 
0.003064 -0.001248 -0.001014 119 1.449318 0.000001 
0.003063 -0.001254 -0.000890 1 1.477980 0.000125 
0.003062 -0.001268 -0.000890 80 1.545742 0.000125 
0.003063 -0.001263 -0.001015 83 1.524526 0.000000


0.003063 -0.001258 -0.000953 9 1.499393 0.000063


0.003065 -0.001241 -0.001265 22 1.411186 -0.000250 
0.003064 -0.001245 -0.001138 118 1.431361 -0.000123 
0.003063 -0.001261 -0.001137 82 1.512211 -0.000122 
0.003063 -0.001257 -0.001265 23 1.493587 -0.000250 
0.003065 -0.001241 -0.001265 22 1.411186 -0.000250


0.003064 -0.001251 -0.001202 10 1.462087 -0.000186


0.003068 -0.001226 -0.001137 84 1.337413 -0.000121 
0.003064 -0.001245 -0.001138 118 1.431361 -0.000123 
0.003065 -0.001241 -0.001265 22 1.411186 -0.000250 
0.003068 -0.001225 -0.001265 21 1.328786 -0.000250 
0.003068 -0.001226 -0.001137 84 1.337413 -0.000121


0.003066 -0.001234 -0.001201 11 1.377186 -0.000186


0.003063 -0.001263 -0.001015 83 1.524526 0.000000 
0.003063 -0.001261 -0.001137 82 1.512211 -0.000122 
0.003064 -0.001245 -0.001138 118 1.431361 -0.000123 
0.003064 -0.001248 -0.001014 119 1.449318 0.000001 
0.003063 -0.001263 -0.001015 83 1.524526 0.000000


0.003063 -0.001254 -0.001076 12 1.479355 -0.000061


0.003062 -0.001277 -0.001014 85 1.591924 0.000002 
0.003063 -0.001263 -0.001015 83 1.524526 0.000000 
0.003062 -0.001268 -0.000890 80 1.545742 0.000125 
0.003063 -0.001281 -0.000890 79 1.613505 0.000125 
0.003062 -0.001277 -0.001014 85 1.591924 0.000002


0.003062 -0.001272 -0.000952 13 1.568924 0.000063


0.003062 -0.001274 -0.001138 117 1.578690 -0.000122 
0.003063 -0.001290 -0.001140 152 1.657926 -0.000125 
0.003063 -0.001290 -0.001265 25 1.658387 -0.000250 
0.003062 -0.001274 -0.001265 24 1.575987 -0.000250 
0.003062 -0.001274 -0.001138 117 1.578690 -0.000122


0.003063 -0.001282 -0.001202 14 1.617748 -0.000187


0.003062 -0.001277 -0.001014 85 1.591924 0.000002 
0.003062 -0.001274 -0.001138 117 1.578690 -0.000122 
0.003063 -0.001261 -0.001137 82 1.512211 -0.000122 
0.003063 -0.001263 -0.001015 83 1.524526 0.000000 
0.003062 -0.001277 -0.001014 85 1.591924 0.000002


0.003062 -0.001269 -0.001076 15 1.551838 -0.000060


0.003064 -0.001295 -0.000890 78 1.681267 0.000125 
0.003063 -0.001292 -0.001016 120 1.666362 -0.000001 
0.003062 -0.001277 -0.001014 85 1.591924 0.000002 
0.003063 -0.001281 -0.000890 79 1.613505 0.000125 
0.003064 -0.001295 -0.000890 78 1.681267 0.000125


0.003063 -0.001286 -0.000953 16 1.638265 0.000063


0.003065 -0.001306 -0.001019 86 1.740351 -0.000004 
0.003063 -0.001292 -0.001016 120 1.666362 -0.000001 
0.003064 -0.001295 -0.000890 78 1.681267 0.000125 
0.003066 -0.001308 -0.000890 77 1.749030 0.000125 
0.003065 -0.001306 -0.001019 86 1.740351 -0.000004


0.003064 -0.001300 -0.000954 17 1.709253 0.000061


0.003062 -0.001274 -0.001138 117 1.578690 -0.000122 
0.003062 -0.001277 -0.001014 85 1.591924 0.000002 
0.003063 -0.001292 -0.001016 120 1.666362 -0.000001 
0.003063 -0.001290 -0.001140 152 1.657926 -0.000125 
0.003062 -0.001274 -0.001138 117 1.578690 -0.000122


0.003063 -0.001283 -0.001077 18 1.623726 -0.000061


0.003068 -0.001320 -0.001023 122 1.811461 -0.000007 
0.003068 -0.001320 -0.001147 87 1.812697 -0.000132 
0.003065 -0.001305 -0.001143 121 1.735741 -0.000128 
0.003065 -0.001306 -0.001019 86 1.740351 -0.000004 
0.003068 -0.001320 -0.001023 122 1.811461 -0.000007


0.003067 -0.001313 -0.001083 19 1.775063 -0.000068


0.003065 -0.001306 -0.001265 26 1.740788 -0.000250 
0.003065 -0.001305 -0.001143 121 1.735741 -0.000128 
0.003068 -0.001320 -0.001147 87 1.812697 -0.000132 
0.003069 -0.001322 -0.001265 27 1.823188 -0.000250 
0.003065 -0.001306 -0.001265 26 1.740788 -0.000250


0.003067 -0.001314 -0.001205 20 1.778103 -0.000190


0.003063 -0.001290 -0.001140 152 1.657926 -0.000125 
0.003065 -0.001305 -0.001143 121 1.735741 -0.000128 
0.003065 -0.001306 -0.001265 26 1.740788 -0.000250 
0.003063 -0.001290 -0.001265 25 1.658387 -0.000250 
0.003063 -0.001290 -0.001140 152 1.657926 -0.000125


0.003064 -0.001298 -0.001204 21 1.698210 -0.000188


0.003068 -0.001320 -0.001023 122 1.811461 -0.000007 
0.003065 -0.001306 -0.001019 86 1.740351 -0.000004 
0.003066 -0.001308 -0.000890 77 1.749030 0.000125 
0.003068 -0.001321 -0.000890 76 1.816792 0.000125 
0.003068 -0.001320 -0.001023 122 1.811461 -0.000007


0.003067 -0.001314 -0.000956 22 1.779408 0.000060


0.003072 -0.001334 -0.001018 89 1.883966 -0.000002 
0.003073 -0.001335 -0.001142 123 1.890974 -0.000127 
0.003068 -0.001320 -0.001147 87 1.812697 -0.000132 
0.003068 -0.001320 -0.001023 122 1.811461 -0.000007 
0.003072 -0.001334 -0.001018 89 1.883966 -0.000002


0.003070 -0.001328 -0.001082 23 1.849774 -0.000067


0.003090 -0.001373 -0.001128 91 2.098023 -0.000112 
0.003101 -0.001390 -0.001126 154 2.198254 -0.000111 
0.003105 -0.001396 -0.001265 32 2.235189 -0.000250 
0.003095 -0.001382 -0.001265 31 2.152789 -0.000250 
0.003090 -0.001373 -0.001128 91 2.098023 -0.000112


0.003097 -0.001385 -0.001196 24 2.171068 -0.000181


0.003072 -0.001334 -0.001018 89 1.883966 -0.000002 
0.003068 -0.001320 -0.001023 122 1.811461 -0.000007 
0.003068 -0.001321 -0.000890 76 1.816792 0.000125 
0.003072 -0.001334 -0.000890 75 1.884554 0.000125 
0.003072 -0.001334 -0.001018 89 1.883966 -0.000002


0.003070 -0.001327 -0.000955 25 1.849193 0.000060


0.003074 -0.001338 -0.001265 28 1.905588 -0.000250 
0.003073 -0.001335 -0.001142 123 1.890974 -0.000127 
0.003078 -0.001350 -0.001142 153 1.968765 -0.000126 
0.003080 -0.001354 -0.001265 29 1.987988 -0.000250 
0.003074 -0.001338 -0.001265 28 1.905588 -0.000250


0.003076 -0.001344 -0.001204 26 1.938329 -0.000188


0.003068 -0.001320 -0.001147 87 1.812697 -0.000132 
0.003073 -0.001335 -0.001142 123 1.890974 -0.000127 
0.003074 -0.001338 -0.001265 28 1.905588 -0.000250 
0.003069 -0.001322 -0.001265 27 1.823188 -0.000250 
0.003068 -0.001320 -0.001147 87 1.812697 -0.000132


0.003071 -0.001329 -0.001205 27 1.858112 -0.000190


0.003077 -0.001347 -0.000890 74 1.952317 0.000125 
0.003077 -0.001348 -0.001017 124 1.957381 -0.000002 
0.003072 -0.001334 -0.001018 89 1.883966 -0.000002 
0.003072 -0.001334 -0.000890 75 1.884554 0.000125 
0.003077 -0.001347 -0.000890 74 1.952317 0.000125


0.003074 -0.001341 -0.000954 28 1.919554 0.000062


0.003083 -0.001362 -0.001008 90 2.033862 0.000008 
0.003077 -0.001348 -0.001017 124 1.957381 -0.000002 
0.003077 -0.001347 -0.000890 74 1.952317 0.000125 
0.003082 -0.001359 -0.000890 73 2.020079 0.000125 
0.003083 -0.001362 -0.001008 90 2.033862 0.000008


0.003080 -0.001354 -0.000951 29 1.990909 0.000064


0.003078 -0.001350 -0.001142 153 1.968765 -0.000126 
0.003085 -0.001365 -0.001130 125 2.053553 -0.000115 
0.003087 -0.001368 -0.001265 30 2.070389 -0.000250 
0.003080 -0.001354 -0.001265 29 1.987988 -0.000250 
0.003078 -0.001350 -0.001142 153 1.968765 -0.000126


0.003082 -0.001359 -0.001201 30 2.020174 -0.000185


0.003090 -0.001375 -0.000993 126 2.106126 0.000022 
0.003090 -0.001373 -0.001128 91 2.098023 -0.000112 
0.003085 -0.001365 -0.001130 125 2.053553 -0.000115 
0.003083 -0.001362 -0.001008 90 2.033862 0.000008 
0.003090 -0.001375 -0.000993 126 2.106126 0.000022


0.003087 -0.001369 -0.001065 31 2.072892 -0.000049


0.003087 -0.001368 -0.001265 30 2.070389 -0.000250 
0.003085 -0.001365 -0.001130 125 2.053553 -0.000115 
0.003090 -0.001373 -0.001128 91 2.098023 -0.000112 
0.003095 -0.001382 -0.001265 31 2.152789 -0.000250 
0.003087 -0.001368 -0.001265 30 2.070389 -0.000250


0.003089 -0.001372 -0.001197 32 2.093683 -0.000182


0.003078 -0.001350 -0.001142 153 1.968765 -0.000126 
0.003077 -0.001348 -0.001017 124 1.957381 -0.000002 
0.003083 -0.001362 -0.001008 90 2.033862 0.000008 
0.003085 -0.001365 -0.001130 125 2.053553 -0.000115 
0.003078 -0.001350 -0.001142 153 1.968765 -0.000126


0.003081 -0.001356 -0.001074 33 2.003390 -0.000059


0.003090 -0.001375 -0.000993 126 2.106126 0.000022 
0.003083 -0.001362 -0.001008 90 2.033862 0.000008 
0.003082 -0.001359 -0.000890 73 2.020079 0.000125 
0.003089 -0.001371 -0.000890 72 2.087841 0.000125 
0.003090 -0.001375 -0.000993 126 2.106126 0.000022


0.003086 -0.001367 -0.000945 34 2.061977 0.000070


0.003096 -0.001384 -0.000976 92 2.159428 0.000040 
0.003090 -0.001375 -0.000993 126 2.106126 0.000022 
0.003089 -0.001371 -0.000890 72 2.087841 0.000125 
0.003096 -0.001383 -0.000890 71 2.155604 0.000125 
0.003096 -0.001384 -0.000976 92 2.159428 0.000040


0.003093 -0.001378 -0.000937 35 2.127250 0.000078


0.003090 -0.001373 -0.001128 91 2.098023 -0.000112 
0.003090 -0.001375 -0.000993 126 2.106126 0.000022 
0.003096 -0.001384 -0.000976 92 2.159428 0.000040 
0.003096 -0.001383 -0.001049 88 2.158029 -0.000034 
0.003090 -0.001373 -0.001128 91 2.098023 -0.000112


0.003093 -0.001379 -0.001036 36 2.130402 -0.000021


0.003104 -0.001394 -0.000890 70 2.223366 0.000125 
0.003105 -0.001396 -0.000964 127 2.233959 0.000051 
0.003096 -0.001384 -0.000976 92 2.159428 0.000040 
0.003096 -0.001383 -0.000890 71 2.155604 0.000125 
0.003104 -0.001394 -0.000890 70 2.223366 0.000125


0.003100 -0.001389 -0.000930 37 2.193089 0.000085


0.003108 -0.001400 -0.000973 100 2.263488 0.000043 
0.003105 -0.001396 -0.001055 134 2.237030 -0.000040 
0.003097 -0.001385 -0.001048 93 2.166952 -0.000033 
0.003105 -0.001396 -0.000964 127 2.233959 0.000051 
0.003108 -0.001400 -0.000973 100 2.263488 0.000043


0.003104 -0.001394 -0.001010 38 2.225363 0.000005


0.003096 -0.001384 -0.000976 92 2.159428 0.000040 
0.003105 -0.001396 -0.000964 127 2.233959 0.000051 
0.003097 -0.001385 -0.001048 93 2.166952 -0.000033 
0.003096 -0.001383 -0.001049 88 2.158029 -0.000034 
0.003096 -0.001384 -0.000976 92 2.159428 0.000040


0.003098 -0.001387 -0.001009 39 2.179586 0.000006


0.003153 -0.001440 -0.001134 130 2.561976 -0.000119 
0.003139 -0.001430 -0.001133 97 2.476214 -0.000118 
0.003142 -0.001432 -0.001008 131 2.493784 0.000008 
0.003153 -0.001440 -0.001012 129 2.563514 0.000004 
0.003153 -0.001440 -0.001134 130 2.561976 -0.000119


0.003147 -0.001436 -0.001072 40 2.523872 -0.000056


0.003167 -0.001448 -0.001137 94 2.644146 -0.000122 
0.003179 -0.001454 -0.001137 128 2.713124 -0.000122 
0.003182 -0.001456 -0.001265 38 2.729591 -0.000250 
0.003168 -0.001449 -0.001265 37 2.647191 -0.000250 
0.003167 -0.001448 -0.001137 94 2.644146 -0.000122


0.003174 -0.001452 -0.001201 41 2.683512 -0.000186


0.003166 -0.001448 -0.001015 95 2.636112 0.000001 
0.003153 -0.001440 -0.001012 129 2.563514 0.000004 
0.003153 -0.001440 -0.000890 65 2.562178 0.000125 
0.003164 -0.001447 -0.000890 64 2.629940 0.000125 
0.003166 -0.001448 -0.001015 95 2.636112 0.000001


0.003159 -0.001444 -0.000952 42 2.597936 0.000064


0.003177 -0.001454 -0.001013 96 2.702685 0.000002 
0.003166 -0.001448 -0.001015 95 2.636112 0.000001 
0.003164 -0.001447 -0.000890 64 2.629940 0.000125 
0.003177 -0.001453 -0.000890 63 2.697703 0.000125 
0.003177 -0.001454 -0.001013 96 2.702685 0.000002


0.003171 -0.001450 -0.000952 43 2.666610 0.000063


0.003179 -0.001454 -0.001137 128 2.713124 -0.000122 
0.003194 -0.001460 -0.001140 156 2.790191 -0.000124 
0.003198 -0.001462 -0.001265 39 2.811991 -0.000250 
0.003182 -0.001456 -0.001265 38 2.729591 -0.000250 
0.003179 -0.001454 -0.001137 128 2.713124 -0.000122


0.003188 -0.001458 -0.001202 44 2.761224 -0.000187


0.003177 -0.001454 -0.001013 96 2.702685 0.000002 
0.003179 -0.001454 -0.001137 128 2.713124 -0.000122 
0.003167 -0.001448 -0.001137 94 2.644146 -0.000122 
0.003166 -0.001448 -0.001015 95 2.636112 0.000001 
0.003177 -0.001454 -0.001013 96 2.702685 0.000002


0.003172 -0.001451 -0.001076 45 2.674017 -0.000060


0.003153 -0.001440 -0.001265 36 2.564791 -0.000250 
0.003153 -0.001440 -0.001134 130 2.561976 -0.000119 
0.003167 -0.001448 -0.001137 94 2.644146 -0.000122 
0.003168 -0.001449 -0.001265 37 2.647191 -0.000250 
0.003153 -0.001440 -0.001265 36 2.564791 -0.000250


0.003160 -0.001444 -0.001201 46 2.604526 -0.000185


0.003139 -0.001430 -0.001133 97 2.476214 -0.000118 
0.003153 -0.001440 -0.001134 130 2.561976 -0.000119 
0.003153 -0.001440 -0.001265 36 2.564791 -0.000250 
0.003140 -0.001431 -0.001265 35 2.482390 -0.000250 
0.003139 -0.001430 -0.001133 97 2.476214 -0.000118


0.003146 -0.001435 -0.001200 47 2.521343 -0.000184


0.003166 -0.001448 -0.001015 95 2.636112 0.000001 
0.003167 -0.001448 -0.001137 94 2.644146 -0.000122 
0.003153 -0.001440 -0.001134 130 2.561976 -0.000119 
0.003153 -0.001440 -0.001012 129 2.563514 0.000004 
0.003166 -0.001448 -0.001015 95 2.636112 0.000001


0.003160 -0.001444 -0.001075 48 2.601437 -0.000059


0.003125 -0.001418 -0.001136 132 2.387447 -0.000120 
0.003131 -0.001423 -0.001004 98 2.424175 0.000012 
0.003142 -0.001432 -0.001008 131 2.493784 0.000008 
0.003139 -0.001430 -0.001133 97 2.476214 -0.000118 
0.003125 -0.001418 -0.001136 132 2.387447 -0.000120


0.003134 -0.001426 -0.001070 49 2.445407 -0.000055


0.003142 -0.001432 -0.000890 66 2.494415 0.000125 
0.003142 -0.001432 -0.001008 131 2.493784 0.000008 
0.003131 -0.001423 -0.001004 98 2.424175 0.000012 
0.003131 -0.001424 -0.000890 67 2.426653 0.000125 
0.003142 -0.001432 -0.000890 66 2.494415 0.000125


0.003136 -0.001428 -0.000948 50 2.459757 0.000067


0.003153 -0.001440 -0.001012 129 2.563514 0.000004 
0.003142 -0.001432 -0.001008 131 2.493784 0.000008 
0.003142 -0.001432 -0.000890 66 2.494415 0.000125 
0.003153 -0.001440 -0.000890 65 2.562178 0.000125 
0.003153 -0.001440 -0.001012 129 2.563514 0.000004


0.003147 -0.001436 -0.000950 51 2.528473 0.000065


0.003125 -0.001418 -0.001136 132 2.387447 -0.000120 
0.003139 -0.001430 -0.001133 97 2.476214 -0.000118 
0.003140 -0.001431 -0.001265 35 2.482390 -0.000250 
0.003127 -0.001420 -0.001265 34 2.399990 -0.000250 
0.003125 -0.001418 -0.001136 132 2.387447 -0.000120


0.003133 -0.001425 -0.001200 52 2.436510 -0.000184


0.003115 -0.001408 -0.001150 155 2.315580 -0.000135 
0.003125 -0.001418 -0.001136 132 2.387447 -0.000120 
0.003127 -0.001420 -0.001265 34 2.399990 -0.000250 
0.003116 -0.001408 -0.001265 33 2.317590 -0.000250 
0.003115 -0.001408 -0.001150 155 2.315580 -0.000135


0.003121 -0.001414 -0.001204 53 2.355151 -0.000189


0.003214 -0.001467 -0.001134 102 2.896238 -0.000119 
0.003249 -0.001472 -0.001109 138 3.075752 -0.000093 
0.003246 -0.001472 -0.001265 42 3.059192 -0.000250 
0.003230 -0.001470 -0.001265 41 2.976792 -0.000250 
0.003214 -0.001467 -0.001134 102 2.896238 -0.000119


0.003235 -0.001471 -0.001193 54 3.002019 -0.000178


0.003131 -0.001423 -0.001004 98 2.424175 0.000012 
0.003105 -0.001396 -0.001055 134 2.237030 -0.000040 
0.003108 -0.001400 -0.000973 100 2.263488 0.000043 
0.003121 -0.001414 -0.000951 133 2.357720 0.000064 
0.003131 -0.001423 -0.001004 98 2.424175 0.000012


0.003116 -0.001409 -0.000996 55 2.320587 0.000020


0.003121 -0.001414 -0.000890 68 2.358891 0.000125 
0.003121 -0.001414 -0.000951 133 2.357720 0.000064 
0.003108 -0.001400 -0.000973 100 2.263488 0.000043 
0.003112 -0.001404 -0.000890 69 2.291128 0.000125 
0.003121 -0.001414 -0.000890 68 2.358891 0.000125


0.003116 -0.001408 -0.000926 56 2.317809 0.000089


0.003131 -0.001423 -0.001004 98 2.424175 0.000012 
0.003121 -0.001414 -0.000951 133 2.357720 0.000064 
0.003121 -0.001414 -0.000890 68 2.358891 0.000125 
0.003131 -0.001424 -0.000890 67 2.426653 0.000125 
0.003131 -0.001423 -0.001004 98 2.424175 0.000012


0.003126 -0.001419 -0.000934 57 2.391860 0.000081


0.003090 -0.001373 -0.001128 91 2.098023 -0.000112 
0.003096 -0.001383 -0.001049 88 2.158029 -0.000034 
0.003097 -0.001385 -0.001048 93 2.166952 -0.000033 
0.003101 -0.001390 -0.001126 154 2.198254 -0.000111 
0.003090 -0.001373 -0.001128 91 2.098023 -0.000112


0.003096 -0.001383 -0.001088 58 2.155319 -0.000072


0.003108 -0.001400 -0.000973 100 2.263488 0.000043 
0.003105 -0.001396 -0.000964 127 2.233959 0.000051 
0.003104 -0.001394 -0.000890 70 2.223366 0.000125 
0.003112 -0.001404 -0.000890 69 2.291128 0.000125 
0.003108 -0.001400 -0.000973 100 2.263488 0.000043


0.003107 -0.001399 -0.000929 59 2.252984 0.000086


0.003115 -0.001408 -0.001150 155 2.315580 -0.000135 
0.003116 -0.001408 -0.001265 33 2.317590 -0.000250 
0.003105 -0.001396 -0.001265 32 2.235189 -0.000250 
0.003101 -0.001390 -0.001126 154 2.198254 -0.000111 
0.003115 -0.001408 -0.001150 155 2.315580 -0.000135


0.003109 -0.001401 -0.001202 60 2.266657 -0.000186


0.003189 -0.001459 -0.000890 62 2.765465 0.000125 
0.003191 -0.001459 -0.001015 135 2.775453 0.000000 
0.003177 -0.001454 -0.001013 96 2.702685 0.000002 
0.003177 -0.001453 -0.000890 63 2.697703 0.000125 
0.003189 -0.001459 -0.000890 62 2.765465 0.000125


0.003183 -0.001456 -0.000952 61 2.735326 0.000063


0.003204 -0.001464 -0.001005 101 2.846537 0.000011 
0.003191 -0.001459 -0.001015 135 2.775453 0.000000 
0.003189 -0.001459 -0.000890 62 2.765465 0.000125 
0.003202 -0.001463 -0.000890 61 2.833227 0.000125 
0.003204 -0.001464 -0.001005 101 2.846537 0.000011


0.003196 -0.001461 -0.000950 62 2.805170 0.000065


0.003179 -0.001454 -0.001137 128 2.713124 -0.000122 
0.003177 -0.001454 -0.001013 96 2.702685 0.000002 
0.003191 -0.001459 -0.001015 135 2.775453 0.000000 
0.003194 -0.001460 -0.001140 156 2.790191 -0.000124 
0.003179 -0.001454 -0.001137 128 2.713124 -0.000122


0.003185 -0.001457 -0.001076 63 2.745363 -0.000061


0.003218 -0.001468 -0.000995 141 2.918046 0.000021 
0.003214 -0.001467 -0.001134 102 2.896238 -0.000119 
0.003205 -0.001464 -0.001138 136 2.852440 -0.000123 
0.003204 -0.001464 -0.001005 101 2.846537 0.000011 
0.003218 -0.001468 -0.000995 141 2.918046 0.000021


0.003210 -0.001466 -0.001068 64 2.878314 -0.000053


0.003213 -0.001466 -0.001265 40 2.894392 -0.000250 
0.003205 -0.001464 -0.001138 136 2.852440 -0.000123 
0.003214 -0.001467 -0.001134 102 2.896238 -0.000119 
0.003230 -0.001470 -0.001265 41 2.976792 -0.000250 
0.003213 -0.001466 -0.001265 40 2.894392 -0.000250


0.003216 -0.001467 -0.001201 65 2.904956 -0.000185


0.003194 -0.001460 -0.001140 156 2.790191 -0.000124 
0.003205 -0.001464 -0.001138 136 2.852440 -0.000123 
0.003213 -0.001466 -0.001265 40 2.894392 -0.000250 
0.003198 -0.001462 -0.001265 39 2.811991 -0.000250 
0.003194 -0.001460 -0.001140 156 2.790191 -0.000124


0.003202 -0.001463 -0.001202 66 2.837251 -0.000187


0.003267 -0.001472 -0.001120 103 3.165248 -0.000104 
0.003273 -0.001472 -0.001005 137 3.192327 0.000010 
0.003288 -0.001471 -0.000995 144 3.270751 0.000021 
0.003285 -0.001471 -0.001131 139 3.254470 -0.000116 
0.003267 -0.001472 -0.001120 103 3.165248 -0.000104


0.003278 -0.001472 -0.001063 67 3.220700 -0.000047


0.003267 -0.001472 -0.001120 103 3.165248 -0.000104 
0.003285 -0.001471 -0.001131 139 3.254470 -0.000116 
0.003288 -0.001471 -0.001265 44 3.267788 -0.000250 
0.003262 -0.001473 -0.001265 43 3.141593 -0.000250 
0.003267 -0.001472 -0.001120 103 3.165248 -0.000104


0.003276 -0.001472 -0.001195 68 3.207276 -0.000180


0.003273 -0.001472 -0.001005 137 3.192327 0.000010 
0.003261 -0.001473 -0.000995 104 3.135459 0.000021 
0.003255 -0.001472 -0.000890 57 3.104277 0.000125 
0.003268 -0.001472 -0.000890 56 3.172039 0.000125 
0.003273 -0.001472 -0.001005 137 3.192327 0.000010


0.003264 -0.001473 -0.000945 69 3.151027 0.000070


0.003246 -0.001472 -0.001265 42 3.059192 -0.000250 
0.003249 -0.001472 -0.001109 138 3.075752 -0.000093 
0.003267 -0.001472 -0.001120 103 3.165248 -0.000104 
0.003262 -0.001473 -0.001265 43 3.141593 -0.000250 
0.003246 -0.001472 -0.001265 42 3.059192 -0.000250


0.003256 -0.001472 -0.001190 70 3.110446 -0.000174


0.003080 -0.001189 -0.001016 147 1.142252 -0.000001 
0.003077 -0.001198 -0.001139 110 1.189993 -0.000123 
0.003081 -0.001188 -0.001143 148 1.135568 -0.000128 
0.003085 -0.001180 -0.001021 99 1.087576 -0.000006 
0.003080 -0.001189 -0.001016 147 1.142252 -0.000001


0.003081 -0.001189 -0.001080 71 1.138847 -0.000064


0.003273 -0.001472 -0.001005 137 3.192327 0.000010 
0.003267 -0.001472 -0.001120 103 3.165248 -0.000104 
0.003249 -0.001472 -0.001109 138 3.075752 -0.000093 
0.003261 -0.001473 -0.000995 104 3.135459 0.000021 
0.003273 -0.001472 -0.001005 137 3.192327 0.000010


0.003263 -0.001473 -0.001057 72 3.142203 -0.000042


0.003288 -0.001471 -0.000995 144 3.270751 0.000021 
0.003273 -0.001472 -0.001005 137 3.192327 0.000010 
0.003268 -0.001472 -0.000890 56 3.172039 0.000125 
0.003282 -0.001472 -0.000890 55 3.239801 0.000125 
0.003288 -0.001471 -0.000995 144 3.270751 0.000021


0.003278 -0.001472 -0.000945 73 3.218728 0.000070


0.003288 -0.001471 -0.001265 44 3.267788 -0.000250 
0.003285 -0.001471 -0.001131 139 3.254470 -0.000116 
0.003301 -0.001469 -0.001138 105 3.336445 -0.000123 
0.003312 -0.001466 -0.001265 45 3.393984 -0.000250 
0.003288 -0.001471 -0.001265 44 3.267788 -0.000250


0.003297 -0.001470 -0.001200 74 3.313162 -0.000185


0.003232 -0.001470 -0.000979 106 2.988040 0.000036 
0.003245 -0.001472 -0.000955 140 3.053323 0.000061 
0.003261 -0.001473 -0.000995 104 3.135459 0.000021 
0.003249 -0.001472 -0.001109 138 3.075752 -0.000093 
0.003232 -0.001470 -0.000979 106 2.988040 0.000036


0.003247 -0.001472 -0.001009 75 3.063146 0.000006


0.003241 -0.001471 -0.000890 58 3.036514 0.000125 
0.003245 -0.001472 -0.000955 140 3.053323 0.000061 
0.003232 -0.001470 -0.000979 106 2.988040 0.000036 
0.003228 -0.001470 -0.000890 59 2.968752 0.000125 
0.003241 -0.001471 -0.000890 58 3.036514 0.000125


0.003236 -0.001471 -0.000929 76 3.011658 0.000087


0.003261 -0.001473 -0.000995 104 3.135459 0.000021 
0.003245 -0.001472 -0.000955 140 3.053323 0.000061 
0.003241 -0.001471 -0.000890 58 3.036514 0.000125 
0.003255 -0.001472 -0.000890 57 3.104277 0.000125 
0.003261 -0.001473 -0.000995 104 3.135459 0.000021


0.003251 -0.001472 -0.000933 77 3.082392 0.000083


0.003218 -0.001468 -0.000995 141 2.918046 0.000021 
0.003204 -0.001464 -0.001005 101 2.846537 0.000011 
0.003202 -0.001463 -0.000890 61 2.833227 0.000125 
0.003215 -0.001467 -0.000890 60 2.900990 0.000125 
0.003218 -0.001468 -0.000995 141 2.918046 0.000021


0.003210 -0.001465 -0.000945 78 2.874700 0.000070


0.003232 -0.001470 -0.000979 106 2.988040 0.000036 
0.003218 -0.001468 -0.000995 141 2.918046 0.000021 
0.003215 -0.001467 -0.000890 60 2.900990 0.000125 
0.003228 -0.001470 -0.000890 59 2.968752 0.000125 
0.003232 -0.001470 -0.000979 106 2.988040 0.000036


0.003223 -0.001469 -0.000939 79 2.943957 0.000077


0.003214 -0.001467 -0.001134 102 2.896238 -0.000119 
0.003218 -0.001468 -0.000995 141 2.918046 0.000021 
0.003232 -0.001470 -0.000979 106 2.988040 0.000036 
0.003249 -0.001472 -0.001109 138 3.075752 -0.000093 
0.003214 -0.001467 -0.001134 102 2.896238 -0.000119


0.003228 -0.001470 -0.001054 80 2.969491 -0.000039


0.003308 -0.001467 -0.000942 107 3.374124 0.000074 
0.003298 -0.001469 -0.000945 142 3.321917 0.000070 
0.003295 -0.001470 -0.000890 54 3.307564 0.000125 
0.003309 -0.001467 -0.000890 53 3.375326 0.000125 
0.003308 -0.001467 -0.000942 107 3.374124 0.000074


0.003303 -0.001468 -0.000917 81 3.344733 0.000098


0.003288 -0.001471 -0.000995 144 3.270751 0.000021 
0.003303 -0.001468 -0.001043 81 3.345564 -0.000027 
0.003301 -0.001469 -0.001138 105 3.336445 -0.000123 
0.003285 -0.001471 -0.001131 139 3.254470 -0.000116 
0.003288 -0.001471 -0.000995 144 3.270751 0.000021


0.003294 -0.001470 -0.001077 82 3.301808 -0.000061


0.003295 -0.001470 -0.000890 54 3.307564 0.000125 
0.003298 -0.001469 -0.000945 142 3.321917 0.000070 
0.003288 -0.001471 -0.000995 144 3.270751 0.000021 
0.003282 -0.001472 -0.000890 55 3.239801 0.000125 
0.003295 -0.001470 -0.000890 54 3.307564 0.000125


0.003291 -0.001470 -0.000930 83 3.285010 0.000085


0.003322 -0.001463 -0.000890 52 3.443089 0.000125 
0.003317 -0.001465 -0.000933 143 3.419180 0.000082 
0.003308 -0.001467 -0.000942 107 3.374124 0.000074 
0.003309 -0.001467 -0.000890 53 3.375326 0.000125 
0.003322 -0.001463 -0.000890 52 3.443089 0.000125


0.003314 -0.001466 -0.000914 84 3.402929 0.000102


0.003321 -0.001464 -0.000967 108 3.440315 0.000048 
0.003317 -0.001465 -0.000933 143 3.419180 0.000082 
0.003322 -0.001463 -0.000890 52 3.443089 0.000125 
0.003335 -0.001459 -0.000890 51 3.510851 0.000125 
0.003321 -0.001464 -0.000967 108 3.440315 0.000048


0.003324 -0.001463 -0.000920 85 3.453352 0.000095


0.003308 -0.001467 -0.000942 107 3.374124 0.000074 
0.003317 -0.001465 -0.000933 143 3.419180 0.000082 
0.003321 -0.001464 -0.000967 108 3.440315 0.000048 
0.003303 -0.001468 -0.001043 81 3.345564 -0.000027 
0.003308 -0.001467 -0.000942 107 3.374124 0.000074


0.003313 -0.001466 -0.000971 86 3.394796 0.000044


0.003301 -0.001469 -0.001138 105 3.336445 -0.000123 
0.003303 -0.001468 -0.001043 81 3.345564 -0.000027 
0.003321 -0.001464 -0.000967 108 3.440315 0.000048 
0.003349 -0.001453 -0.001076 116 3.591201 -0.000060 
0.003301 -0.001469 -0.001138 105 3.336445 -0.000123


0.003319 -0.001464 -0.001056 87 3.428257 -0.000040


0.003301 -0.001469 -0.001138 105 3.336445 -0.000123 
0.003349 -0.001453 -0.001076 116 3.591201 -0.000060 
0.003336 -0.001458 -0.001265 46 3.520180 -0.000250 
0.003312 -0.001466 -0.001265 45 3.393984 -0.000250 
0.003301 -0.001469 -0.001138 105 3.336445 -0.000123


0.003325 -0.001462 -0.001186 88 3.460442 -0.000171


0.003349 -0.001453 -0.001076 116 3.591201 -0.000060 
0.003359 -0.001448 -0.001078 48 3.646376 -0.000063 
0.003359 -0.001448 -0.001265 47 3.646376 -0.000250 
0.003336 -0.001458 -0.001265 46 3.520180 -0.000250 
0.003349 -0.001453 -0.001076 116 3.591201 -0.000060


0.003351 -0.001452 -0.001171 89 3.601047 -0.000156


0.003073 -0.001209 -0.001135 146 1.245354 -0.000119 
0.003073 -0.001209 -0.001010 109 1.245040 0.000005 
0.003067 -0.001229 -0.001013 145 1.349825 0.000002 
0.003068 -0.001226 -0.001137 84 1.337413 -0.000121 
0.003073 -0.001209 -0.001135 146 1.245354 -0.000119


0.003070 -0.001218 -0.001074 90 1.294407 -0.000058


0.003067 -0.001230 -0.000890 2 1.356180 0.000125 
0.003067 -0.001229 -0.001013 145 1.349825 0.000002 
0.003073 -0.001209 -0.001010 109 1.245040 0.000005 
0.003074 -0.001207 -0.000890 3 1.235102 0.000126 
0.003067 -0.001230 -0.000890 2 1.356180 0.000125


0.003070 -0.001218 -0.000951 91 1.296537 0.000065


0.003064 -0.001248 -0.001014 119 1.449318 0.000001 
0.003067 -0.001229 -0.001013 145 1.349825 0.000002 
0.003067 -0.001230 -0.000890 2 1.356180 0.000125 
0.003063 -0.001254 -0.000890 1 1.477980 0.000125 
0.003064 -0.001248 -0.001014 119 1.449318 0.000001


0.003065 -0.001240 -0.000952 92 1.408323 0.000063


0.003073 -0.001209 -0.001135 146 1.245354 -0.000119 
0.003068 -0.001226 -0.001137 84 1.337413 -0.000121 
0.003068 -0.001225 -0.001265 21 1.328786 -0.000250 
0.003073 -0.001209 -0.001265 20 1.246386 -0.000250 
0.003073 -0.001209 -0.001135 146 1.245354 -0.000119


0.003070 -0.001217 -0.001201 93 1.289484 -0.000185


0.003077 -0.001198 -0.001139 110 1.189993 -0.000123 
0.003080 -0.001189 -0.001016 147 1.142252 -0.000001 
0.003073 -0.001209 -0.001010 109 1.245040 0.000005 
0.003073 -0.001209 -0.001135 146 1.245354 -0.000119 
0.003077 -0.001198 -0.001139 110 1.189993 -0.000123


0.003076 -0.001201 -0.001075 94 1.205665 -0.000059


0.003085 -0.001180 -0.001021 99 1.087576 -0.000006 
0.003110 -0.001143 -0.001058 150 0.864430 -0.000042 
0.003109 -0.001144 -0.000889 6 0.870402 0.000126 
0.003095 -0.001163 -0.000889 5 0.991582 0.000127 
0.003085 -0.001180 -0.001021 99 1.087576 -0.000006


0.003099 -0.001157 -0.000964 95 0.953448 0.000051


0.003077 -0.001198 -0.001139 110 1.189993 -0.000123 
0.003073 -0.001209 -0.001135 146 1.245354 -0.000119 
0.003073 -0.001209 -0.001265 20 1.246386 -0.000250 
0.003079 -0.001193 -0.001265 19 1.163985 -0.000250 
0.003077 -0.001198 -0.001139 110 1.189993 -0.000123


0.003075 -0.001202 -0.001201 96 1.211431 -0.000186


0.003083 -0.001184 -0.000889 4 1.113042 0.000126 
0.003080 -0.001189 -0.001016 147 1.142252 -0.000001 
0.003085 -0.001180 -0.001021 99 1.087576 -0.000006 
0.003095 -0.001163 -0.000889 5 0.991582 0.000127 
0.003083 -0.001184 -0.000889 4 1.113042 0.000126


0.003086 -0.001179 -0.000954 97 1.083636 0.000062


0.003073 -0.001209 -0.001010 109 1.245040 0.000005 
0.003080 -0.001189 -0.001016 147 1.142252 -0.000001 
0.003083 -0.001184 -0.000889 4 1.113042 0.000126 
0.003074 -0.001207 -0.000890 3 1.235102 0.000126 
0.003073 -0.001209 -0.001010 109 1.245040 0.000005


0.003077 -0.001197 -0.000951 98 1.183861 0.000064


0.003092 -0.001168 -0.001159 111 1.020589 -0.000144 
0.003081 -0.001188 -0.001143 148 1.135568 -0.000128 
0.003086 -0.001179 -0.001265 18 1.081585 -0.000250 
0.003094 -0.001164 -0.001265 17 0.999185 -0.000250 
0.003092 -0.001168 -0.001159 111 1.020589 -0.000144


0.003088 -0.001175 -0.001208 99 1.059224 -0.000193


0.003085 -0.001180 -0.001021 99 1.087576 -0.000006 
0.003081 -0.001188 -0.001143 148 1.135568 -0.000128 
0.003092 -0.001168 -0.001159 111 1.020589 -0.000144 
0.003110 -0.001143 -0.001058 150 0.864430 -0.000042 
0.003085 -0.001180 -0.001021 99 1.087576 -0.000006


0.003091 -0.001169 -0.001095 100 1.027158 -0.000080


0.003086 -0.001179 -0.001265 18 1.081585 -0.000250 
0.003081 -0.001188 -0.001143 148 1.135568 -0.000128 
0.003077 -0.001198 -0.001139 110 1.189993 -0.000123 
0.003079 -0.001193 -0.001265 19 1.163985 -0.000250 
0.003086 -0.001179 -0.001265 18 1.081585 -0.000250


0.003080 -0.001190 -0.001203 101 1.142788 -0.000188


0.003104 -0.001151 -0.001265 16 0.916785 -0.000250 
0.003102 -0.001152 -0.001202 149 0.926559 -0.000187 
0.003092 -0.001168 -0.001159 111 1.020589 -0.000144 
0.003094 -0.001164 -0.001265 17 0.999185 -0.000250 
0.003104 -0.001151 -0.001265 16 0.916785 -0.000250


0.003098 -0.001159 -0.001223 102 0.965778 -0.000208


0.003113 -0.001139 -0.001181 112 0.842342 -0.000166 
0.003102 -0.001152 -0.001202 149 0.926559 -0.000187 
0.003104 -0.001151 -0.001265 16 0.916785 -0.000250 
0.003114 -0.001138 -0.001265 15 0.834384 -0.000250 
0.003113 -0.001139 -0.001181 112 0.842342 -0.000166


0.003108 -0.001145 -0.001229 103 0.880017 -0.000213


0.003092 -0.001168 -0.001159 111 1.020589 -0.000144 
0.003102 -0.001152 -0.001202 149 0.926559 -0.000187 
0.003113 -0.001139 -0.001181 112 0.842342 -0.000166 
0.003110 -0.001143 -0.001058 150 0.864430 -0.000042 
0.003092 -0.001168 -0.001159 111 1.020589 -0.000144


0.003104 -0.001150 -0.001150 104 0.913449 -0.000135


0.003109 -0.001144 -0.000889 6 0.870402 0.000126 
0.003110 -0.001143 -0.001058 150 0.864430 -0.000042 
0.003126 -0.001127 -0.001023 113 0.753498 -0.000008 
0.003126 -0.001126 -0.000890 7 0.748205 0.000126 
0.003109 -0.001144 -0.000889 6 0.870402 0.000126


0.003118 -0.001134 -0.000965 105 0.809134 0.000051


0.003127 -0.001126 -0.001157 151 0.745172 -0.000141 
0.003113 -0.001139 -0.001181 112 0.842342 -0.000166 
0.003114 -0.001138 -0.001265 15 0.834384 -0.000250 
0.003126 -0.001126 -0.001265 14 0.751984 -0.000250 
0.003127 -0.001126 -0.001157 151 0.745172 -0.000141


0.003120 -0.001132 -0.001217 106 0.793470 -0.000202


0.003134 -0.001119 -0.001169 114 0.694662 -0.000154 
0.003127 -0.001126 -0.001157 151 0.745172 -0.000141 
0.003126 -0.001126 -0.001265 14 0.751984 -0.000250 
0.003138 -0.001116 -0.001265 13 0.669584 -0.000250 
0.003134 -0.001119 -0.001169 114 0.694662 -0.000154


0.003131 -0.001122 -0.001214 107 0.715352 -0.000199


0.003126 -0.001127 -0.001023 113 0.753498 -0.000008 
0.003154 -0.001105 -0.001081 115 0.574524 -0.000065 
0.003145 -0.001111 -0.000890 8 0.626717 0.000125 
0.003126 -0.001126 -0.000890 7 0.748205 0.000126 
0.003126 -0.001127 -0.001023 113 0.753498 -0.000008


0.003137 -0.001116 -0.000971 108 0.675748 0.000044


0.003126 -0.001127 -0.001023 113 0.753498 -0.000008 
0.003127 -0.001126 -0.001157 151 0.745172 -0.000141 
0.003134 -0.001119 -0.001169 114 0.694662 -0.000154 
0.003154 -0.001105 -0.001081 115 0.574524 -0.000065 
0.003126 -0.001127 -0.001023 113 0.753498 -0.000008


0.003135 -0.001119 -0.001108 109 0.692016 -0.000092


0.003127 -0.001126 -0.001157 151 0.745172 -0.000141 
0.003126 -0.001127 -0.001023 113 0.753498 -0.000008 
0.003110 -0.001143 -0.001058 150 0.864430 -0.000042 
0.003113 -0.001139 -0.001181 112 0.842342 -0.000166 
0.003127 -0.001126 -0.001157 151 0.745172 -0.000141


0.003119 -0.001133 -0.001105 110 0.801359 -0.000089


0.003154 -0.001105 -0.001081 115 0.574524 -0.000065 
0.003166 -0.001097 -0.001078 10 0.504783 -0.000063 
0.003166 -0.001097 -0.000890 9 0.504783 0.000125 
0.003145 -0.001111 -0.000890 8 0.626717 0.000125 
0.003154 -0.001105 -0.001081 115 0.574524 -0.000065


0.003157 -0.001102 -0.000985 111 0.552694 0.000031


0.003073 -0.001335 -0.001142 123 1.890974 -0.000127 
0.003072 -0.001334 -0.001018 89 1.883966 -0.000002 
0.003077 -0.001348 -0.001017 124 1.957381 -0.000002 
0.003078 -0.001350 -0.001142 153 1.968765 -0.000126 
0.003073 -0.001335 -0.001142 123 1.890974 -0.000127


0.003075 -0.001342 -0.001080 112 1.925271 -0.000064


0.003097 -0.001385 -0.001048 93 2.166952 -0.000033 
0.003105 -0.001396 -0.001055 134 2.237030 -0.000040 
0.003115 -0.001408 -0.001150 155 2.315580 -0.000135 
0.003101 -0.001390 -0.001126 154 2.198254 -0.000111 
0.003097 -0.001385 -0.001048 93 2.166952 -0.000033


0.003104 -0.001395 -0.001095 113 2.229439 -0.000079


0.003105 -0.001396 -0.001055 134 2.237030 -0.000040 
0.003131 -0.001423 -0.001004 98 2.424175 0.000012 
0.003125 -0.001418 -0.001136 132 2.387447 -0.000120 
0.003115 -0.001408 -0.001150 155 2.315580 -0.000135 
0.003105 -0.001396 -0.001055 134 2.237030 -0.000040


0.003119 -0.001412 -0.001086 114 2.341078 -0.000071


0.003191 -0.001459 -0.001015 135 2.775453 0.000000 
0.003204 -0.001464 -0.001005 101 2.846537 0.000011 
0.003205 -0.001464 -0.001138 136 2.852440 -0.000123 
0.003194 -0.001460 -0.001140 156 2.790191 -0.000124 
0.003191 -0.001459 -0.001015 135 2.775453 0.000000


0.003198 -0.001462 -0.001074 115 2.816156 -0.000059


