-0.003904 -0.000607 -0.001143 139 2.577812 -0.000128 
-0.003899 -0.000605 -0.001021 102 2.552820 -0.000005 
-0.003933 -0.000621 -0.001058 149 2.740510 -0.000043 
-0.003930 -0.000620 -0.001162 161 2.725414 -0.000147 
-0.003904 -0.000607 -0.001143 139 2.577812 -0.000128


-0.003917 -0.000613 -0.001096 1 2.649141 -0.000081


-0.003631 -0.000781 -0.001265 12 0.699698 -0.000250 
-0.003632 -0.000773 -0.001090 123 0.737930 -0.000075 
-0.003633 -0.000763 -0.001172 122 0.787519 -0.000157 
-0.003633 -0.000765 -0.001265 13 0.778469 -0.000250 
-0.003631 -0.000781 -0.001265 12 0.699698 -0.000250


-0.003632 -0.000770 -0.001198 2 0.750906 -0.000183


-0.003631 -0.000796 -0.001078 10 0.620927 -0.000063 
-0.003632 -0.000773 -0.001090 123 0.737930 -0.000075 
-0.003631 -0.000781 -0.001265 12 0.699698 -0.000250 
-0.003631 -0.000796 -0.001265 11 0.620927 -0.000250 
-0.003631 -0.000796 -0.001078 10 0.620927 -0.000063


-0.003631 -0.000786 -0.001175 3 0.669866 -0.000159


-0.004008 -0.000701 -0.001013 130 3.295729 0.000003 
-0.004009 -0.000702 -0.001137 92 3.299692 -0.000122 
-0.004001 -0.000689 -0.001138 131 3.225247 -0.000122 
-0.004001 -0.000689 -0.001013 126 3.225167 0.000002 
-0.004008 -0.000701 -0.001013 130 3.295729 0.000003


-0.004005 -0.000695 -0.001075 4 3.261459 -0.000060


-0.004030 -0.000777 -0.000890 54 3.694475 0.000125 
-0.004030 -0.000773 -0.001065 124 3.673241 -0.000050 
-0.004029 -0.000763 -0.000983 88 3.626299 0.000032 
-0.004029 -0.000763 -0.000890 55 3.626431 0.000125 
-0.004030 -0.000777 -0.000890 54 3.694475 0.000125


-0.004029 -0.000769 -0.000957 5 3.655111 0.000058


-0.004031 -0.000791 -0.001078 52 3.762520 -0.000063 
-0.004030 -0.000773 -0.001065 124 3.673241 -0.000050 
-0.004030 -0.000777 -0.000890 54 3.694475 0.000125 
-0.004031 -0.000791 -0.000890 53 3.762520 0.000125 
-0.004031 -0.000791 -0.001078 52 3.762520 -0.000063


-0.004031 -0.000783 -0.000981 6 3.723190 0.000034


-0.004029 -0.000763 -0.000983 88 3.626299 0.000032 
-0.004026 -0.000751 -0.001002 125 3.564748 0.000013 
-0.004026 -0.000750 -0.000890 56 3.558387 0.000125 
-0.004029 -0.000763 -0.000890 55 3.626431 0.000125 
-0.004029 -0.000763 -0.000983 88 3.626299 0.000032


-0.004028 -0.000757 -0.000942 7 3.593966 0.000074


-0.004027 -0.000756 -0.001117 87 3.590201 -0.000102 
-0.004030 -0.000773 -0.001065 124 3.673241 -0.000050 
-0.004030 -0.000775 -0.001265 50 3.684904 -0.000250 
-0.004028 -0.000760 -0.001265 49 3.607288 -0.000250 
-0.004027 -0.000756 -0.001117 87 3.590201 -0.000102


-0.004029 -0.000766 -0.001178 8 3.638909 -0.000163


-0.004026 -0.000750 -0.000890 56 3.558387 0.000125 
-0.004026 -0.000751 -0.001002 125 3.564748 0.000013 
-0.004023 -0.000740 -0.001008 86 3.504523 0.000007 
-0.004023 -0.000737 -0.000890 57 3.490342 0.000125 
-0.004026 -0.000750 -0.000890 56 3.558387 0.000125


-0.004025 -0.000744 -0.000948 9 3.529500 0.000068


-0.004027 -0.000756 -0.001117 87 3.590201 -0.000102 
-0.004026 -0.000751 -0.001002 125 3.564748 0.000013 
-0.004029 -0.000763 -0.000983 88 3.626299 0.000032 
-0.004030 -0.000773 -0.001065 124 3.673241 -0.000050 
-0.004027 -0.000756 -0.001117 87 3.590201 -0.000102


-0.004028 -0.000761 -0.001042 10 3.613619 -0.000026


-0.004026 -0.000751 -0.001002 125 3.564748 0.000013 
-0.004027 -0.000756 -0.001117 87 3.590201 -0.000102 
-0.004024 -0.000742 -0.001131 127 3.519102 -0.000115 
-0.004023 -0.000740 -0.001008 86 3.504523 0.000007 
-0.004026 -0.000751 -0.001002 125 3.564748 0.000013


-0.004025 -0.000747 -0.001065 11 3.544642 -0.000049


-0.004030 -0.000773 -0.001065 124 3.673241 -0.000050 
-0.004031 -0.000791 -0.001078 52 3.762520 -0.000063 
-0.004031 -0.000791 -0.001265 51 3.762520 -0.000250 
-0.004030 -0.000775 -0.001265 50 3.684904 -0.000250 
-0.004030 -0.000773 -0.001065 124 3.673241 -0.000050


-0.004031 -0.000782 -0.001168 12 3.720796 -0.000153


-0.004025 -0.000744 -0.001265 48 3.529672 -0.000250 
-0.004024 -0.000742 -0.001131 127 3.519102 -0.000115 
-0.004027 -0.000756 -0.001117 87 3.590201 -0.000102 
-0.004028 -0.000760 -0.001265 49 3.607288 -0.000250 
-0.004025 -0.000744 -0.001265 48 3.529672 -0.000250


-0.004026 -0.000751 -0.001195 13 3.561565 -0.000179


-0.004020 -0.000728 -0.001131 89 3.445179 -0.000116 
-0.004024 -0.000742 -0.001131 127 3.519102 -0.000115 
-0.004025 -0.000744 -0.001265 48 3.529672 -0.000250 
-0.004020 -0.000730 -0.001265 47 3.452056 -0.000250 
-0.004020 -0.000728 -0.001131 89 3.445179 -0.000116


-0.004022 -0.000736 -0.001198 14 3.486502 -0.000183


-0.004023 -0.000740 -0.001008 86 3.504523 0.000007 
-0.004020 -0.000728 -0.001011 128 3.441049 0.000004 
-0.004018 -0.000724 -0.000890 58 3.422298 0.000125 
-0.004023 -0.000737 -0.000890 57 3.490342 0.000125 
-0.004023 -0.000740 -0.001008 86 3.504523 0.000007


-0.004021 -0.000732 -0.000950 15 3.464553 0.000065


-0.004015 -0.000715 -0.001130 129 3.373617 -0.000115 
-0.004014 -0.000714 -0.001007 90 3.367491 0.000009 
-0.004020 -0.000728 -0.001011 128 3.441049 0.000004 
-0.004020 -0.000728 -0.001131 89 3.445179 -0.000116 
-0.004015 -0.000715 -0.001130 129 3.373617 -0.000115


-0.004017 -0.000721 -0.001070 16 3.406834 -0.000054


-0.004018 -0.000724 -0.000890 58 3.422298 0.000125 
-0.004020 -0.000728 -0.001011 128 3.441049 0.000004 
-0.004014 -0.000714 -0.001007 90 3.367491 0.000009 
-0.004013 -0.000711 -0.000890 59 3.354253 0.000125 
-0.004018 -0.000724 -0.000890 58 3.422298 0.000125


-0.004017 -0.000719 -0.000950 17 3.396272 0.000066


-0.004023 -0.000740 -0.001008 86 3.504523 0.000007 
-0.004024 -0.000742 -0.001131 127 3.519102 -0.000115 
-0.004020 -0.000728 -0.001131 89 3.445179 -0.000116 
-0.004020 -0.000728 -0.001011 128 3.441049 0.000004 
-0.004023 -0.000740 -0.001008 86 3.504523 0.000007


-0.004022 -0.000734 -0.001070 18 3.477463 -0.000055


-0.004015 -0.000715 -0.001130 129 3.373617 -0.000115 
-0.004020 -0.000728 -0.001131 89 3.445179 -0.000116 
-0.004020 -0.000730 -0.001265 47 3.452056 -0.000250 
-0.004015 -0.000715 -0.001265 46 3.374440 -0.000250 
-0.004015 -0.000715 -0.001130 129 3.373617 -0.000115


-0.004018 -0.000722 -0.001198 19 3.411323 -0.000183


-0.004009 -0.000702 -0.001137 92 3.299692 -0.000122 
-0.004008 -0.000701 -0.001013 130 3.295729 0.000003 
-0.004014 -0.000714 -0.001007 90 3.367491 0.000009 
-0.004015 -0.000715 -0.001130 129 3.373617 -0.000115 
-0.004009 -0.000702 -0.001137 92 3.299692 -0.000122


-0.004012 -0.000708 -0.001072 20 3.334132 -0.000056


-0.003975 -0.000655 -0.001013 134 3.010854 0.000002 
-0.003974 -0.000653 -0.001138 96 3.001243 -0.000123 
-0.003962 -0.000642 -0.001130 135 2.919362 -0.000115 
-0.003964 -0.000644 -0.001007 91 2.936466 0.000008 
-0.003975 -0.000655 -0.001013 134 3.010854 0.000002


-0.003969 -0.000649 -0.001072 21 2.966982 -0.000057


-0.004009 -0.000702 -0.001137 92 3.299692 -0.000122 
-0.004015 -0.000715 -0.001130 129 3.373617 -0.000115 
-0.004015 -0.000715 -0.001265 46 3.374440 -0.000250 
-0.004008 -0.000701 -0.001265 45 3.296824 -0.000250 
-0.004009 -0.000702 -0.001137 92 3.299692 -0.000122


-0.004012 -0.000708 -0.001200 22 3.336144 -0.000184


-0.004007 -0.000699 -0.000890 60 3.286209 0.000125 
-0.004008 -0.000701 -0.001013 130 3.295729 0.000003 
-0.004001 -0.000689 -0.001013 126 3.225167 0.000002 
-0.004000 -0.000687 -0.000890 61 3.218165 0.000125 
-0.004007 -0.000699 -0.000890 60 3.286209 0.000125


-0.004004 -0.000694 -0.000952 23 3.256317 0.000064


-0.004014 -0.000714 -0.001007 90 3.367491 0.000009 
-0.004008 -0.000701 -0.001013 130 3.295729 0.000003 
-0.004007 -0.000699 -0.000890 60 3.286209 0.000125 
-0.004013 -0.000711 -0.000890 59 3.354253 0.000125 
-0.004014 -0.000714 -0.001007 90 3.367491 0.000009


-0.004011 -0.000706 -0.000950 24 3.325920 0.000065


-0.004001 -0.000688 -0.001265 44 3.219209 -0.000250 
-0.004001 -0.000689 -0.001138 131 3.225247 -0.000122 
-0.004009 -0.000702 -0.001137 92 3.299692 -0.000122 
-0.004008 -0.000701 -0.001265 45 3.296824 -0.000250 
-0.004001 -0.000688 -0.001265 44 3.219209 -0.000250


-0.004005 -0.000695 -0.001201 25 3.260243 -0.000186


-0.003993 -0.000676 -0.001135 93 3.149713 -0.000120 
-0.004001 -0.000689 -0.001138 131 3.225247 -0.000122 
-0.004001 -0.000688 -0.001265 44 3.219209 -0.000250 
-0.003992 -0.000675 -0.001265 43 3.141593 -0.000250 
-0.003993 -0.000676 -0.001135 93 3.149713 -0.000120


-0.003997 -0.000682 -0.001201 26 3.183940 -0.000186


-0.004001 -0.000689 -0.001013 126 3.225167 0.000002 
-0.003994 -0.000678 -0.001012 132 3.160163 0.000003 
-0.003993 -0.000676 -0.000890 62 3.150120 0.000125 
-0.004000 -0.000687 -0.000890 61 3.218165 0.000125 
-0.004001 -0.000689 -0.001013 126 3.225167 0.000002


-0.003997 -0.000682 -0.000952 27 3.188404 0.000064


-0.003984 -0.000665 -0.001132 133 3.076951 -0.000117 
-0.003985 -0.000666 -0.001008 94 3.083994 0.000008 
-0.003994 -0.000678 -0.001012 132 3.160163 0.000003 
-0.003993 -0.000676 -0.001135 93 3.149713 -0.000120 
-0.003984 -0.000665 -0.001132 133 3.076951 -0.000117


-0.003989 -0.000671 -0.001072 28 3.117705 -0.000056


-0.003993 -0.000676 -0.000890 62 3.150120 0.000125 
-0.003994 -0.000678 -0.001012 132 3.160163 0.000003 
-0.003985 -0.000666 -0.001008 94 3.083994 0.000008 
-0.003985 -0.000665 -0.000890 63 3.082076 0.000125 
-0.003993 -0.000676 -0.000890 62 3.150120 0.000125


-0.003989 -0.000671 -0.000950 29 3.119088 0.000065


-0.004001 -0.000689 -0.001013 126 3.225167 0.000002 
-0.004001 -0.000689 -0.001138 131 3.225247 -0.000122 
-0.003993 -0.000676 -0.001135 93 3.149713 -0.000120 
-0.003994 -0.000678 -0.001012 132 3.160163 0.000003 
-0.004001 -0.000689 -0.001013 126 3.225167 0.000002


-0.003997 -0.000683 -0.001075 30 3.190073 -0.000059


-0.003984 -0.000665 -0.001132 133 3.076951 -0.000117 
-0.003993 -0.000676 -0.001135 93 3.149713 -0.000120 
-0.003992 -0.000675 -0.001265 43 3.141593 -0.000250 
-0.003982 -0.000662 -0.001265 42 3.062822 -0.000250 
-0.003984 -0.000665 -0.001132 133 3.076951 -0.000117


-0.003988 -0.000669 -0.001200 31 3.107770 -0.000184


-0.003974 -0.000653 -0.001138 96 3.001243 -0.000123 
-0.003975 -0.000655 -0.001013 134 3.010854 0.000002 
-0.003985 -0.000666 -0.001008 94 3.083994 0.000008 
-0.003984 -0.000665 -0.001132 133 3.076951 -0.000117 
-0.003974 -0.000653 -0.001138 96 3.001243 -0.000123


-0.003979 -0.000660 -0.001073 32 3.043260 -0.000057


-0.003934 -0.000622 -0.001265 38 2.747739 -0.000250 
-0.003920 -0.000614 -0.001265 37 2.668968 -0.000250 
-0.003930 -0.000620 -0.001162 161 2.725414 -0.000147 
-0.003934 -0.000622 -0.001161 95 2.745710 -0.000146 
-0.003934 -0.000622 -0.001265 38 2.747739 -0.000250


-0.003930 -0.000619 -0.001214 33 2.721962 -0.000198


-0.003974 -0.000653 -0.001138 96 3.001243 -0.000123 
-0.003984 -0.000665 -0.001132 133 3.076951 -0.000117 
-0.003982 -0.000662 -0.001265 42 3.062822 -0.000250 
-0.003971 -0.000651 -0.001265 41 2.984051 -0.000250 
-0.003974 -0.000653 -0.001138 96 3.001243 -0.000123


-0.003978 -0.000658 -0.001200 34 3.031267 -0.000185


-0.003975 -0.000655 -0.000890 64 3.014032 0.000125 
-0.003975 -0.000655 -0.001013 134 3.010854 0.000002 
-0.003964 -0.000644 -0.001007 91 2.936466 0.000008 
-0.003966 -0.000646 -0.000890 65 2.945987 0.000125 
-0.003975 -0.000655 -0.000890 64 3.014032 0.000125


-0.003970 -0.000650 -0.000950 35 2.976835 0.000065


-0.003985 -0.000666 -0.001008 94 3.083994 0.000008 
-0.003975 -0.000655 -0.001013 134 3.010854 0.000002 
-0.003975 -0.000655 -0.000890 64 3.014032 0.000125 
-0.003985 -0.000665 -0.000890 63 3.082076 0.000125 
-0.003985 -0.000666 -0.001008 94 3.083994 0.000008


-0.003980 -0.000660 -0.000951 36 3.047739 0.000065


-0.003960 -0.000640 -0.001265 40 2.905280 -0.000250 
-0.003962 -0.000642 -0.001130 135 2.919362 -0.000115 
-0.003974 -0.000653 -0.001138 96 3.001243 -0.000123 
-0.003971 -0.000651 -0.001265 41 2.984051 -0.000250 
-0.003960 -0.000640 -0.001265 40 2.905280 -0.000250


-0.003967 -0.000647 -0.001200 37 2.952484 -0.000184


-0.003953 -0.000635 -0.001127 97 2.864385 -0.000111 
-0.003962 -0.000642 -0.001130 135 2.919362 -0.000115 
-0.003960 -0.000640 -0.001265 40 2.905280 -0.000250 
-0.003947 -0.000631 -0.001265 39 2.826509 -0.000250 
-0.003953 -0.000635 -0.001127 97 2.864385 -0.000111


-0.003956 -0.000637 -0.001197 38 2.878887 -0.000182


-0.003964 -0.000644 -0.001007 91 2.936466 0.000008 
-0.003954 -0.000636 -0.000997 136 2.867831 0.000018 
-0.003955 -0.000637 -0.000890 66 2.877943 0.000125 
-0.003966 -0.000646 -0.000890 65 2.945987 0.000125 
-0.003964 -0.000644 -0.001007 91 2.936466 0.000008


-0.003960 -0.000641 -0.000946 39 2.907057 0.000069


-0.003942 -0.000627 -0.001048 137 2.797335 -0.000032 
-0.003943 -0.000628 -0.000975 98 2.802849 0.000040 
-0.003954 -0.000636 -0.000997 136 2.867831 0.000018 
-0.003953 -0.000635 -0.001127 97 2.864385 -0.000111 
-0.003942 -0.000627 -0.001048 137 2.797335 -0.000032


-0.003948 -0.000631 -0.001037 40 2.833100 -0.000021


-0.003955 -0.000637 -0.000890 66 2.877943 0.000125 
-0.003954 -0.000636 -0.000997 136 2.867831 0.000018 
-0.003943 -0.000628 -0.000975 98 2.802849 0.000040 
-0.003944 -0.000629 -0.000890 67 2.809899 0.000125 
-0.003955 -0.000637 -0.000890 66 2.877943 0.000125


-0.003949 -0.000632 -0.000938 41 2.839630 0.000077


-0.003964 -0.000644 -0.001007 91 2.936466 0.000008 
-0.003962 -0.000642 -0.001130 135 2.919362 -0.000115 
-0.003953 -0.000635 -0.001127 97 2.864385 -0.000111 
-0.003954 -0.000636 -0.000997 136 2.867831 0.000018 
-0.003964 -0.000644 -0.001007 91 2.936466 0.000008


-0.003958 -0.000639 -0.001065 42 2.897010 -0.000050


-0.003934 -0.000622 -0.001161 95 2.745710 -0.000146 
-0.003937 -0.000624 -0.001057 99 2.767513 -0.000042 
-0.003942 -0.000627 -0.001048 137 2.797335 -0.000032 
-0.003953 -0.000635 -0.001127 97 2.864385 -0.000111 
-0.003934 -0.000622 -0.001161 95 2.745710 -0.000146


-0.003942 -0.000627 -0.001098 43 2.793726 -0.000083


-0.003934 -0.000622 -0.001161 95 2.745710 -0.000146 
-0.003953 -0.000635 -0.001127 97 2.864385 -0.000111 
-0.003947 -0.000631 -0.001265 39 2.826509 -0.000250 
-0.003934 -0.000622 -0.001265 38 2.747739 -0.000250 
-0.003934 -0.000622 -0.001161 95 2.745710 -0.000146


-0.003942 -0.000627 -0.001205 44 2.796081 -0.000189


-0.003943 -0.000628 -0.000975 98 2.802849 0.000040 
-0.003937 -0.000624 -0.000969 150 2.764550 0.000046 
-0.003933 -0.000621 -0.000890 68 2.741854 0.000125 
-0.003944 -0.000629 -0.000890 67 2.809899 0.000125 
-0.003943 -0.000628 -0.000975 98 2.802849 0.000040


-0.003939 -0.000625 -0.000931 45 2.779789 0.000084


-0.003890 -0.000602 -0.001143 100 2.503632 -0.000128 
-0.003886 -0.000601 -0.001019 138 2.487845 -0.000004 
-0.003899 -0.000605 -0.001021 102 2.552820 -0.000005 
-0.003904 -0.000607 -0.001143 139 2.577812 -0.000128 
-0.003890 -0.000602 -0.001143 100 2.503632 -0.000128


-0.003895 -0.000604 -0.001082 46 2.530526 -0.000066


-0.003890 -0.000602 -0.001143 100 2.503632 -0.000128 
-0.003904 -0.000607 -0.001143 139 2.577812 -0.000128 
-0.003906 -0.000608 -0.001265 36 2.590197 -0.000250 
-0.003891 -0.000603 -0.001265 35 2.511426 -0.000250 
-0.003890 -0.000602 -0.001143 100 2.503632 -0.000128


-0.003898 -0.000605 -0.001204 47 2.545767 -0.000189


-0.003886 -0.000601 -0.001019 138 2.487845 -0.000004 
-0.003873 -0.000598 -0.001016 101 2.417559 -0.000000 
-0.003870 -0.000597 -0.000890 73 2.401632 0.000125 
-0.003883 -0.000600 -0.000890 72 2.469677 0.000125 
-0.003886 -0.000601 -0.001019 138 2.487845 -0.000004


-0.003878 -0.000599 -0.000954 48 2.444178 0.000061


-0.003899 -0.000605 -0.001021 102 2.552820 -0.000005 
-0.003886 -0.000601 -0.001019 138 2.487845 -0.000004 
-0.003883 -0.000600 -0.000890 72 2.469677 0.000125 
-0.003896 -0.000604 -0.000890 71 2.537721 0.000125 
-0.003899 -0.000605 -0.001021 102 2.552820 -0.000005


-0.003891 -0.000603 -0.000955 49 2.512016 0.000060


-0.003906 -0.000608 -0.001265 36 2.590197 -0.000250 
-0.003904 -0.000607 -0.001143 139 2.577812 -0.000128 
-0.003930 -0.000620 -0.001162 161 2.725414 -0.000147 
-0.003920 -0.000614 -0.001265 37 2.668968 -0.000250 
-0.003906 -0.000608 -0.001265 36 2.590197 -0.000250


-0.003915 -0.000612 -0.001209 50 2.640587 -0.000194


-0.003875 -0.000598 -0.001140 140 2.427573 -0.000125 
-0.003860 -0.000596 -0.001137 103 2.351872 -0.000121 
-0.003859 -0.000595 -0.001013 141 2.347639 0.000003 
-0.003873 -0.000598 -0.001016 101 2.417559 -0.000000 
-0.003875 -0.000598 -0.001140 140 2.427573 -0.000125


-0.003867 -0.000597 -0.001076 51 2.386160 -0.000061


-0.003876 -0.000599 -0.001265 34 2.432655 -0.000250 
-0.003875 -0.000598 -0.001140 140 2.427573 -0.000125 
-0.003890 -0.000602 -0.001143 100 2.503632 -0.000128 
-0.003891 -0.000603 -0.001265 35 2.511426 -0.000250 
-0.003876 -0.000599 -0.001265 34 2.432655 -0.000250


-0.003883 -0.000600 -0.001204 52 2.468822 -0.000188


-0.003860 -0.000596 -0.001137 103 2.351872 -0.000121 
-0.003875 -0.000598 -0.001140 140 2.427573 -0.000125 
-0.003876 -0.000599 -0.001265 34 2.432655 -0.000250 
-0.003860 -0.000596 -0.001265 33 2.353885 -0.000250 
-0.003860 -0.000596 -0.001137 103 2.351872 -0.000121


-0.003868 -0.000597 -0.001202 53 2.391496 -0.000187


-0.003886 -0.000601 -0.001019 138 2.487845 -0.000004 
-0.003890 -0.000602 -0.001143 100 2.503632 -0.000128 
-0.003875 -0.000598 -0.001140 140 2.427573 -0.000125 
-0.003873 -0.000598 -0.001016 101 2.417559 -0.000000 
-0.003886 -0.000601 -0.001019 138 2.487845 -0.000004


-0.003881 -0.000600 -0.001080 54 2.459152 -0.000064


-0.003845 -0.000594 -0.001133 142 2.278933 -0.000118 
-0.003845 -0.000594 -0.001008 104 2.276358 0.000007 
-0.003859 -0.000595 -0.001013 141 2.347639 0.000003 
-0.003860 -0.000596 -0.001137 103 2.351872 -0.000121 
-0.003845 -0.000594 -0.001133 142 2.278933 -0.000118


-0.003852 -0.000595 -0.001073 55 2.313700 -0.000057


-0.003856 -0.000595 -0.000890 74 2.333588 0.000125 
-0.003859 -0.000595 -0.001013 141 2.347639 0.000003 
-0.003845 -0.000594 -0.001008 104 2.276358 0.000007 
-0.003843 -0.000594 -0.000890 75 2.265544 0.000125 
-0.003856 -0.000595 -0.000890 74 2.333588 0.000125


-0.003851 -0.000594 -0.000950 56 2.305782 0.000065


-0.003873 -0.000598 -0.001016 101 2.417559 -0.000000 
-0.003859 -0.000595 -0.001013 141 2.347639 0.000003 
-0.003856 -0.000595 -0.000890 74 2.333588 0.000125 
-0.003870 -0.000597 -0.000890 73 2.401632 0.000125 
-0.003873 -0.000598 -0.001016 101 2.417559 -0.000000


-0.003865 -0.000596 -0.000952 57 2.375104 0.000063


-0.003845 -0.000594 -0.001133 142 2.278933 -0.000118 
-0.003860 -0.000596 -0.001137 103 2.351872 -0.000121 
-0.003860 -0.000596 -0.001265 33 2.353885 -0.000250 
-0.003845 -0.000594 -0.001265 32 2.275114 -0.000250 
-0.003845 -0.000594 -0.001133 142 2.278933 -0.000118


-0.003853 -0.000595 -0.001200 58 2.314951 -0.000185


-0.003830 -0.000593 -0.001138 106 2.203851 -0.000123 
-0.003830 -0.000593 -0.001014 143 2.203967 0.000002 
-0.003845 -0.000594 -0.001008 104 2.276358 0.000007 
-0.003845 -0.000594 -0.001133 142 2.278933 -0.000118 
-0.003830 -0.000593 -0.001138 106 2.203851 -0.000123


-0.003838 -0.000594 -0.001073 59 2.240777 -0.000058


-0.003774 -0.000602 -0.001013 147 1.916631 0.000003 
-0.003771 -0.000603 -0.001138 110 1.902738 -0.000122 
-0.003761 -0.000606 -0.001137 148 1.847598 -0.000122 
-0.003767 -0.000604 -0.001014 105 1.881636 0.000002 
-0.003774 -0.000602 -0.001013 147 1.916631 0.000003


-0.003768 -0.000603 -0.001075 60 1.887152 -0.000060


-0.003830 -0.000593 -0.001138 106 2.203851 -0.000123 
-0.003845 -0.000594 -0.001133 142 2.278933 -0.000118 
-0.003845 -0.000594 -0.001265 32 2.275114 -0.000250 
-0.003829 -0.000593 -0.001265 31 2.196343 -0.000250 
-0.003830 -0.000593 -0.001138 106 2.203851 -0.000123


-0.003837 -0.000594 -0.001201 61 2.238560 -0.000185


-0.003829 -0.000593 -0.000890 76 2.197499 0.000125 
-0.003830 -0.000593 -0.001014 143 2.203967 0.000002 
-0.003816 -0.000594 -0.001014 163 2.132579 0.000002 
-0.003816 -0.000594 -0.000890 77 2.129455 0.000125 
-0.003829 -0.000593 -0.000890 76 2.197499 0.000125


-0.003823 -0.000594 -0.000952 62 2.165875 0.000063


-0.003845 -0.000594 -0.001008 104 2.276358 0.000007 
-0.003830 -0.000593 -0.001014 143 2.203967 0.000002 
-0.003829 -0.000593 -0.000890 76 2.197499 0.000125 
-0.003843 -0.000594 -0.000890 75 2.265544 0.000125 
-0.003845 -0.000594 -0.001008 104 2.276358 0.000007


-0.003837 -0.000594 -0.000951 63 2.235842 0.000065


-0.003813 -0.000594 -0.001265 30 2.117572 -0.000250 
-0.003815 -0.000594 -0.001138 144 2.128347 -0.000123 
-0.003830 -0.000593 -0.001138 106 2.203851 -0.000123 
-0.003829 -0.000593 -0.001265 31 2.196343 -0.000250 
-0.003813 -0.000594 -0.001265 30 2.117572 -0.000250


-0.003822 -0.000594 -0.001202 64 2.161528 -0.000186


-0.003800 -0.000596 -0.001135 107 2.052427 -0.000120 
-0.003815 -0.000594 -0.001138 144 2.128347 -0.000123 
-0.003813 -0.000594 -0.001265 30 2.117572 -0.000250 
-0.003798 -0.000596 -0.001265 29 2.038801 -0.000250 
-0.003800 -0.000596 -0.001135 107 2.052427 -0.000120


-0.003807 -0.000595 -0.001201 65 2.084287 -0.000186


-0.003816 -0.000594 -0.001014 163 2.132579 0.000002 
-0.003803 -0.000595 -0.001012 145 2.066510 0.000003 
-0.003802 -0.000596 -0.000890 78 2.061411 0.000125 
-0.003816 -0.000594 -0.000890 77 2.129455 0.000125 
-0.003816 -0.000594 -0.001014 163 2.132579 0.000002


-0.003809 -0.000595 -0.000952 66 2.097489 0.000064


-0.003786 -0.000599 -0.001132 146 1.979488 -0.000117 
-0.003788 -0.000598 -0.001008 108 1.991056 0.000008 
-0.003803 -0.000595 -0.001012 145 2.066510 0.000003 
-0.003800 -0.000596 -0.001135 107 2.052427 -0.000120 
-0.003786 -0.000599 -0.001132 146 1.979488 -0.000117


-0.003794 -0.000597 -0.001072 67 2.022370 -0.000057


-0.003802 -0.000596 -0.000890 78 2.061411 0.000125 
-0.003803 -0.000595 -0.001012 145 2.066510 0.000003 
-0.003788 -0.000598 -0.001008 108 1.991056 0.000008 
-0.003789 -0.000598 -0.000890 79 1.993366 0.000125 
-0.003802 -0.000596 -0.000890 78 2.061411 0.000125


-0.003795 -0.000597 -0.000950 68 2.028086 0.000065


-0.003816 -0.000594 -0.001014 163 2.132579 0.000002 
-0.003815 -0.000594 -0.001138 144 2.128347 -0.000123 
-0.003800 -0.000596 -0.001135 107 2.052427 -0.000120 
-0.003803 -0.000595 -0.001012 145 2.066510 0.000003 
-0.003816 -0.000594 -0.001014 163 2.132579 0.000002


-0.003809 -0.000595 -0.001075 69 2.094966 -0.000059


-0.003786 -0.000599 -0.001132 146 1.979488 -0.000117 
-0.003800 -0.000596 -0.001135 107 2.052427 -0.000120 
-0.003798 -0.000596 -0.001265 29 2.038801 -0.000250 
-0.003782 -0.000599 -0.001265 28 1.960031 -0.000250 
-0.003786 -0.000599 -0.001132 146 1.979488 -0.000117


-0.003791 -0.000597 -0.001200 70 2.007687 -0.000184


-0.003771 -0.000603 -0.001138 110 1.902738 -0.000122 
-0.003774 -0.000602 -0.001013 147 1.916631 0.000003 
-0.003788 -0.000598 -0.001008 108 1.991056 0.000008 
-0.003786 -0.000599 -0.001132 146 1.979488 -0.000117 
-0.003771 -0.000603 -0.001138 110 1.902738 -0.000122


-0.003780 -0.000600 -0.001073 71 1.947478 -0.000057


-0.003730 -0.000621 -0.001141 153 1.677067 -0.000126 
-0.003734 -0.000618 -0.001017 113 1.700820 -0.000001 
-0.003747 -0.000612 -0.001015 151 1.774594 0.000001 
-0.003745 -0.000613 -0.001139 111 1.761895 -0.000123 
-0.003730 -0.000621 -0.001141 153 1.677067 -0.000126


-0.003739 -0.000616 -0.001078 72 1.728595 -0.000062


-0.003771 -0.000603 -0.001138 110 1.902738 -0.000122 
-0.003786 -0.000599 -0.001132 146 1.979488 -0.000117 
-0.003782 -0.000599 -0.001265 28 1.960031 -0.000250 
-0.003767 -0.000604 -0.001265 27 1.881260 -0.000250 
-0.003771 -0.000603 -0.001138 110 1.902738 -0.000122


-0.003777 -0.000601 -0.001200 73 1.930879 -0.000185


-0.003775 -0.000601 -0.000890 80 1.925322 0.000125 
-0.003774 -0.000602 -0.001013 147 1.916631 0.000003 
-0.003767 -0.000604 -0.001014 105 1.881636 0.000002 
-0.003763 -0.000605 -0.000890 81 1.857278 0.000125 
-0.003775 -0.000601 -0.000890 80 1.925322 0.000125


-0.003770 -0.000603 -0.000952 74 1.895217 0.000064


-0.003788 -0.000598 -0.001008 108 1.991056 0.000008 
-0.003774 -0.000602 -0.001013 147 1.916631 0.000003 
-0.003775 -0.000601 -0.000890 80 1.925322 0.000125 
-0.003789 -0.000598 -0.000890 79 1.993366 0.000125 
-0.003788 -0.000598 -0.001008 108 1.991056 0.000008


-0.003781 -0.000600 -0.000950 75 1.956594 0.000065


-0.003752 -0.000609 -0.001265 26 1.802489 -0.000250 
-0.003761 -0.000606 -0.001137 148 1.847598 -0.000122 
-0.003771 -0.000603 -0.001138 110 1.902738 -0.000122 
-0.003767 -0.000604 -0.001265 27 1.881260 -0.000250 
-0.003752 -0.000609 -0.001265 26 1.802489 -0.000250


-0.003763 -0.000605 -0.001201 76 1.858525 -0.000186


-0.003745 -0.000613 -0.001139 111 1.761895 -0.000123 
-0.003761 -0.000606 -0.001137 148 1.847598 -0.000122 
-0.003752 -0.000609 -0.001265 26 1.802489 -0.000250 
-0.003738 -0.000616 -0.001265 25 1.723718 -0.000250 
-0.003745 -0.000613 -0.001139 111 1.761895 -0.000123


-0.003749 -0.000611 -0.001202 77 1.783924 -0.000186


-0.003767 -0.000604 -0.001014 105 1.881636 0.000002 
-0.003747 -0.000612 -0.001015 151 1.774594 0.000001 
-0.003750 -0.000611 -0.000890 82 1.789233 0.000125 
-0.003763 -0.000605 -0.000890 81 1.857278 0.000125 
-0.003767 -0.000604 -0.001014 105 1.881636 0.000002


-0.003757 -0.000608 -0.000952 78 1.825684 0.000063


-0.003909 -0.000609 -0.000890 70 2.605766 0.000125 
-0.003912 -0.000611 -0.000954 162 2.625948 0.000061 
-0.003899 -0.000605 -0.001021 102 2.552820 -0.000005 
-0.003896 -0.000604 -0.000890 71 2.537721 0.000125 
-0.003909 -0.000609 -0.000890 70 2.605766 0.000125


-0.003904 -0.000607 -0.000939 79 2.580563 0.000076


-0.003925 -0.000617 -0.000962 112 2.694296 0.000053 
-0.003912 -0.000611 -0.000954 162 2.625948 0.000061 
-0.003909 -0.000609 -0.000890 70 2.605766 0.000125 
-0.003921 -0.000615 -0.000890 69 2.673810 0.000125 
-0.003925 -0.000617 -0.000962 112 2.694296 0.000053


-0.003917 -0.000613 -0.000924 80 2.649955 0.000091


-0.003933 -0.000621 -0.001058 149 2.740510 -0.000043 
-0.003937 -0.000624 -0.001057 99 2.767513 -0.000042 
-0.003934 -0.000622 -0.001161 95 2.745710 -0.000146 
-0.003930 -0.000620 -0.001162 161 2.725414 -0.000147 
-0.003933 -0.000621 -0.001058 149 2.740510 -0.000043


-0.003933 -0.000622 -0.001110 81 2.744786 -0.000094


-0.003933 -0.000621 -0.001058 149 2.740510 -0.000043 
-0.003925 -0.000617 -0.000962 112 2.694296 0.000053 
-0.003937 -0.000624 -0.000969 150 2.764550 0.000046 
-0.003937 -0.000624 -0.001057 99 2.767513 -0.000042 
-0.003933 -0.000621 -0.001058 149 2.740510 -0.000043


-0.003933 -0.000621 -0.001012 82 2.741720 0.000004


-0.003933 -0.000621 -0.000890 68 2.741854 0.000125 
-0.003937 -0.000624 -0.000969 150 2.764550 0.000046 
-0.003925 -0.000617 -0.000962 112 2.694296 0.000053 
-0.003921 -0.000615 -0.000890 69 2.673810 0.000125 
-0.003933 -0.000621 -0.000890 68 2.741854 0.000125


-0.003929 -0.000619 -0.000928 83 2.718627 0.000087


-0.003943 -0.000628 -0.000975 98 2.802849 0.000040 
-0.003942 -0.000627 -0.001048 137 2.797335 -0.000032 
-0.003937 -0.000624 -0.001057 99 2.767513 -0.000042 
-0.003937 -0.000624 -0.000969 150 2.764550 0.000046 
-0.003943 -0.000628 -0.000975 98 2.802849 0.000040


-0.003940 -0.000626 -0.001012 84 2.783062 0.000003


-0.003722 -0.000625 -0.001019 109 1.632339 -0.000004 
-0.003717 -0.000629 -0.001143 115 1.600607 -0.000128 
-0.003704 -0.000639 -0.001141 164 1.520164 -0.000126 
-0.003709 -0.000635 -0.001017 114 1.550164 -0.000001 
-0.003722 -0.000625 -0.001019 109 1.632339 -0.000004


-0.003713 -0.000632 -0.001080 85 1.575818 -0.000065


-0.003750 -0.000611 -0.000890 82 1.789233 0.000125 
-0.003747 -0.000612 -0.001015 151 1.774594 0.000001 
-0.003734 -0.000618 -0.001017 113 1.700820 -0.000001 
-0.003738 -0.000616 -0.000890 83 1.721189 0.000125 
-0.003750 -0.000611 -0.000890 82 1.789233 0.000125


-0.003742 -0.000614 -0.000953 86 1.746460 0.000062


-0.003767 -0.000604 -0.001014 105 1.881636 0.000002 
-0.003761 -0.000606 -0.001137 148 1.847598 -0.000122 
-0.003745 -0.000613 -0.001139 111 1.761895 -0.000123 
-0.003747 -0.000612 -0.001015 151 1.774594 0.000001 
-0.003767 -0.000604 -0.001014 105 1.881636 0.000002


-0.003755 -0.000608 -0.001076 87 1.816428 -0.000061


-0.003662 -0.000685 -0.001170 155 1.205218 -0.000155 
-0.003665 -0.000682 -0.001101 119 1.226322 -0.000086 
-0.003671 -0.000673 -0.001104 157 1.279312 -0.000088 
-0.003672 -0.000672 -0.001162 152 1.287752 -0.000146 
-0.003662 -0.000685 -0.001170 155 1.205218 -0.000155


-0.003667 -0.000678 -0.001134 88 1.249652 -0.000119


-0.003726 -0.000623 -0.000890 84 1.653145 0.000125 
-0.003722 -0.000625 -0.001019 109 1.632339 -0.000004 
-0.003709 -0.000635 -0.001017 114 1.550164 -0.000001 
-0.003715 -0.000631 -0.000890 1 1.585100 0.000125 
-0.003726 -0.000623 -0.000890 84 1.653145 0.000125


-0.003718 -0.000628 -0.000954 89 1.605189 0.000061


-0.003734 -0.000618 -0.001017 113 1.700820 -0.000001 
-0.003722 -0.000625 -0.001019 109 1.632339 -0.000004 
-0.003726 -0.000623 -0.000890 84 1.653145 0.000125 
-0.003738 -0.000616 -0.000890 83 1.721189 0.000125 
-0.003734 -0.000618 -0.001017 113 1.700820 -0.000001


-0.003730 -0.000621 -0.000954 90 1.676873 0.000061


-0.003730 -0.000621 -0.001141 153 1.677067 -0.000126 
-0.003745 -0.000613 -0.001139 111 1.761895 -0.000123 
-0.003738 -0.000616 -0.001265 25 1.723718 -0.000250 
-0.003724 -0.000624 -0.001265 24 1.644947 -0.000250 
-0.003730 -0.000621 -0.001141 153 1.677067 -0.000126


-0.003734 -0.000618 -0.001203 91 1.701906 -0.000187


-0.003717 -0.000629 -0.001143 115 1.600607 -0.000128 
-0.003730 -0.000621 -0.001141 153 1.677067 -0.000126 
-0.003724 -0.000624 -0.001265 24 1.644947 -0.000250 
-0.003711 -0.000633 -0.001265 23 1.566177 -0.000250 
-0.003717 -0.000629 -0.001143 115 1.600607 -0.000128


-0.003721 -0.000627 -0.001204 92 1.622200 -0.000188


-0.003722 -0.000625 -0.001019 109 1.632339 -0.000004 
-0.003734 -0.000618 -0.001017 113 1.700820 -0.000001 
-0.003730 -0.000621 -0.001141 153 1.677067 -0.000126 
-0.003717 -0.000629 -0.001143 115 1.600607 -0.000128 
-0.003722 -0.000625 -0.001019 109 1.632339 -0.000004


-0.003726 -0.000623 -0.001080 93 1.652709 -0.000065


-0.003699 -0.000643 -0.001265 22 1.487406 -0.000250 
-0.003704 -0.000639 -0.001141 164 1.520164 -0.000126 
-0.003717 -0.000629 -0.001143 115 1.600607 -0.000128 
-0.003711 -0.000633 -0.001265 23 1.566177 -0.000250 
-0.003699 -0.000643 -0.001265 22 1.487406 -0.000250


-0.003708 -0.000636 -0.001204 94 1.543588 -0.000188


-0.003692 -0.000650 -0.001146 116 1.437382 -0.000130 
-0.003704 -0.000639 -0.001141 164 1.520164 -0.000126 
-0.003699 -0.000643 -0.001265 22 1.487406 -0.000250 
-0.003688 -0.000654 -0.001265 21 1.408635 -0.000250 
-0.003692 -0.000650 -0.001146 116 1.437382 -0.000130


-0.003696 -0.000646 -0.001204 95 1.463396 -0.000189


-0.003641 -0.000729 -0.001144 85 0.960779 -0.000129 
-0.003641 -0.000730 -0.001028 160 0.958646 -0.000013 
-0.003650 -0.000708 -0.001026 118 1.074115 -0.000011 
-0.003647 -0.000714 -0.001146 154 1.041661 -0.000131 
-0.003641 -0.000729 -0.001144 85 0.960779 -0.000129


-0.003645 -0.000720 -0.001086 96 1.008797 -0.000071


-0.003655 -0.000698 -0.001157 117 1.134821 -0.000141 
-0.003647 -0.000714 -0.001146 154 1.041661 -0.000131 
-0.003650 -0.000708 -0.001026 118 1.074115 -0.000011 
-0.003661 -0.000688 -0.001042 156 1.192906 -0.000026 
-0.003655 -0.000698 -0.001157 117 1.134821 -0.000141


-0.003653 -0.000702 -0.001093 97 1.110868 -0.000077


-0.003645 -0.000719 -0.001265 16 1.014781 -0.000250 
-0.003647 -0.000714 -0.001146 154 1.041661 -0.000131 
-0.003655 -0.000698 -0.001157 117 1.134821 -0.000141 
-0.003652 -0.000705 -0.001265 17 1.093552 -0.000250 
-0.003645 -0.000719 -0.001265 16 1.014781 -0.000250


-0.003650 -0.000709 -0.001208 98 1.071201 -0.000193


-0.003665 -0.000682 -0.001101 119 1.226322 -0.000086 
-0.003662 -0.000685 -0.001170 155 1.205218 -0.000155 
-0.003655 -0.000698 -0.001157 117 1.134821 -0.000141 
-0.003661 -0.000688 -0.001042 156 1.192906 -0.000026 
-0.003665 -0.000682 -0.001101 119 1.226322 -0.000086


-0.003661 -0.000688 -0.001118 99 1.189821 -0.000102


-0.003659 -0.000691 -0.001265 18 1.172323 -0.000250 
-0.003662 -0.000685 -0.001170 155 1.205218 -0.000155 
-0.003672 -0.000672 -0.001162 152 1.287752 -0.000146 
-0.003668 -0.000678 -0.001265 19 1.251093 -0.000250 
-0.003659 -0.000691 -0.001265 18 1.172323 -0.000250


-0.003665 -0.000682 -0.001216 100 1.229096 -0.000200


-0.003655 -0.000698 -0.001157 117 1.134821 -0.000141 
-0.003662 -0.000685 -0.001170 155 1.205218 -0.000155 
-0.003659 -0.000691 -0.001265 18 1.172323 -0.000250 
-0.003652 -0.000705 -0.001265 17 1.093552 -0.000250 
-0.003655 -0.000698 -0.001157 117 1.134821 -0.000141


-0.003657 -0.000695 -0.001214 101 1.151480 -0.000199


-0.003661 -0.000688 -0.001042 156 1.192906 -0.000026 
-0.003650 -0.000708 -0.001026 118 1.074115 -0.000011 
-0.003652 -0.000703 -0.000889 5 1.103246 0.000127 
-0.003664 -0.000682 -0.000889 4 1.223604 0.000126 
-0.003661 -0.000688 -0.001042 156 1.192906 -0.000026


-0.003657 -0.000695 -0.000962 102 1.148467 0.000054


-0.003677 -0.000666 -0.001043 120 1.326205 -0.000027 
-0.003671 -0.000673 -0.001104 157 1.279312 -0.000088 
-0.003665 -0.000682 -0.001101 119 1.226322 -0.000086 
-0.003661 -0.000688 -0.001042 156 1.192906 -0.000026 
-0.003677 -0.000666 -0.001043 120 1.326205 -0.000027


-0.003668 -0.000677 -0.001072 103 1.256183 -0.000057


-0.003672 -0.000672 -0.001162 152 1.287752 -0.000146 
-0.003679 -0.000663 -0.001154 165 1.345301 -0.000138 
-0.003677 -0.000665 -0.001265 20 1.329864 -0.000250 
-0.003668 -0.000678 -0.001265 19 1.251093 -0.000250 
-0.003672 -0.000672 -0.001162 152 1.287752 -0.000146


-0.003674 -0.000669 -0.001212 104 1.303505 -0.000196


-0.003677 -0.000666 -0.001043 120 1.326205 -0.000027 
-0.003661 -0.000688 -0.001042 156 1.192906 -0.000026 
-0.003664 -0.000682 -0.000889 4 1.223604 0.000126 
-0.003679 -0.000663 -0.000890 3 1.344500 0.000126 
-0.003677 -0.000666 -0.001043 120 1.326205 -0.000027


-0.003670 -0.000675 -0.000966 105 1.271806 0.000050


-0.003679 -0.000663 -0.001154 165 1.345301 -0.000138 
-0.003692 -0.000650 -0.001146 116 1.437382 -0.000130 
-0.003688 -0.000654 -0.001265 21 1.408635 -0.000250 
-0.003677 -0.000665 -0.001265 20 1.329864 -0.000250 
-0.003679 -0.000663 -0.001154 165 1.345301 -0.000138


-0.003684 -0.000658 -0.001208 106 1.380294 -0.000192


-0.003709 -0.000635 -0.001017 114 1.550164 -0.000001 
-0.003704 -0.000639 -0.001141 164 1.520164 -0.000126 
-0.003692 -0.000650 -0.001146 116 1.437382 -0.000130 
-0.003693 -0.000649 -0.001024 158 1.442860 -0.000009 
-0.003709 -0.000635 -0.001017 114 1.550164 -0.000001


-0.003699 -0.000643 -0.001082 107 1.487640 -0.000066


-0.003679 -0.000663 -0.001154 165 1.345301 -0.000138 
-0.003677 -0.000666 -0.001043 120 1.326205 -0.000027 
-0.003693 -0.000649 -0.001024 158 1.442860 -0.000009 
-0.003692 -0.000650 -0.001146 116 1.437382 -0.000130 
-0.003679 -0.000663 -0.001154 165 1.345301 -0.000138


-0.003685 -0.000657 -0.001092 108 1.387938 -0.000076


-0.003696 -0.000646 -0.000890 2 1.464437 0.000125 
-0.003693 -0.000649 -0.001024 158 1.442860 -0.000009 
-0.003677 -0.000666 -0.001043 120 1.326205 -0.000027 
-0.003679 -0.000663 -0.000890 3 1.344500 0.000126 
-0.003696 -0.000646 -0.000890 2 1.464437 0.000125


-0.003686 -0.000656 -0.000962 109 1.394501 0.000054


-0.003633 -0.000763 -0.001172 122 0.787519 -0.000157 
-0.003636 -0.000746 -0.001154 159 0.872123 -0.000139 
-0.003636 -0.000749 -0.001265 14 0.857239 -0.000250 
-0.003633 -0.000765 -0.001265 13 0.778469 -0.000250 
-0.003633 -0.000763 -0.001172 122 0.787519 -0.000157


-0.003634 -0.000756 -0.001214 110 0.823837 -0.000199


-0.003636 -0.000749 -0.001039 121 0.860567 -0.000023 
-0.003632 -0.000773 -0.001090 123 0.737930 -0.000075 
-0.003632 -0.000772 -0.000890 8 0.741753 0.000125 
-0.003636 -0.000748 -0.000890 7 0.862189 0.000126 
-0.003636 -0.000749 -0.001039 121 0.860567 -0.000023


-0.003634 -0.000760 -0.000977 111 0.800609 0.000038


-0.003636 -0.000749 -0.001265 14 0.857239 -0.000250 
-0.003636 -0.000746 -0.001154 159 0.872123 -0.000139 
-0.003641 -0.000729 -0.001144 85 0.960779 -0.000129 
-0.003640 -0.000734 -0.001265 15 0.936010 -0.000250 
-0.003636 -0.000749 -0.001265 14 0.857239 -0.000250


-0.003638 -0.000740 -0.001207 112 0.906537 -0.000192


-0.003643 -0.000725 -0.000889 6 0.983231 0.000126 
-0.003641 -0.000730 -0.001028 160 0.958646 -0.000013 
-0.003636 -0.000749 -0.001039 121 0.860567 -0.000023 
-0.003636 -0.000748 -0.000890 7 0.862189 0.000126 
-0.003643 -0.000725 -0.000889 6 0.983231 0.000126


-0.003639 -0.000738 -0.000961 113 0.916156 0.000054


-0.003650 -0.000708 -0.001026 118 1.074115 -0.000011 
-0.003641 -0.000730 -0.001028 160 0.958646 -0.000013 
-0.003643 -0.000725 -0.000889 6 0.983231 0.000126 
-0.003652 -0.000703 -0.000889 5 1.103246 0.000127 
-0.003650 -0.000708 -0.001026 118 1.074115 -0.000011


-0.003646 -0.000717 -0.000958 114 1.029809 0.000057


-0.003641 -0.000729 -0.001144 85 0.960779 -0.000129 
-0.003647 -0.000714 -0.001146 154 1.041661 -0.000131 
-0.003645 -0.000719 -0.001265 16 1.014781 -0.000250 
-0.003640 -0.000734 -0.001265 15 0.936010 -0.000250 
-0.003641 -0.000729 -0.001144 85 0.960779 -0.000129


-0.003643 -0.000724 -0.001205 115 0.988308 -0.000190


-0.003636 -0.000749 -0.001039 121 0.860567 -0.000023 
-0.003636 -0.000746 -0.001154 159 0.872123 -0.000139 
-0.003633 -0.000763 -0.001172 122 0.787519 -0.000157 
-0.003632 -0.000773 -0.001090 123 0.737930 -0.000075 
-0.003636 -0.000749 -0.001039 121 0.860567 -0.000023


-0.003634 -0.000758 -0.001114 116 0.814542 -0.000098


-0.003636 -0.000746 -0.001154 159 0.872123 -0.000139 
-0.003636 -0.000749 -0.001039 121 0.860567 -0.000023 
-0.003641 -0.000730 -0.001028 160 0.958646 -0.000013 
-0.003641 -0.000729 -0.001144 85 0.960779 -0.000129 
-0.003636 -0.000746 -0.001154 159 0.872123 -0.000139


-0.003639 -0.000739 -0.001092 117 0.913029 -0.000076


-0.003632 -0.000773 -0.001090 123 0.737930 -0.000075 
-0.003631 -0.000796 -0.001078 10 0.620927 -0.000063 
-0.003631 -0.000796 -0.000890 9 0.620927 0.000125 
-0.003632 -0.000772 -0.000890 8 0.741753 0.000125 
-0.003632 -0.000773 -0.001090 123 0.737930 -0.000075


-0.003631 -0.000784 -0.000987 118 0.680385 0.000028


-0.003925 -0.000617 -0.000962 112 2.694296 0.000053 
-0.003933 -0.000621 -0.001058 149 2.740510 -0.000043 
-0.003899 -0.000605 -0.001021 102 2.552820 -0.000005 
-0.003912 -0.000611 -0.000954 162 2.625948 0.000061 
-0.003925 -0.000617 -0.000962 112 2.694296 0.000053


-0.003917 -0.000613 -0.000999 119 2.653406 0.000017


-0.003830 -0.000593 -0.001014 143 2.203967 0.000002 
-0.003830 -0.000593 -0.001138 106 2.203851 -0.000123 
-0.003815 -0.000594 -0.001138 144 2.128347 -0.000123 
-0.003816 -0.000594 -0.001014 163 2.132579 0.000002 
-0.003830 -0.000593 -0.001014 143 2.203967 0.000002


-0.003823 -0.000594 -0.001076 120 2.167186 -0.000060


-0.003709 -0.000635 -0.001017 114 1.550164 -0.000001 
-0.003693 -0.000649 -0.001024 158 1.442860 -0.000009 
-0.003696 -0.000646 -0.000890 2 1.464437 0.000125 
-0.003715 -0.000631 -0.000890 1 1.585100 0.000125 
-0.003709 -0.000635 -0.001017 114 1.550164 -0.000001


-0.003703 -0.000640 -0.000955 121 1.510637 0.000060


-0.003672 -0.000672 -0.001162 152 1.287752 -0.000146 
-0.003671 -0.000673 -0.001104 157 1.279312 -0.000088 
-0.003677 -0.000666 -0.001043 120 1.326205 -0.000027 
-0.003679 -0.000663 -0.001154 165 1.345301 -0.000138 
-0.003672 -0.000672 -0.001162 152 1.287752 -0.000146


-0.003675 -0.000669 -0.001116 122 1.309642 -0.000100


