0.002806 -0.001261 -0.000531 127 3.858621 -0.000391 
0.002798 -0.001271 -0.000597 94 3.853075 -0.000456 
0.002885 -0.001159 -0.000579 126 3.915905 -0.000439 
0.002873 -0.001175 -0.000500 131 3.906875 -0.000359 
0.002806 -0.001261 -0.000531 127 3.858621 -0.000391


0.002842 -0.001217 -0.000552 1 3.883619 -0.000411


0.002721 -0.001360 -0.000410 98 3.800463 -0.000269 
0.002741 -0.001338 -0.000380 139 3.813660 -0.000239 
0.002723 -0.001357 -0.000337 85 3.802328 -0.000196 
0.002682 -0.001401 -0.000375 49 3.775488 -0.000235 
0.002721 -0.001360 -0.000410 98 3.800463 -0.000269


0.002717 -0.001364 -0.000375 2 3.797985 -0.000235


0.002488 -0.001579 -0.000546 104 3.658157 -0.000405 
0.002318 -0.001704 -0.000590 34 3.564459 -0.000450 
0.002318 -0.001704 -0.000690 35 3.564459 -0.000550 
0.002448 -0.001611 -0.000690 36 3.635664 -0.000550 
0.002488 -0.001579 -0.000546 104 3.658157 -0.000405


0.002394 -0.001651 -0.000629 3 3.605684 -0.000489


0.002318 -0.001704 -0.000190 30 3.564459 -0.000050 
0.002397 -0.001650 -0.000169 105 3.606995 -0.000028 
0.002401 -0.001647 -0.000076 56 3.609253 0.000064 
0.002318 -0.001704 -0.000090 29 3.564459 0.000050 
0.002318 -0.001704 -0.000190 30 3.564459 -0.000050


0.002359 -0.001677 -0.000131 4 3.586292 0.000009


0.002393 -0.001652 -0.000258 81 3.605273 -0.000118 
0.002465 -0.001597 -0.000232 142 3.645422 -0.000092 
0.002474 -0.001590 -0.000147 55 3.650179 -0.000007 
0.002397 -0.001650 -0.000169 105 3.606995 -0.000028 
0.002393 -0.001652 -0.000258 81 3.605273 -0.000118


0.002433 -0.001623 -0.000202 5 3.626967 -0.000061


0.002401 -0.001647 -0.000076 56 3.609253 0.000064 
0.002397 -0.001650 -0.000169 105 3.606995 -0.000028 
0.002474 -0.001590 -0.000147 55 3.650179 -0.000007 
0.002481 -0.001585 -0.000062 77 3.654079 0.000078 
0.002401 -0.001647 -0.000076 56 3.609253 0.000064


0.002438 -0.001618 -0.000114 6 3.630126 0.000027


0.002401 -0.001647 -0.000076 56 3.609253 0.000064 
0.002399 -0.001647 0.000015 43 3.608531 0.000155 
0.002318 -0.001704 0.000010 28 3.564459 0.000150 
0.002318 -0.001704 -0.000090 29 3.564459 0.000050 
0.002401 -0.001647 -0.000076 56 3.609253 0.000064


0.002359 -0.001676 -0.000036 7 3.586676 0.000105


0.002485 -0.001581 0.000022 76 3.656512 0.000162 
0.002399 -0.001647 0.000015 43 3.608531 0.000155 
0.002401 -0.001647 -0.000076 56 3.609253 0.000064 
0.002481 -0.001585 -0.000062 77 3.654079 0.000078 
0.002485 -0.001581 0.000022 76 3.656512 0.000162


0.002442 -0.001616 -0.000025 8 3.632094 0.000115


0.002318 -0.001704 0.000010 28 3.564459 0.000150 
0.002399 -0.001647 0.000015 43 3.608531 0.000155 
0.002400 -0.001647 0.000110 26 3.608806 0.000250 
0.002318 -0.001704 0.000110 27 3.564459 0.000250 
0.002318 -0.001704 0.000010 28 3.564459 0.000150


0.002359 -0.001676 0.000061 9 3.586564 0.000201


0.002318 -0.001704 -0.000590 34 3.564459 -0.000450 
0.002379 -0.001662 -0.000504 107 3.597447 -0.000364 
0.002389 -0.001655 -0.000426 58 3.602677 -0.000285 
0.002318 -0.001704 -0.000490 33 3.564459 -0.000350 
0.002318 -0.001704 -0.000590 34 3.564459 -0.000450


0.002351 -0.001682 -0.000503 10 3.582261 -0.000362


0.002488 -0.001579 -0.000546 104 3.658157 -0.000405 
0.002451 -0.001608 -0.000474 53 3.637235 -0.000333 
0.002379 -0.001662 -0.000504 107 3.597447 -0.000364 
0.002318 -0.001704 -0.000590 34 3.564459 -0.000450 
0.002488 -0.001579 -0.000546 104 3.658157 -0.000405


0.002410 -0.001640 -0.000529 11 3.614326 -0.000388


0.002389 -0.001655 -0.000426 58 3.602677 -0.000285 
0.002379 -0.001662 -0.000504 107 3.597447 -0.000364 
0.002451 -0.001608 -0.000474 53 3.637235 -0.000333 
0.002454 -0.001606 -0.000393 44 3.638916 -0.000253 
0.002389 -0.001655 -0.000426 58 3.602677 -0.000285


0.002418 -0.001633 -0.000449 12 3.619069 -0.000309


0.003105 -0.000786 -0.000013 60 4.108542 0.000127 
0.003151 -0.000680 0.000036 118 4.159994 0.000176 
0.003135 -0.000720 0.000110 14 4.140958 0.000250 
0.003093 -0.000811 0.000110 15 4.096612 0.000250 
0.003105 -0.000786 -0.000013 60 4.108542 0.000127


0.003122 -0.000749 0.000060 13 4.126526 0.000201


0.003168 -0.000637 -0.000036 59 4.180371 0.000105 
0.003151 -0.000680 0.000036 118 4.159994 0.000176 
0.003105 -0.000786 -0.000013 60 4.108542 0.000127 
0.003147 -0.000690 -0.000105 108 4.155387 0.000035 
0.003168 -0.000637 -0.000036 59 4.180371 0.000105


0.003144 -0.000699 -0.000030 14 4.151076 0.000111


0.003151 -0.000680 0.000036 118 4.159994 0.000176 
0.003179 -0.000607 0.000056 57 4.194735 0.000197 
0.003172 -0.000627 0.000110 13 4.185304 0.000250 
0.003135 -0.000720 0.000110 14 4.140958 0.000250 
0.003151 -0.000680 0.000036 118 4.159994 0.000176


0.003160 -0.000659 0.000078 15 4.170248 0.000218


0.003151 -0.000680 0.000036 118 4.159994 0.000176 
0.003168 -0.000637 -0.000036 59 4.180371 0.000105 
0.003188 -0.000582 0.000007 109 4.206505 0.000148 
0.003179 -0.000607 0.000056 57 4.194735 0.000197 
0.003151 -0.000680 0.000036 118 4.159994 0.000176


0.003172 -0.000627 0.000016 16 4.185401 0.000156


0.003197 -0.000557 -0.000042 8 4.218254 0.000099 
0.003188 -0.000582 0.000007 109 4.206505 0.000148 
0.003168 -0.000637 -0.000036 59 4.180371 0.000105 
0.003186 -0.000589 -0.000098 7 4.203120 0.000042 
0.003197 -0.000557 -0.000042 8 4.218254 0.000099


0.003185 -0.000592 -0.000042 17 4.202063 0.000098


0.003199 -0.000551 0.000024 61 4.221007 0.000164 
0.003188 -0.000582 0.000007 109 4.206505 0.000148 
0.003197 -0.000557 -0.000042 8 4.218254 0.000099 
0.003209 -0.000521 0.000012 9 4.235145 0.000152 
0.003199 -0.000551 0.000024 61 4.221007 0.000164


0.003198 -0.000553 0.000000 18 4.220228 0.000141


0.003179 -0.000607 0.000056 57 4.194735 0.000197 
0.003202 -0.000541 0.000066 110 4.226110 0.000207 
0.003205 -0.000533 0.000110 12 4.229650 0.000250 
0.003172 -0.000627 0.000110 13 4.185304 0.000250 
0.003179 -0.000607 0.000056 57 4.194735 0.000197


0.003190 -0.000577 0.000085 19 4.208950 0.000226


0.003221 -0.000481 0.000062 10 4.253726 0.000203 
0.003202 -0.000541 0.000066 110 4.226110 0.000207 
0.003199 -0.000551 0.000024 61 4.221007 0.000164 
0.003209 -0.000521 0.000012 9 4.235145 0.000152 
0.003221 -0.000481 0.000062 10 4.253726 0.000203


0.003208 -0.000524 0.000041 20 4.233997 0.000181


0.003205 -0.000533 0.000110 12 4.229650 0.000250 
0.003202 -0.000541 0.000066 110 4.226110 0.000207 
0.003221 -0.000481 0.000062 10 4.253726 0.000203 
0.003234 -0.000437 0.000110 11 4.273996 0.000250 
0.003205 -0.000533 0.000110 12 4.229650 0.000250


0.003216 -0.000498 0.000087 21 4.245870 0.000227


0.003048 -0.000899 0.000110 16 4.052266 0.000250 
0.003036 -0.000921 0.000024 124 4.041231 0.000165 
0.003105 -0.000786 -0.000013 60 4.108542 0.000127 
0.003093 -0.000811 0.000110 15 4.096612 0.000250 
0.003048 -0.000899 0.000110 16 4.052266 0.000250


0.003072 -0.000855 0.000058 22 4.074662 0.000198


0.002996 -0.000992 0.000026 64 4.005143 0.000167 
0.002980 -0.001018 -0.000053 112 3.991671 0.000087 
0.003020 -0.000951 -0.000067 75 4.026194 0.000074 
0.003036 -0.000921 0.000024 124 4.041231 0.000165 
0.002996 -0.000992 0.000026 64 4.005143 0.000167


0.003008 -0.000971 -0.000017 23 4.016060 0.000123


0.002917 -0.001114 -0.000036 101 3.940200 0.000104 
0.002904 -0.001132 -0.000109 50 3.930502 0.000032 
0.002961 -0.001049 -0.000133 111 3.975351 0.000007 
0.002980 -0.001018 -0.000053 112 3.991671 0.000087 
0.002917 -0.001114 -0.000036 101 3.940200 0.000104


0.002941 -0.001079 -0.000083 24 3.959431 0.000058


0.002996 -0.000992 0.000026 64 4.005143 0.000167 
0.003036 -0.000921 0.000024 124 4.041231 0.000165 
0.003048 -0.000899 0.000110 16 4.052266 0.000250 
0.002999 -0.000986 0.000110 17 4.007920 0.000250 
0.002996 -0.000992 0.000026 64 4.005143 0.000167


0.003020 -0.000950 0.000068 25 4.026640 0.000208


0.002872 -0.001178 -0.000028 138 3.905657 0.000112 
0.002881 -0.001165 0.000038 102 3.912874 0.000179 
0.002830 -0.001232 0.000037 137 3.875117 0.000178 
0.002824 -0.001239 -0.000030 90 3.871390 0.000110 
0.002872 -0.001178 -0.000028 138 3.905657 0.000112


0.002852 -0.001203 0.000004 26 3.891259 0.000145


0.002778 -0.001295 -0.000022 121 3.839243 0.000119 
0.002771 -0.001303 0.000033 91 3.834386 0.000173 
0.002710 -0.001371 0.000028 145 3.793675 0.000168 
0.002716 -0.001365 -0.000056 62 3.797301 0.000085 
0.002778 -0.001295 -0.000022 121 3.839243 0.000119


0.002744 -0.001334 -0.000004 27 3.816151 0.000136


0.002830 -0.001232 -0.000399 140 3.875444 -0.000259 
0.002857 -0.001197 -0.000400 92 3.894626 -0.000260 
0.002875 -0.001173 -0.000371 122 3.908406 -0.000231 
0.002840 -0.001219 -0.000339 148 3.882685 -0.000199 
0.002830 -0.001232 -0.000399 140 3.875444 -0.000259


0.002851 -0.001205 -0.000377 28 3.890290 -0.000237


0.002913 -0.001120 -0.000309 69 3.937393 -0.000169 
0.002937 -0.001084 -0.000228 113 3.956414 -0.000088 
0.002882 -0.001164 -0.000192 68 3.913413 -0.000051 
0.002862 -0.001190 -0.000266 133 3.898827 -0.000126 
0.002913 -0.001120 -0.000309 69 3.937393 -0.000169


0.002899 -0.001140 -0.000249 29 3.926512 -0.000108


0.002989 -0.001003 -0.000259 67 3.999103 -0.000119 
0.002937 -0.001084 -0.000228 113 3.956414 -0.000088 
0.002913 -0.001120 -0.000309 69 3.937393 -0.000169 
0.002960 -0.001049 -0.000356 146 3.974965 -0.000216 
0.002989 -0.001003 -0.000259 67 3.999103 -0.000119


0.002950 -0.001064 -0.000288 30 3.966968 -0.000148


0.002937 -0.001084 -0.000228 113 3.956414 -0.000088 
0.002961 -0.001049 -0.000133 111 3.975351 0.000007 
0.002904 -0.001132 -0.000109 50 3.930502 0.000032 
0.002882 -0.001164 -0.000192 68 3.913413 -0.000051 
0.002937 -0.001084 -0.000228 113 3.956414 -0.000088


0.002922 -0.001108 -0.000165 31 3.943920 -0.000025


0.002633 -0.001449 0.000038 63 3.744930 0.000178 
0.002710 -0.001371 0.000028 145 3.793675 0.000168 
0.002699 -0.001383 0.000110 22 3.786190 0.000250 
0.002628 -0.001454 0.000110 23 3.741844 0.000250 
0.002633 -0.001449 0.000038 63 3.744930 0.000178


0.002668 -0.001415 0.000071 32 3.766659 0.000212


0.002609 -0.001472 -0.000235 72 3.730111 -0.000095 
0.002670 -0.001413 -0.000206 123 3.768078 -0.000066 
0.002654 -0.001429 -0.000169 70 3.757518 -0.000028 
0.002599 -0.001482 -0.000193 120 3.723580 -0.000052 
0.002609 -0.001472 -0.000235 72 3.730111 -0.000095


0.002633 -0.001449 -0.000201 33 3.744822 -0.000060


0.002617 -0.001465 -0.000120 71 3.734767 0.000020 
0.002599 -0.001482 -0.000193 120 3.723580 -0.000052 
0.002654 -0.001429 -0.000169 70 3.757518 -0.000028 
0.002686 -0.001396 -0.000118 48 3.778263 0.000023 
0.002617 -0.001465 -0.000120 71 3.734767 0.000020


0.002639 -0.001444 -0.000150 34 3.748532 -0.000009


0.002962 -0.001047 -0.000584 74 3.976350 -0.000443 
0.002885 -0.001159 -0.000579 126 3.915905 -0.000439 
0.002891 -0.001151 -0.000690 40 3.920483 -0.000550 
0.002980 -0.001018 -0.000690 41 3.991688 -0.000550 
0.002962 -0.001047 -0.000584 74 3.976350 -0.000443


0.002931 -0.001094 -0.000636 35 3.951106 -0.000496


0.003061 -0.000875 -0.000206 99 4.064500 -0.000066 
0.003083 -0.000833 -0.000105 134 4.085478 0.000035 
0.003020 -0.000951 -0.000067 75 4.026194 0.000074 
0.003010 -0.000969 -0.000167 115 4.017000 -0.000027 
0.003061 -0.000875 -0.000206 99 4.064500 -0.000066


0.003044 -0.000907 -0.000136 36 4.048293 0.000004


0.003020 -0.000951 -0.000067 75 4.026194 0.000074 
0.002980 -0.001018 -0.000053 112 3.991671 0.000087 
0.002961 -0.001049 -0.000133 111 3.975351 0.000007 
0.003010 -0.000969 -0.000167 115 4.017000 -0.000027 
0.003020 -0.000951 -0.000067 75 4.026194 0.000074


0.002993 -0.000997 -0.000105 37 4.002554 0.000035


0.002937 -0.001084 -0.000228 113 3.956414 -0.000088 
0.002989 -0.001003 -0.000259 67 3.999103 -0.000119 
0.003010 -0.000969 -0.000167 115 4.017000 -0.000027 
0.002961 -0.001049 -0.000133 111 3.975351 0.000007 
0.002937 -0.001084 -0.000228 113 3.956414 -0.000088


0.002975 -0.001027 -0.000197 38 3.986967 -0.000056


0.003160 -0.000659 -0.000279 4 4.170226 -0.000139 
0.003113 -0.000769 -0.000241 116 4.117207 -0.000101 
0.003078 -0.000842 -0.000355 66 4.081274 -0.000215 
0.003154 -0.000673 -0.000343 3 4.163605 -0.000203 
0.003160 -0.000659 -0.000279 4 4.170226 -0.000139


0.003128 -0.000736 -0.000305 39 4.133081 -0.000164


0.003125 -0.000741 -0.000190 83 4.130567 -0.000049 
0.003113 -0.000769 -0.000241 116 4.117207 -0.000101 
0.003160 -0.000659 -0.000279 4 4.170226 -0.000139 
0.003167 -0.000640 -0.000217 5 4.179059 -0.000076 
0.003125 -0.000741 -0.000190 83 4.130567 -0.000049


0.003142 -0.000702 -0.000232 40 4.149265 -0.000091


0.002547 -0.001529 -0.000134 114 3.692481 0.000007 
0.002559 -0.001519 -0.000053 106 3.699710 0.000087 
0.002481 -0.001585 -0.000062 77 3.654079 0.000078 
0.002474 -0.001590 -0.000147 55 3.650179 -0.000007 
0.002547 -0.001529 -0.000134 114 3.692481 0.000007


0.002515 -0.001556 -0.000099 41 3.674112 0.000041


0.002798 -0.001271 -0.000597 94 3.853075 -0.000456 
0.002806 -0.001261 -0.000531 127 3.858621 -0.000391 
0.002741 -0.001338 -0.000514 79 3.813843 -0.000373 
0.002710 -0.001371 -0.000604 54 3.793586 -0.000463 
0.002798 -0.001271 -0.000597 94 3.853075 -0.000456


0.002765 -0.001311 -0.000561 42 3.829782 -0.000421


0.002721 -0.001360 -0.000410 98 3.800463 -0.000269 
0.002671 -0.001412 -0.000490 117 3.768668 -0.000350 
0.002741 -0.001338 -0.000514 79 3.813843 -0.000373 
0.002776 -0.001298 -0.000443 52 3.837254 -0.000303 
0.002721 -0.001360 -0.000410 98 3.800463 -0.000269


0.002728 -0.001352 -0.000464 43 3.805057 -0.000324


0.002686 -0.001396 -0.000690 38 3.778074 -0.000550 
0.002710 -0.001371 -0.000604 54 3.793586 -0.000463 
0.002602 -0.001479 -0.000585 141 3.725478 -0.000445 
0.002571 -0.001508 -0.000690 37 3.706869 -0.000550 
0.002686 -0.001396 -0.000690 38 3.778074 -0.000550


0.002643 -0.001440 -0.000642 44 3.751002 -0.000502


0.002602 -0.001479 -0.000585 141 3.725478 -0.000445 
0.002488 -0.001579 -0.000546 104 3.658157 -0.000405 
0.002448 -0.001611 -0.000690 36 3.635664 -0.000550 
0.002571 -0.001508 -0.000690 37 3.706869 -0.000550 
0.002602 -0.001479 -0.000585 141 3.725478 -0.000445


0.002528 -0.001545 -0.000628 45 3.681542 -0.000488


0.002400 -0.001647 0.000110 26 3.608806 0.000250 
0.002399 -0.001647 0.000015 43 3.608531 0.000155 
0.002485 -0.001581 0.000022 76 3.656512 0.000162 
0.002479 -0.001586 0.000110 25 3.653152 0.000250 
0.002400 -0.001647 0.000110 26 3.608806 0.000250


0.002441 -0.001616 0.000064 46 3.631750 0.000204


0.002599 -0.001482 -0.000193 120 3.723580 -0.000052 
0.002534 -0.001540 -0.000216 149 3.684872 -0.000076 
0.002539 -0.001536 -0.000276 144 3.687918 -0.000136 
0.002609 -0.001472 -0.000235 72 3.730111 -0.000095 
0.002599 -0.001482 -0.000193 120 3.723580 -0.000052


0.002570 -0.001508 -0.000230 47 3.706620 -0.000090


0.002454 -0.001606 -0.000393 44 3.638916 -0.000253 
0.002539 -0.001536 -0.000348 82 3.687945 -0.000207 
0.002539 -0.001536 -0.000276 144 3.687918 -0.000136 
0.002484 -0.001582 -0.000304 143 3.655900 -0.000163 
0.002454 -0.001606 -0.000393 44 3.638916 -0.000253


0.002504 -0.001565 -0.000330 48 3.667670 -0.000190


0.002484 -0.001582 -0.000304 143 3.655900 -0.000163 
0.002539 -0.001536 -0.000276 144 3.687918 -0.000136 
0.002534 -0.001540 -0.000216 149 3.684872 -0.000076 
0.002465 -0.001597 -0.000232 142 3.645422 -0.000092 
0.002484 -0.001582 -0.000304 143 3.655900 -0.000163


0.002506 -0.001564 -0.000257 49 3.668528 -0.000117


0.003176 -0.000617 -0.000157 6 4.190030 -0.000016 
0.003147 -0.000690 -0.000105 108 4.155387 0.000035 
0.003125 -0.000741 -0.000190 83 4.130567 -0.000049 
0.003167 -0.000640 -0.000217 5 4.179059 -0.000076 
0.003176 -0.000617 -0.000157 6 4.190030 -0.000016


0.003154 -0.000672 -0.000167 50 4.163761 -0.000027


0.003168 -0.000637 -0.000036 59 4.180371 0.000105 
0.003147 -0.000690 -0.000105 108 4.155387 0.000035 
0.003176 -0.000617 -0.000157 6 4.190030 -0.000016 
0.003186 -0.000589 -0.000098 7 4.203120 0.000042 
0.003168 -0.000637 -0.000036 59 4.180371 0.000105


0.003169 -0.000634 -0.000099 51 4.182228 0.000042


0.002318 -0.001704 -0.000390 32 3.564459 -0.000250 
0.002390 -0.001654 -0.000346 119 3.603560 -0.000206 
0.002393 -0.001652 -0.000258 81 3.605273 -0.000118 
0.002318 -0.001704 -0.000290 31 3.564459 -0.000150 
0.002318 -0.001704 -0.000390 32 3.564459 -0.000250


0.002355 -0.001679 -0.000321 52 3.584438 -0.000181


0.002389 -0.001655 -0.000426 58 3.602677 -0.000285 
0.002390 -0.001654 -0.000346 119 3.603560 -0.000206 
0.002318 -0.001704 -0.000390 32 3.564459 -0.000250 
0.002318 -0.001704 -0.000490 33 3.564459 -0.000350 
0.002389 -0.001655 -0.000426 58 3.602677 -0.000285


0.002354 -0.001680 -0.000413 53 3.583789 -0.000273


0.002484 -0.001582 -0.000304 143 3.655900 -0.000163 
0.002390 -0.001654 -0.000346 119 3.603560 -0.000206 
0.002389 -0.001655 -0.000426 58 3.602677 -0.000285 
0.002454 -0.001606 -0.000393 44 3.638916 -0.000253 
0.002484 -0.001582 -0.000304 143 3.655900 -0.000163


0.002430 -0.001625 -0.000367 54 3.625263 -0.000227


0.002645 -0.001438 -0.000334 84 3.752289 -0.000194 
0.002715 -0.001366 -0.000293 46 3.796783 -0.000153 
0.002689 -0.001393 -0.000246 86 3.780222 -0.000105 
0.002615 -0.001467 -0.000288 88 3.733817 -0.000147 
0.002645 -0.001438 -0.000334 84 3.752289 -0.000194


0.002667 -0.001416 -0.000290 55 3.765778 -0.000150


0.002723 -0.001357 -0.000337 85 3.802328 -0.000196 
0.002715 -0.001366 -0.000293 46 3.796783 -0.000153 
0.002645 -0.001438 -0.000334 84 3.752289 -0.000194 
0.002682 -0.001401 -0.000375 49 3.775488 -0.000235 
0.002723 -0.001357 -0.000337 85 3.802328 -0.000196


0.002692 -0.001391 -0.000335 56 3.781723 -0.000194


0.002617 -0.001465 -0.000120 71 3.734767 0.000020 
0.002547 -0.001529 -0.000134 114 3.692481 0.000007 
0.002534 -0.001540 -0.000216 149 3.684872 -0.000076 
0.002599 -0.001482 -0.000193 120 3.723580 -0.000052 
0.002617 -0.001465 -0.000120 71 3.734767 0.000020


0.002574 -0.001505 -0.000166 57 3.708925 -0.000025


0.003005 -0.000977 -0.000421 87 4.012885 -0.000281 
0.002960 -0.001049 -0.000356 146 3.974965 -0.000216 
0.002910 -0.001125 -0.000401 73 3.934540 -0.000261 
0.002939 -0.001082 -0.000479 96 3.957838 -0.000339 
0.003005 -0.000977 -0.000421 87 4.012885 -0.000281


0.002954 -0.001059 -0.000415 58 3.970056 -0.000274


0.002771 -0.001303 0.000033 91 3.834386 0.000173 
0.002830 -0.001232 0.000037 137 3.875117 0.000178 
0.002829 -0.001233 0.000110 20 3.874882 0.000250 
0.002766 -0.001309 0.000110 21 3.830536 0.000250 
0.002771 -0.001303 0.000033 91 3.834386 0.000173


0.002799 -0.001270 0.000072 59 3.853730 0.000213


0.002747 -0.001331 -0.000098 130 3.817831 0.000042 
0.002780 -0.001293 -0.000072 89 3.840148 0.000069 
0.002778 -0.001295 -0.000022 121 3.839243 0.000119 
0.002716 -0.001365 -0.000056 62 3.797301 0.000085 
0.002747 -0.001331 -0.000098 130 3.817831 0.000042


0.002755 -0.001321 -0.000062 60 3.823631 0.000079


0.002824 -0.001239 -0.000030 90 3.871390 0.000110 
0.002778 -0.001295 -0.000022 121 3.839243 0.000119 
0.002780 -0.001293 -0.000072 89 3.840148 0.000069 
0.002804 -0.001263 -0.000088 51 3.857264 0.000052 
0.002824 -0.001239 -0.000030 90 3.871390 0.000110


0.002797 -0.001273 -0.000053 61 3.852011 0.000087


0.002913 -0.001120 -0.000309 69 3.937393 -0.000169 
0.002875 -0.001173 -0.000371 122 3.908406 -0.000231 
0.002910 -0.001125 -0.000401 73 3.934540 -0.000261 
0.002960 -0.001049 -0.000356 146 3.974965 -0.000216 
0.002913 -0.001120 -0.000309 69 3.937393 -0.000169


0.002915 -0.001117 -0.000359 62 3.938825 -0.000219


0.002840 -0.001219 -0.000339 148 3.882685 -0.000199 
0.002875 -0.001173 -0.000371 122 3.908406 -0.000231 
0.002913 -0.001120 -0.000309 69 3.937393 -0.000169 
0.002862 -0.001190 -0.000266 133 3.898827 -0.000126 
0.002840 -0.001219 -0.000339 148 3.882685 -0.000199


0.002873 -0.001176 -0.000322 63 3.906827 -0.000181


0.002864 -0.001188 -0.000430 47 3.900028 -0.000290 
0.002873 -0.001175 -0.000500 131 3.906875 -0.000359 
0.002939 -0.001082 -0.000479 96 3.957838 -0.000339 
0.002910 -0.001125 -0.000401 73 3.934540 -0.000261 
0.002864 -0.001188 -0.000430 47 3.900028 -0.000290


0.002897 -0.001143 -0.000453 64 3.924819 -0.000312


0.002609 -0.001472 -0.000235 72 3.730111 -0.000095 
0.002615 -0.001467 -0.000288 88 3.733817 -0.000147 
0.002689 -0.001393 -0.000246 86 3.780222 -0.000105 
0.002670 -0.001413 -0.000206 123 3.768078 -0.000066 
0.002609 -0.001472 -0.000235 72 3.730111 -0.000095


0.002646 -0.001437 -0.000244 65 3.753057 -0.000103


0.002709 -0.001373 -0.000150 93 3.792609 -0.000009 
0.002670 -0.001413 -0.000206 123 3.768078 -0.000066 
0.002689 -0.001393 -0.000246 86 3.780222 -0.000105 
0.002746 -0.001331 -0.000197 147 3.817575 -0.000056 
0.002709 -0.001373 -0.000150 93 3.792609 -0.000009


0.002704 -0.001378 -0.000199 66 3.789620 -0.000059


0.002654 -0.001429 -0.000169 70 3.757518 -0.000028 
0.002670 -0.001413 -0.000206 123 3.768078 -0.000066 
0.002709 -0.001373 -0.000150 93 3.792609 -0.000009 
0.002686 -0.001396 -0.000118 48 3.778263 0.000023 
0.002654 -0.001429 -0.000169 70 3.757518 -0.000028


0.002680 -0.001403 -0.000160 67 3.774117 -0.000020


0.003105 -0.000786 -0.000013 60 4.108542 0.000127 
0.003083 -0.000833 -0.000105 134 4.085478 0.000035 
0.003125 -0.000741 -0.000190 83 4.130567 -0.000049 
0.003147 -0.000690 -0.000105 108 4.155387 0.000035 
0.003105 -0.000786 -0.000013 60 4.108542 0.000127


0.003116 -0.000763 -0.000103 68 4.119993 0.000037


0.002559 -0.001519 -0.000053 106 3.699710 0.000087 
0.002567 -0.001511 0.000028 125 3.704597 0.000168 
0.002485 -0.001581 0.000022 76 3.656512 0.000162 
0.002481 -0.001585 -0.000062 77 3.654079 0.000078 
0.002559 -0.001519 -0.000053 106 3.699710 0.000087


0.002523 -0.001549 -0.000017 69 3.678724 0.000124


0.002555 -0.001522 0.000110 24 3.697498 0.000250 
0.002567 -0.001511 0.000028 125 3.704597 0.000168 
0.002633 -0.001449 0.000038 63 3.744930 0.000178 
0.002628 -0.001454 0.000110 23 3.741844 0.000250 
0.002555 -0.001522 0.000110 24 3.697498 0.000250


0.002596 -0.001484 0.000071 70 3.722217 0.000212


0.002485 -0.001581 0.000022 76 3.656512 0.000162 
0.002567 -0.001511 0.000028 125 3.704597 0.000168 
0.002555 -0.001522 0.000110 24 3.697498 0.000250 
0.002479 -0.001586 0.000110 25 3.653152 0.000250 
0.002485 -0.001581 0.000022 76 3.656512 0.000162


0.002522 -0.001551 0.000067 71 3.677939 0.000208


0.002609 -0.001472 -0.000235 72 3.730111 -0.000095 
0.002539 -0.001536 -0.000276 144 3.687918 -0.000136 
0.002539 -0.001536 -0.000348 82 3.687945 -0.000207 
0.002615 -0.001467 -0.000288 88 3.733817 -0.000147 
0.002609 -0.001472 -0.000235 72 3.730111 -0.000095


0.002576 -0.001503 -0.000287 72 3.709948 -0.000146


0.002891 -0.001151 -0.000690 40 3.920483 -0.000550 
0.002885 -0.001159 -0.000579 126 3.915905 -0.000439 
0.002798 -0.001271 -0.000597 94 3.853075 -0.000456 
0.002793 -0.001277 -0.000690 39 3.849278 -0.000550 
0.002891 -0.001151 -0.000690 40 3.920483 -0.000550


0.002843 -0.001215 -0.000639 73 3.884685 -0.000499


0.002873 -0.001175 -0.000500 131 3.906875 -0.000359 
0.002885 -0.001159 -0.000579 126 3.915905 -0.000439 
0.002962 -0.001047 -0.000584 74 3.976350 -0.000443 
0.002939 -0.001082 -0.000479 96 3.957838 -0.000339 
0.002873 -0.001175 -0.000500 131 3.906875 -0.000359


0.002916 -0.001116 -0.000536 74 3.939242 -0.000395


0.002798 -0.001271 -0.000597 94 3.853075 -0.000456 
0.002710 -0.001371 -0.000604 54 3.793586 -0.000463 
0.002686 -0.001396 -0.000690 38 3.778074 -0.000550 
0.002793 -0.001277 -0.000690 39 3.849278 -0.000550 
0.002798 -0.001271 -0.000597 94 3.853075 -0.000456


0.002748 -0.001330 -0.000645 75 3.818504 -0.000505


0.002817 -0.001248 -0.000461 95 3.865826 -0.000320 
0.002806 -0.001261 -0.000531 127 3.858621 -0.000391 
0.002873 -0.001175 -0.000500 131 3.906875 -0.000359 
0.002864 -0.001188 -0.000430 47 3.900028 -0.000290 
0.002817 -0.001248 -0.000461 95 3.865826 -0.000320


0.002840 -0.001218 -0.000480 76 3.882837 -0.000340


0.002741 -0.001338 -0.000514 79 3.813843 -0.000373 
0.002806 -0.001261 -0.000531 127 3.858621 -0.000391 
0.002817 -0.001248 -0.000461 95 3.865826 -0.000320 
0.002776 -0.001298 -0.000443 52 3.837254 -0.000303 
0.002741 -0.001338 -0.000514 79 3.813843 -0.000373


0.002785 -0.001287 -0.000487 77 3.843886 -0.000347


0.003142 -0.000703 -0.000517 2 4.148895 -0.000376 
0.003045 -0.000906 -0.000495 128 4.048788 -0.000355 
0.003059 -0.000878 -0.000690 42 4.062892 -0.000550 
0.003129 -0.000734 -0.000690 1 4.134097 -0.000550 
0.003142 -0.000703 -0.000517 2 4.148895 -0.000376


0.003095 -0.000806 -0.000598 78 4.098668 -0.000458


0.003078 -0.000842 -0.000355 66 4.081274 -0.000215 
0.003045 -0.000906 -0.000495 128 4.048788 -0.000355 
0.003142 -0.000703 -0.000517 2 4.148895 -0.000376 
0.003154 -0.000673 -0.000343 3 4.163605 -0.000203 
0.003078 -0.000842 -0.000355 66 4.081274 -0.000215


0.003107 -0.000782 -0.000428 79 4.110643 -0.000287


0.003045 -0.000906 -0.000495 128 4.048788 -0.000355 
0.002962 -0.001047 -0.000584 74 3.976350 -0.000443 
0.002980 -0.001018 -0.000690 41 3.991688 -0.000550 
0.003059 -0.000878 -0.000690 42 4.062892 -0.000550 
0.003045 -0.000906 -0.000495 128 4.048788 -0.000355


0.003013 -0.000963 -0.000615 80 4.019930 -0.000474


0.003045 -0.000906 -0.000495 128 4.048788 -0.000355 
0.003005 -0.000977 -0.000421 87 4.012885 -0.000281 
0.002939 -0.001082 -0.000479 96 3.957838 -0.000339 
0.002962 -0.001047 -0.000584 74 3.976350 -0.000443 
0.003045 -0.000906 -0.000495 128 4.048788 -0.000355


0.002989 -0.001004 -0.000495 81 3.998963 -0.000354


0.002864 -0.001188 -0.000430 47 3.900028 -0.000290 
0.002910 -0.001125 -0.000401 73 3.934540 -0.000261 
0.002875 -0.001173 -0.000371 122 3.908406 -0.000231 
0.002857 -0.001197 -0.000400 92 3.894626 -0.000260 
0.002864 -0.001188 -0.000430 47 3.900028 -0.000290


0.002877 -0.001171 -0.000401 82 3.909399 -0.000260


0.002699 -0.001383 0.000110 22 3.786190 0.000250 
0.002710 -0.001371 0.000028 145 3.793675 0.000168 
0.002771 -0.001303 0.000033 91 3.834386 0.000173 
0.002766 -0.001309 0.000110 21 3.830536 0.000250 
0.002699 -0.001383 0.000110 22 3.786190 0.000250


0.002737 -0.001342 0.000070 83 3.811197 0.000210


0.002559 -0.001519 -0.000053 106 3.699710 0.000087 
0.002547 -0.001529 -0.000134 114 3.692481 0.000007 
0.002617 -0.001465 -0.000120 71 3.734767 0.000020 
0.002627 -0.001456 -0.000041 129 3.740732 0.000099 
0.002559 -0.001519 -0.000053 106 3.699710 0.000087


0.002588 -0.001493 -0.000087 84 3.716923 0.000053


0.002716 -0.001365 -0.000056 62 3.797301 0.000085 
0.002627 -0.001456 -0.000041 129 3.740732 0.000099 
0.002617 -0.001465 -0.000120 71 3.734767 0.000020 
0.002686 -0.001396 -0.000118 48 3.778263 0.000023 
0.002716 -0.001365 -0.000056 62 3.797301 0.000085


0.002662 -0.001421 -0.000084 85 3.762765 0.000057


0.002774 -0.001299 -0.000140 97 3.836482 0.000001 
0.002747 -0.001331 -0.000098 130 3.817831 0.000042 
0.002709 -0.001373 -0.000150 93 3.792609 -0.000009 
0.002746 -0.001331 -0.000197 147 3.817575 -0.000056 
0.002774 -0.001299 -0.000140 97 3.836482 0.000001


0.002744 -0.001334 -0.000146 86 3.816125 -0.000006


0.002780 -0.001293 -0.000072 89 3.840148 0.000069 
0.002747 -0.001331 -0.000098 130 3.817831 0.000042 
0.002774 -0.001299 -0.000140 97 3.836482 0.000001 
0.002804 -0.001263 -0.000088 51 3.857264 0.000052 
0.002780 -0.001293 -0.000072 89 3.840148 0.000069


0.002777 -0.001297 -0.000099 87 3.837931 0.000041


0.002747 -0.001331 -0.000098 130 3.817831 0.000042 
0.002716 -0.001365 -0.000056 62 3.797301 0.000085 
0.002686 -0.001396 -0.000118 48 3.778263 0.000023 
0.002709 -0.001373 -0.000150 93 3.792609 -0.000009 
0.002747 -0.001331 -0.000098 130 3.817831 0.000042


0.002715 -0.001366 -0.000105 88 3.796501 0.000035


0.002741 -0.001338 -0.000514 79 3.813843 -0.000373 
0.002671 -0.001412 -0.000490 117 3.768668 -0.000350 
0.002602 -0.001479 -0.000585 141 3.725478 -0.000445 
0.002710 -0.001371 -0.000604 54 3.793586 -0.000463 
0.002741 -0.001338 -0.000514 79 3.813843 -0.000373


0.002682 -0.001401 -0.000548 89 3.775396 -0.000408


0.002715 -0.001366 -0.000293 46 3.796783 -0.000153 
0.002780 -0.001292 -0.000249 65 3.840605 -0.000108 
0.002746 -0.001331 -0.000197 147 3.817575 -0.000056 
0.002689 -0.001393 -0.000246 86 3.780222 -0.000105 
0.002715 -0.001366 -0.000293 46 3.796783 -0.000153


0.002733 -0.001346 -0.000246 90 3.808796 -0.000106


0.002454 -0.001606 -0.000393 44 3.638916 -0.000253 
0.002451 -0.001608 -0.000474 53 3.637235 -0.000333 
0.002569 -0.001509 -0.000400 132 3.705747 -0.000260 
0.002539 -0.001536 -0.000348 82 3.687945 -0.000207 
0.002454 -0.001606 -0.000393 44 3.638916 -0.000253


0.002504 -0.001566 -0.000404 91 3.667460 -0.000263


0.002539 -0.001536 -0.000348 82 3.687945 -0.000207 
0.002569 -0.001509 -0.000400 132 3.705747 -0.000260 
0.002645 -0.001438 -0.000334 84 3.752289 -0.000194 
0.002615 -0.001467 -0.000288 88 3.733817 -0.000147 
0.002539 -0.001536 -0.000348 82 3.687945 -0.000207


0.002593 -0.001488 -0.000342 92 3.719950 -0.000202


0.002488 -0.001579 -0.000546 104 3.658157 -0.000405 
0.002622 -0.001460 -0.000443 78 3.737896 -0.000302 
0.002569 -0.001509 -0.000400 132 3.705747 -0.000260 
0.002451 -0.001608 -0.000474 53 3.637235 -0.000333 
0.002488 -0.001579 -0.000546 104 3.658157 -0.000405


0.002534 -0.001541 -0.000466 93 3.684758 -0.000325


0.002645 -0.001438 -0.000334 84 3.752289 -0.000194 
0.002569 -0.001509 -0.000400 132 3.705747 -0.000260 
0.002622 -0.001460 -0.000443 78 3.737896 -0.000302 
0.002682 -0.001401 -0.000375 49 3.775488 -0.000235 
0.002645 -0.001438 -0.000334 84 3.752289 -0.000194


0.002630 -0.001453 -0.000388 94 3.742856 -0.000248


0.003036 -0.000922 -0.000309 45 4.040998 -0.000169 
0.003078 -0.000842 -0.000355 66 4.081274 -0.000215 
0.003113 -0.000769 -0.000241 116 4.117207 -0.000101 
0.003061 -0.000875 -0.000206 99 4.064500 -0.000066 
0.003036 -0.000922 -0.000309 45 4.040998 -0.000169


0.003073 -0.000852 -0.000278 95 4.075994 -0.000137


0.002715 -0.001366 -0.000293 46 3.796783 -0.000153 
0.002723 -0.001357 -0.000337 85 3.802328 -0.000196 
0.002782 -0.001291 -0.000337 80 3.841427 -0.000196 
0.002780 -0.001292 -0.000249 65 3.840605 -0.000108 
0.002715 -0.001366 -0.000293 46 3.796783 -0.000153


0.002750 -0.001327 -0.000304 96 3.820286 -0.000164


0.003036 -0.000922 -0.000309 45 4.040998 -0.000169 
0.003005 -0.000977 -0.000421 87 4.012885 -0.000281 
0.003045 -0.000906 -0.000495 128 4.048788 -0.000355 
0.003078 -0.000842 -0.000355 66 4.081274 -0.000215 
0.003036 -0.000922 -0.000309 45 4.040998 -0.000169


0.003042 -0.000912 -0.000395 97 4.045986 -0.000255


0.003105 -0.000786 -0.000013 60 4.108542 0.000127 
0.003036 -0.000921 0.000024 124 4.041231 0.000165 
0.003020 -0.000951 -0.000067 75 4.026194 0.000074 
0.003083 -0.000833 -0.000105 134 4.085478 0.000035 
0.003105 -0.000786 -0.000013 60 4.108542 0.000127


0.003062 -0.000873 -0.000040 98 4.065361 0.000100


0.003061 -0.000875 -0.000206 99 4.064500 -0.000066 
0.003010 -0.000969 -0.000167 115 4.017000 -0.000027 
0.002989 -0.001003 -0.000259 67 3.999103 -0.000119 
0.003036 -0.000922 -0.000309 45 4.040998 -0.000169 
0.003061 -0.000875 -0.000206 99 4.064500 -0.000066


0.003025 -0.000943 -0.000235 99 4.030400 -0.000095


0.003125 -0.000741 -0.000190 83 4.130567 -0.000049 
0.003083 -0.000833 -0.000105 134 4.085478 0.000035 
0.003061 -0.000875 -0.000206 99 4.064500 -0.000066 
0.003113 -0.000769 -0.000241 116 4.117207 -0.000101 
0.003125 -0.000741 -0.000190 83 4.130567 -0.000049


0.003096 -0.000805 -0.000186 100 4.099438 -0.000045


0.002780 -0.001292 -0.000249 65 3.840605 -0.000108 
0.002862 -0.001190 -0.000266 133 3.898827 -0.000126 
0.002882 -0.001164 -0.000192 68 3.913413 -0.000051 
0.002832 -0.001229 -0.000161 135 3.876840 -0.000021 
0.002780 -0.001292 -0.000249 65 3.840605 -0.000108


0.002840 -0.001219 -0.000217 101 3.882423 -0.000077


0.002855 -0.001200 -0.000098 100 3.893181 0.000043 
0.002832 -0.001229 -0.000161 135 3.876840 -0.000021 
0.002882 -0.001164 -0.000192 68 3.913413 -0.000051 
0.002904 -0.001132 -0.000109 50 3.930502 0.000032 
0.002855 -0.001200 -0.000098 100 3.893181 0.000043


0.002869 -0.001182 -0.000140 102 3.903484 0.000001


0.002855 -0.001200 -0.000098 100 3.893181 0.000043 
0.002872 -0.001178 -0.000028 138 3.905657 0.000112 
0.002824 -0.001239 -0.000030 90 3.871390 0.000110 
0.002804 -0.001263 -0.000088 51 3.857264 0.000052 
0.002855 -0.001200 -0.000098 100 3.893181 0.000043


0.002839 -0.001220 -0.000061 103 3.881873 0.000079


0.002946 -0.001071 0.000110 18 3.963574 0.000250 
0.002932 -0.001092 0.000036 136 3.952398 0.000177 
0.002996 -0.000992 0.000026 64 4.005143 0.000167 
0.002999 -0.000986 0.000110 17 4.007920 0.000250 
0.002946 -0.001071 0.000110 18 3.963574 0.000250


0.002969 -0.001036 0.000070 104 3.982259 0.000211


0.002881 -0.001165 0.000038 102 3.912874 0.000179 
0.002872 -0.001178 -0.000028 138 3.905657 0.000112 
0.002917 -0.001114 -0.000036 101 3.940200 0.000104 
0.002932 -0.001092 0.000036 136 3.952398 0.000177 
0.002881 -0.001165 0.000038 102 3.912874 0.000179


0.002901 -0.001137 0.000003 105 3.927782 0.000143


0.002917 -0.001114 -0.000036 101 3.940200 0.000104 
0.002980 -0.001018 -0.000053 112 3.991671 0.000087 
0.002996 -0.000992 0.000026 64 4.005143 0.000167 
0.002932 -0.001092 0.000036 136 3.952398 0.000177 
0.002917 -0.001114 -0.000036 101 3.940200 0.000104


0.002957 -0.001054 -0.000007 106 3.972353 0.000134


0.002829 -0.001233 0.000110 20 3.874882 0.000250 
0.002830 -0.001232 0.000037 137 3.875117 0.000178 
0.002881 -0.001165 0.000038 102 3.912874 0.000179 
0.002890 -0.001153 0.000110 19 3.919228 0.000250 
0.002829 -0.001233 0.000110 20 3.874882 0.000250


0.002858 -0.001196 0.000074 107 3.895525 0.000214


0.002771 -0.001303 0.000033 91 3.834386 0.000173 
0.002778 -0.001295 -0.000022 121 3.839243 0.000119 
0.002824 -0.001239 -0.000030 90 3.871390 0.000110 
0.002830 -0.001232 0.000037 137 3.875117 0.000178 
0.002771 -0.001303 0.000033 91 3.834386 0.000173


0.002801 -0.001267 0.000005 108 3.855034 0.000145


0.002567 -0.001511 0.000028 125 3.704597 0.000168 
0.002559 -0.001519 -0.000053 106 3.699710 0.000087 
0.002627 -0.001456 -0.000041 129 3.740732 0.000099 
0.002633 -0.001449 0.000038 63 3.744930 0.000178 
0.002567 -0.001511 0.000028 125 3.704597 0.000168


0.002597 -0.001484 -0.000007 109 3.722492 0.000133


0.002917 -0.001114 -0.000036 101 3.940200 0.000104 
0.002872 -0.001178 -0.000028 138 3.905657 0.000112 
0.002855 -0.001200 -0.000098 100 3.893181 0.000043 
0.002904 -0.001132 -0.000109 50 3.930502 0.000032 
0.002917 -0.001114 -0.000036 101 3.940200 0.000104


0.002887 -0.001156 -0.000068 110 3.917385 0.000073


0.002881 -0.001165 0.000038 102 3.912874 0.000179 
0.002932 -0.001092 0.000036 136 3.952398 0.000177 
0.002946 -0.001071 0.000110 18 3.963574 0.000250 
0.002890 -0.001153 0.000110 19 3.919228 0.000250 
0.002881 -0.001165 0.000038 102 3.912874 0.000179


0.002913 -0.001120 0.000073 111 3.937018 0.000214


0.002855 -0.001200 -0.000098 100 3.893181 0.000043 
0.002804 -0.001263 -0.000088 51 3.857264 0.000052 
0.002774 -0.001299 -0.000140 97 3.836482 0.000001 
0.002832 -0.001229 -0.000161 135 3.876840 -0.000021 
0.002855 -0.001200 -0.000098 100 3.893181 0.000043


0.002817 -0.001248 -0.000122 112 3.865942 0.000019


0.002723 -0.001357 -0.000337 85 3.802328 -0.000196 
0.002741 -0.001338 -0.000380 139 3.813660 -0.000239 
0.002787 -0.001284 -0.000390 103 3.845319 -0.000250 
0.002782 -0.001291 -0.000337 80 3.841427 -0.000196 
0.002723 -0.001357 -0.000337 85 3.802328 -0.000196


0.002759 -0.001318 -0.000361 113 3.825684 -0.000221


0.002721 -0.001360 -0.000410 98 3.800463 -0.000269 
0.002682 -0.001401 -0.000375 49 3.775488 -0.000235 
0.002622 -0.001460 -0.000443 78 3.737896 -0.000302 
0.002671 -0.001412 -0.000490 117 3.768668 -0.000350 
0.002721 -0.001360 -0.000410 98 3.800463 -0.000269


0.002674 -0.001408 -0.000429 114 3.770629 -0.000289


0.002787 -0.001284 -0.000390 103 3.845319 -0.000250 
0.002741 -0.001338 -0.000380 139 3.813660 -0.000239 
0.002721 -0.001360 -0.000410 98 3.800463 -0.000269 
0.002776 -0.001298 -0.000443 52 3.837254 -0.000303 
0.002787 -0.001284 -0.000390 103 3.845319 -0.000250


0.002756 -0.001320 -0.000406 115 3.824174 -0.000265


0.002857 -0.001197 -0.000400 92 3.894626 -0.000260 
0.002830 -0.001232 -0.000399 140 3.875444 -0.000259 
0.002817 -0.001248 -0.000461 95 3.865826 -0.000320 
0.002864 -0.001188 -0.000430 47 3.900028 -0.000290 
0.002857 -0.001197 -0.000400 92 3.894626 -0.000260


0.002842 -0.001216 -0.000423 116 3.883981 -0.000282


0.002787 -0.001284 -0.000390 103 3.845319 -0.000250 
0.002830 -0.001232 -0.000399 140 3.875444 -0.000259 
0.002840 -0.001219 -0.000339 148 3.882685 -0.000199 
0.002782 -0.001291 -0.000337 80 3.841427 -0.000196 
0.002787 -0.001284 -0.000390 103 3.845319 -0.000250


0.002810 -0.001257 -0.000366 117 3.861219 -0.000226


0.002817 -0.001248 -0.000461 95 3.865826 -0.000320 
0.002830 -0.001232 -0.000399 140 3.875444 -0.000259 
0.002787 -0.001284 -0.000390 103 3.845319 -0.000250 
0.002776 -0.001298 -0.000443 52 3.837254 -0.000303 
0.002817 -0.001248 -0.000461 95 3.865826 -0.000320


0.002803 -0.001266 -0.000423 118 3.855961 -0.000283


0.002671 -0.001412 -0.000490 117 3.768668 -0.000350 
0.002622 -0.001460 -0.000443 78 3.737896 -0.000302 
0.002488 -0.001579 -0.000546 104 3.658157 -0.000405 
0.002602 -0.001479 -0.000585 141 3.725478 -0.000445 
0.002671 -0.001412 -0.000490 117 3.768668 -0.000350


0.002597 -0.001484 -0.000516 119 3.722557 -0.000376


0.002393 -0.001652 -0.000258 81 3.605273 -0.000118 
0.002397 -0.001650 -0.000169 105 3.606995 -0.000028 
0.002318 -0.001704 -0.000190 30 3.564459 -0.000050 
0.002318 -0.001704 -0.000290 31 3.564459 -0.000150 
0.002393 -0.001652 -0.000258 81 3.605273 -0.000118


0.002357 -0.001678 -0.000227 120 3.585297 -0.000086


0.002465 -0.001597 -0.000232 142 3.645422 -0.000092 
0.002393 -0.001652 -0.000258 81 3.605273 -0.000118 
0.002390 -0.001654 -0.000346 119 3.603560 -0.000206 
0.002484 -0.001582 -0.000304 143 3.655900 -0.000163 
0.002465 -0.001597 -0.000232 142 3.645422 -0.000092


0.002434 -0.001622 -0.000285 121 3.627539 -0.000145


0.003188 -0.000582 0.000007 109 4.206505 0.000148 
0.003199 -0.000551 0.000024 61 4.221007 0.000164 
0.003202 -0.000541 0.000066 110 4.226110 0.000207 
0.003179 -0.000607 0.000056 57 4.194735 0.000197 
0.003188 -0.000582 0.000007 109 4.206505 0.000148


0.003192 -0.000570 0.000038 122 4.212089 0.000179


0.002633 -0.001449 0.000038 63 3.744930 0.000178 
0.002627 -0.001456 -0.000041 129 3.740732 0.000099 
0.002716 -0.001365 -0.000056 62 3.797301 0.000085 
0.002710 -0.001371 0.000028 145 3.793675 0.000168 
0.002633 -0.001449 0.000038 63 3.744930 0.000178


0.002672 -0.001411 -0.000008 123 3.769159 0.000133


0.003005 -0.000977 -0.000421 87 4.012885 -0.000281 
0.003036 -0.000922 -0.000309 45 4.040998 -0.000169 
0.002989 -0.001003 -0.000259 67 3.999103 -0.000119 
0.002960 -0.001049 -0.000356 146 3.974965 -0.000216 
0.003005 -0.000977 -0.000421 87 4.012885 -0.000281


0.002998 -0.000988 -0.000337 124 4.006988 -0.000196


0.002780 -0.001292 -0.000249 65 3.840605 -0.000108 
0.002832 -0.001229 -0.000161 135 3.876840 -0.000021 
0.002774 -0.001299 -0.000140 97 3.836482 0.000001 
0.002746 -0.001331 -0.000197 147 3.817575 -0.000056 
0.002780 -0.001292 -0.000249 65 3.840605 -0.000108


0.002784 -0.001288 -0.000187 125 3.842875 -0.000046


0.002862 -0.001190 -0.000266 133 3.898827 -0.000126 
0.002780 -0.001292 -0.000249 65 3.840605 -0.000108 
0.002782 -0.001291 -0.000337 80 3.841427 -0.000196 
0.002840 -0.001219 -0.000339 148 3.882685 -0.000199 
0.002862 -0.001190 -0.000266 133 3.898827 -0.000126


0.002817 -0.001248 -0.000298 126 3.865886 -0.000157


0.002547 -0.001529 -0.000134 114 3.692481 0.000007 
0.002474 -0.001590 -0.000147 55 3.650179 -0.000007 
0.002465 -0.001597 -0.000232 142 3.645422 -0.000092 
0.002534 -0.001540 -0.000216 149 3.684872 -0.000076 
0.002547 -0.001529 -0.000134 114 3.692481 0.000007


0.002505 -0.001565 -0.000182 127 3.668239 -0.000042


