0.002487 0.001909 -0.000114 147 5.432331 0.000026 
0.002434 0.001951 -0.000164 43 5.462241 -0.000024 
0.002379 0.001992 -0.000129 57 5.492752 0.000011 
0.002423 0.001959 -0.000030 56 5.468285 0.000110 
0.002487 0.001909 -0.000114 147 5.432331 0.000026


0.002431 0.001953 -0.000109 1 5.463902 0.000031


0.002400 0.001977 0.000110 28 5.481076 0.000250 
0.002423 0.001959 -0.000030 56 5.468285 0.000110 
0.002318 0.002034 0.000010 26 5.525422 0.000150 
0.002318 0.002034 0.000110 27 5.525422 0.000250 
0.002400 0.001977 0.000110 28 5.481076 0.000250


0.002365 0.002002 0.000050 2 5.500052 0.000190


0.002318 0.002034 0.000010 26 5.525422 0.000150 
0.002423 0.001959 -0.000030 56 5.468285 0.000110 
0.002379 0.001992 -0.000129 57 5.492752 0.000011 
0.002318 0.002034 -0.000090 25 5.525422 0.000050 
0.002318 0.002034 0.000010 26 5.525422 0.000150


0.002360 0.002005 -0.000060 3 5.502971 0.000080


0.002318 0.002034 -0.000390 22 5.525422 -0.000250 
0.002381 0.001991 -0.000377 110 5.491685 -0.000236 
0.002422 0.001960 -0.000457 59 5.468785 -0.000317 
0.002318 0.002034 -0.000490 21 5.525422 -0.000350 
0.002318 0.002034 -0.000390 22 5.525422 -0.000250


0.002360 0.002005 -0.000429 4 5.502829 -0.000288


0.002373 0.001996 -0.000303 86 5.495733 -0.000163 
0.002424 0.001959 -0.000293 148 5.467750 -0.000153 
0.002425 0.001958 -0.000351 58 5.466937 -0.000211 
0.002381 0.001991 -0.000377 110 5.491685 -0.000236 
0.002373 0.001996 -0.000303 86 5.495733 -0.000163


0.002401 0.001976 -0.000331 5 5.480526 -0.000191


0.002422 0.001960 -0.000457 59 5.468785 -0.000317 
0.002381 0.001991 -0.000377 110 5.491685 -0.000236 
0.002425 0.001958 -0.000351 58 5.466937 -0.000211 
0.002486 0.001910 -0.000392 150 5.432761 -0.000252 
0.002422 0.001960 -0.000457 59 5.468785 -0.000317


0.002429 0.001955 -0.000394 6 5.465043 -0.000254


0.002669 0.001744 -0.000274 152 5.322859 -0.000134 
0.002634 0.001778 -0.000314 139 5.344548 -0.000174 
0.002586 0.001823 -0.000274 62 5.373874 -0.000133 
0.002601 0.001810 -0.000216 111 5.365020 -0.000076 
0.002669 0.001744 -0.000274 152 5.322859 -0.000134


0.002623 0.001789 -0.000270 7 5.351576 -0.000129


0.002560 0.001847 -0.000203 60 5.389615 -0.000062 
0.002601 0.001810 -0.000216 111 5.365020 -0.000076 
0.002586 0.001823 -0.000274 62 5.373874 -0.000133 
0.002535 0.001869 -0.000248 153 5.404092 -0.000107 
0.002560 0.001847 -0.000203 60 5.389615 -0.000062


0.002571 0.001838 -0.000235 8 5.383150 -0.000095


0.002614 0.001798 -0.000166 61 5.357025 -0.000025 
0.002601 0.001810 -0.000216 111 5.365020 -0.000076 
0.002560 0.001847 -0.000203 60 5.389615 -0.000062 
0.002582 0.001827 -0.000168 120 5.376221 -0.000028 
0.002614 0.001798 -0.000166 61 5.357025 -0.000025


0.002589 0.001821 -0.000188 9 5.371970 -0.000048


0.003119 0.001084 -0.000296 128 4.965849 -0.000155 
0.003107 0.001111 -0.000364 93 4.979114 -0.000223 
0.003070 0.001188 -0.000352 46 5.017152 -0.000212 
0.003084 0.001159 -0.000282 108 5.002650 -0.000142 
0.003119 0.001084 -0.000296 128 4.965849 -0.000155


0.003096 0.001136 -0.000324 10 4.991191 -0.000183


0.003134 0.001051 -0.000226 65 4.949787 -0.000085 
0.003148 0.001017 -0.000156 113 4.933474 -0.000016 
0.003176 0.000946 -0.000156 6 4.899726 -0.000016 
0.003167 0.000970 -0.000217 7 4.910779 -0.000076 
0.003134 0.001051 -0.000226 65 4.949787 -0.000085


0.003157 0.000996 -0.000189 11 4.923442 -0.000048


0.002937 0.001414 -0.000006 101 5.133510 0.000134 
0.002982 0.001345 -0.000026 53 5.096889 0.000114 
0.002950 0.001394 -0.000083 74 5.123085 0.000057 
0.002927 0.001429 -0.000057 64 5.141497 0.000084 
0.002937 0.001414 -0.000006 101 5.133510 0.000134


0.002949 0.001396 -0.000043 12 5.123746 0.000097


0.003148 0.001017 -0.000156 113 4.933474 -0.000016 
0.003163 0.000981 -0.000094 63 4.915950 0.000047 
0.003186 0.000918 -0.000097 5 4.886531 0.000043 
0.003176 0.000946 -0.000156 6 4.899726 -0.000016 
0.003148 0.001017 -0.000156 113 4.933474 -0.000016


0.003168 0.000966 -0.000126 13 4.908920 0.000015


0.003163 0.000981 -0.000094 63 4.915950 0.000047 
0.003183 0.000926 -0.000040 114 4.889987 0.000100 
0.003197 0.000886 -0.000041 4 4.871469 0.000099 
0.003186 0.000918 -0.000097 5 4.886531 0.000043 
0.003163 0.000981 -0.000094 63 4.915950 0.000047


0.003182 0.000928 -0.000068 14 4.890984 0.000072


0.003152 0.001009 -0.000043 116 4.929352 0.000098 
0.003114 0.001096 -0.000020 68 4.971866 0.000120 
0.003122 0.001078 0.000046 117 4.962749 0.000186 
0.003158 0.000992 0.000044 67 4.921220 0.000184 
0.003152 0.001009 -0.000043 116 4.929352 0.000098


0.003137 0.001044 0.000007 15 4.946297 0.000147


0.003197 0.000886 -0.000041 4 4.871469 0.000099 
0.003183 0.000926 -0.000040 114 4.889987 0.000100 
0.003186 0.000917 -0.000004 66 4.885762 0.000137 
0.003209 0.000851 0.000012 3 4.854657 0.000152 
0.003197 0.000886 -0.000041 4 4.871469 0.000099


0.003194 0.000895 -0.000018 16 4.875469 0.000122


0.003191 0.000904 0.000046 115 4.879711 0.000187 
0.003158 0.000992 0.000044 67 4.921220 0.000184 
0.003172 0.000957 0.000110 41 4.904578 0.000250 
0.003205 0.000862 0.000110 42 4.860232 0.000250 
0.003191 0.000904 0.000046 115 4.879711 0.000187


0.003182 0.000929 0.000077 17 4.891436 0.000218


0.003221 0.000811 0.000062 2 4.836132 0.000203 
0.003191 0.000904 0.000046 115 4.879711 0.000187 
0.003205 0.000862 0.000110 42 4.860232 0.000250 
0.003234 0.000767 0.000110 1 4.815886 0.000250 
0.003221 0.000811 0.000062 2 4.836132 0.000203


0.003213 0.000836 0.000082 18 4.847991 0.000222


0.003186 0.000917 -0.000004 66 4.885762 0.000137 
0.003191 0.000904 0.000046 115 4.879711 0.000187 
0.003221 0.000811 0.000062 2 4.836132 0.000203 
0.003209 0.000851 0.000012 3 4.854657 0.000152 
0.003186 0.000917 -0.000004 66 4.885762 0.000137


0.003202 0.000871 0.000029 19 4.864066 0.000170


0.003148 0.001017 -0.000156 113 4.933474 -0.000016 
0.003128 0.001065 -0.000128 158 4.956805 0.000012 
0.003152 0.001009 -0.000043 116 4.929352 0.000098 
0.003163 0.000981 -0.000094 63 4.915950 0.000047 
0.003148 0.001017 -0.000156 113 4.933474 -0.000016


0.003148 0.001018 -0.000105 20 4.933895 0.000035


0.003114 0.001096 -0.000020 68 4.971866 0.000120 
0.003152 0.001009 -0.000043 116 4.929352 0.000098 
0.003128 0.001065 -0.000128 158 4.956805 0.000012 
0.003088 0.001152 -0.000105 157 4.999360 0.000036 
0.003114 0.001096 -0.000020 68 4.971866 0.000120


0.003121 0.001081 -0.000074 21 4.964345 0.000067


0.003191 0.000904 0.000046 115 4.879711 0.000187 
0.003186 0.000917 -0.000004 66 4.885762 0.000137 
0.003152 0.001009 -0.000043 116 4.929352 0.000098 
0.003158 0.000992 0.000044 67 4.921220 0.000184 
0.003191 0.000904 0.000046 115 4.879711 0.000187


0.003172 0.000955 0.000011 22 4.904011 0.000151


0.002893 0.001478 -0.000556 118 5.168397 -0.000415 
0.002894 0.001476 -0.000421 72 5.167262 -0.000280 
0.002980 0.001347 -0.000458 70 5.098154 -0.000318 
0.002977 0.001351 -0.000574 69 5.100477 -0.000434 
0.002893 0.001478 -0.000556 118 5.168397 -0.000415


0.002937 0.001414 -0.000502 23 5.133573 -0.000362


0.002977 0.001351 -0.000574 69 5.100477 -0.000434 
0.003064 0.001199 -0.000492 127 5.022735 -0.000352 
0.003059 0.001208 -0.000690 12 5.026989 -0.000550 
0.002980 0.001347 -0.000690 13 5.098194 -0.000550 
0.002977 0.001351 -0.000574 69 5.100477 -0.000434


0.003022 0.001277 -0.000612 24 5.062099 -0.000471


0.003135 0.001049 0.000110 40 4.948924 0.000250 
0.003122 0.001078 0.000046 117 4.962749 0.000186 
0.003088 0.001152 0.000063 73 4.999348 0.000204 
0.003093 0.001140 0.000110 39 4.993270 0.000250 
0.003135 0.001049 0.000110 40 4.948924 0.000250


0.003110 0.001105 0.000082 25 4.976073 0.000222


0.003158 0.000992 0.000044 67 4.921220 0.000184 
0.003122 0.001078 0.000046 117 4.962749 0.000186 
0.003135 0.001049 0.000110 40 4.948924 0.000250 
0.003172 0.000957 0.000110 41 4.904578 0.000250 
0.003158 0.000992 0.000044 67 4.921220 0.000184


0.003147 0.001019 0.000077 26 4.934368 0.000218


0.003088 0.001152 0.000063 73 4.999348 0.000204 
0.003122 0.001078 0.000046 117 4.962749 0.000186 
0.003114 0.001096 -0.000020 68 4.971866 0.000120 
0.003061 0.001204 -0.000003 44 5.025267 0.000137 
0.003088 0.001152 0.000063 73 4.999348 0.000204


0.003097 0.001133 0.000021 27 4.989806 0.000162


0.003030 0.001263 -0.000080 75 5.054674 0.000061 
0.003088 0.001152 -0.000105 157 4.999360 0.000036 
0.003067 0.001193 -0.000187 76 5.019760 -0.000047 
0.002995 0.001322 -0.000166 112 5.085368 -0.000026 
0.003030 0.001263 -0.000080 75 5.054674 0.000061


0.003046 0.001233 -0.000135 28 5.039789 0.000006


0.003030 0.001263 -0.000080 75 5.054674 0.000061 
0.002995 0.001322 -0.000166 112 5.085368 -0.000026 
0.002950 0.001394 -0.000083 74 5.123085 0.000057 
0.002982 0.001345 -0.000026 53 5.096889 0.000114 
0.003030 0.001263 -0.000080 75 5.054674 0.000061


0.002990 0.001331 -0.000089 29 5.090004 0.000052


0.002893 0.001478 -0.000556 118 5.168397 -0.000415 
0.002977 0.001351 -0.000574 69 5.100477 -0.000434 
0.002980 0.001347 -0.000690 13 5.098194 -0.000550 
0.002891 0.001480 -0.000690 14 5.169399 -0.000550 
0.002893 0.001478 -0.000556 118 5.168397 -0.000415


0.002936 0.001415 -0.000628 30 5.134117 -0.000487


0.002670 0.001742 -0.000035 142 5.321911 0.000106 
0.002649 0.001764 0.000039 96 5.335526 0.000179 
0.002716 0.001694 0.000044 131 5.292394 0.000185 
0.002733 0.001675 -0.000023 77 5.281022 0.000117 
0.002670 0.001742 -0.000035 142 5.321911 0.000106


0.002692 0.001719 0.000006 31 5.307713 0.000147


0.002894 0.001476 -0.000421 72 5.167262 -0.000280 
0.002893 0.001478 -0.000556 118 5.168397 -0.000415 
0.002795 0.001604 -0.000567 84 5.239249 -0.000427 
0.002797 0.001602 -0.000453 51 5.237924 -0.000312 
0.002894 0.001476 -0.000421 72 5.167262 -0.000280


0.002846 0.001541 -0.000499 32 5.203208 -0.000359


0.002831 0.001560 -0.000244 80 5.213570 -0.000104 
0.002815 0.001581 -0.000158 119 5.225494 -0.000017 
0.002872 0.001507 -0.000145 79 5.183936 -0.000005 
0.002888 0.001484 -0.000225 47 5.171576 -0.000084 
0.002831 0.001560 -0.000244 80 5.213570 -0.000104


0.002852 0.001533 -0.000193 33 5.198644 -0.000053


0.002761 0.001644 -0.000174 78 5.262609 -0.000034 
0.002815 0.001581 -0.000158 119 5.225494 -0.000017 
0.002831 0.001560 -0.000244 80 5.213570 -0.000104 
0.002774 0.001629 -0.000261 151 5.253416 -0.000121 
0.002761 0.001644 -0.000174 78 5.262609 -0.000034


0.002796 0.001604 -0.000209 34 5.238772 -0.000069


0.002872 0.001507 -0.000145 79 5.183936 -0.000005 
0.002815 0.001581 -0.000158 119 5.225494 -0.000017 
0.002799 0.001599 -0.000078 140 5.236332 0.000062 
0.002844 0.001544 -0.000064 154 5.204533 0.000077 
0.002872 0.001507 -0.000145 79 5.183936 -0.000005


0.002833 0.001558 -0.000111 35 5.212574 0.000029


0.002573 0.001836 -0.000137 92 5.382022 0.000003 
0.002543 0.001862 -0.000078 133 5.399262 0.000063 
0.002599 0.001812 -0.000042 106 5.366070 0.000098 
0.002627 0.001785 -0.000115 54 5.348975 0.000025 
0.002573 0.001836 -0.000137 92 5.382022 0.000003


0.002586 0.001824 -0.000093 36 5.374082 0.000047


0.002686 0.001727 -0.000104 81 5.312142 0.000036 
0.002693 0.001718 -0.000169 48 5.307155 -0.000029 
0.002614 0.001798 -0.000166 61 5.357025 -0.000025 
0.002627 0.001785 -0.000115 54 5.348975 0.000025 
0.002686 0.001727 -0.000104 81 5.312142 0.000036


0.002655 0.001757 -0.000139 37 5.331324 0.000002


0.002799 0.001599 -0.000078 140 5.236332 0.000062 
0.002791 0.001609 -0.000016 130 5.242106 0.000125 
0.002840 0.001549 -0.000007 145 5.207571 0.000134 
0.002844 0.001544 -0.000064 154 5.204533 0.000077 
0.002799 0.001599 -0.000078 140 5.236332 0.000062


0.002819 0.001576 -0.000041 38 5.222636 0.000099


0.002425 0.001958 -0.000351 58 5.466937 -0.000211 
0.002469 0.001924 -0.000324 121 5.442460 -0.000184 
0.002520 0.001882 -0.000352 83 5.413006 -0.000211 
0.002486 0.001910 -0.000392 150 5.432761 -0.000252 
0.002425 0.001958 -0.000351 58 5.466937 -0.000211


0.002475 0.001919 -0.000355 39 5.438791 -0.000214


0.002454 0.001936 -0.000295 82 5.451148 -0.000154 
0.002469 0.001924 -0.000324 121 5.442460 -0.000184 
0.002425 0.001958 -0.000351 58 5.466937 -0.000211 
0.002424 0.001959 -0.000293 148 5.467750 -0.000153 
0.002454 0.001936 -0.000295 82 5.451148 -0.000154


0.002443 0.001944 -0.000316 40 5.457074 -0.000175


0.002520 0.001882 -0.000352 83 5.413006 -0.000211 
0.002469 0.001924 -0.000324 121 5.442460 -0.000184 
0.002504 0.001895 -0.000289 155 5.422421 -0.000149 
0.002550 0.001856 -0.000318 49 5.395205 -0.000178 
0.002520 0.001882 -0.000352 83 5.413006 -0.000211


0.002511 0.001889 -0.000321 41 5.418273 -0.000181


0.002686 0.001726 -0.000690 16 5.311808 -0.000550 
0.002695 0.001717 -0.000570 122 5.306307 -0.000430 
0.002795 0.001604 -0.000567 84 5.239249 -0.000427 
0.002793 0.001607 -0.000690 15 5.240604 -0.000550 
0.002686 0.001726 -0.000690 16 5.311808 -0.000550


0.002743 0.001664 -0.000630 42 5.274492 -0.000489


0.002815 0.001581 -0.000158 119 5.225494 -0.000017 
0.002761 0.001644 -0.000174 78 5.262609 -0.000034 
0.002749 0.001658 -0.000098 50 5.270723 0.000042 
0.002799 0.001599 -0.000078 140 5.236332 0.000062 
0.002815 0.001581 -0.000158 119 5.225494 -0.000017


0.002781 0.001621 -0.000127 43 5.248790 0.000014


0.002422 0.001960 -0.000457 59 5.468785 -0.000317 
0.002461 0.001930 -0.000539 45 5.447155 -0.000399 
0.002318 0.002034 -0.000590 20 5.525422 -0.000450 
0.002318 0.002034 -0.000490 21 5.525422 -0.000350 
0.002422 0.001960 -0.000457 59 5.468785 -0.000317


0.002381 0.001991 -0.000519 44 5.491697 -0.000379


0.002461 0.001930 -0.000539 45 5.447155 -0.000399 
0.002448 0.001940 -0.000690 18 5.454218 -0.000550 
0.002318 0.002034 -0.000690 19 5.525422 -0.000550 
0.002318 0.002034 -0.000590 20 5.525422 -0.000450 
0.002461 0.001930 -0.000539 45 5.447155 -0.000399


0.002387 0.001986 -0.000628 45 5.488054 -0.000487


0.002318 0.002034 -0.000190 24 5.525422 -0.000050 
0.002371 0.001998 -0.000214 123 5.496997 -0.000074 
0.002373 0.001996 -0.000303 86 5.495733 -0.000163 
0.002318 0.002034 -0.000290 23 5.525422 -0.000150 
0.002318 0.002034 -0.000190 24 5.525422 -0.000050


0.002345 0.002016 -0.000250 46 5.510894 -0.000109


0.002379 0.001992 -0.000129 57 5.492752 0.000011 
0.002371 0.001998 -0.000214 123 5.496997 -0.000074 
0.002318 0.002034 -0.000190 24 5.525422 -0.000050 
0.002318 0.002034 -0.000090 25 5.525422 0.000050 
0.002379 0.001992 -0.000129 57 5.492752 0.000011


0.002347 0.002015 -0.000156 47 5.510148 -0.000016


0.002430 0.001954 -0.000230 149 5.464427 -0.000090 
0.002371 0.001998 -0.000214 123 5.496997 -0.000074 
0.002379 0.001992 -0.000129 57 5.492752 0.000011 
0.002434 0.001951 -0.000164 43 5.462241 -0.000024 
0.002430 0.001954 -0.000230 149 5.464427 -0.000090


0.002403 0.001974 -0.000184 48 5.479104 -0.000044


0.002430 0.001954 -0.000230 149 5.464427 -0.000090 
0.002468 0.001924 -0.000250 124 5.442764 -0.000109 
0.002454 0.001936 -0.000295 82 5.451148 -0.000154 
0.002424 0.001959 -0.000293 148 5.467750 -0.000153 
0.002430 0.001954 -0.000230 149 5.464427 -0.000090


0.002444 0.001943 -0.000267 49 5.456522 -0.000127


0.002484 0.001912 -0.000205 87 5.433862 -0.000064 
0.002468 0.001924 -0.000250 124 5.442764 -0.000109 
0.002430 0.001954 -0.000230 149 5.464427 -0.000090 
0.002434 0.001951 -0.000164 43 5.462241 -0.000024 
0.002484 0.001912 -0.000205 87 5.433862 -0.000064


0.002454 0.001935 -0.000212 50 5.450824 -0.000072


0.002504 0.001895 -0.000289 155 5.422421 -0.000149 
0.002468 0.001924 -0.000250 124 5.442764 -0.000109 
0.002484 0.001912 -0.000205 87 5.433862 -0.000064 
0.002535 0.001869 -0.000248 153 5.404092 -0.000107 
0.002504 0.001895 -0.000289 155 5.422421 -0.000149


0.002498 0.001900 -0.000248 51 5.425785 -0.000107


0.003048 0.001229 0.000110 38 5.037616 0.000250 
0.003049 0.001227 0.000069 125 5.036665 0.000209 
0.003009 0.001299 0.000046 88 5.073535 0.000186 
0.002999 0.001316 0.000110 37 5.081962 0.000250 
0.003048 0.001229 0.000110 38 5.037616 0.000250


0.003027 0.001268 0.000083 52 5.057445 0.000224


0.003088 0.001152 0.000063 73 4.999348 0.000204 
0.003049 0.001227 0.000069 125 5.036665 0.000209 
0.003048 0.001229 0.000110 38 5.037616 0.000250 
0.003093 0.001140 0.000110 39 4.993270 0.000250 
0.003088 0.001152 0.000063 73 4.999348 0.000204


0.003070 0.001187 0.000088 53 5.016725 0.000228


0.003009 0.001299 0.000046 88 5.073535 0.000186 
0.003049 0.001227 0.000069 125 5.036665 0.000209 
0.003088 0.001152 0.000063 73 4.999348 0.000204 
0.003061 0.001204 -0.000003 44 5.025267 0.000137 
0.003009 0.001299 0.000046 88 5.073535 0.000186


0.003052 0.001221 0.000044 54 5.033703 0.000184


0.002950 0.001394 -0.000083 74 5.123085 0.000057 
0.002912 0.001451 -0.000115 129 5.153461 0.000026 
0.002900 0.001468 -0.000061 94 5.162725 0.000079 
0.002927 0.001429 -0.000057 64 5.141497 0.000084 
0.002950 0.001394 -0.000083 74 5.123085 0.000057


0.002923 0.001436 -0.000079 55 5.145192 0.000062


0.002942 0.001407 -0.000206 90 5.129566 -0.000065 
0.002912 0.001451 -0.000115 129 5.153461 0.000026 
0.002950 0.001394 -0.000083 74 5.123085 0.000057 
0.002995 0.001322 -0.000166 112 5.085368 -0.000026 
0.002942 0.001407 -0.000206 90 5.129566 -0.000065


0.002950 0.001394 -0.000142 56 5.122871 -0.000002


0.002448 0.001940 -0.000690 18 5.454218 -0.000550 
0.002461 0.001930 -0.000539 45 5.447155 -0.000399 
0.002593 0.001817 -0.000575 91 5.369784 -0.000434 
0.002571 0.001837 -0.000690 17 5.383013 -0.000550 
0.002448 0.001940 -0.000690 18 5.454218 -0.000550


0.002519 0.001882 -0.000624 57 5.413543 -0.000483


0.002545 0.001860 -0.000432 85 5.398369 -0.000292 
0.002617 0.001794 -0.000460 52 5.354809 -0.000320 
0.002593 0.001817 -0.000575 91 5.369784 -0.000434 
0.002461 0.001930 -0.000539 45 5.447155 -0.000399 
0.002545 0.001860 -0.000432 85 5.398369 -0.000292


0.002555 0.001852 -0.000502 58 5.392525 -0.000361


0.002484 0.001912 -0.000205 87 5.433862 -0.000064 
0.002516 0.001885 -0.000157 126 5.415308 -0.000016 
0.002560 0.001847 -0.000203 60 5.389615 -0.000062 
0.002535 0.001869 -0.000248 153 5.404092 -0.000107 
0.002484 0.001912 -0.000205 87 5.433862 -0.000064


0.002524 0.001878 -0.000203 59 5.410719 -0.000062


0.002487 0.001909 -0.000114 147 5.432331 0.000026 
0.002516 0.001885 -0.000157 126 5.415308 -0.000016 
0.002484 0.001912 -0.000205 87 5.433862 -0.000064 
0.002434 0.001951 -0.000164 43 5.462241 -0.000024 
0.002487 0.001909 -0.000114 147 5.432331 0.000026


0.002480 0.001915 -0.000160 60 5.435935 -0.000019


0.002560 0.001847 -0.000203 60 5.389615 -0.000062 
0.002516 0.001885 -0.000157 126 5.415308 -0.000016 
0.002573 0.001836 -0.000137 92 5.382022 0.000003 
0.002582 0.001827 -0.000168 120 5.376221 -0.000028 
0.002560 0.001847 -0.000203 60 5.389615 -0.000062


0.002558 0.001849 -0.000166 61 5.390791 -0.000026


0.003142 0.001033 -0.000517 10 4.940987 -0.000376 
0.003064 0.001199 -0.000492 127 5.022735 -0.000352 
0.003107 0.001111 -0.000364 93 4.979114 -0.000223 
0.003154 0.001002 -0.000343 9 4.926277 -0.000203 
0.003142 0.001033 -0.000517 10 4.940987 -0.000376


0.003118 0.001087 -0.000429 62 4.967274 -0.000288


0.003059 0.001208 -0.000690 12 5.026989 -0.000550 
0.003064 0.001199 -0.000492 127 5.022735 -0.000352 
0.003142 0.001033 -0.000517 10 4.940987 -0.000376 
0.003129 0.001063 -0.000690 11 4.955785 -0.000550 
0.003059 0.001208 -0.000690 12 5.026989 -0.000550


0.003100 0.001127 -0.000597 63 4.986624 -0.000457


0.003044 0.001236 -0.000442 109 5.041325 -0.000302 
0.003070 0.001188 -0.000352 46 5.017152 -0.000212 
0.003107 0.001111 -0.000364 93 4.979114 -0.000223 
0.003064 0.001199 -0.000492 127 5.022735 -0.000352 
0.003044 0.001236 -0.000442 109 5.041325 -0.000302


0.003072 0.001184 -0.000413 64 5.015083 -0.000272


0.003128 0.001065 -0.000128 158 4.956805 0.000012 
0.003098 0.001130 -0.000212 159 4.988216 -0.000071 
0.003067 0.001193 -0.000187 76 5.019760 -0.000047 
0.003088 0.001152 -0.000105 157 4.999360 0.000036 
0.003128 0.001065 -0.000128 158 4.956805 0.000012


0.003096 0.001136 -0.000158 65 4.991036 -0.000018


0.003160 0.000988 -0.000279 8 4.919648 -0.000139 
0.003119 0.001084 -0.000296 128 4.965849 -0.000155 
0.003134 0.001051 -0.000226 65 4.949787 -0.000085 
0.003167 0.000970 -0.000217 7 4.910779 -0.000076 
0.003160 0.000988 -0.000279 8 4.919648 -0.000139


0.003146 0.001023 -0.000254 66 4.936516 -0.000114


0.003084 0.001159 -0.000282 108 5.002650 -0.000142 
0.003050 0.001227 -0.000262 156 5.036378 -0.000121 
0.003067 0.001193 -0.000187 76 5.019760 -0.000047 
0.003098 0.001130 -0.000212 159 4.988216 -0.000071 
0.003084 0.001159 -0.000282 108 5.002650 -0.000142


0.003075 0.001177 -0.000236 67 5.011751 -0.000095


0.002872 0.001507 -0.000145 79 5.183936 -0.000005 
0.002912 0.001451 -0.000115 129 5.153461 0.000026 
0.002942 0.001407 -0.000206 90 5.129566 -0.000065 
0.002888 0.001484 -0.000225 47 5.171576 -0.000084 
0.002872 0.001507 -0.000145 79 5.183936 -0.000005


0.002904 0.001462 -0.000173 68 5.159635 -0.000032


0.002900 0.001468 -0.000061 94 5.162725 0.000079 
0.002912 0.001451 -0.000115 129 5.153461 0.000026 
0.002872 0.001507 -0.000145 79 5.183936 -0.000005 
0.002844 0.001544 -0.000064 154 5.204533 0.000077 
0.002900 0.001468 -0.000061 94 5.162725 0.000079


0.002882 0.001493 -0.000096 69 5.176164 0.000044


0.002942 0.001407 -0.000206 90 5.129566 -0.000065 
0.002995 0.001322 -0.000166 112 5.085368 -0.000026 
0.002994 0.001324 -0.000251 89 5.086043 -0.000110 
0.002951 0.001393 -0.000277 144 5.122135 -0.000136 
0.002942 0.001407 -0.000206 90 5.129566 -0.000065


0.002971 0.001362 -0.000225 70 5.105778 -0.000084


0.002795 0.001604 -0.000567 84 5.239249 -0.000427 
0.002893 0.001478 -0.000556 118 5.168397 -0.000415 
0.002891 0.001480 -0.000690 14 5.169399 -0.000550 
0.002793 0.001607 -0.000690 15 5.240604 -0.000550 
0.002795 0.001604 -0.000567 84 5.239249 -0.000427


0.002844 0.001543 -0.000626 71 5.204412 -0.000486


0.002710 0.001701 -0.000457 95 5.296363 -0.000316 
0.002695 0.001717 -0.000570 122 5.306307 -0.000430 
0.002593 0.001817 -0.000575 91 5.369784 -0.000434 
0.002617 0.001794 -0.000460 52 5.354809 -0.000320 
0.002710 0.001701 -0.000457 95 5.296363 -0.000316


0.002654 0.001758 -0.000515 72 5.331816 -0.000375


0.002795 0.001604 -0.000567 84 5.239249 -0.000427 
0.002695 0.001717 -0.000570 122 5.306307 -0.000430 
0.002710 0.001701 -0.000457 95 5.296363 -0.000316 
0.002797 0.001602 -0.000453 51 5.237924 -0.000312 
0.002795 0.001604 -0.000567 84 5.239249 -0.000427


0.002750 0.001657 -0.000512 73 5.269961 -0.000371


0.002782 0.001620 0.000047 97 5.248186 0.000188 
0.002716 0.001694 0.000044 131 5.292394 0.000185 
0.002699 0.001713 0.000110 32 5.303692 0.000250 
0.002766 0.001639 0.000110 33 5.259346 0.000250 
0.002782 0.001620 0.000047 97 5.248186 0.000188


0.002741 0.001667 0.000078 74 5.275905 0.000218


0.002733 0.001675 -0.000023 77 5.281022 0.000117 
0.002716 0.001694 0.000044 131 5.292394 0.000185 
0.002782 0.001620 0.000047 97 5.248186 0.000188 
0.002791 0.001609 -0.000016 130 5.242106 0.000125 
0.002733 0.001675 -0.000023 77 5.281022 0.000117


0.002756 0.001650 0.000013 75 5.265927 0.000154


0.002699 0.001713 0.000110 32 5.303692 0.000250 
0.002716 0.001694 0.000044 131 5.292394 0.000185 
0.002649 0.001764 0.000039 96 5.335526 0.000179 
0.002628 0.001784 0.000110 31 5.348038 0.000250 
0.002699 0.001713 0.000110 32 5.303692 0.000250


0.002673 0.001739 0.000076 76 5.319913 0.000216


0.002577 0.001832 -0.000344 98 5.379225 -0.000203 
0.002570 0.001838 -0.000379 132 5.383511 -0.000239 
0.002520 0.001882 -0.000352 83 5.413006 -0.000211 
0.002550 0.001856 -0.000318 49 5.395205 -0.000178 
0.002577 0.001832 -0.000344 98 5.379225 -0.000203


0.002555 0.001852 -0.000348 77 5.392737 -0.000208


0.002570 0.001838 -0.000379 132 5.383511 -0.000239 
0.002637 0.001776 -0.000379 105 5.342999 -0.000239 
0.002617 0.001794 -0.000460 52 5.354809 -0.000320 
0.002545 0.001860 -0.000432 85 5.398369 -0.000292 
0.002570 0.001838 -0.000379 132 5.383511 -0.000239


0.002593 0.001817 -0.000413 78 5.369922 -0.000272


0.002520 0.001882 -0.000352 83 5.413006 -0.000211 
0.002570 0.001838 -0.000379 132 5.383511 -0.000239 
0.002545 0.001860 -0.000432 85 5.398369 -0.000292 
0.002486 0.001910 -0.000392 150 5.432761 -0.000252 
0.002520 0.001882 -0.000352 83 5.413006 -0.000211


0.002530 0.001873 -0.000389 79 5.406912 -0.000248


0.002593 0.001817 -0.000575 91 5.369784 -0.000434 
0.002695 0.001717 -0.000570 122 5.306307 -0.000430 
0.002686 0.001726 -0.000690 16 5.311808 -0.000550 
0.002571 0.001837 -0.000690 17 5.383013 -0.000550 
0.002593 0.001817 -0.000575 91 5.369784 -0.000434


0.002637 0.001775 -0.000631 80 5.342728 -0.000491


0.002510 0.001890 0.000015 99 5.419024 0.000155 
0.002423 0.001959 -0.000030 56 5.468285 0.000110 
0.002400 0.001977 0.000110 28 5.481076 0.000250 
0.002479 0.001916 0.000110 29 5.436730 0.000250 
0.002510 0.001890 0.000015 99 5.419024 0.000155


0.002453 0.001936 0.000051 81 5.451279 0.000191


0.002573 0.001836 -0.000137 92 5.382022 0.000003 
0.002627 0.001785 -0.000115 54 5.348975 0.000025 
0.002614 0.001798 -0.000166 61 5.357025 -0.000025 
0.002582 0.001827 -0.000168 120 5.376221 -0.000028 
0.002573 0.001836 -0.000137 92 5.382022 0.000003


0.002599 0.001812 -0.000147 82 5.366061 -0.000006


0.002510 0.001890 0.000015 99 5.419024 0.000155 
0.002543 0.001862 -0.000078 133 5.399262 0.000063 
0.002487 0.001909 -0.000114 147 5.432331 0.000026 
0.002423 0.001959 -0.000030 56 5.468285 0.000110 
0.002510 0.001890 0.000015 99 5.419024 0.000155


0.002491 0.001906 -0.000052 83 5.429724 0.000089


0.002953 0.001390 0.000046 141 5.120875 0.000186 
0.002937 0.001414 -0.000006 101 5.133510 0.000134 
0.002894 0.001476 -0.000006 134 5.166931 0.000134 
0.002892 0.001479 0.000048 100 5.168564 0.000188 
0.002953 0.001390 0.000046 141 5.120875 0.000186


0.002920 0.001440 0.000020 84 5.147470 0.000161


0.002900 0.001468 -0.000061 94 5.162725 0.000079 
0.002894 0.001476 -0.000006 134 5.166931 0.000134 
0.002937 0.001414 -0.000006 101 5.133510 0.000134 
0.002927 0.001429 -0.000057 64 5.141497 0.000084 
0.002900 0.001468 -0.000061 94 5.162725 0.000079


0.002915 0.001447 -0.000033 85 5.151166 0.000108


0.002840 0.001549 -0.000007 145 5.207571 0.000134 
0.002894 0.001476 -0.000006 134 5.166931 0.000134 
0.002900 0.001468 -0.000061 94 5.162725 0.000079 
0.002844 0.001544 -0.000064 154 5.204533 0.000077 
0.002840 0.001549 -0.000007 145 5.207571 0.000134


0.002870 0.001509 -0.000035 86 5.185440 0.000106


0.002829 0.001562 0.000110 34 5.215000 0.000250 
0.002836 0.001554 0.000050 135 5.210458 0.000190 
0.002782 0.001620 0.000047 97 5.248186 0.000188 
0.002766 0.001639 0.000110 33 5.259346 0.000250 
0.002829 0.001562 0.000110 34 5.215000 0.000250


0.002804 0.001594 0.000079 87 5.233248 0.000220


0.002892 0.001479 0.000048 100 5.168564 0.000188 
0.002836 0.001554 0.000050 135 5.210458 0.000190 
0.002829 0.001562 0.000110 34 5.215000 0.000250 
0.002890 0.001483 0.000110 35 5.170654 0.000250 
0.002892 0.001479 0.000048 100 5.168564 0.000188


0.002862 0.001520 0.000079 88 5.191169 0.000220


0.002782 0.001620 0.000047 97 5.248186 0.000188 
0.002836 0.001554 0.000050 135 5.210458 0.000190 
0.002840 0.001549 -0.000007 145 5.207571 0.000134 
0.002791 0.001609 -0.000016 130 5.242106 0.000125 
0.002782 0.001620 0.000047 97 5.248186 0.000188


0.002812 0.001583 0.000019 89 5.227080 0.000159


0.002894 0.001476 -0.000421 72 5.167262 -0.000280 
0.002847 0.001539 -0.000330 137 5.202156 -0.000190 
0.002906 0.001460 -0.000304 103 5.158081 -0.000163 
0.002943 0.001406 -0.000343 136 5.129115 -0.000203 
0.002894 0.001476 -0.000421 72 5.167262 -0.000280


0.002898 0.001471 -0.000349 90 5.164153 -0.000209


0.002962 0.001377 -0.000315 102 5.113801 -0.000174 
0.002943 0.001406 -0.000343 136 5.129115 -0.000203 
0.002906 0.001460 -0.000304 103 5.158081 -0.000163 
0.002951 0.001393 -0.000277 144 5.122135 -0.000136 
0.002962 0.001377 -0.000315 102 5.113801 -0.000174


0.002941 0.001409 -0.000309 91 5.130783 -0.000169


0.002980 0.001347 -0.000368 71 5.098063 -0.000228 
0.002980 0.001347 -0.000458 70 5.098154 -0.000318 
0.002894 0.001476 -0.000421 72 5.167262 -0.000280 
0.002943 0.001406 -0.000343 136 5.129115 -0.000203 
0.002980 0.001347 -0.000368 71 5.098063 -0.000228


0.002950 0.001394 -0.000397 92 5.123146 -0.000257


0.002831 0.001560 -0.000244 80 5.213570 -0.000104 
0.002847 0.001539 -0.000330 137 5.202156 -0.000190 
0.002785 0.001616 -0.000356 104 5.246240 -0.000215 
0.002774 0.001629 -0.000261 151 5.253416 -0.000121 
0.002831 0.001560 -0.000244 80 5.213570 -0.000104


0.002810 0.001586 -0.000298 93 5.228846 -0.000157


0.002906 0.001460 -0.000304 103 5.158081 -0.000163 
0.002847 0.001539 -0.000330 137 5.202156 -0.000190 
0.002831 0.001560 -0.000244 80 5.213570 -0.000104 
0.002888 0.001484 -0.000225 47 5.171576 -0.000084 
0.002906 0.001460 -0.000304 103 5.158081 -0.000163


0.002869 0.001511 -0.000276 94 5.186346 -0.000135


0.002894 0.001476 -0.000421 72 5.167262 -0.000280 
0.002797 0.001602 -0.000453 51 5.237924 -0.000312 
0.002785 0.001616 -0.000356 104 5.246240 -0.000215 
0.002847 0.001539 -0.000330 137 5.202156 -0.000190 
0.002894 0.001476 -0.000421 72 5.167262 -0.000280


0.002832 0.001559 -0.000390 95 5.213398 -0.000249


0.002785 0.001616 -0.000356 104 5.246240 -0.000215 
0.002694 0.001718 -0.000370 138 5.306724 -0.000230 
0.002669 0.001744 -0.000274 152 5.322859 -0.000134 
0.002774 0.001629 -0.000261 151 5.253416 -0.000121 
0.002785 0.001616 -0.000356 104 5.246240 -0.000215


0.002731 0.001678 -0.000315 96 5.282309 -0.000175


0.002710 0.001701 -0.000457 95 5.296363 -0.000316 
0.002694 0.001718 -0.000370 138 5.306724 -0.000230 
0.002785 0.001616 -0.000356 104 5.246240 -0.000215 
0.002797 0.001602 -0.000453 51 5.237924 -0.000312 
0.002710 0.001701 -0.000457 95 5.296363 -0.000316


0.002747 0.001660 -0.000409 97 5.271813 -0.000268


0.002637 0.001776 -0.000379 105 5.342999 -0.000239 
0.002694 0.001718 -0.000370 138 5.306724 -0.000230 
0.002710 0.001701 -0.000457 95 5.296363 -0.000316 
0.002617 0.001794 -0.000460 52 5.354809 -0.000320 
0.002637 0.001776 -0.000379 105 5.342999 -0.000239


0.002665 0.001748 -0.000417 98 5.325223 -0.000276


0.002586 0.001823 -0.000274 62 5.373874 -0.000133 
0.002634 0.001778 -0.000314 139 5.344548 -0.000174 
0.002577 0.001832 -0.000344 98 5.379225 -0.000203 
0.002550 0.001856 -0.000318 49 5.395205 -0.000178 
0.002586 0.001823 -0.000274 62 5.373874 -0.000133


0.002587 0.001822 -0.000313 99 5.373214 -0.000172


0.002669 0.001744 -0.000274 152 5.322859 -0.000134 
0.002601 0.001810 -0.000216 111 5.365020 -0.000076 
0.002614 0.001798 -0.000166 61 5.357025 -0.000025 
0.002693 0.001718 -0.000169 48 5.307155 -0.000029 
0.002669 0.001744 -0.000274 152 5.322859 -0.000134


0.002645 0.001768 -0.000206 100 5.338015 -0.000066


0.002570 0.001838 -0.000379 132 5.383511 -0.000239 
0.002577 0.001832 -0.000344 98 5.379225 -0.000203 
0.002634 0.001778 -0.000314 139 5.344548 -0.000174 
0.002637 0.001776 -0.000379 105 5.342999 -0.000239 
0.002570 0.001838 -0.000379 132 5.383511 -0.000239


0.002605 0.001806 -0.000354 101 5.362571 -0.000214


0.003009 0.001299 0.000046 88 5.073535 0.000186 
0.002953 0.001390 0.000046 141 5.120875 0.000186 
0.002946 0.001400 0.000110 36 5.126308 0.000250 
0.002999 0.001316 0.000110 37 5.081962 0.000250 
0.003009 0.001299 0.000046 88 5.073535 0.000186


0.002977 0.001352 0.000078 102 5.100670 0.000218


0.003030 0.001263 -0.000080 75 5.054674 0.000061 
0.002982 0.001345 -0.000026 53 5.096889 0.000114 
0.003009 0.001299 0.000046 88 5.073535 0.000186 
0.003061 0.001204 -0.000003 44 5.025267 0.000137 
0.003030 0.001263 -0.000080 75 5.054674 0.000061


0.003021 0.001278 -0.000016 103 5.062592 0.000125


0.002799 0.001599 -0.000078 140 5.236332 0.000062 
0.002749 0.001658 -0.000098 50 5.270723 0.000042 
0.002733 0.001675 -0.000023 77 5.281022 0.000117 
0.002791 0.001609 -0.000016 130 5.242106 0.000125 
0.002799 0.001599 -0.000078 140 5.236332 0.000062


0.002768 0.001636 -0.000054 104 5.257546 0.000087


0.002953 0.001390 0.000046 141 5.120875 0.000186 
0.002892 0.001479 0.000048 100 5.168564 0.000188 
0.002890 0.001483 0.000110 35 5.170654 0.000250 
0.002946 0.001400 0.000110 36 5.126308 0.000250 
0.002953 0.001390 0.000046 141 5.120875 0.000186


0.002921 0.001438 0.000078 105 5.146600 0.000219


0.003009 0.001299 0.000046 88 5.073535 0.000186 
0.002982 0.001345 -0.000026 53 5.096889 0.000114 
0.002937 0.001414 -0.000006 101 5.133510 0.000134 
0.002953 0.001390 0.000046 141 5.120875 0.000186 
0.003009 0.001299 0.000046 88 5.073535 0.000186


0.002971 0.001362 0.000015 106 5.106203 0.000155


0.002649 0.001764 0.000039 96 5.335526 0.000179 
0.002581 0.001829 0.000025 143 5.377214 0.000165 
0.002555 0.001851 0.000110 30 5.392384 0.000250 
0.002628 0.001784 0.000110 31 5.348038 0.000250 
0.002649 0.001764 0.000039 96 5.335526 0.000179


0.002604 0.001807 0.000071 107 5.363291 0.000211


0.002686 0.001727 -0.000104 81 5.312142 0.000036 
0.002670 0.001742 -0.000035 142 5.321911 0.000106 
0.002733 0.001675 -0.000023 77 5.281022 0.000117 
0.002749 0.001658 -0.000098 50 5.270723 0.000042 
0.002686 0.001727 -0.000104 81 5.312142 0.000036


0.002710 0.001701 -0.000065 108 5.296450 0.000075


0.002599 0.001812 -0.000042 106 5.366070 0.000098 
0.002670 0.001742 -0.000035 142 5.321911 0.000106 
0.002686 0.001727 -0.000104 81 5.312142 0.000036 
0.002627 0.001785 -0.000115 54 5.348975 0.000025 
0.002599 0.001812 -0.000042 106 5.366070 0.000098


0.002646 0.001767 -0.000074 109 5.337274 0.000066


0.002555 0.001851 0.000110 30 5.392384 0.000250 
0.002581 0.001829 0.000025 143 5.377214 0.000165 
0.002510 0.001890 0.000015 99 5.419024 0.000155 
0.002479 0.001916 0.000110 29 5.436730 0.000250 
0.002555 0.001851 0.000110 30 5.392384 0.000250


0.002531 0.001872 0.000065 110 5.406338 0.000205


0.002649 0.001764 0.000039 96 5.335526 0.000179 
0.002670 0.001742 -0.000035 142 5.321911 0.000106 
0.002599 0.001812 -0.000042 106 5.366070 0.000098 
0.002581 0.001829 0.000025 143 5.377214 0.000165 
0.002649 0.001764 0.000039 96 5.335526 0.000179


0.002625 0.001787 -0.000003 111 5.350180 0.000137


0.002998 0.001318 -0.000325 146 5.083329 -0.000185 
0.003032 0.001260 -0.000339 107 5.053121 -0.000198 
0.003017 0.001286 -0.000391 55 5.066649 -0.000250 
0.002980 0.001347 -0.000368 71 5.098063 -0.000228 
0.002998 0.001318 -0.000325 146 5.083329 -0.000185


0.003007 0.001303 -0.000356 112 5.075291 -0.000215


0.003032 0.001260 -0.000339 107 5.053121 -0.000198 
0.003070 0.001188 -0.000352 46 5.017152 -0.000212 
0.003044 0.001236 -0.000442 109 5.041325 -0.000302 
0.003017 0.001286 -0.000391 55 5.066649 -0.000250 
0.003032 0.001260 -0.000339 107 5.053121 -0.000198


0.003041 0.001243 -0.000381 113 5.044563 -0.000241


0.003084 0.001159 -0.000282 108 5.002650 -0.000142 
0.003070 0.001188 -0.000352 46 5.017152 -0.000212 
0.003032 0.001260 -0.000339 107 5.053121 -0.000198 
0.003050 0.001227 -0.000262 156 5.036378 -0.000121 
0.003084 0.001159 -0.000282 108 5.002650 -0.000142


0.003059 0.001209 -0.000309 114 5.027325 -0.000168


0.002906 0.001460 -0.000304 103 5.158081 -0.000163 
0.002888 0.001484 -0.000225 47 5.171576 -0.000084 
0.002942 0.001407 -0.000206 90 5.129566 -0.000065 
0.002951 0.001393 -0.000277 144 5.122135 -0.000136 
0.002906 0.001460 -0.000304 103 5.158081 -0.000163


0.002922 0.001436 -0.000253 115 5.145339 -0.000112


0.003119 0.001084 -0.000296 128 4.965849 -0.000155 
0.003160 0.000988 -0.000279 8 4.919648 -0.000139 
0.003154 0.001002 -0.000343 9 4.926277 -0.000203 
0.003107 0.001111 -0.000364 93 4.979114 -0.000223 
0.003119 0.001084 -0.000296 128 4.965849 -0.000155


0.003136 0.001047 -0.000320 116 4.947722 -0.000180


0.003030 0.001263 -0.000080 75 5.054674 0.000061 
0.003061 0.001204 -0.000003 44 5.025267 0.000137 
0.003114 0.001096 -0.000020 68 4.971866 0.000120 
0.003088 0.001152 -0.000105 157 4.999360 0.000036 
0.003030 0.001263 -0.000080 75 5.054674 0.000061


0.003074 0.001179 -0.000052 117 5.012791 0.000088


0.003044 0.001236 -0.000442 109 5.041325 -0.000302 
0.003064 0.001199 -0.000492 127 5.022735 -0.000352 
0.002977 0.001351 -0.000574 69 5.100477 -0.000434 
0.002980 0.001347 -0.000458 70 5.098154 -0.000318 
0.003044 0.001236 -0.000442 109 5.041325 -0.000302


0.003018 0.001284 -0.000492 118 5.065674 -0.000351


0.002836 0.001554 0.000050 135 5.210458 0.000190 
0.002892 0.001479 0.000048 100 5.168564 0.000188 
0.002894 0.001476 -0.000006 134 5.166931 0.000134 
0.002840 0.001549 -0.000007 145 5.207571 0.000134 
0.002836 0.001554 0.000050 135 5.210458 0.000190


0.002866 0.001515 0.000021 119 5.188381 0.000162


0.003044 0.001236 -0.000442 109 5.041325 -0.000302 
0.002980 0.001347 -0.000458 70 5.098154 -0.000318 
0.002980 0.001347 -0.000368 71 5.098063 -0.000228 
0.003017 0.001286 -0.000391 55 5.066649 -0.000250 
0.003044 0.001236 -0.000442 109 5.041325 -0.000302


0.003006 0.001304 -0.000415 120 5.076049 -0.000274


0.002994 0.001324 -0.000251 89 5.086043 -0.000110 
0.002998 0.001318 -0.000325 146 5.083329 -0.000185 
0.002962 0.001377 -0.000315 102 5.113801 -0.000174 
0.002951 0.001393 -0.000277 144 5.122135 -0.000136 
0.002994 0.001324 -0.000251 89 5.086043 -0.000110


0.002976 0.001353 -0.000292 121 5.101327 -0.000151


0.003032 0.001260 -0.000339 107 5.053121 -0.000198 
0.002998 0.001318 -0.000325 146 5.083329 -0.000185 
0.002994 0.001324 -0.000251 89 5.086043 -0.000110 
0.003050 0.001227 -0.000262 156 5.036378 -0.000121 
0.003032 0.001260 -0.000339 107 5.053121 -0.000198


0.003019 0.001282 -0.000294 122 5.064718 -0.000154


0.002980 0.001347 -0.000368 71 5.098063 -0.000228 
0.002943 0.001406 -0.000343 136 5.129115 -0.000203 
0.002962 0.001377 -0.000315 102 5.113801 -0.000174 
0.002998 0.001318 -0.000325 146 5.083329 -0.000185 
0.002980 0.001347 -0.000368 71 5.098063 -0.000228


0.002971 0.001362 -0.000338 123 5.106077 -0.000197


0.002543 0.001862 -0.000078 133 5.399262 0.000063 
0.002573 0.001836 -0.000137 92 5.382022 0.000003 
0.002516 0.001885 -0.000157 126 5.415308 -0.000016 
0.002487 0.001909 -0.000114 147 5.432331 0.000026 
0.002543 0.001862 -0.000078 133 5.399262 0.000063


0.002530 0.001873 -0.000121 124 5.407231 0.000019


0.002543 0.001862 -0.000078 133 5.399262 0.000063 
0.002510 0.001890 0.000015 99 5.419024 0.000155 
0.002581 0.001829 0.000025 143 5.377214 0.000165 
0.002599 0.001812 -0.000042 106 5.366070 0.000098 
0.002543 0.001862 -0.000078 133 5.399262 0.000063


0.002558 0.001848 -0.000020 125 5.390392 0.000120


0.002373 0.001996 -0.000303 86 5.495733 -0.000163 
0.002381 0.001991 -0.000377 110 5.491685 -0.000236 
0.002318 0.002034 -0.000390 22 5.525422 -0.000250 
0.002318 0.002034 -0.000290 23 5.525422 -0.000150 
0.002373 0.001996 -0.000303 86 5.495733 -0.000163


0.002348 0.002014 -0.000340 126 5.509566 -0.000200


0.002424 0.001959 -0.000293 148 5.467750 -0.000153 
0.002373 0.001996 -0.000303 86 5.495733 -0.000163 
0.002371 0.001998 -0.000214 123 5.496997 -0.000074 
0.002430 0.001954 -0.000230 149 5.464427 -0.000090 
0.002424 0.001959 -0.000293 148 5.467750 -0.000153


0.002400 0.001977 -0.000260 127 5.481227 -0.000120


0.002545 0.001860 -0.000432 85 5.398369 -0.000292 
0.002461 0.001930 -0.000539 45 5.447155 -0.000399 
0.002422 0.001960 -0.000457 59 5.468785 -0.000317 
0.002486 0.001910 -0.000392 150 5.432761 -0.000252 
0.002545 0.001860 -0.000432 85 5.398369 -0.000292


0.002479 0.001916 -0.000455 128 5.436769 -0.000315


0.002669 0.001744 -0.000274 152 5.322859 -0.000134 
0.002693 0.001718 -0.000169 48 5.307155 -0.000029 
0.002761 0.001644 -0.000174 78 5.262609 -0.000034 
0.002774 0.001629 -0.000261 151 5.253416 -0.000121 
0.002669 0.001744 -0.000274 152 5.322859 -0.000134


0.002725 0.001685 -0.000220 129 5.286510 -0.000079


0.002694 0.001718 -0.000370 138 5.306724 -0.000230 
0.002637 0.001776 -0.000379 105 5.342999 -0.000239 
0.002634 0.001778 -0.000314 139 5.344548 -0.000174 
0.002669 0.001744 -0.000274 152 5.322859 -0.000134 
0.002694 0.001718 -0.000370 138 5.306724 -0.000230


0.002659 0.001754 -0.000335 130 5.329283 -0.000194


0.002586 0.001823 -0.000274 62 5.373874 -0.000133 
0.002550 0.001856 -0.000318 49 5.395205 -0.000178 
0.002504 0.001895 -0.000289 155 5.422421 -0.000149 
0.002535 0.001869 -0.000248 153 5.404092 -0.000107 
0.002586 0.001823 -0.000274 62 5.373874 -0.000133


0.002544 0.001861 -0.000282 131 5.398898 -0.000142


0.002761 0.001644 -0.000174 78 5.262609 -0.000034 
0.002693 0.001718 -0.000169 48 5.307155 -0.000029 
0.002686 0.001727 -0.000104 81 5.312142 0.000036 
0.002749 0.001658 -0.000098 50 5.270723 0.000042 
0.002761 0.001644 -0.000174 78 5.262609 -0.000034


0.002723 0.001687 -0.000136 132 5.288157 0.000004


0.002469 0.001924 -0.000324 121 5.442460 -0.000184 
0.002454 0.001936 -0.000295 82 5.451148 -0.000154 
0.002468 0.001924 -0.000250 124 5.442764 -0.000109 
0.002504 0.001895 -0.000289 155 5.422421 -0.000149 
0.002469 0.001924 -0.000324 121 5.442460 -0.000184


0.002474 0.001920 -0.000290 133 5.439699 -0.000149


0.002994 0.001324 -0.000251 89 5.086043 -0.000110 
0.002995 0.001322 -0.000166 112 5.085368 -0.000026 
0.003067 0.001193 -0.000187 76 5.019760 -0.000047 
0.003050 0.001227 -0.000262 156 5.036378 -0.000121 
0.002994 0.001324 -0.000251 89 5.086043 -0.000110


0.003027 0.001267 -0.000217 134 5.056888 -0.000076


0.003152 0.001009 -0.000043 116 4.929352 0.000098 
0.003186 0.000917 -0.000004 66 4.885762 0.000137 
0.003183 0.000926 -0.000040 114 4.889987 0.000100 
0.003163 0.000981 -0.000094 63 4.915950 0.000047 
0.003152 0.001009 -0.000043 116 4.929352 0.000098


0.003171 0.000958 -0.000045 135 4.905263 0.000096


0.003148 0.001017 -0.000156 113 4.933474 -0.000016 
0.003134 0.001051 -0.000226 65 4.949787 -0.000085 
0.003098 0.001130 -0.000212 159 4.988216 -0.000071 
0.003128 0.001065 -0.000128 158 4.956805 0.000012 
0.003148 0.001017 -0.000156 113 4.933474 -0.000016


0.003127 0.001066 -0.000180 136 4.957070 -0.000040


0.003134 0.001051 -0.000226 65 4.949787 -0.000085 
0.003119 0.001084 -0.000296 128 4.965849 -0.000155 
0.003084 0.001159 -0.000282 108 5.002650 -0.000142 
0.003098 0.001130 -0.000212 159 4.988216 -0.000071 
0.003134 0.001051 -0.000226 65 4.949787 -0.000085


0.003109 0.001106 -0.000254 137 4.976626 -0.000113


