65 48
0.000324 0.001750 0.000610 
0.000393 0.001630 0.000610 
0.000462 0.001510 0.000610 
0.000531 0.001391 0.000610 
0.000600 0.001271 0.000610 
0.000713 0.001312 0.000610 
0.000828 0.001341 0.000610 
0.000947 0.001359 0.000610 
0.001066 0.001365 0.000610 
0.001185 0.001359 0.000610 
0.001303 0.001341 0.000610 
0.001419 0.001312 0.000610 
0.001531 0.001271 0.000610 
0.001600 0.001391 0.000610 
0.001669 0.001510 0.000610 
0.001739 0.001630 0.000610 
0.001808 0.001750 0.000610 
0.001720 0.001788 0.000610 
0.001630 0.001821 0.000610 
0.001539 0.001850 0.000610 
0.001446 0.001873 0.000610 
0.001352 0.001891 0.000610 
0.001257 0.001904 0.000610 
0.001162 0.001912 0.000610 
0.001066 0.001915 0.000610 
0.000970 0.001912 0.000610 
0.000875 0.001904 0.000610 
0.000780 0.001891 0.000610 
0.000686 0.001873 0.000610 
0.000593 0.001850 0.000610 
0.000502 0.001821 0.000610 
0.000412 0.001788 0.000610 
0.001444 0.001721 0.000610 
0.000935 0.001667 0.000610 
0.001462 0.001572 0.000610 
0.000767 0.001820 0.000610 
0.001340 0.001744 0.000610 
0.001239 0.001617 0.000610 
0.000869 0.001873 0.000610 
0.001354 0.001596 0.000610 
0.000981 0.001870 0.000610 
0.001152 0.001491 0.000610 
0.000897 0.001774 0.000610 
0.000608 0.001776 0.000610 
0.001566 0.001543 0.000610 
0.001382 0.001456 0.000610 
0.001545 0.001694 0.000610 
0.001108 0.001637 0.000610 
0.000879 0.001835 0.000610 
0.001642 0.001664 0.000610 
0.000669 0.001620 0.000610 
0.000670 0.001825 0.000610 
0.001269 0.001478 0.000610 
0.000691 0.001466 0.000610 
0.000783 0.001860 0.000610 
0.001493 0.001427 0.000610 
0.001229 0.001767 0.000610 
0.000520 0.001704 0.000610 
0.001027 0.001498 0.000610 
0.000940 0.001885 0.000610 
0.001039 0.001838 0.000610 
0.001115 0.001794 0.000610 
0.000881 0.001504 0.000610 
0.000735 0.001748 0.000610 
0.000713 0.001853 0.000610 

2 58 32 1
51 58 2 3
18 50 16 17
16 50 45 15
65 55 28 29
37 33 20 21
62 34 48 57
55 65 52 36
36 64 43 49
28 55 39 27
39 60 26 27
60 41 25 26
10 53 42 9
38 42 53 40
62 57 22 23
46 56 45 35
22 57 37 21
54 51 3 4
63 54 6 7
54 4 5 6
53 46 35 40
45 56 14 15
14 56 12 13
12 56 46 11
20 33 47 19
44 58 51 64
37 38 40 33
36 52 44 64
47 50 18 19
33 40 35 47
58 44 31 32
34 43 64 51
30 52 65 29
44 52 30 31
38 48 59 42
24 61 62 23
41 61 24 25
57 48 38 37
46 53 10 11
39 49 41 60
63 59 48 34
42 59 8 9
59 63 7 8
47 35 45 50
63 34 51 54
41 49 43 61
39 55 36 49
34 62 61 43
32
0.000412 0.001788 0.000610
0.000324 0.001750 0.000610
0.000324 0.001750 0.000610
0.000393 0.001630 0.000610
0.000393 0.001630 0.000610
0.000462 0.001510 0.000610
0.001739 0.001630 0.000610
0.001808 0.001750 0.000610
0.001808 0.001750 0.000610
0.001720 0.001788 0.000610
0.001669 0.001510 0.000610
0.001739 0.001630 0.000610
0.000780 0.001891 0.000610
0.000686 0.001873 0.000610
0.001539 0.001850 0.000610
0.001446 0.001873 0.000610
0.000875 0.001904 0.000610
0.000780 0.001891 0.000610
0.000970 0.001912 0.000610
0.000875 0.001904 0.000610
0.001066 0.001915 0.000610
0.000970 0.001912 0.000610
0.001066 0.001365 0.000610
0.001185 0.001359 0.000610
0.001352 0.001891 0.000610
0.001257 0.001904 0.000610
0.001446 0.001873 0.000610
0.001352 0.001891 0.000610
0.000462 0.001510 0.000610
0.000531 0.001391 0.000610
0.000713 0.001312 0.000610
0.000828 0.001341 0.000610
0.000531 0.001391 0.000610
0.000600 0.001271 0.000610
0.000600 0.001271 0.000610
0.000713 0.001312 0.000610
0.001600 0.001391 0.000610
0.001669 0.001510 0.000610
0.001419 0.001312 0.000610
0.001531 0.001271 0.000610
0.001531 0.001271 0.000610
0.001600 0.001391 0.000610
0.001303 0.001341 0.000610
0.001419 0.001312 0.000610
0.001630 0.001821 0.000610
0.001539 0.001850 0.000610
0.001720 0.001788 0.000610
0.001630 0.001821 0.000610
0.000502 0.001821 0.000610
0.000412 0.001788 0.000610
0.000686 0.001873 0.000610
0.000593 0.001850 0.000610
0.000593 0.001850 0.000610
0.000502 0.001821 0.000610
0.001257 0.001904 0.000610
0.001162 0.001912 0.000610
0.001162 0.001912 0.000610
0.001066 0.001915 0.000610
0.001185 0.001359 0.000610
0.001303 0.001341 0.000610
0.000947 0.001359 0.000610
0.001066 0.001365 0.000610
0.000828 0.001341 0.000610
0.000947 0.001359 0.000610
