750 693
0.003234 -0.000437 0.000110 
0.003247 -0.000376 0.000165 
0.003254 -0.000309 0.000215 
0.003257 -0.000238 0.000258 
0.003256 -0.000162 0.000294 
0.003254 -0.000083 0.000323 
0.003252 -0.000001 0.000343 
0.003250 0.000082 0.000355 
0.003249 0.000165 0.000360 
0.003250 0.000249 0.000355 
0.003252 0.000332 0.000343 
0.003254 0.000413 0.000323 
0.003256 0.000491 0.000294 
0.003257 0.000567 0.000258 
0.003254 0.000639 0.000215 
0.003247 0.000706 0.000165 
0.003234 0.000767 0.000110 
0.003205 0.000862 0.000110 
0.003172 0.000957 0.000110 
0.003135 0.001049 0.000110 
0.003093 0.001140 0.000110 
0.003048 0.001229 0.000110 
0.002999 0.001316 0.000110 
0.002946 0.001400 0.000110 
0.002890 0.001483 0.000110 
0.002829 0.001562 0.000110 
0.002766 0.001639 0.000110 
0.002699 0.001713 0.000110 
0.002628 0.001784 0.000110 
0.002555 0.001851 0.000110 
0.002479 0.001916 0.000110 
0.002400 0.001977 0.000110 
0.002318 0.002034 0.000110 
0.002317 0.002032 0.000159 
0.002313 0.002026 0.000207 
0.002307 0.002015 0.000255 
0.002299 0.002001 0.000301 
0.002289 0.001983 0.000345 
0.002276 0.001961 0.000387 
0.002261 0.001935 0.000427 
0.002245 0.001907 0.000463 
0.002227 0.001875 0.000496 
0.002207 0.001841 0.000525 
0.002186 0.001804 0.000551 
0.002164 0.001766 0.000571 
0.002141 0.001726 0.000588 
0.002117 0.001685 0.000600 
0.002092 0.001642 0.000607 
0.002068 0.001600 0.000610 
0.002152 0.001537 0.000610 
0.002232 0.001469 0.000610 
0.002309 0.001397 0.000610 
0.002380 0.001320 0.000610 
0.002447 0.001239 0.000610 
0.002509 0.001154 0.000610 
0.002566 0.001066 0.000610 
0.002618 0.000974 0.000610 
0.002663 0.000879 0.000610 
0.002703 0.000782 0.000610 
0.002737 0.000683 0.000610 
0.002766 0.000581 0.000610 
0.002787 0.000479 0.000610 
0.002803 0.000375 0.000610 
0.002813 0.000270 0.000610 
0.002816 0.000165 0.000610 
0.002813 0.000060 0.000610 
0.002803 -0.000045 0.000610 
0.002787 -0.000149 0.000610 
0.002766 -0.000252 0.000610 
0.002737 -0.000353 0.000610 
0.002703 -0.000453 0.000610 
0.002663 -0.000550 0.000610 
0.002618 -0.000644 0.000610 
0.002566 -0.000736 0.000610 
0.002509 -0.000825 0.000610 
0.002447 -0.000910 0.000610 
0.002380 -0.000991 0.000610 
0.002309 -0.001067 0.000610 
0.002232 -0.001140 0.000610 
0.002152 -0.001207 0.000610 
0.002068 -0.001270 0.000610 
0.002092 -0.001313 0.000607 
0.002116 -0.001355 0.000600 
0.002140 -0.001396 0.000588 
0.002163 -0.001436 0.000572 
0.002186 -0.001475 0.000551 
0.002207 -0.001511 0.000526 
0.002226 -0.001545 0.000496 
0.002245 -0.001577 0.000464 
0.002261 -0.001605 0.000427 
0.002276 -0.001631 0.000388 
0.002289 -0.001653 0.000346 
0.002299 -0.001671 0.000302 
0.002307 -0.001686 0.000256 
0.002313 -0.001696 0.000208 
0.002317 -0.001702 0.000159 
0.002318 -0.001704 0.000110 
0.002400 -0.001647 0.000110 
0.002479 -0.001586 0.000110 
0.002555 -0.001522 0.000110 
0.002628 -0.001454 0.000110 
0.002699 -0.001383 0.000110 
0.002766 -0.001309 0.000110 
0.002829 -0.001233 0.000110 
0.002890 -0.001153 0.000110 
0.002946 -0.001071 0.000110 
0.002999 -0.000986 0.000110 
0.003048 -0.000899 0.000110 
0.003093 -0.000811 0.000110 
0.003135 -0.000720 0.000110 
0.003172 -0.000627 0.000110 
0.003205 -0.000533 0.000110 
0.003173 0.000271 0.000457 
0.002466 0.001700 0.000487 
0.002584 0.001808 0.000221 
0.003120 -0.000526 0.000385 
0.002565 -0.001190 0.000530 
0.003058 0.000444 0.000536 
0.002687 0.001468 0.000485 
0.003079 0.000609 0.000501 
0.002405 -0.001350 0.000529 
0.002827 0.001258 0.000491 
0.003160 0.000767 0.000367 
0.002549 0.001476 0.000554 
0.002438 -0.001062 0.000601 
0.002611 0.001705 0.000362 
0.002863 -0.000217 0.000602 
0.002895 0.000785 0.000576 
0.003002 -0.000892 0.000316 
0.002832 -0.000898 0.000501 
0.002851 -0.000843 0.000510 
0.003181 -0.000416 0.000341 
0.002270 0.001750 0.000548 
0.002969 -0.000513 0.000530 
0.002735 0.001099 0.000582 
0.002831 -0.001048 0.000421 
0.002652 0.001362 0.000550 
0.002500 -0.001134 0.000574 
0.003002 0.000487 0.000562 
0.003197 -0.000469 0.000270 
0.002829 0.001552 0.000190 
0.003013 0.000575 0.000548 
0.002485 0.001463 0.000578 
0.002414 0.001603 0.000558 
0.003141 0.000211 0.000489 
0.003172 0.000792 0.000333 
0.003058 -0.000535 0.000455 
0.003137 0.000651 0.000438 
0.002560 0.001539 0.000524 
0.003136 0.000031 0.000490 
0.002755 -0.000881 0.000550 
0.002428 0.001640 0.000538 
0.003052 -0.000709 0.000381 
0.003194 0.000421 0.000418 
0.002752 0.001272 0.000532 
0.003045 0.000878 0.000463 
0.002548 -0.001407 0.000395 
0.002868 -0.000884 0.000481 
0.002929 0.000924 0.000536 
0.002914 0.001116 0.000487 
0.002531 -0.001165 0.000554 
0.002813 0.001459 0.000374 
0.002948 0.001219 0.000400 
0.002998 -0.000586 0.000492 
0.002992 -0.000696 0.000456 
0.002683 -0.001052 0.000528 
0.002841 0.001529 0.000215 
0.003089 0.000355 0.000522 
0.002676 -0.000877 0.000581 
0.003061 -0.000585 0.000433 
0.003110 0.000298 0.000511 
0.003209 0.000010 0.000412 
0.002850 0.001146 0.000520 
0.002787 0.001322 0.000490 
0.003026 0.001012 0.000428 
0.002950 0.001029 0.000492 
0.002538 0.001233 0.000605 
0.002572 -0.001479 0.000253 
0.003092 0.000766 0.000453 
0.003027 -0.000668 0.000434 
0.002808 -0.000686 0.000573 
0.002767 0.001193 0.000550 
0.002648 0.001462 0.000513 
0.002789 0.001298 0.000500 
0.002664 0.001613 0.000400 
0.003034 -0.000791 0.000350 
0.002992 0.000389 0.000572 
0.002946 -0.000874 0.000413 
0.003007 -0.000371 0.000535 
0.002954 -0.000672 0.000498 
0.002683 0.001320 0.000549 
0.002988 0.000863 0.000513 
0.002734 0.000953 0.000600 
0.002878 0.001242 0.000458 
0.002894 -0.000632 0.000546 
0.003138 0.000346 0.000486 
0.002539 -0.001025 0.000588 
0.003035 0.000738 0.000509 
0.002826 0.001115 0.000542 
0.003133 0.000794 0.000394 
0.003160 -0.000533 0.000311 
0.003204 0.000183 0.000424 
0.002974 -0.000162 0.000574 
0.002739 0.001329 0.000518 
0.003080 0.000322 0.000530 
0.003000 0.000727 0.000534 
0.003036 0.000508 0.000543 
0.003086 0.000461 0.000515 
0.002606 0.001410 0.000553 
0.002450 0.001839 0.000378 
0.002564 0.001662 0.000448 
0.002406 0.001963 0.000193 
0.002868 0.000860 0.000575 
0.002819 0.000863 0.000590 
0.002740 0.001536 0.000390 
0.002495 0.001883 0.000230 
0.002577 0.001561 0.000504 
0.002390 0.001760 0.000491 
0.002364 0.001901 0.000384 
0.002431 0.001816 0.000420 
0.002532 0.001773 0.000371 
0.002776 0.001578 0.000284 
0.002373 -0.001607 0.000324 
0.002375 -0.001651 0.000216 
0.003143 -0.000592 0.000303 
0.003219 -0.000460 0.000201 
0.003077 -0.000599 0.000408 
0.002603 0.001577 0.000478 
0.002836 0.001478 0.000318 
0.002790 -0.001131 0.000400 
0.002634 -0.000995 0.000568 
0.002569 -0.001062 0.000572 
0.003044 -0.000574 0.000454 
0.002677 0.001435 0.000508 
0.002205 0.001627 0.000599 
0.002409 -0.001604 0.000278 
0.003227 0.000336 0.000384 
0.003149 0.000490 0.000458 
0.003110 0.000350 0.000508 
0.003206 0.000099 0.000421 
0.002529 -0.001292 0.000498 
0.002974 -0.001015 0.000191 
0.002259 -0.001175 0.000608 
0.002606 0.001329 0.000576 
0.002645 0.001390 0.000543 
0.002265 0.001518 0.000606 
0.003150 0.000800 0.000366 
0.002504 0.001393 0.000589 
0.002902 0.000209 0.000602 
0.003177 0.000018 0.000450 
0.003070 -0.000816 0.000245 
0.002573 -0.001310 0.000458 
0.002202 -0.001284 0.000601 
0.002254 -0.001360 0.000575 
0.003225 0.000503 0.000356 
0.003200 0.000669 0.000342 
0.003076 -0.000547 0.000432 
0.002409 -0.001026 0.000607 
0.002310 -0.001433 0.000527 
0.003104 -0.000522 0.000408 
0.003161 0.000587 0.000425 
0.003109 0.000628 0.000471 
0.003099 0.000542 0.000495 
0.002637 0.001591 0.000444 
0.002895 0.001160 0.000483 
0.002884 0.001130 0.000503 
0.002924 0.001144 0.000466 
0.003104 0.000235 0.000518 
0.002702 0.001436 0.000492 
0.002329 0.001849 0.000461 
0.003082 0.000053 0.000531 
0.002552 0.001318 0.000592 
0.002877 0.000702 0.000590 
0.002831 0.000695 0.000601 
0.002906 0.000621 0.000588 
0.003177 0.000748 0.000346 
0.003151 0.000752 0.000387 
0.002249 0.001712 0.000569 
0.002981 0.001146 0.000407 
0.003226 0.000740 0.000228 
0.002329 -0.001614 0.000362 
0.002415 -0.001559 0.000349 
0.003231 0.000679 0.000264 
0.002974 -0.000841 0.000400 
0.002789 -0.001211 0.000316 
0.003211 -0.000082 0.000397 
0.003159 -0.000605 0.000248 
0.003228 0.000174 0.000393 
0.002829 -0.000316 0.000604 
0.002748 0.001656 0.000158 
0.002731 0.001665 0.000205 
0.002499 0.001587 0.000531 
0.002550 0.001511 0.000540 
0.002979 0.001288 0.000284 
0.002994 0.001201 0.000349 
0.003161 0.000909 0.000270 
0.003084 0.001090 0.000279 
0.002602 0.001805 0.000166 
0.002337 -0.001642 0.000308 
0.002851 -0.000598 0.000571 
0.002758 -0.000643 0.000594 
0.002971 -0.000887 0.000371 
0.003037 -0.000836 0.000305 
0.002640 0.001336 0.000562 
0.002363 -0.001137 0.000602 
0.002607 -0.000952 0.000586 
0.002945 0.000347 0.000590 
0.003041 0.000194 0.000556 
0.003025 0.000320 0.000561 
0.002717 0.001662 0.000252 
0.002630 0.001721 0.000313 
0.002687 0.001634 0.000351 
0.002803 0.001269 0.000504 
0.002847 0.001218 0.000494 
0.002807 0.001293 0.000490 
0.002788 -0.001062 0.000452 
0.002748 -0.001067 0.000481 
0.002701 -0.001140 0.000474 
0.003065 0.000752 0.000482 
0.002963 0.000718 0.000556 
0.003019 0.000933 0.000468 
0.002902 0.001083 0.000507 
0.003120 -0.000404 0.000433 
0.003128 -0.000489 0.000391 
0.002891 -0.001079 0.000308 
0.002529 -0.001485 0.000317 
0.002645 -0.001401 0.000269 
0.002825 -0.000785 0.000543 
0.002715 0.001226 0.000563 
0.002699 0.001038 0.000599 
0.002777 0.001139 0.000559 
0.002935 -0.000283 0.000579 
0.002910 0.001232 0.000434 
0.002934 -0.000779 0.000473 
0.002858 -0.000705 0.000547 
0.003114 0.000710 0.000446 
0.003212 0.000809 0.000203 
0.003155 0.000980 0.000195 
0.002618 0.001373 0.000560 
0.002554 0.001434 0.000565 
0.003008 0.000103 0.000571 
0.002587 0.001140 0.000606 
0.002508 -0.000986 0.000600 
0.002423 -0.001208 0.000576 
0.002538 0.001639 0.000482 
0.003115 0.001075 0.000197 
0.002662 0.001735 0.000214 
0.002962 -0.000947 0.000332 
0.002915 -0.000900 0.000430 
0.002848 0.000783 0.000591 
0.002971 0.000980 0.000492 
0.002972 0.001028 0.000474 
0.002759 0.001236 0.000541 
0.002882 0.001377 0.000359 
0.003153 -0.000431 0.000380 
0.003140 -0.000530 0.000352 
0.002992 -0.000953 0.000260 
0.002736 0.001352 0.000511 
0.002730 0.001448 0.000466 
0.002633 0.001052 0.000607 
0.002798 0.001328 0.000479 
0.003069 0.001172 0.000198 
0.002662 -0.000691 0.000606 
0.002755 -0.000794 0.000571 
0.002929 -0.000725 0.000498 
0.002973 -0.000740 0.000456 
0.002973 -0.000808 0.000421 
0.003236 -0.000168 0.000336 
0.002290 0.001785 0.000523 
0.003045 -0.000626 0.000433 
0.002996 -0.000773 0.000415 
0.002872 -0.000781 0.000518 
0.002676 0.000965 0.000607 
0.002867 0.001097 0.000525 
0.002844 0.001057 0.000549 
0.002920 0.001034 0.000511 
0.002918 -0.001096 0.000204 
0.002784 -0.001004 0.000487 
0.002609 0.001496 0.000518 
0.002658 0.001516 0.000478 
0.003068 0.000888 0.000437 
0.003013 0.000993 0.000450 
0.003134 -0.000080 0.000483 
0.002713 -0.001065 0.000506 
0.002629 -0.001117 0.000529 
0.003135 -0.000198 0.000466 
0.002312 -0.001248 0.000591 
0.002962 0.000463 0.000580 
0.002888 0.000520 0.000598 
0.002860 0.000404 0.000606 
0.003170 -0.000618 0.000182 
0.003074 -0.000662 0.000379 
0.003062 -0.000740 0.000344 
0.002788 0.001601 0.000197 
0.002857 0.001523 0.000157 
0.002811 -0.000949 0.000493 
0.002602 -0.001209 0.000501 
0.002490 -0.001269 0.000530 
0.002988 0.000646 0.000553 
0.003047 0.000592 0.000526 
0.002316 0.001615 0.000582 
0.002503 -0.001544 0.000238 
0.003027 0.000421 0.000554 
0.002398 0.001499 0.000591 
0.002589 0.001684 0.000408 
0.002568 0.001803 0.000274 
0.002462 0.001928 0.000143 
0.002967 -0.000788 0.000438 
0.003028 -0.000758 0.000384 
0.002975 0.000559 0.000568 
0.003007 -0.000711 0.000435 
0.003098 0.000995 0.000338 
0.002995 -0.000639 0.000476 
0.002951 -0.000837 0.000429 
0.002916 -0.000824 0.000469 
0.002744 -0.001140 0.000440 
0.002851 0.001497 0.000258 
0.003010 -0.000474 0.000512 
0.002984 -0.000558 0.000509 
0.003092 -0.000447 0.000450 
0.003198 0.000771 0.000288 
0.002987 0.001034 0.000458 
0.003018 0.000870 0.000489 
0.003011 0.000802 0.000512 
0.002446 0.001672 0.000515 
0.002942 0.001291 0.000350 
0.002600 0.001444 0.000544 
0.002284 -0.001211 0.000602 
0.002852 0.001249 0.000476 
0.002830 0.001350 0.000440 
0.003037 -0.000528 0.000477 
0.003180 -0.000182 0.000419 
0.003146 -0.000297 0.000434 
0.003214 -0.000258 0.000349 
0.002606 -0.001468 0.000183 
0.002754 -0.000934 0.000534 
0.002694 -0.000932 0.000562 
0.002725 -0.001000 0.000526 
0.002351 0.001695 0.000544 
0.002470 -0.001493 0.000377 
0.003236 -0.000323 0.000268 
0.003108 -0.000568 0.000381 
0.003130 0.000409 0.000487 
0.002675 0.001298 0.000559 
0.002682 0.001344 0.000542 
0.002930 0.001073 0.000490 
0.002660 0.001472 0.000500 
0.002922 0.000709 0.000574 
0.002952 0.000860 0.000536 
0.002912 0.000859 0.000557 
0.002466 0.001319 0.000605 
0.003109 0.000909 0.000373 
0.002778 -0.000959 0.000511 
0.002859 -0.000979 0.000438 
0.002675 0.001395 0.000527 
0.002482 0.001514 0.000565 
0.002817 0.001006 0.000571 
0.002717 0.001264 0.000552 
0.002964 0.000924 0.000514 
0.003059 0.000957 0.000417 
0.002993 0.001056 0.000442 
0.002904 0.001192 0.000461 
0.002846 -0.000937 0.000473 
0.003133 -0.000676 0.000244 
0.002993 -0.000029 0.000573 
0.002848 0.001291 0.000458 
0.002930 -0.000567 0.000541 
0.002942 -0.000447 0.000557 
0.003181 -0.000537 0.000256 
0.002939 -0.000818 0.000452 
0.003184 -0.000350 0.000365 
0.002846 -0.000466 0.000590 
0.003157 0.000847 0.000327 
0.002626 0.001225 0.000591 
0.003128 0.000995 0.000272 
0.002672 -0.001317 0.000355 
0.003117 0.000475 0.000490 
0.003202 0.000263 0.000424 
0.003168 0.000343 0.000456 
0.003141 0.000282 0.000487 
0.002767 0.000868 0.000601 
0.002888 0.000927 0.000556 
0.002794 -0.000912 0.000520 
0.002543 -0.000866 0.000607 
0.003072 -0.000493 0.000455 
0.003013 -0.000600 0.000475 
0.003012 -0.000561 0.000487 
0.002944 -0.001020 0.000278 
0.003173 -0.000475 0.000322 
0.003232 0.000004 0.000378 
0.002833 0.001192 0.000514 
0.002811 0.001167 0.000535 
0.002763 0.001347 0.000495 
0.002709 0.001349 0.000527 
0.002791 0.001434 0.000420 
0.002955 0.001124 0.000447 
0.003035 0.001044 0.000400 
0.002641 -0.000827 0.000597 
0.002807 -0.000856 0.000532 
0.003097 -0.000714 0.000298 
0.002886 -0.000833 0.000489 
0.002659 0.001339 0.000554 
0.002662 -0.001133 0.000504 
0.003069 0.000822 0.000459 
0.002899 -0.000870 0.000461 
0.003011 -0.000654 0.000456 
0.002642 0.001443 0.000525 
0.002927 -0.000656 0.000521 
0.002716 0.001295 0.000542 
0.002627 0.001512 0.000501 
0.002779 0.001318 0.000498 
0.002467 0.001858 0.000332 
0.003062 -0.000229 0.000520 
0.002488 -0.001403 0.000450 
0.002745 0.001302 0.000525 
0.002766 0.001311 0.000509 
0.002906 0.000985 0.000534 
0.003057 0.000674 0.000505 
0.002803 -0.000552 0.000592 
0.003114 0.000781 0.000424 
0.003175 0.000194 0.000457 
0.003068 0.000525 0.000521 
0.002379 0.001922 0.000340 
0.002397 0.001976 0.000151 
0.002938 0.001174 0.000438 
0.002402 0.001952 0.000243 
0.002461 -0.001596 0.000169 
0.002511 0.001751 0.000414 
0.002533 -0.001535 0.000175 
0.002390 -0.001651 0.000163 
0.003231 -0.000391 0.000230 
0.003126 -0.000580 0.000346 
0.002751 -0.001007 0.000508 
0.002657 -0.001029 0.000548 
0.002438 -0.001601 0.000226 
0.003227 0.000417 0.000372 
0.002281 -0.001397 0.000554 
0.002177 -0.001246 0.000607 
0.002179 0.001582 0.000607 
0.003113 0.000844 0.000400 
0.002905 0.000015 0.000601 
0.002227 -0.001322 0.000590 
0.003231 0.000619 0.000301 
0.002336 -0.001102 0.000608 
0.003131 0.000562 0.000464 
0.002309 0.001819 0.000494 
0.003071 -0.000071 0.000531 
0.002813 0.000594 0.000607 
0.002705 -0.000739 0.000595 
0.003040 -0.000687 0.000410 
0.002679 0.001729 0.000162 
0.002487 0.001554 0.000549 
0.002506 0.001889 0.000169 
0.002347 0.001877 0.000424 
0.002319 -0.001637 0.000339 
0.002712 -0.000596 0.000606 
0.003101 -0.000336 0.000471 
0.002981 0.000264 0.000581 
0.003199 0.000341 0.000422 
0.002704 0.001650 0.000301 
0.002818 0.001232 0.000508 
0.002994 0.000983 0.000471 
0.003113 -0.000496 0.000408 
0.002714 0.001173 0.000575 
0.002906 -0.000780 0.000495 
0.002874 -0.001027 0.000388 
0.003087 0.000691 0.000477 
0.003187 0.000891 0.000195 
0.002296 0.001565 0.000596 
0.002571 0.001383 0.000574 
0.003106 -0.000476 0.000424 
0.002410 0.001789 0.000458 
0.002940 0.001391 0.000209 
0.002897 -0.000958 0.000412 
0.002860 0.000608 0.000600 
0.003149 -0.000481 0.000362 
0.002918 -0.000995 0.000356 
0.002768 0.001361 0.000485 
0.003035 0.001190 0.000280 
0.002755 -0.000502 0.000605 
0.002953 -0.000732 0.000476 
0.003004 -0.000843 0.000358 
0.003237 -0.000248 0.000304 
0.003042 0.001097 0.000357 
0.002715 0.000874 0.000607 
0.002885 0.001043 0.000530 
0.002342 -0.001468 0.000492 
0.002689 -0.001226 0.000425 
0.002392 -0.001173 0.000591 
0.002914 0.000434 0.000595 
0.002933 0.000541 0.000585 
0.003197 -0.000538 0.000188 
0.003086 -0.000687 0.000342 
0.002807 0.001587 0.000156 
0.002839 -0.001113 0.000355 
0.003024 0.000660 0.000531 
0.002354 0.001448 0.000605 
0.002782 0.001594 0.000238 
0.002482 0.001873 0.000283 
0.002790 0.000943 0.000589 
0.002762 0.001559 0.000337 
0.002969 0.001062 0.000463 
0.003093 0.000153 0.000526 
0.002793 -0.000410 0.000605 
0.002719 -0.001312 0.000289 
0.002890 -0.000104 0.000601 
0.003011 -0.000531 0.000497 
0.002897 -0.000717 0.000522 
0.003042 0.000811 0.000486 
0.002515 0.001615 0.000509 
0.002905 0.001293 0.000399 
0.003178 -0.000082 0.000439 
0.002827 0.001291 0.000476 
0.003183 -0.000272 0.000393 
0.002601 -0.001405 0.000336 
0.002708 -0.000974 0.000543 
0.002752 0.000782 0.000607 
0.002370 0.001729 0.000520 
0.002228 0.001670 0.000586 
0.003060 -0.000643 0.000408 
0.003092 -0.000559 0.000408 
0.002358 -0.001647 0.000265 
0.003101 0.000402 0.000510 
0.002656 0.001270 0.000573 
0.002953 0.001066 0.000474 
0.002838 0.000499 0.000607 
0.002948 0.000634 0.000572 
0.002994 0.000927 0.000491 
0.003134 0.000850 0.000367 
0.002844 -0.001190 0.000231 
0.003090 -0.000510 0.000430 
0.002455 -0.001240 0.000556 
0.002954 -0.000781 0.000455 
0.002707 0.001373 0.000519 
0.002937 0.000789 0.000557 
0.002974 -0.000685 0.000477 
0.003138 -0.000699 0.000179 
0.003018 -0.000732 0.000412 
0.002853 0.001365 0.000406 
0.003021 -0.000937 0.000184 
0.002899 0.001463 0.000173 
0.002893 -0.000520 0.000567 
0.002813 0.001337 0.000462 
0.003212 -0.000334 0.000320 
0.002643 -0.001222 0.000467 
0.002889 -0.000378 0.000586 
0.003185 0.000835 0.000273 
0.002752 -0.000964 0.000524 
0.002597 -0.001094 0.000552 
0.002738 -0.001223 0.000376 
0.003138 0.000127 0.000491 
0.002841 0.000934 0.000574 
0.002784 0.000689 0.000607 
0.002478 -0.000948 0.000607 
0.003027 -0.000566 0.000474 
0.002757 -0.001305 0.000207 
0.003227 0.000256 0.000391 
0.003064 0.000268 0.000542 
0.003229 0.000090 0.000389 
0.002865 0.001175 0.000499 
0.002735 0.001371 0.000502 
0.003203 0.000717 0.000311 
0.002965 0.001086 0.000456 
0.002992 0.001093 0.000425 
0.003122 -0.000654 0.000298 
0.003103 -0.000747 0.000242 
0.003068 -0.000777 0.000299 
0.002443 -0.001380 0.000495 
0.002623 -0.001317 0.000411 
0.002465 -0.001551 0.000296 
0.002680 -0.001393 0.000193 
0.002782 0.001403 0.000450 
0.003040 0.000943 0.000443 
0.003033 -0.000886 0.000250 
0.002881 -0.000922 0.000451 
0.002820 -0.000996 0.000463 
0.002913 0.001387 0.000294 
0.003029 -0.000613 0.000455 
0.002761 0.001021 0.000587 
0.002601 0.001474 0.000532 
0.002678 0.001370 0.000535 
0.003088 0.000899 0.000407 
0.003077 0.000977 0.000383 
0.003014 0.001273 0.000201 
0.003133 0.000915 0.000328 
0.002775 0.001379 0.000470 
0.002680 0.001448 0.000500 
0.002934 -0.000928 0.000389 
0.002646 0.001732 0.000264 
0.002880 0.000307 0.000605 
0.003053 0.000364 0.000544 
0.002926 -0.000856 0.000443 
0.002986 -0.000753 0.000437 
0.002403 0.001559 0.000575 
0.002333 0.001657 0.000564 
0.002662 0.001126 0.000597 
0.002775 0.001283 0.000515 
0.002865 0.000994 0.000553 
0.002941 0.000981 0.000513 
0.002392 0.001939 0.000293 
0.002675 0.001417 0.000518 
0.002641 0.001418 0.000535 
0.002800 0.000782 0.000601 
0.002875 0.001205 0.000479 
0.002874 0.001292 0.000434 
0.002604 -0.000781 0.000606 
0.002955 -0.000601 0.000518 
0.003064 -0.000409 0.000486 
0.002489 0.001727 0.000453 
0.002976 -0.000625 0.000496 
0.003162 0.000415 0.000456 
0.002952 -0.000814 0.000440 
0.002575 -0.000908 0.000599 
0.003092 0.000834 0.000430 
0.002976 0.000794 0.000536 
0.002713 0.001506 0.000441 
0.002798 0.001211 0.000528 
0.002794 0.001075 0.000566 
0.003135 0.000731 0.000415 
0.003064 -0.000859 0.000180 
0.003001 -0.000803 0.000390 
0.003127 -0.000450 0.000408 
0.003176 0.000110 0.000456 
0.003234 -0.000083 0.000361 
0.002551 0.001791 0.000324 
0.002713 0.001323 0.000534 
0.002761 0.001332 0.000503 
0.003076 0.000391 0.000529 
0.003208 -0.000403 0.000291 
0.003093 -0.000615 0.000378 
0.003108 -0.000634 0.000342 
0.003152 -0.000371 0.000404 
0.003212 -0.000173 0.000376 
0.002341 -0.001284 0.000576 
0.002371 -0.001319 0.000555 
0.003188 0.000613 0.000382 
0.003185 0.000503 0.000415 
0.003159 0.000678 0.000402 
0.003173 0.000712 0.000370 
0.003103 -0.000780 0.000178 
0.002348 -0.001573 0.000396 
0.002381 -0.001506 0.000439 
0.002468 -0.001099 0.000590 
0.003047 -0.000477 0.000483 
0.002940 0.001103 0.000471 
0.002786 0.001250 0.000521 
0.002705 0.001394 0.000510 
0.002705 0.001414 0.000501 
0.002736 0.001390 0.000493 
0.002736 0.001413 0.000481 

728 691 205 168
208 522 207 118
236 223 299 622
207 522 400 142
292 152 144 552
523 700 37 38
219 210 512 523
524 407 31 32
34 524 32 33
212 524 34 35
214 213 652 600
350 703 274 273
264 716 215 185
553 212 526 216
228 264 211 345
700 526 36 37
526 700 599 216
526 212 35 36
402 529 435 178
527 530 98 99
219 523 38 39
572 218 114 709
725 406 599 512
220 528 221 210
529 527 99 100
535 527 529 402
96 530 224 95
98 530 96 97
527 535 224 530
2 531 226 1
729 132 489 140
227 621 257 170
730 442 621 227
225 287 469 201
656 605 327 671
650 230 416 588
650 476 605 285
708 420 323 557
534 231 232 649
539 246 569 235
224 622 94 95
237 657 10 11
559 237 536 154
12 536 237 11
121 735 537 259
80 538 243 79
82 538 80 81
339 137 245 209
48 539 235 47
50 539 48 49
246 539 50 51
146 421 647 473
597 404 569 246
540 629 452 682
249 341 308 558
66 541 249 65
172 490 659 240
514 668 587 742
741 742 89 90
252 514 157 669
254 542 84 85
84 542 253 83
255 543 256 736
14 543 255 13
544 258 77 78
631 257 621 260
129 357 674 303
742 587 88 89
260 621 442 116
263 545 262 120
238 545 263 477
262 545 261 148
745 663 496 267
660 491 173 266
250 723 651 150
748 234 701 747
42 546 270 41
513 386 383 547
270 546 218 572
612 250 150 383
501 158 505 415
410 627 275 591
275 575 389 591
548 653 60 61
276 123 277 739
46 619 278 45
589 743 125 305
465 547 271 341
440 742 741 282
282 741 281 223
364 181 301 549
288 659 8 9
240 659 288 202
289 127 68 69
302 348 129 582
188 688 302 284
28 551 290 27
456 124 293 552
292 552 293 149
245 702 427 209
295 579 294 426
294 579 362 684
346 297 475 338
475 412 685 296
647 337 568 296
30 553 298 29
407 553 30 31
298 553 216 115
270 554 40 41
220 554 270 572
40 554 219 39
94 622 299 93
224 535 236 622
299 555 92 93
281 555 299 223
92 555 281 91
363 549 301 556
72 556 580 71
244 570 248 272
428 387 589 305
305 125 258 544
253 428 243 538
306 231 437 169
232 231 306 197
309 558 308 658
307 558 309 187
249 541 465 341
255 536 12 13
261 737 255 736
737 261 545 238
312 560 311 126
222 560 312 601
310 689 311 560
746 697 515 155
313 122 315 184
314 122 313 561
251 674 640 720
318 317 384 503
318 416 316 317
319 567 336 179
518 567 319 198
562 351 628 321
376 176 446 322
324 563 260 116
571 563 324 722
571 722 323 420
304 502 137 339
499 131 372 328
514 742 440 157
157 440 326 615
564 135 718 331
329 564 331 182
135 564 474 696
189 513 203 332
408 633 470 712
608 508 195 335
710 190 636 413
334 565 501 415
595 230 650 285
328 372 608 335
262 567 518 120
336 567 262 148
338 568 18 19
296 568 338 475
18 568 337 17
235 619 46 47
451 53 54 177
272 248 597 451
570 244 304 339
570 339 209 340
248 570 340 143
243 544 78 79
138 743 589 344
138 232 197 743
228 345 610 217
572 709 528 220
598 310 560 222
599 406 115 216
20 21 362 346
354 162 495 639
349 675 454 574
358 661 747 634
641 573 23 24
548 626 389 575
350 214 481 703
673 321 156 381
182 492 717 353
353 717 746 155
396 463 158 130
354 639 611 426
378 676 463 396
356 576 324 116
576 489 132 355
324 576 355 722
640 242 106 107
630 325 595 285
630 656 103 104
661 493 578 749
750 686 672 359
56 57 373 360
716 380 119 359
749 750 269 748
297 346 362 579
706 363 73 74
581 334 633 366
365 581 636 190
334 581 365 565
132 729 644 471
721 371 367 284
368 583 4 5
729 531 441 644
4 583 441 3
44 133 369 43
278 133 44 45
366 693 411 165
279 163 333 525
369 546 42 43
371 693 408 367
513 557 433 386
131 501 565 372
617 585 58 59
58 585 373 57
586 517 699 376
322 374 586 376
375 586 374 199
88 587 259 87
121 398 632 735
86 537 254 85
259 537 86 87
357 242 640 674
106 242 377 105
378 317 316 676
316 136 454 676
332 203 606 127
604 289 69 70
391 637 110 111
510 217 149 379
447 510 379 183
315 174 511 184
673 382 562 321
295 584 297 579
533 384 317 378
385 503 384 166
589 387 734 344
390 626 62 63
307 590 390 690
388 591 389 590
62 626 548 61
390 590 389 626
274 703 617 653
112 592 391 111
226 592 112 1
469 592 226 140
393 593 392 153
500 593 393 667
392 593 731 730
26 594 395 25
290 291 394 594
395 594 394 141
121 668 241 398
397 117 398 241
399 142 400 596
448 627 399 320
663 745 625 602
403 139 388 187
597 248 143 404
597 246 51 52
451 597 52 53
271 603 308 341
394 598 167 141
310 598 394 291
167 598 222 417
126 221 528 405
264 185 405 211
405 528 709 211
311 689 406 725
347 689 310 291
553 407 524 212
546 369 618 218
700 523 512 599
229 417 222 601
408 712 414 367
409 186 393 153
207 142 410 139
210 219 554 220
207 139 403 118
249 558 307 690
271 150 651 603
308 603 268 658
412 584 497 683
646 289 604 472
688 577 348 302
474 624 244 272
453 648 438 533
624 329 458 444
54 55 342 177
253 538 82 83
544 243 428 305
233 147 431 655
418 607 431 744
508 608 365 190
595 566 136 230
662 276 739 256
280 283 15 16
424 609 423 192
423 609 504 156
425 610 345 114
292 610 425 152
217 610 292 149
507 680 427 702
611 163 295 426
639 430 705 611
68 127 606 67
606 203 465 541
612 432 733 286
286 172 250 612
315 122 429 613
466 643 361 613
361 174 315 613
614 471 644 434
432 614 434 733
433 614 432 386
435 529 100 101
670 236 535 402
670 282 223 236
157 615 476 669
437 616 436 151
534 616 437 231
481 193 373 585
513 189 708 557
218 618 425 114
439 618 369 133
425 618 439 152
569 401 619 235
227 620 392 730
729 140 226 531
550 153 392 620
116 442 532 356
170 257 147 233
356 532 225 201
400 522 263 120
596 518 198 206
263 522 208 477
728 623 208 118
443 623 239 196
208 623 443 477
502 191 445 137
444 191 502 304
444 304 244 624
352 422 602 625
446 625 745 160
352 625 446 176
448 273 275 627
448 128 350 273
275 273 274 575
410 591 388 139
399 627 410 142
459 699 517 159
635 128 448 320
635 450 213 128
685 412 683 452
164 419 707 710
630 377 488 325
327 605 476 615
485 744 431 147
631 485 147 257
161 632 398 117
632 344 734 735
734 254 537 735
542 387 428 253
542 254 734 387
378 396 453 533
692 414 712 470
408 693 366 633
203 513 547 465
340 124 456 143
427 124 340 209
135 696 330 679
457 718 135 679
449 159 482 450
715 449 450 635
449 192 459 159
382 175 461 422
460 175 382 673
581 366 165 636
391 287 464 637
110 637 740 109
129 303 186 582
371 721 409 638
677 229 162 354
639 495 672 430
488 348 577 325
395 141 167 641
573 641 167 417
466 613 429 194
468 642 467 134
300 642 472 519
467 642 300 195
630 285 605 656
201 469 140 489
583 368 733 434
397 645 318 503
645 252 669 588
318 645 588 416
332 646 468 189
580 604 70 71
675 505 158 463
564 329 624 474
647 421 280 337
473 647 296 685
438 166 384 533
453 483 436 648
438 616 534 166
138 161 649 232
649 161 117 385
534 649 385 166
632 161 138 344
476 650 588 669
711 154 737 238
145 268 603 651
205 171 239 168
480 113 479 196
479 113 478 559
482 652 213 450
600 193 481 214
214 350 128 213
653 617 59 60
274 653 548 575
364 169 437 151
485 631 571 420
343 713 484 654
76 654 484 75
431 607 487 655
486 655 487 164
233 678 370 170
620 370 180 550
178 435 671 327
566 595 325 577
10 657 288 9
237 559 478 657
288 657 478 202
171 205 658 268
651 723 521 145
8 659 490 7
6 7 490 724
357 488 377 242
704 429 122 314
491 660 314 561
660 266 160 265
374 173 492 199
634 455 681 494
358 634 494 204
747 661 749 748
430 672 686 643
662 256 543 283
543 14 15 283
662 283 280 421
146 276 662 421
146 247 123 276
745 267 265 160
461 663 602 422
461 664 496 663
461 175 497 664
497 584 279 664
363 706 498 549
364 549 498 169
301 519 580 556
364 151 499 328
499 151 436 483
500 666 464 665
665 225 532 731
393 186 303 667
352 176 351 562
740 666 251 720
474 272 451 177
667 251 666 500
303 674 251 667
368 724 286 733
490 172 286 724
645 397 241 252
687 447 183 234
282 670 326 440
402 178 326 670
102 671 435 101
656 671 102 103
130 483 453 396
365 608 372 565
633 334 415 470
463 676 454 675
287 391 592 469
200 520 719 277
385 117 397 503
277 719 738 739
319 609 424 198
504 609 319 179
352 562 382 422
488 357 129 348
720 640 107 108
574 566 577 688
349 692 505 675
316 416 230 136
454 136 566 574
294 677 354 426
573 677 294 684
573 417 229 677
395 641 24 25
370 678 506 180
233 655 486 678
506 678 486 413
335 195 300 181
181 300 519 301
363 556 72 73
364 328 335 181
509 458 353 155
679 330 193 600
353 458 329 182
509 191 444 458
380 228 217 510
150 271 547 383
293 680 379 149
680 293 124 427
379 680 507 183
445 681 245 137
494 726 515 204
381 714 540 682
682 452 683 460
381 682 460 673
460 683 497 175
540 200 247 629
22 23 573 684
684 362 21 22
475 297 584 412
119 269 750 359
119 447 687 269
185 215 601 312
405 185 312 126
716 264 228 380
298 551 28 29
347 551 298 115
290 594 26 27
406 689 347 115
457 679 600 652
347 291 290 551
64 690 390 63
307 187 388 590
205 691 309 658
728 118 403 691
309 691 403 187
692 470 415 505
332 127 289 646
414 692 349 188
349 574 688 188
646 472 642 468
418 189 468 134
708 744 485 420
506 165 411 180
636 165 506 413
419 607 418 134
188 284 367 414
64 65 249 690
606 541 66 67
323 732 433 557
456 694 404 143
144 694 456 552
569 404 694 401
439 695 144 152
278 695 439 133
401 695 278 619
360 330 696 342
360 342 55 56
177 342 696 474
516 697 313 184
515 697 516 204
746 561 313 697
266 322 446 160
374 322 266 173
375 718 457 698
586 375 698 517
459 628 351 699
376 699 351 176
399 596 206 320
400 120 518 596
321 628 423 156
423 628 459 192
748 269 687 234
507 701 234 183
455 701 507 702
455 702 245 681
481 585 617 703
517 698 482 159
457 652 482 698
704 314 660 265
462 704 265 267
462 194 429 704
611 705 333 163
466 705 430 643
333 705 466 194
302 582 721 284
74 75 484 706
508 190 710 707
707 419 134 467
508 707 467 195
131 130 158 501
130 131 499 483
708 189 418 744
580 519 472 604
267 496 525 462
279 525 496 664
462 525 333 194
295 163 279 584
16 17 337 280
20 346 338 19
114 345 211 709
486 164 710 413
473 629 247 146
685 452 629 473
168 239 623 728
480 145 521 113
239 171 480 196
154 711 479 559
711 238 477 443
479 711 443 196
665 464 287 225
498 713 306 169
484 713 498 706
343 197 306 713
258 654 76 77
125 343 654 258
419 164 487 607
540 714 520 200
381 156 504 714
520 714 504 179
449 715 424 192
206 715 635 320
424 715 206 198
643 686 578 361
215 716 495 162
215 162 229 601
495 716 359 672
491 717 492 173
746 717 491 561
182 331 199 492
193 330 360 373
331 718 375 199
336 719 520 179
738 719 336 148
200 277 123 247
108 109 740 720
638 411 693 371
721 582 186 409
550 180 411 638
227 170 370 620
355 732 323 722
576 356 201 489
732 471 614 433
480 171 268 145
521 202 478 113
240 723 250 172
521 723 240 202
6 724 368 5
638 409 153 550
695 401 694 144
221 126 311 725
509 726 445 191
515 726 509 155
494 681 445 726
511 727 516 184
493 727 511 174
516 727 358 204
441 531 2 3
583 434 644 441
731 532 442 730
593 500 665 731
355 132 471 732
612 383 386 432
104 105 377 630
438 648 436 616
514 252 241 668
668 121 259 587
738 148 261 736
154 536 255 737
210 221 725 512
738 736 256 739
637 464 666 740
90 91 281 741
615 326 178 327
743 197 343 125
260 563 571 631
119 380 510 447
701 455 634 747
493 174 361 578
661 358 727 493
749 578 686 750
112
0.002299 0.002001 0.000301
0.002289 0.001983 0.000345
0.002479 0.001916 0.000110
0.002400 0.001977 0.000110
0.002400 0.001977 0.000110
0.002318 0.002034 0.000110
0.002318 0.002034 0.000110
0.002317 0.002032 0.000159
0.002317 0.002032 0.000159
0.002313 0.002026 0.000207
0.002307 0.002015 0.000255
0.002299 0.002001 0.000301
0.002313 0.002026 0.000207
0.002307 0.002015 0.000255
0.002400 -0.001647 0.000110
0.002479 -0.001586 0.000110
0.002289 0.001983 0.000345
0.002276 0.001961 0.000387
0.002479 -0.001586 0.000110
0.002555 -0.001522 0.000110
0.002313 -0.001696 0.000208
0.002317 -0.001702 0.000159
0.002317 -0.001702 0.000159
0.002318 -0.001704 0.000110
0.002318 -0.001704 0.000110
0.002400 -0.001647 0.000110
0.003234 -0.000437 0.000110
0.003247 -0.000376 0.000165
0.002307 -0.001686 0.000256
0.002313 -0.001696 0.000208
0.003250 0.000249 0.000355
0.003252 0.000332 0.000343
0.003252 0.000332 0.000343
0.003254 0.000413 0.000323
0.002232 -0.001140 0.000610
0.002152 -0.001207 0.000610
0.002152 -0.001207 0.000610
0.002068 -0.001270 0.000610
0.002068 -0.001270 0.000610
0.002092 -0.001313 0.000607
0.002117 0.001685 0.000600
0.002092 0.001642 0.000607
0.002092 0.001642 0.000607
0.002068 0.001600 0.000610
0.002068 0.001600 0.000610
0.002152 0.001537 0.000610
0.002152 0.001537 0.000610
0.002232 0.001469 0.000610
0.002816 0.000165 0.000610
0.002813 0.000060 0.000610
0.002245 -0.001577 0.000464
0.002261 -0.001605 0.000427
0.002140 -0.001396 0.000588
0.002163 -0.001436 0.000572
0.002116 -0.001355 0.000600
0.002140 -0.001396 0.000588
0.003256 0.000491 0.000294
0.003257 0.000567 0.000258
0.002380 -0.000991 0.000610
0.002309 -0.001067 0.000610
0.002226 -0.001545 0.000496
0.002245 -0.001577 0.000464
0.002245 0.001907 0.000463
0.002227 0.001875 0.000496
0.002737 0.000683 0.000610
0.002766 0.000581 0.000610
0.002164 0.001766 0.000571
0.002141 0.001726 0.000588
0.003250 0.000082 0.000355
0.003249 0.000165 0.000360
0.002787 -0.000149 0.000610
0.002766 -0.000252 0.000610
0.002766 0.001639 0.000110
0.002699 0.001713 0.000110
0.002628 0.001784 0.000110
0.002555 0.001851 0.000110
0.002555 0.001851 0.000110
0.002479 0.001916 0.000110
0.002261 0.001935 0.000427
0.002245 0.001907 0.000463
0.002276 0.001961 0.000387
0.002261 0.001935 0.000427
0.002299 -0.001671 0.000302
0.002307 -0.001686 0.000256
0.002289 -0.001653 0.000346
0.002299 -0.001671 0.000302
0.002276 -0.001631 0.000388
0.002289 -0.001653 0.000346
0.002703 -0.000453 0.000610
0.002663 -0.000550 0.000610
0.003254 0.000413 0.000323
0.003256 0.000491 0.000294
0.003205 0.000862 0.000110
0.003172 0.000957 0.000110
0.003234 0.000767 0.000110
0.003205 0.000862 0.000110
0.002141 0.001726 0.000588
0.002117 0.001685 0.000600
0.002380 0.001320 0.000610
0.002447 0.001239 0.000610
0.002309 -0.001067 0.000610
0.002232 -0.001140 0.000610
0.003135 0.001049 0.000110
0.003093 0.001140 0.000110
0.002999 0.001316 0.000110
0.002946 0.001400 0.000110
0.002946 -0.001071 0.000110
0.002999 -0.000986 0.000110
0.002766 -0.001309 0.000110
0.002829 -0.001233 0.000110
0.002566 0.001066 0.000610
0.002618 0.000974 0.000610
0.002618 -0.000644 0.000610
0.002566 -0.000736 0.000610
0.003257 -0.000238 0.000258
0.003256 -0.000162 0.000294
0.003254 -0.000309 0.000215
0.003257 -0.000238 0.000258
0.002207 0.001841 0.000525
0.002186 0.001804 0.000551
0.002186 0.001804 0.000551
0.002164 0.001766 0.000571
0.002227 0.001875 0.000496
0.002207 0.001841 0.000525
0.002663 0.000879 0.000610
0.002703 0.000782 0.000610
0.002618 0.000974 0.000610
0.002663 0.000879 0.000610
0.002207 -0.001511 0.000526
0.002226 -0.001545 0.000496
0.002163 -0.001436 0.000572
0.002186 -0.001475 0.000551
0.002186 -0.001475 0.000551
0.002207 -0.001511 0.000526
0.002890 -0.001153 0.000110
0.002946 -0.001071 0.000110
0.002766 -0.000252 0.000610
0.002737 -0.000353 0.000610
0.003135 -0.000720 0.000110
0.003172 -0.000627 0.000110
0.002787 0.000479 0.000610
0.002803 0.000375 0.000610
0.002766 0.000581 0.000610
0.002787 0.000479 0.000610
0.003172 -0.000627 0.000110
0.003205 -0.000533 0.000110
0.003205 -0.000533 0.000110
0.003234 -0.000437 0.000110
0.002890 0.001483 0.000110
0.002829 0.001562 0.000110
0.002232 0.001469 0.000610
0.002309 0.001397 0.000610
0.002309 0.001397 0.000610
0.002380 0.001320 0.000610
0.002447 0.001239 0.000610
0.002509 0.001154 0.000610
0.002092 -0.001313 0.000607
0.002116 -0.001355 0.000600
0.003254 0.000639 0.000215
0.003247 0.000706 0.000165
0.002803 -0.000045 0.000610
0.002787 -0.000149 0.000610
0.002555 -0.001522 0.000110
0.002628 -0.001454 0.000110
0.003093 -0.000811 0.000110
0.003135 -0.000720 0.000110
0.002737 -0.000353 0.000610
0.002703 -0.000453 0.000610
0.002703 0.000782 0.000610
0.002737 0.000683 0.000610
0.002509 -0.000825 0.000610
0.002447 -0.000910 0.000610
0.003249 0.000165 0.000360
0.003250 0.000249 0.000355
0.003252 -0.000001 0.000343
0.003250 0.000082 0.000355
0.003254 -0.000083 0.000323
0.003252 -0.000001 0.000343
0.003257 0.000567 0.000258
0.003254 0.000639 0.000215
0.002628 -0.001454 0.000110
0.002699 -0.001383 0.000110
0.002699 -0.001383 0.000110
0.002766 -0.001309 0.000110
0.002999 -0.000986 0.000110
0.003048 -0.000899 0.000110
0.002946 0.001400 0.000110
0.002890 0.001483 0.000110
0.002663 -0.000550 0.000610
0.002618 -0.000644 0.000610
0.003048 0.001229 0.000110
0.002999 0.001316 0.000110
0.003093 0.001140 0.000110
0.003048 0.001229 0.000110
0.002699 0.001713 0.000110
0.002628 0.001784 0.000110
0.002829 0.001562 0.000110
0.002766 0.001639 0.000110
0.002803 0.000375 0.000610
0.002813 0.000270 0.000610
0.002813 0.000270 0.000610
0.002816 0.000165 0.000610
0.002813 0.000060 0.000610
0.002803 -0.000045 0.000610
0.002509 0.001154 0.000610
0.002566 0.001066 0.000610
0.002566 -0.000736 0.000610
0.002509 -0.000825 0.000610
0.003247 0.000706 0.000165
0.003234 0.000767 0.000110
0.003172 0.000957 0.000110
0.003135 0.001049 0.000110
0.002447 -0.000910 0.000610
0.002380 -0.000991 0.000610
0.003048 -0.000899 0.000110
0.003093 -0.000811 0.000110
0.003256 -0.000162 0.000294
0.003254 -0.000083 0.000323
0.003247 -0.000376 0.000165
0.003254 -0.000309 0.000215
0.002829 -0.001233 0.000110
0.002890 -0.001153 0.000110
0.002261 -0.001605 0.000427
0.002276 -0.001631 0.000388
