1199 1164
-0.000027 -0.002028 -0.000890 
-0.000017 -0.002011 -0.000889 
-0.000007 -0.001994 -0.000887 
0.000002 -0.001977 -0.000882 
0.000011 -0.001962 -0.000875 
0.000020 -0.001946 -0.000867 
0.000029 -0.001932 -0.000857 
0.000037 -0.001918 -0.000845 
0.000044 -0.001905 -0.000832 
0.000051 -0.001894 -0.000817 
0.000056 -0.001884 -0.000802 
0.000061 -0.001875 -0.000785 
0.000066 -0.001868 -0.000767 
0.000069 -0.001862 -0.000748 
0.000071 -0.001858 -0.000729 
0.000073 -0.001855 -0.000710 
0.000073 -0.001854 -0.000690 
0.000190 -0.001908 -0.000690 
0.000310 -0.001954 -0.000690 
0.000432 -0.001994 -0.000690 
0.000556 -0.002027 -0.000690 
0.000682 -0.002052 -0.000690 
0.000809 -0.002071 -0.000690 
0.000937 -0.002082 -0.000690 
0.001066 -0.002085 -0.000690 
0.001194 -0.002082 -0.000690 
0.001322 -0.002071 -0.000690 
0.001449 -0.002052 -0.000690 
0.001575 -0.002027 -0.000690 
0.001700 -0.001994 -0.000690 
0.001822 -0.001954 -0.000690 
0.001942 -0.001908 -0.000690 
0.002058 -0.001854 -0.000690 
0.002059 -0.001855 -0.000710 
0.002060 -0.001858 -0.000730 
0.002063 -0.001862 -0.000749 
0.002066 -0.001868 -0.000767 
0.002070 -0.001875 -0.000785 
0.002075 -0.001884 -0.000802 
0.002081 -0.001894 -0.000818 
0.002088 -0.001905 -0.000832 
0.002095 -0.001918 -0.000845 
0.002103 -0.001932 -0.000857 
0.002111 -0.001946 -0.000867 
0.002120 -0.001962 -0.000875 
0.002130 -0.001978 -0.000882 
0.002139 -0.001994 -0.000887 
0.002149 -0.002011 -0.000889 
0.002159 -0.002028 -0.000890 
0.001994 -0.002103 -0.000890 
0.001824 -0.002165 -0.000890 
0.001649 -0.002215 -0.000890 
0.001472 -0.002251 -0.000890 
0.001292 -0.002275 -0.000890 
0.001112 -0.002285 -0.000890 
0.000930 -0.002281 -0.000890 
0.000750 -0.002265 -0.000890 
0.000730 -0.002251 -0.000890 
0.000708 -0.002240 -0.000890 
0.000685 -0.002232 -0.000889 
0.000662 -0.002226 -0.000889 
0.000638 -0.002224 -0.000889 
0.000613 -0.002224 -0.000890 
0.000589 -0.002227 -0.000890 
0.000566 -0.002234 -0.000890 
0.000413 -0.002197 -0.000890 
0.000263 -0.002150 -0.000890 
0.000116 -0.002094 -0.000890 
0.000917 -0.002139 -0.000832 
0.000569 -0.002090 -0.000832 
0.001953 -0.002018 -0.000867 
0.001087 -0.002144 -0.000832 
0.000186 -0.001915 -0.000748 
0.001389 -0.002121 -0.000832 
0.000300 -0.002013 -0.000832 
0.001519 -0.002099 -0.000832 
0.001685 -0.002059 -0.000832 
0.000785 -0.002127 -0.000832 
0.001198 -0.002182 -0.000864 
0.001814 -0.001997 -0.000807 
0.000196 -0.002031 -0.000870 
0.001024 -0.002112 -0.000790 
0.001266 -0.002103 -0.000790 
0.001408 -0.002086 -0.000790 
0.000379 -0.002083 -0.000864 
0.001590 -0.002051 -0.000790 
0.001820 -0.002080 -0.000873 
0.001560 -0.002133 -0.000864 
0.000723 -0.002086 -0.000790 
0.000838 -0.002101 -0.000790 
0.001687 -0.002118 -0.000872 
0.001037 -0.002185 -0.000864 
0.000740 -0.002143 -0.000851 
0.001459 -0.002152 -0.000864 
0.001351 -0.002183 -0.000872 
0.001662 -0.002008 -0.000725 
0.001132 -0.002200 -0.000872 
0.000417 -0.002027 -0.000805 
0.001771 -0.001994 -0.000781 
0.000230 -0.001979 -0.000824 
0.000890 -0.002090 -0.000759 
0.000819 -0.002172 -0.000864 
0.000504 -0.002133 -0.000872 
0.001139 -0.002103 -0.000775 
0.001560 -0.002050 -0.000775 
0.001517 -0.002157 -0.000872 
0.000926 -0.002117 -0.000805 
0.001772 -0.002043 -0.000841 
0.001948 -0.001966 -0.000829 
0.000254 -0.002061 -0.000873 
0.001059 -0.002104 -0.000775 
0.001184 -0.002141 -0.000832 
0.001331 -0.002082 -0.000759 
0.000506 -0.002052 -0.000805 
0.000315 -0.002078 -0.000872 
0.001556 -0.002091 -0.000832 
0.001861 -0.002029 -0.000853 
0.001774 -0.002098 -0.000874 
0.000652 -0.002127 -0.000849 
0.000791 -0.002081 -0.000759 
0.001642 -0.002089 -0.000847 
0.001400 -0.002151 -0.000858 
0.001335 -0.002132 -0.000836 
0.001858 -0.001964 -0.000780 
0.000618 -0.002059 -0.000775 
0.000284 -0.001972 -0.000787 
0.000345 -0.001989 -0.000780 
0.000870 -0.002209 -0.000878 
0.001514 -0.002051 -0.000753 
0.001866 -0.002087 -0.000881 
0.001271 -0.002152 -0.000847 
0.000277 -0.002096 -0.000882 
0.000995 -0.002135 -0.000823 
0.001134 -0.002160 -0.000847 
0.001495 -0.002077 -0.000800 
0.000546 -0.002046 -0.000780 
0.000612 -0.002143 -0.000865 
0.000815 -0.002130 -0.000832 
0.001575 -0.002167 -0.000880 
0.001761 -0.002127 -0.000883 
0.001093 -0.002222 -0.000880 
0.001049 -0.002144 -0.000832 
0.000756 -0.002183 -0.000873 
0.001483 -0.002186 -0.000880 
0.001221 -0.002217 -0.000880 
0.001427 -0.002195 -0.000880 
0.001644 -0.002034 -0.000785 
0.001148 -0.002221 -0.000880 
0.001171 -0.002173 -0.000858 
0.001742 -0.002031 -0.000820 
0.001801 -0.001976 -0.000762 
0.000227 -0.002022 -0.000859 
0.000830 -0.002078 -0.000737 
0.000383 -0.002123 -0.000880 
0.000547 -0.002148 -0.000874 
0.001242 -0.002088 -0.000753 
0.001088 -0.002094 -0.000748 
0.001545 -0.002078 -0.000814 
0.001574 -0.002038 -0.000753 
0.001532 -0.002128 -0.000858 
0.000262 -0.002016 -0.000846 
0.000237 -0.002080 -0.000882 
0.001050 -0.002095 -0.000753 
0.001196 -0.002114 -0.000800 
0.001328 -0.002100 -0.000795 
0.001353 -0.002075 -0.000748 
0.000495 -0.002029 -0.000770 
0.000435 -0.002052 -0.000828 
0.000331 -0.002057 -0.000858 
0.001806 -0.002114 -0.000883 
0.000685 -0.002163 -0.000868 
0.001657 -0.002059 -0.000823 
0.000750 -0.002117 -0.000826 
0.000653 -0.002177 -0.000877 
0.001844 -0.001994 -0.000816 
0.000613 -0.002089 -0.000821 
0.000717 -0.002195 -0.000880 
0.001957 -0.001932 -0.000793 
0.000776 -0.002206 -0.000881 
0.000590 -0.002171 -0.000879 
0.000527 -0.002089 -0.000840 
0.001120 -0.002133 -0.000820 
0.001396 -0.002065 -0.000731 
0.001682 -0.002021 -0.000779 
0.001065 -0.002128 -0.000814 
0.000706 -0.002116 -0.000833 
0.001453 -0.002102 -0.000822 
0.001189 -0.002206 -0.000876 
0.001625 -0.002055 -0.000810 
0.000482 -0.002076 -0.000839 
0.000384 -0.001988 -0.000748 
0.001002 -0.002089 -0.000735 
0.000665 -0.002088 -0.000808 
0.001290 -0.002127 -0.000826 
0.001825 -0.001961 -0.000745 
0.000633 -0.002054 -0.000753 
0.000574 -0.002040 -0.000750 
0.000261 -0.001944 -0.000743 
0.000314 -0.001967 -0.000754 
0.000814 -0.002215 -0.000882 
0.001244 -0.002121 -0.000814 
0.001027 -0.002153 -0.000841 
0.000534 -0.002030 -0.000748 
0.000850 -0.002147 -0.000844 
0.001715 -0.002091 -0.000862 
0.001456 -0.002177 -0.000876 
0.001281 -0.002184 -0.000868 
0.001416 -0.002210 -0.000884 
0.000540 -0.002122 -0.000862 
0.000539 -0.002171 -0.000883 
0.000879 -0.002163 -0.000854 
0.000776 -0.002105 -0.000808 
0.000366 -0.002021 -0.000818 
0.000548 -0.002073 -0.000819 
0.000259 -0.001962 -0.000786 
0.000745 -0.002067 -0.000735 
0.001470 -0.002204 -0.000885 
0.000834 -0.002124 -0.000823 
0.000984 -0.002104 -0.000778 
0.001433 -0.002074 -0.000775 
0.000853 -0.002089 -0.000762 
0.001703 -0.002036 -0.000811 
0.001169 -0.002200 -0.000872 
0.001705 -0.002007 -0.000762 
0.000416 -0.002093 -0.000863 
0.001920 -0.001953 -0.000802 
0.001662 -0.002019 -0.000764 
0.000505 -0.002098 -0.000852 
0.000227 -0.001943 -0.000774 
0.000834 -0.002198 -0.000876 
0.001034 -0.002135 -0.000822 
0.000928 -0.002159 -0.000849 
0.000598 -0.002106 -0.000841 
0.000333 -0.002030 -0.000837 
0.001875 -0.001991 -0.000825 
0.000388 -0.002042 -0.000831 
0.000269 -0.001981 -0.000809 
0.001169 -0.002209 -0.000876 
0.000251 -0.001984 -0.000820 
0.001149 -0.002210 -0.000876 
0.000326 -0.002009 -0.000818 
0.001155 -0.002213 -0.000878 
0.001157 -0.002214 -0.000878 
0.001146 -0.002236 -0.000885 
0.001139 -0.002240 -0.000885 
0.001144 -0.002232 -0.000884 
0.001680 -0.002047 -0.000817 
0.001671 -0.002059 -0.000828 
0.001694 -0.002047 -0.000822 
0.000865 -0.002155 -0.000849 
0.000898 -0.002151 -0.000844 
0.000884 -0.002143 -0.000838 
0.000795 -0.002117 -0.000820 
0.000781 -0.002115 -0.000820 
0.000800 -0.002128 -0.000832 
0.000674 -0.002194 -0.000882 
0.000689 -0.002211 -0.000885 
0.000701 -0.002179 -0.000875 
0.001942 -0.001909 -0.000710 
0.000130 -0.001884 -0.000720 
0.000128 -0.001887 -0.000739 
0.000136 -0.001944 -0.000828 
0.000120 -0.001967 -0.000852 
0.000214 -0.002003 -0.000850 
0.000111 -0.001983 -0.000864 
0.001367 -0.002142 -0.000847 
0.001394 -0.002136 -0.000846 
0.001362 -0.002127 -0.000834 
0.000125 -0.001892 -0.000758 
0.000122 -0.001899 -0.000776 
0.001331 -0.002115 -0.000817 
0.001358 -0.002110 -0.000814 
0.001618 -0.002029 -0.000759 
0.001609 -0.002036 -0.000770 
0.001653 -0.002026 -0.000775 
0.001852 -0.002010 -0.000836 
0.001829 -0.001995 -0.000811 
0.001837 -0.002011 -0.000832 
0.000105 -0.002054 -0.000888 
0.000250 -0.002115 -0.000888 
0.000569 -0.002114 -0.000852 
0.000583 -0.002098 -0.000837 
0.000555 -0.002105 -0.000848 
0.002025 -0.001949 -0.000844 
0.002018 -0.001937 -0.000830 
0.002055 -0.002022 -0.000884 
0.002046 -0.002005 -0.000878 
0.002037 -0.001991 -0.000871 
0.001090 -0.002180 -0.000861 
0.001062 -0.002163 -0.000849 
0.001065 -0.002203 -0.000873 
0.000094 -0.002012 -0.000879 
0.000103 -0.001998 -0.000873 
0.000376 -0.002002 -0.000785 
0.000391 -0.002024 -0.000811 
0.000401 -0.002006 -0.000778 
0.000742 -0.002223 -0.000886 
0.000763 -0.002235 -0.000888 
0.001763 -0.001978 -0.000727 
0.001753 -0.001992 -0.000762 
0.001810 -0.001962 -0.000727 
0.000085 -0.002028 -0.000885 
0.000298 -0.001995 -0.000813 
0.000305 -0.001990 -0.000803 
0.000276 -0.001976 -0.000798 
0.002029 -0.001976 -0.000862 
0.002012 -0.002057 -0.000887 
0.001910 -0.002052 -0.000875 
0.002022 -0.001919 -0.000814 
0.001952 -0.001948 -0.000812 
0.000360 -0.002049 -0.000845 
0.000355 -0.002070 -0.000861 
0.000384 -0.002061 -0.000849 
0.000766 -0.002194 -0.000877 
0.000798 -0.002189 -0.000873 
0.000788 -0.002178 -0.000869 
0.000908 -0.002102 -0.000783 
0.000864 -0.002095 -0.000775 
0.000882 -0.002109 -0.000798 
0.000982 -0.002218 -0.000879 
0.000991 -0.002246 -0.000887 
0.001102 -0.002253 -0.000888 
0.000811 -0.002237 -0.000887 
0.000568 -0.002160 -0.000877 
0.000601 -0.002157 -0.000873 
0.000579 -0.002146 -0.000870 
0.000594 -0.002072 -0.000805 
0.000591 -0.002089 -0.000827 
0.000616 -0.002073 -0.000799 
0.001887 -0.001938 -0.000744 
0.001823 -0.001956 -0.000718 
0.001891 -0.001946 -0.000770 
0.002017 -0.001909 -0.000798 
0.000850 -0.002078 -0.000725 
0.000820 -0.002073 -0.000714 
0.000860 -0.002084 -0.000748 
0.001127 -0.002146 -0.000835 
0.001104 -0.002138 -0.000826 
0.001111 -0.002152 -0.000840 
0.000248 -0.001934 -0.000720 
0.000261 -0.001952 -0.000765 
0.000271 -0.001967 -0.000787 
0.000273 -0.001957 -0.000766 
0.001165 -0.002092 -0.000751 
0.001154 -0.002086 -0.000722 
0.001077 -0.002087 -0.000719 
0.001486 -0.002100 -0.000827 
0.001507 -0.002087 -0.000817 
0.001474 -0.002089 -0.000811 
0.000460 -0.002148 -0.000881 
0.000474 -0.002178 -0.000888 
0.000552 -0.002202 -0.000888 
0.000142 -0.001933 -0.000813 
0.001375 -0.002070 -0.000739 
0.001359 -0.002067 -0.000711 
0.001337 -0.002071 -0.000719 
0.001486 -0.002047 -0.000711 
0.001845 -0.002126 -0.000888 
0.001496 -0.002141 -0.000861 
0.001488 -0.002155 -0.000868 
0.001524 -0.002143 -0.000865 
0.000777 -0.002068 -0.000713 
0.000768 -0.002074 -0.000747 
0.000801 -0.002073 -0.000725 
0.000978 -0.002157 -0.000845 
0.001011 -0.002144 -0.000833 
0.000962 -0.002146 -0.000837 
0.001319 -0.002215 -0.000882 
0.001347 -0.002234 -0.000887 
0.001444 -0.002230 -0.000889 
0.001239 -0.002183 -0.000866 
0.001209 -0.002199 -0.000873 
0.001252 -0.002201 -0.000875 
0.001728 -0.002059 -0.000843 
0.001744 -0.002067 -0.000852 
0.001757 -0.002037 -0.000831 
0.001950 -0.001990 -0.000850 
0.000330 -0.002110 -0.000881 
0.000270 -0.002123 -0.000888 
0.000324 -0.002137 -0.000888 
0.000990 -0.002118 -0.000802 
0.001010 -0.002122 -0.000808 
0.001004 -0.002108 -0.000784 
0.001089 -0.002117 -0.000799 
0.001062 -0.002115 -0.000795 
0.001093 -0.002131 -0.000818 
0.001133 -0.002179 -0.000861 
0.001109 -0.002170 -0.000854 
0.001368 -0.002093 -0.000793 
0.001369 -0.002084 -0.000775 
0.001330 -0.002090 -0.000778 
0.001520 -0.002078 -0.000808 
0.001532 -0.002088 -0.000823 
0.001287 -0.002085 -0.000756 
0.001326 -0.002073 -0.000725 
0.001282 -0.002077 -0.000722 
0.000583 -0.002065 -0.000798 
0.000558 -0.002081 -0.000826 
0.000288 -0.002047 -0.000860 
0.000323 -0.002068 -0.000865 
0.000296 -0.002037 -0.000852 
0.001544 -0.002109 -0.000846 
0.001537 -0.002095 -0.000832 
0.001525 -0.002113 -0.000846 
0.001669 -0.002038 -0.000802 
0.001663 -0.002028 -0.000782 
0.001650 -0.002045 -0.000805 
0.001913 -0.002003 -0.000848 
0.001911 -0.001978 -0.000827 
0.001738 -0.002108 -0.000874 
0.001768 -0.002113 -0.000879 
0.001744 -0.002095 -0.000869 
0.001668 -0.002149 -0.000882 
0.001699 -0.002166 -0.000887 
0.001792 -0.002146 -0.000888 
0.001591 -0.002073 -0.000821 
0.001599 -0.002090 -0.000840 
0.001633 -0.002071 -0.000830 
0.000576 -0.002133 -0.000863 
0.000605 -0.002124 -0.000854 
0.000807 -0.002103 -0.000799 
0.000815 -0.002090 -0.000775 
0.000784 -0.002091 -0.000784 
0.000650 -0.002048 -0.000713 
0.000595 -0.002038 -0.000722 
0.000689 -0.002061 -0.000744 
0.000817 -0.002150 -0.000849 
0.000802 -0.002149 -0.000849 
0.001546 -0.002162 -0.000876 
0.001567 -0.002150 -0.000873 
0.001539 -0.002145 -0.000868 
0.001783 -0.002120 -0.000883 
0.001814 -0.002139 -0.000889 
0.001116 -0.002231 -0.000883 
0.001125 -0.002262 -0.000889 
0.001076 -0.002136 -0.000823 
0.000685 -0.002102 -0.000821 
0.000715 -0.002100 -0.000813 
0.000694 -0.002087 -0.000799 
0.000746 -0.002201 -0.000880 
0.000713 -0.002217 -0.000886 
0.001523 -0.002186 -0.000883 
0.001529 -0.002177 -0.000880 
0.001477 -0.002195 -0.000883 
0.001443 -0.002086 -0.000800 
0.001464 -0.002076 -0.000788 
0.001184 -0.002191 -0.000868 
0.001184 -0.002177 -0.000861 
0.001170 -0.002186 -0.000865 
0.001463 -0.002191 -0.000881 
0.001469 -0.002181 -0.000878 
0.001608 -0.002053 -0.000800 
0.001573 -0.002070 -0.000812 
0.001619 -0.002017 -0.000708 
0.001742 -0.001982 -0.000708 
0.001184 -0.002227 -0.000883 
0.001205 -0.002212 -0.000878 
0.001168 -0.002221 -0.000881 
0.001178 -0.002156 -0.000846 
0.001191 -0.002160 -0.000849 
0.000459 -0.002064 -0.000833 
0.000495 -0.002063 -0.000823 
0.000471 -0.002052 -0.000817 
0.000365 -0.001988 -0.000764 
0.000356 -0.002004 -0.000800 
0.001708 -0.002061 -0.000839 
0.001723 -0.002033 -0.000815 
0.001829 -0.001970 -0.000771 
0.001807 -0.001985 -0.000785 
0.001836 -0.001980 -0.000794 
0.000141 -0.001914 -0.000788 
0.000229 -0.001959 -0.000800 
0.000240 -0.002041 -0.000867 
0.000212 -0.002026 -0.000865 
0.000225 -0.002046 -0.000872 
0.001013 -0.002098 -0.000763 
0.001037 -0.002103 -0.000772 
0.001026 -0.002092 -0.000744 
0.000811 -0.002079 -0.000748 
0.000842 -0.002135 -0.000834 
0.000825 -0.002127 -0.000828 
0.000832 -0.002138 -0.000838 
0.000780 -0.002158 -0.000857 
0.000763 -0.002134 -0.000842 
0.000349 -0.002101 -0.000876 
0.000381 -0.002102 -0.000873 
0.000347 -0.002081 -0.000868 
0.000578 -0.002202 -0.000888 
0.000602 -0.002197 -0.000886 
0.001254 -0.002095 -0.000772 
0.001299 -0.002092 -0.000775 
0.001069 -0.002094 -0.000751 
0.001058 -0.002088 -0.000722 
0.001550 -0.002084 -0.000823 
0.001582 -0.002043 -0.000772 
0.001617 -0.002043 -0.000788 
0.001500 -0.002171 -0.000876 
0.001546 -0.002131 -0.000861 
0.001558 -0.002111 -0.000849 
0.000993 -0.002095 -0.000757 
0.000881 -0.002121 -0.000814 
0.000836 -0.002112 -0.000808 
0.001817 -0.002036 -0.000847 
0.001795 -0.002060 -0.000859 
0.001841 -0.002054 -0.000864 
0.001779 -0.002014 -0.000813 
0.001793 -0.001995 -0.000794 
0.001757 -0.002012 -0.000801 
0.002012 -0.001900 -0.000780 
0.001868 -0.002009 -0.000840 
0.001859 -0.001992 -0.000821 
0.000284 -0.001996 -0.000821 
0.000313 -0.002011 -0.000825 
0.000216 -0.002055 -0.000877 
0.000906 -0.002081 -0.000713 
0.001034 -0.002086 -0.000713 
0.001049 -0.002132 -0.000819 
0.001044 -0.002120 -0.000803 
0.001029 -0.002122 -0.000807 
0.001227 -0.002147 -0.000840 
0.001235 -0.002167 -0.000856 
0.001219 -0.002100 -0.000778 
0.001231 -0.002109 -0.000795 
0.001309 -0.002113 -0.000811 
0.001297 -0.002102 -0.000793 
0.001278 -0.002114 -0.000809 
0.001420 -0.002080 -0.000783 
0.001430 -0.002093 -0.000807 
0.000470 -0.002007 -0.000719 
0.000347 -0.001970 -0.000719 
0.000412 -0.002047 -0.000830 
0.000426 -0.002039 -0.000817 
0.000403 -0.002034 -0.000819 
0.000296 -0.002087 -0.000878 
0.000377 -0.002031 -0.000825 
0.001609 -0.002127 -0.000866 
0.001601 -0.002111 -0.000856 
0.001567 -0.002064 -0.000803 
0.001575 -0.002050 -0.000783 
0.001552 -0.002063 -0.000795 
0.001793 -0.002019 -0.000825 
0.001864 -0.002057 -0.000869 
0.001843 -0.002083 -0.000877 
0.001836 -0.002101 -0.000882 
0.001773 -0.002070 -0.000860 
0.001797 -0.002089 -0.000874 
0.000649 -0.002069 -0.000782 
0.000678 -0.002069 -0.000772 
0.000750 -0.002095 -0.000799 
0.000737 -0.002100 -0.000809 
0.000763 -0.002110 -0.000817 
0.000842 -0.002083 -0.000750 
0.000872 -0.002090 -0.000761 
0.001678 -0.002090 -0.000855 
0.001700 -0.002074 -0.000848 
0.001664 -0.002074 -0.000840 
0.001413 -0.002172 -0.000870 
0.001376 -0.002167 -0.000865 
0.001389 -0.002189 -0.000876 
0.001427 -0.002125 -0.000841 
0.001429 -0.002152 -0.000861 
0.001456 -0.002125 -0.000845 
0.001267 -0.002124 -0.000820 
0.001255 -0.002112 -0.000803 
0.001343 -0.002156 -0.000856 
0.002008 -0.001893 -0.000763 
0.001813 -0.001968 -0.000753 
0.000734 -0.002075 -0.000763 
0.000757 -0.002083 -0.000775 
0.000554 -0.002035 -0.000749 
0.000566 -0.002031 -0.000720 
0.000545 -0.002026 -0.000719 
0.000223 -0.001930 -0.000746 
0.000286 -0.001948 -0.000717 
0.000264 -0.001971 -0.000798 
0.000456 -0.002027 -0.000788 
0.000439 -0.002009 -0.000759 
0.000288 -0.001956 -0.000749 
0.000313 -0.001958 -0.000723 
0.000982 -0.002172 -0.000856 
0.001032 -0.002169 -0.000853 
0.000795 -0.002210 -0.000881 
0.000816 -0.002193 -0.000874 
0.001473 -0.002062 -0.000764 
0.001455 -0.002058 -0.000742 
0.001414 -0.002068 -0.000753 
0.001544 -0.002044 -0.000753 
0.001537 -0.002050 -0.000764 
0.001567 -0.002043 -0.000764 
0.001907 -0.002024 -0.000860 
0.001813 -0.002096 -0.000878 
0.001308 -0.002157 -0.000854 
0.001303 -0.002142 -0.000842 
0.001276 -0.002167 -0.000859 
0.001220 -0.002118 -0.000808 
0.000266 -0.002078 -0.000878 
0.000284 -0.002070 -0.000873 
0.000257 -0.002088 -0.000882 
0.000245 -0.002070 -0.000878 
0.000956 -0.002137 -0.000828 
0.000961 -0.002126 -0.000814 
0.000922 -0.002127 -0.000819 
0.001038 -0.002149 -0.000837 
0.001043 -0.002163 -0.000849 
0.001153 -0.002167 -0.000853 
0.001152 -0.002186 -0.000865 
0.001158 -0.002124 -0.000811 
0.001152 -0.002137 -0.000826 
0.001190 -0.002127 -0.000817 
0.001529 -0.002062 -0.000785 
0.001504 -0.002062 -0.000778 
0.001421 -0.002112 -0.000827 
0.000458 -0.002010 -0.000748 
0.000527 -0.002062 -0.000812 
0.000517 -0.002069 -0.000823 
0.000538 -0.002080 -0.000830 
0.000633 -0.002200 -0.000885 
0.000657 -0.002201 -0.000884 
0.000625 -0.002116 -0.000845 
0.000633 -0.002107 -0.000836 
0.000606 -0.002097 -0.000832 
0.000857 -0.002180 -0.000866 
0.000849 -0.002168 -0.000859 
0.000827 -0.002185 -0.000870 
0.000805 -0.002114 -0.000816 
0.001524 -0.002210 -0.000888 
0.001631 -0.002143 -0.000876 
0.001665 -0.002103 -0.000861 
0.001701 -0.002104 -0.000867 
0.001724 -0.002122 -0.000878 
0.001113 -0.002211 -0.000876 
0.000954 -0.002198 -0.000872 
0.001015 -0.002135 -0.000823 
0.001030 -0.002144 -0.000832 
0.001068 -0.002144 -0.000832 
0.000748 -0.002162 -0.000863 
0.000729 -0.002168 -0.000867 
0.000713 -0.002153 -0.000860 
0.001471 -0.002168 -0.000873 
0.001428 -0.002164 -0.000867 
0.001458 -0.002164 -0.000870 
0.001167 -0.002251 -0.000888 
0.001316 -0.002184 -0.000870 
0.001442 -0.002186 -0.000878 
0.001384 -0.002196 -0.000879 
0.001287 -0.002201 -0.000876 
0.001723 -0.002016 -0.000792 
0.001738 -0.002001 -0.000772 
0.001618 -0.002023 -0.000739 
0.001574 -0.002030 -0.000722 
0.001152 -0.002225 -0.000882 
0.001157 -0.002222 -0.000881 
0.001163 -0.002212 -0.000877 
0.001120 -0.002222 -0.000880 
0.001140 -0.002210 -0.000876 
0.001159 -0.002150 -0.000840 
0.001119 -0.002227 -0.000882 
0.001142 -0.002236 -0.000885 
0.001683 -0.002013 -0.000763 
0.001683 -0.002006 -0.000744 
0.001662 -0.002013 -0.000745 
0.001786 -0.001985 -0.000771 
0.000244 -0.002019 -0.000853 
0.000258 -0.002038 -0.000861 
0.000229 -0.001999 -0.000843 
0.000822 -0.002085 -0.000761 
0.000846 -0.002094 -0.000777 
0.000946 -0.002090 -0.000747 
0.000460 -0.002096 -0.000858 
0.000460 -0.002113 -0.000868 
0.000505 -0.002115 -0.000863 
0.000534 -0.002105 -0.000851 
0.000548 -0.002089 -0.000836 
0.000521 -0.002152 -0.000878 
0.000444 -0.002129 -0.000876 
0.001191 -0.002096 -0.000764 
0.001168 -0.002108 -0.000788 
0.001104 -0.002109 -0.000786 
0.001073 -0.002098 -0.000762 
0.001114 -0.002098 -0.000762 
0.001544 -0.002036 -0.000722 
0.001489 -0.002125 -0.000849 
0.000239 -0.002001 -0.000841 
0.000256 -0.001999 -0.000834 
0.001054 -0.002099 -0.000764 
0.001041 -0.002108 -0.000783 
0.001130 -0.002116 -0.000799 
0.001214 -0.002131 -0.000823 
0.001257 -0.002136 -0.000832 
0.001398 -0.002102 -0.000812 
0.001342 -0.002078 -0.000753 
0.001380 -0.002080 -0.000770 
0.000466 -0.002038 -0.000800 
0.000521 -0.002037 -0.000775 
0.000501 -0.002039 -0.000788 
0.000526 -0.002049 -0.000793 
0.000400 -0.002107 -0.000873 
0.000397 -0.002088 -0.000863 
0.000316 -0.002034 -0.000846 
0.000281 -0.002014 -0.000839 
0.001790 -0.002106 -0.000879 
0.000696 -0.002138 -0.000852 
0.000723 -0.002129 -0.000842 
0.000653 -0.002151 -0.000865 
0.000632 -0.002135 -0.000858 
0.000632 -0.002160 -0.000871 
0.001641 -0.002057 -0.000817 
0.001635 -0.002045 -0.000798 
0.001649 -0.002073 -0.000836 
0.000728 -0.002116 -0.000829 
0.000768 -0.002122 -0.000829 
0.000745 -0.002129 -0.000839 
0.000669 -0.002170 -0.000873 
0.000669 -0.002145 -0.000860 
0.000622 -0.002174 -0.000878 
0.001934 -0.001959 -0.000816 
0.001898 -0.001971 -0.000814 
0.001850 -0.001978 -0.000798 
0.000639 -0.002088 -0.000815 
0.000659 -0.002106 -0.000830 
0.000582 -0.002053 -0.000778 
0.000547 -0.002058 -0.000800 
0.000737 -0.002189 -0.000877 
0.001866 -0.001976 -0.000803 
0.000782 -0.002240 -0.000888 
0.000564 -0.002171 -0.000881 
0.000543 -0.002160 -0.000879 
0.000505 -0.002083 -0.000839 
0.000522 -0.002110 -0.000857 
0.000516 -0.002093 -0.000846 
0.001402 -0.002073 -0.000762 
0.001703 -0.002019 -0.000788 
0.001057 -0.002136 -0.000823 
0.000679 -0.002121 -0.000841 
0.001179 -0.002208 -0.000876 
0.001193 -0.002194 -0.000870 
0.000402 -0.002066 -0.000849 
0.000426 -0.002071 -0.000847 
0.000522 -0.002128 -0.000867 
0.000514 -0.002029 -0.000759 
0.000349 -0.001978 -0.000751 
0.000937 -0.002097 -0.000768 
0.000955 -0.002110 -0.000792 
0.000641 -0.002073 -0.000792 
0.001312 -0.002130 -0.000831 
0.001281 -0.002139 -0.000837 
0.001841 -0.001962 -0.000763 
0.001908 -0.001948 -0.000787 
0.000603 -0.002047 -0.000752 
0.000625 -0.002056 -0.000764 
0.000596 -0.002049 -0.000762 
0.000560 -0.002043 -0.000765 
0.000206 -0.001929 -0.000761 
0.000299 -0.001969 -0.000771 
0.000330 -0.001978 -0.000767 
0.000314 -0.001981 -0.000784 
0.000842 -0.002212 -0.000880 
0.000852 -0.002204 -0.000877 
0.000875 -0.002185 -0.000868 
0.001041 -0.002139 -0.000827 
0.000904 -0.002161 -0.000851 
0.000922 -0.002149 -0.000840 
0.000540 -0.002037 -0.000764 
0.000876 -0.002132 -0.000828 
0.000835 -0.002159 -0.000854 
0.001449 -0.002200 -0.000883 
0.001449 -0.002223 -0.000888 
0.001471 -0.002228 -0.000889 
0.001422 -0.002202 -0.000882 
0.000544 -0.002135 -0.000868 
0.000525 -0.002141 -0.000873 
0.000900 -0.002183 -0.000866 
0.000330 -0.002019 -0.000828 
0.000316 -0.002021 -0.000834 
0.000360 -0.002036 -0.000834 
0.000332 -0.002043 -0.000848 
0.000243 -0.001952 -0.000780 
0.000244 -0.001943 -0.000759 
0.000240 -0.001981 -0.000822 
0.001692 -0.002027 -0.000795 
0.001179 -0.002203 -0.000874 
0.001151 -0.002200 -0.000872 
0.001693 -0.002013 -0.000771 
0.000449 -0.002084 -0.000852 
0.001939 -0.001943 -0.000797 
0.001889 -0.001958 -0.000791 
0.001672 -0.002020 -0.000771 
0.000494 -0.002087 -0.000845 
0.000245 -0.001970 -0.000806 
0.000824 -0.002206 -0.000879 
0.000346 -0.002015 -0.000818 
0.000336 -0.001998 -0.000800 
0.000349 -0.002025 -0.000827 
0.000260 -0.001982 -0.000815 
0.000255 -0.001972 -0.000804 
0.000275 -0.001998 -0.000826 
0.001169 -0.002204 -0.000874 
0.001159 -0.002205 -0.000874 
0.001141 -0.002205 -0.000874 
0.001162 -0.002206 -0.000875 
0.001152 -0.002212 -0.000877 
0.001149 -0.002215 -0.000878 
0.001163 -0.002207 -0.000875 
0.001156 -0.002214 -0.000878 
0.001151 -0.002217 -0.000879 
0.001152 -0.002218 -0.000879 
0.001147 -0.002228 -0.000883 
0.001129 -0.002260 -0.000889 
0.001143 -0.002238 -0.000885 
0.001145 -0.002234 -0.000884 
0.001146 -0.002226 -0.000882 
0.001681 -0.002051 -0.000822 
0.000882 -0.002149 -0.000844 
0.000792 -0.002120 -0.000824 
0.000688 -0.002194 -0.000881 
0.001981 -0.001891 -0.000704 
0.000110 -0.001875 -0.000723 
0.000157 -0.001971 -0.000844 
0.000089 -0.001956 -0.000854 
0.001374 -0.002135 -0.000842 
0.000108 -0.001880 -0.000748 
0.000103 -0.001889 -0.000773 
0.001350 -0.002117 -0.000822 
0.001627 -0.002030 -0.000768 
0.001839 -0.002005 -0.000827 
0.000157 -0.002088 -0.000889 
0.000569 -0.002105 -0.000846 
0.002046 -0.001935 -0.000840 
0.002083 -0.002013 -0.000885 
0.002071 -0.001992 -0.000877 
0.001073 -0.002182 -0.000862 
0.000067 -0.001996 -0.000878 
0.000390 -0.002010 -0.000792 
0.000745 -0.002236 -0.000889 
0.001775 -0.001977 -0.000739 
0.000054 -0.002017 -0.000885 
0.000293 -0.001987 -0.000805 
0.002059 -0.001971 -0.000867 
0.001993 -0.002044 -0.000883 
0.001997 -0.001934 -0.000819 
0.000367 -0.002060 -0.000852 
0.000784 -0.002187 -0.000873 
0.000885 -0.002102 -0.000785 
0.001025 -0.002240 -0.000885 
0.000911 -0.002256 -0.000889 
0.000583 -0.002154 -0.000873 
0.000600 -0.002078 -0.000811 
0.001867 -0.001946 -0.000744 
0.002040 -0.001907 -0.000810 
0.000844 -0.002078 -0.000729 
0.001114 -0.002145 -0.000834 
0.000189 -0.001909 -0.000710 
0.000268 -0.001958 -0.000773 
0.001132 -0.002088 -0.000731 
0.001489 -0.002092 -0.000819 
0.000495 -0.002176 -0.000886 
0.000109 -0.001924 -0.000820 
0.001357 -0.002069 -0.000723 
0.001432 -0.002056 -0.000704 
0.001951 -0.002096 -0.000889 
0.001503 -0.002146 -0.000865 
0.000782 -0.002071 -0.000728 
0.000984 -0.002149 -0.000838 
0.001370 -0.002227 -0.000887 
0.001234 -0.002194 -0.000871 
0.001743 -0.002054 -0.000842 
0.002001 -0.001972 -0.000852 
0.000078 -0.001976 -0.000868 
0.000308 -0.002123 -0.000886 
0.001001 -0.002116 -0.000798 
0.001081 -0.002121 -0.000804 
0.001118 -0.002167 -0.000852 
0.001356 -0.002089 -0.000782 
0.001519 -0.002084 -0.000816 
0.001298 -0.002078 -0.000735 
0.000579 -0.002072 -0.000810 
0.000303 -0.002050 -0.000859 
0.001535 -0.002106 -0.000841 
0.001661 -0.002037 -0.000797 
0.001925 -0.001990 -0.000842 
0.001750 -0.002105 -0.000874 
0.001720 -0.002154 -0.000886 
0.001608 -0.002078 -0.000830 
0.000583 -0.002124 -0.000857 
0.000802 -0.002094 -0.000786 
0.000645 -0.002049 -0.000726 
0.000806 -0.002142 -0.000844 
0.001550 -0.002152 -0.000873 
0.001797 -0.002135 -0.000887 
0.001115 -0.002249 -0.000887 
0.001091 -0.002135 -0.000822 
0.000698 -0.002096 -0.000811 
0.000734 -0.002214 -0.000884 
0.001509 -0.002186 -0.000882 
0.001460 -0.002083 -0.000800 
0.001179 -0.002185 -0.000865 
0.001470 -0.002189 -0.000881 
0.001590 -0.002065 -0.000811 
0.001687 -0.001998 -0.000702 
0.001186 -0.002220 -0.000880 
0.001184 -0.002164 -0.000852 
0.000475 -0.002060 -0.000824 
0.000366 -0.001997 -0.000783 
0.001720 -0.002050 -0.000833 
0.001824 -0.001978 -0.000783 
0.000171 -0.001935 -0.000801 
0.000226 -0.002038 -0.000868 
0.001025 -0.002097 -0.000760 
0.000811 -0.002074 -0.000729 
0.000833 -0.002133 -0.000833 
0.000782 -0.002147 -0.000850 
0.000359 -0.002095 -0.000873 
0.000590 -0.002209 -0.000888 
0.001280 -0.002091 -0.000768 
0.001068 -0.002089 -0.000731 
0.001540 -0.002089 -0.000826 
0.001603 -0.002040 -0.000777 
0.001525 -0.002170 -0.000878 
0.001549 -0.002117 -0.000852 
0.001003 -0.002100 -0.000768 
0.000866 -0.002114 -0.000807 
0.001817 -0.002050 -0.000857 
0.001776 -0.002007 -0.000803 
0.002033 -0.001895 -0.000788 
0.001860 -0.002004 -0.000832 
0.000298 -0.002001 -0.000820 
0.000136 -0.002046 -0.000884 
0.000959 -0.002083 -0.000705 
0.001041 -0.002124 -0.000810 
0.001217 -0.002158 -0.000849 
0.001235 -0.002101 -0.000782 
0.001295 -0.002110 -0.000805 
0.001431 -0.002086 -0.000797 
0.000417 -0.001991 -0.000710 
0.000414 -0.002040 -0.000822 
0.000325 -0.002099 -0.000879 
0.000390 -0.002030 -0.000818 
0.001592 -0.002129 -0.000866 
0.001565 -0.002059 -0.000794 
0.001816 -0.002022 -0.000835 
0.001849 -0.002065 -0.000870 
0.001832 -0.002122 -0.000887 
0.001788 -0.002073 -0.000864 
0.000696 -0.002220 -0.000887 
0.000674 -0.002075 -0.000785 
0.000750 -0.002102 -0.000809 
0.000858 -0.002086 -0.000753 
0.001586 -0.002104 -0.000849 
0.001680 -0.002079 -0.000848 
0.001393 -0.002176 -0.000871 
0.001437 -0.002134 -0.000849 
0.001267 -0.002117 -0.000811 
0.001362 -0.002155 -0.000856 
0.001946 -0.001913 -0.000739 
0.001815 -0.001962 -0.000733 
0.000753 -0.002077 -0.000762 
0.000555 -0.002030 -0.000730 
0.000253 -0.001937 -0.000728 
0.000271 -0.001971 -0.000794 
0.000432 -0.002014 -0.000775 
0.000296 -0.001953 -0.000730 
0.000997 -0.002166 -0.000852 
0.000803 -0.002197 -0.000876 
0.001447 -0.002063 -0.000753 
0.001549 -0.002046 -0.000761 
0.001894 -0.002044 -0.000869 
0.001830 -0.002093 -0.000879 
0.001296 -0.002155 -0.000852 
0.001235 -0.002113 -0.000802 
0.000282 -0.002078 -0.000876 
0.000256 -0.002079 -0.000880 
0.000946 -0.002130 -0.000820 
0.001038 -0.002160 -0.000847 
0.001146 -0.002177 -0.000860 
0.001167 -0.002129 -0.000818 
0.001517 -0.002067 -0.000790 
0.001414 -0.002124 -0.000838 
0.000491 -0.002015 -0.000729 
0.000527 -0.002071 -0.000822 
0.000643 -0.002208 -0.000887 
0.000621 -0.002107 -0.000838 
0.000844 -0.002178 -0.000865 
0.000808 -0.002119 -0.000821 
0.001624 -0.002198 -0.000889 
0.001635 -0.002124 -0.000868 
0.001681 -0.002099 -0.000861 
0.001675 -0.002138 -0.000879 
0.001104 -0.002187 -0.000865 
0.001000 -0.002207 -0.000875 
0.001019 -0.002141 -0.000829 
0.001058 -0.002157 -0.000844 
0.000772 -0.002166 -0.000863 
0.000714 -0.002166 -0.000868 
0.001486 -0.002165 -0.000873 
0.001438 -0.002160 -0.000866 
0.001269 -0.002254 -0.000889 
0.001322 -0.002166 -0.000860 
0.001428 -0.002174 -0.000872 
0.001330 -0.002205 -0.000879 
0.001739 -0.002009 -0.000789 
0.001604 -0.002023 -0.000723 
0.001157 -0.002220 -0.000880 
0.001124 -0.002214 -0.000878 
0.001163 -0.002158 -0.000846 
0.001125 -0.002231 -0.000883 
0.001776 -0.002023 -0.000823 
0.001676 -0.002011 -0.000751 
0.001729 -0.001989 -0.000726 
0.001795 -0.001988 -0.000784 
0.000248 -0.002032 -0.000860 
0.000218 -0.002009 -0.000853 
0.000827 -0.002090 -0.000771 
0.000901 -0.002083 -0.000728 
0.000403 -0.002171 -0.000889 
0.000475 -0.002108 -0.000863 
0.000546 -0.002100 -0.000845 
0.000475 -0.002143 -0.000879 
0.001210 -0.002082 -0.000712 
0.001193 -0.002101 -0.000777 
0.001089 -0.002108 -0.000783 
0.001157 -0.002095 -0.000759 
0.001564 -0.002072 -0.000813 
0.001539 -0.002058 -0.000782 
0.001554 -0.002036 -0.000733 
0.001575 -0.002045 -0.000773 
0.001503 -0.002126 -0.000852 
0.001536 -0.002139 -0.000865 
0.000247 -0.002006 -0.000843 
0.000277 -0.002051 -0.000865 
0.000259 -0.002108 -0.000887 
0.000229 -0.002057 -0.000876 
0.001044 -0.002103 -0.000773 
0.001066 -0.002097 -0.000759 
0.001152 -0.002116 -0.000799 
0.001233 -0.002138 -0.000832 
0.001375 -0.002102 -0.000807 
0.001308 -0.002094 -0.000782 
0.001335 -0.002074 -0.000733 
0.001364 -0.002080 -0.000766 
0.000450 -0.002035 -0.000802 
0.000516 -0.002042 -0.000785 
0.000393 -0.002099 -0.000870 
0.000479 -0.002043 -0.000802 
0.000298 -0.002028 -0.000846 
0.000342 -0.002073 -0.000865 
0.001800 -0.002097 -0.000877 
0.001780 -0.002113 -0.000880 
0.000711 -0.002140 -0.000852 
0.000639 -0.002148 -0.000865 
0.001642 -0.002049 -0.000807 
0.001661 -0.002069 -0.000835 
0.000726 -0.002105 -0.000817 
0.000759 -0.002128 -0.000837 
0.000664 -0.002155 -0.000866 
0.000618 -0.002164 -0.000874 
0.001914 -0.001969 -0.000819 
0.001838 -0.001984 -0.000801 
0.000644 -0.002100 -0.000827 
0.000571 -0.002059 -0.000792 
0.000738 -0.002173 -0.000869 
0.000667 -0.002188 -0.000880 
0.002028 -0.001885 -0.000764 
0.001858 -0.001982 -0.000808 
0.000750 -0.002195 -0.000878 
0.000780 -0.002228 -0.000886 
0.000559 -0.002164 -0.000879 
0.000619 -0.002191 -0.000883 
0.000505 -0.002071 -0.000829 
0.000524 -0.002103 -0.000852 
0.001146 -0.002144 -0.000834 
0.001116 -0.002107 -0.000783 
0.001385 -0.002074 -0.000757 
0.001495 -0.002047 -0.000725 
0.001716 -0.002023 -0.000799 
0.001633 -0.002021 -0.000748 
0.001049 -0.002114 -0.000794 
0.001067 -0.002138 -0.000826 
0.000681 -0.002135 -0.000851 
0.000732 -0.002125 -0.000837 
0.001417 -0.002102 -0.000815 
0.001477 -0.002116 -0.000841 
0.001168 -0.002217 -0.000879 
0.001203 -0.002201 -0.000874 
0.001641 -0.002067 -0.000828 
0.001620 -0.002047 -0.000795 
0.000413 -0.002061 -0.000842 
0.000517 -0.002118 -0.000862 
0.000471 -0.002016 -0.000755 
0.000337 -0.001968 -0.000731 
0.000934 -0.002103 -0.000781 
0.001039 -0.002088 -0.000726 
0.000632 -0.002078 -0.000802 
0.000675 -0.002109 -0.000831 
0.001299 -0.002137 -0.000837 
0.001318 -0.002119 -0.000820 
0.001828 -0.001966 -0.000762 
0.001880 -0.001952 -0.000773 
0.000588 -0.002038 -0.000732 
0.000639 -0.002066 -0.000779 
0.000579 -0.002048 -0.000768 
0.000608 -0.002051 -0.000759 
0.000157 -0.001914 -0.000775 
0.000287 -0.001960 -0.000762 
0.000315 -0.001976 -0.000774 
0.000348 -0.001981 -0.000761 
0.000812 -0.002229 -0.000886 
0.000861 -0.002190 -0.000871 
0.001208 -0.002125 -0.000816 
0.001268 -0.002133 -0.000830 
0.001049 -0.002135 -0.000823 
0.000908 -0.002153 -0.000845 
0.000525 -0.002035 -0.000766 
0.000551 -0.002038 -0.000759 
0.000893 -0.002127 -0.000820 
0.000828 -0.002149 -0.000847 
0.001721 -0.002111 -0.000873 
0.001754 -0.002077 -0.000860 
0.001456 -0.002217 -0.000887 
0.001466 -0.002171 -0.000874 
0.001250 -0.002172 -0.000860 
0.001285 -0.002195 -0.000874 
0.001438 -0.002218 -0.000887 
0.001398 -0.002196 -0.000879 
0.000530 -0.002135 -0.000869 
0.000566 -0.002138 -0.000867 
0.000565 -0.002192 -0.000886 
0.000530 -0.002151 -0.000877 
0.000850 -0.002160 -0.000854 
0.000893 -0.002176 -0.000862 
0.000764 -0.002090 -0.000786 
0.000770 -0.002116 -0.000822 
0.000320 -0.002017 -0.000829 
0.000351 -0.002042 -0.000843 
0.000533 -0.002056 -0.000802 
0.000548 -0.002084 -0.000830 
0.000249 -0.001949 -0.000768 
0.000236 -0.001994 -0.000836 
0.000703 -0.002056 -0.000705 
0.000700 -0.002068 -0.000760 
0.001451 -0.002192 -0.000881 
0.001506 -0.002208 -0.000887 
0.000867 -0.002137 -0.000833 
0.000816 -0.002109 -0.000808 
0.000959 -0.002094 -0.000757 
0.000969 -0.002118 -0.000803 
0.001480 -0.002067 -0.000777 
0.001412 -0.002074 -0.000766 
0.000825 -0.002082 -0.000753 
0.000861 -0.002093 -0.000771 
0.001680 -0.002037 -0.000805 
0.001700 -0.002060 -0.000837 
0.001185 -0.002196 -0.000871 
0.001158 -0.002191 -0.000868 
0.001696 -0.002020 -0.000785 
0.001759 -0.001992 -0.000768 
0.000434 -0.002116 -0.000872 
0.000445 -0.002073 -0.000844 
0.001942 -0.001950 -0.000808 
0.001912 -0.001950 -0.000792 
0.001663 -0.002025 -0.000776 
0.001683 -0.002015 -0.000768 
0.000505 -0.002088 -0.000844 
0.000468 -0.002089 -0.000852 
0.000239 -0.001960 -0.000796 
0.000225 -0.001934 -0.000755 
0.000822 -0.002195 -0.000875 
0.000839 -0.002207 -0.000879 
0.001018 -0.002126 -0.000813 
0.001037 -0.002144 -0.000832 
0.000945 -0.002184 -0.000865 
0.000947 -0.002144 -0.000835 
0.000621 -0.002125 -0.000852 
0.000593 -0.002095 -0.000832 
0.000346 -0.002006 -0.000806 
0.000321 -0.002033 -0.000843 
0.001896 -0.002012 -0.000850 
0.001884 -0.001968 -0.000803 
0.000362 -0.002031 -0.000829 
0.000395 -0.002072 -0.000854 
0.000260 -0.001975 -0.000806 
0.000271 -0.002004 -0.000833 
0.001176 -0.002205 -0.000875 
0.001150 -0.002203 -0.000873 
0.000273 -0.001992 -0.000821 
0.000247 -0.001974 -0.000811 
0.001158 -0.002208 -0.000875 
0.001143 -0.002210 -0.000876 
0.000342 -0.002020 -0.000824 
0.000319 -0.001989 -0.000796 
0.001161 -0.002209 -0.000876 
0.001151 -0.002215 -0.000878 
0.001165 -0.002208 -0.000876 
0.001153 -0.002216 -0.000879 
0.001150 -0.002224 -0.000881 
0.001160 -0.002246 -0.000887 
0.001132 -0.002253 -0.000888 
0.001143 -0.002236 -0.000885 
0.001146 -0.002229 -0.000883 
0.001128 -0.002225 -0.000881 

249 812 248 77
247 812 249 222
248 812 247 172
252 813 251 69
250 813 252 204
251 813 250 211
255 814 254 78
253 814 255 138
254 814 253 212
258 815 257 177
256 815 258 171
257 815 256 61
259 816 32 31
34 816 259 35
32 816 34 33
261 817 16 15
260 817 261 73
16 817 260 17
264 818 263 81
262 818 264 100
263 818 262 9
265 819 8 7
263 819 265 81
8 819 263 9
268 820 267 74
266 820 268 123
267 820 266 122
269 821 14 13
261 821 269 73
14 821 261 15
12 822 269 13
270 822 12 11
269 822 270 73
272 823 268 74
271 823 272 165
268 823 271 123
275 824 274 147
273 824 275 227
274 824 273 159
278 825 277 80
276 825 278 117
277 825 276 175
280 826 68 67
279 826 280 162
68 826 279 1
283 827 282 70
281 827 283 209
282 827 281 233
285 828 42 41
284 828 285 109
42 828 284 43
287 829 48 47
286 829 287 71
48 829 286 49
288 830 46 45
287 830 288 71
46 830 287 47
291 831 290 92
289 831 291 141
290 831 289 72
4 832 293 5
292 832 4 3
293 832 292 81
296 833 295 98
294 833 296 191
295 833 294 213
298 834 58 57
297 834 298 179
58 834 297 59
301 835 300 151
299 835 301 31
300 835 299 224
2 836 292 3
302 836 2 1
292 836 302 81
305 837 304 126
303 837 305 237
304 837 303 241
306 838 44 43
288 838 306 71
44 838 288 45
308 839 286 71
307 839 308 130
286 839 307 49
285 840 310 109
309 840 285 41
310 840 309 178
313 841 312 85
311 841 313 236
312 841 311 169
316 842 315 102
314 842 316 143
315 842 314 179
319 843 318 90
317 843 319 107
318 843 317 101
322 844 321 55
320 844 322 141
321 844 320 128
56 845 323 57
321 845 56 55
323 845 321 128
326 846 325 137
324 846 326 155
325 846 324 180
329 847 328 176
327 847 329 125
328 847 327 70
332 848 331 195
330 848 332 178
331 848 330 31
333 849 40 39
309 849 333 178
40 849 309 41
336 850 335 153
334 850 336 101
335 850 334 23
339 851 338 72
337 851 339 134
338 851 337 182
18 852 340 19
260 852 18 17
340 852 260 73
343 853 342 126
341 853 343 198
342 853 341 215
346 854 345 25
344 854 346 157
345 854 344 156
349 855 348 135
347 855 349 187
348 855 347 76
352 856 351 65
350 856 352 210
351 856 350 154
10 857 353 11
262 857 10 9
353 857 262 100
356 858 355 27
354 858 356 166
355 858 354 183
355 859 28 27
357 859 355 183
28 859 357 29
50 860 358 51
307 860 50 49
358 860 307 130
361 861 360 106
359 861 361 160
360 861 359 94
364 862 363 120
362 862 364 23
363 862 362 216
367 863 366 133
365 863 367 232
366 863 365 202
370 864 369 53
368 864 370 208
369 864 368 145
373 865 372 145
371 865 373 207
372 865 371 79
376 866 375 108
374 866 376 150
375 866 374 205
306 867 377 71
284 867 306 43
377 867 284 109
6 868 265 7
293 868 6 5
265 868 293 81
380 869 379 67
378 869 380 154
379 869 378 132
383 870 382 82
381 870 383 219
382 870 381 133
386 871 385 185
384 871 386 182
385 871 384 111
388 872 339 72
387 872 388 97
339 872 387 134
391 873 390 113
389 873 391 165
390 873 389 84
393 874 348 76
392 874 393 158
348 874 392 135
396 875 395 27
394 875 396 156
395 875 394 113
398 876 397 214
327 876 398 70
397 876 327 125
401 877 400 169
399 877 401 161
400 877 399 115
404 878 403 76
402 878 404 160
403 878 402 116
407 879 406 147
405 879 407 172
406 879 405 184
409 880 377 109
408 880 409 235
377 880 408 71
412 881 411 118
410 881 412 205
411 881 410 140
415 882 414 51
413 882 415 140
414 882 413 139
418 883 417 121
416 883 418 189
417 883 416 116
420 884 419 137
281 884 420 233
419 884 281 209
423 885 422 120
421 885 423 212
422 885 421 90
426 886 425 196
424 886 426 216
425 886 424 21
428 887 255 78
427 887 428 102
255 887 427 138
431 888 430 88
429 888 431 106
430 888 429 139
433 889 415 51
432 889 433 170
415 889 432 140
435 890 322 55
434 890 435 245
322 890 434 141
338 891 436 72
386 891 338 182
436 891 386 185
439 892 438 89
437 892 439 193
438 892 437 186
441 893 440 177
297 893 441 59
440 893 297 179
444 894 443 144
442 894 444 217
443 894 442 139
446 895 349 135
445 895 446 220
349 895 445 187
449 896 448 149
447 896 449 223
448 896 447 79
451 897 444 144
450 897 451 206
444 897 450 217
453 898 452 86
416 898 453 116
452 898 416 189
30 899 455 31
454 899 30 29
455 899 454 96
458 900 457 188
456 900 458 244
457 900 456 145
460 901 448 79
459 901 460 112
448 901 459 149
463 902 462 114
461 902 463 168
462 902 461 190
465 903 464 127
294 903 465 213
464 903 294 191
467 904 374 150
466 904 467 222
374 904 466 205
470 905 469 80
468 905 470 124
469 905 468 151
472 906 353 100
471 906 472 229
353 906 471 11
475 907 474 81
473 907 475 110
474 907 473 152
478 908 477 163
476 908 478 192
477 908 476 82
364 909 335 23
479 909 364 120
335 909 479 153
482 910 481 138
480 910 482 204
481 910 480 218
484 911 428 78
483 911 484 93
428 911 483 102
487 912 486 85
485 912 487 115
486 912 485 154
489 913 64 63
488 913 489 180
64 913 488 65
491 914 490 83
394 914 491 113
490 914 394 156
493 915 346 25
492 915 493 163
346 915 492 157
403 916 393 76
494 916 403 116
393 916 494 158
496 917 495 86
274 917 496 147
495 917 274 159
497 918 429 106
443 918 497 144
429 918 443 139
499 919 498 88
402 919 499 116
498 919 402 160
476 920 383 82
500 920 476 192
383 920 500 219
502 921 319 90
501 921 502 218
319 921 501 107
505 922 504 87
503 922 505 117
504 922 503 108
508 923 507 99
506 923 508 150
507 923 506 80
509 924 38 37
333 924 509 178
38 924 333 39
276 925 511 175
510 925 276 117
511 925 510 235
513 926 512 75
303 926 513 241
512 926 303 237
302 927 514 81
279 927 302 1
514 927 279 162
24 928 516 25
515 928 24 23
516 928 515 192
519 929 518 82
517 929 519 231
518 929 517 185
521 930 460 79
520 930 521 131
460 930 520 112
490 931 523 83
522 931 490 156
523 931 522 164
526 932 525 83
524 932 526 194
525 932 524 165
528 933 527 84
445 933 528 187
527 933 445 220
530 934 20 19
529 934 530 191
20 934 529 21
533 935 532 98
531 935 533 236
532 935 531 168
534 936 485 115
378 936 534 132
485 936 378 154
295 937 533 98
535 937 295 213
533 937 535 236
430 938 537 88
536 938 430 139
537 938 536 121
540 939 539 105
538 939 540 158
539 939 538 86
541 940 278 80
503 940 541 108
278 940 503 117
543 941 505 87
542 941 543 130
505 941 542 117
358 942 433 51
544 942 358 130
433 942 544 170
504 943 546 87
545 943 504 108
546 943 545 118
441 944 60 59
257 944 441 177
60 944 257 61
548 945 439 89
547 945 548 196
439 945 547 193
551 946 550 173
549 946 551 212
550 946 549 89
336 947 553 101
552 947 336 153
553 947 552 221
499 948 417 116
537 948 499 88
417 948 537 121
556 949 555 77
554 949 556 121
555 949 554 205
559 950 558 95
557 950 559 146
558 950 557 122
562 951 561 94
560 951 562 187
561 951 560 122
564 952 526 83
563 952 564 201
526 952 563 194
558 953 565 95
266 953 558 122
565 953 266 123
259 954 566 35
330 954 259 31
566 954 330 178
301 955 331 31
567 955 301 151
331 955 567 195
363 956 569 120
568 956 363 216
569 956 568 89
572 957 571 21
570 957 572 203
571 957 570 197
340 958 574 19
573 958 340 73
574 958 573 198
342 959 305 126
575 959 342 215
305 959 575 237
577 960 576 167
296 960 577 191
576 960 296 98
574 961 579 19
578 961 574 198
579 961 578 199
365 962 581 202
580 962 365 232
581 962 580 92
315 963 583 102
582 963 315 179
583 963 582 200
586 964 585 183
584 964 586 220
585 964 584 129
589 965 588 105
587 965 589 159
588 965 587 129
590 966 308 71
542 966 590 117
308 966 542 130
591 967 543 87
544 967 591 170
543 967 544 130
594 968 593 131
592 968 594 207
593 968 592 123
523 969 564 83
595 969 523 164
564 969 595 201
597 970 534 115
596 970 597 110
534 970 596 132
599 971 596 110
598 971 599 162
596 971 598 132
602 972 601 107
600 972 602 69
601 972 600 133
604 973 581 92
603 973 604 142
581 973 603 202
606 974 387 97
605 974 606 149
387 974 605 134
609 975 608 112
607 975 609 164
608 975 607 182
392 976 611 135
610 976 392 158
611 976 610 129
267 977 612 74
560 977 267 122
612 977 560 187
529 978 572 21
613 978 529 191
572 978 613 203
616 979 615 181
614 979 616 214
615 979 614 114
618 980 62 61
617 980 618 174
62 980 617 63
621 981 620 176
619 981 621 233
620 981 619 119
624 982 623 102
622 982 624 230
623 982 622 211
481 983 253 138
625 983 481 218
253 983 625 212
52 984 626 53
414 984 52 51
626 984 414 139
628 985 627 91
536 985 628 121
627 985 536 139
629 986 628 91
554 986 629 205
628 986 554 121
627 987 630 91
413 987 627 139
630 987 413 140
388 988 631 97
289 988 388 72
631 988 289 141
632 989 291 92
320 989 632 128
291 989 320 141
634 990 366 202
633 990 634 231
366 990 633 133
290 991 604 92
635 991 290 72
604 991 635 142
316 992 636 143
483 992 316 102
636 992 483 93
258 993 638 171
637 993 258 177
638 993 637 93
360 994 497 106
639 994 360 94
497 994 639 144
561 995 641 94
640 995 561 122
641 995 640 206
54 996 642 55
369 996 54 53
642 996 369 145
565 997 643 95
592 997 565 123
643 997 592 207
644 998 557 146
640 998 644 206
557 998 640 122
646 999 645 95
368 999 646 145
645 999 368 208
648 1000 508 99
647 1000 648 224
508 1000 647 150
650 1001 454 29
649 1001 650 159
454 1001 649 96
653 1002 652 238
651 1002 653 243
652 1002 651 244
631 1003 655 97
654 1003 631 141
655 1003 654 148
656 1004 459 112
605 1004 656 134
459 1004 605 149
658 1005 434 245
657 1005 658 246
434 1005 657 141
541 1006 376 108
506 1006 541 80
376 1006 506 150
661 1007 660 96
659 1007 661 227
660 1007 659 224
660 1008 455 96
299 1008 660 224
455 1008 299 31
507 1009 662 99
469 1009 507 80
662 1009 469 151
664 1010 473 110
663 1010 664 161
473 1010 663 152
264 1011 665 100
474 1011 264 81
665 1011 474 152
667 1012 422 90
666 1012 667 221
422 1012 666 120
668 1013 334 101
515 1013 668 192
334 1013 515 23
66 1014 380 67
351 1014 66 65
380 1014 351 154
671 1015 670 103
669 1015 671 228
670 1015 669 225
673 1016 283 70
672 1016 673 181
283 1016 672 209
675 1017 674 103
350 1017 675 154
674 1017 350 210
26 1018 396 27
345 1018 26 25
396 1018 345 156
677 1019 676 104
522 1019 677 164
676 1019 522 156
384 1020 679 111
678 1020 384 182
679 1020 678 157
676 1021 680 104
344 1021 676 156
680 1021 344 157
453 1022 494 116
538 1022 453 86
494 1022 538 158
588 1023 540 105
610 1023 588 129
540 1023 610 158
681 1024 650 29
587 1024 681 129
650 1024 587 159
539 1025 589 105
495 1025 539 86
589 1025 495 159
682 1026 404 76
359 1026 682 94
404 1026 359 160
431 1027 361 106
498 1027 431 88
361 1027 498 160
684 1028 663 161
683 1028 684 239
663 1028 683 152
597 1029 664 110
399 1029 597 115
664 1029 399 161
379 1030 280 67
598 1030 379 132
280 1030 598 162
475 1031 599 110
514 1031 475 81
599 1031 514 162
686 1032 477 82
685 1032 686 111
477 1032 685 163
679 1033 685 111
492 1033 679 157
685 1033 492 163
687 1034 677 104
607 1034 687 182
677 1034 607 164
689 1035 520 131
688 1035 689 201
520 1035 688 112
690 1036 272 74
389 1036 690 84
272 1036 389 165
491 1037 391 113
525 1037 491 83
391 1037 525 165
395 1038 356 27
691 1038 395 113
356 1038 691 166
390 1039 691 113
692 1039 390 84
691 1039 692 166
532 1040 576 98
693 1040 532 168
576 1040 693 167
696 1041 695 114
694 1041 696 136
695 1041 694 167
486 1042 698 85
697 1042 486 154
698 1042 697 225
695 1043 463 114
693 1043 695 167
463 1043 693 168
700 1044 699 75
401 1044 700 161
699 1044 401 169
487 1045 400 115
312 1045 487 85
400 1045 312 169
546 1046 591 87
701 1046 546 118
591 1046 701 170
411 1047 701 118
432 1047 411 140
701 1047 432 170
703 1048 638 93
702 1048 703 186
638 1048 702 171
706 1049 705 137
704 1049 706 174
705 1049 704 119
708 1050 407 147
707 1050 708 189
407 1050 707 172
556 1051 709 121
248 1051 556 77
709 1051 248 172
438 1052 550 89
710 1052 438 186
550 1052 710 173
484 1053 712 93
711 1053 484 78
712 1053 711 173
714 1054 713 171
704 1054 714 119
713 1054 704 174
325 1055 706 137
715 1055 325 180
706 1055 715 174
717 1056 716 226
409 1056 717 235
716 1056 409 109
470 1057 718 124
277 1057 470 80
718 1057 277 175
720 1058 620 119
719 1058 720 193
620 1058 719 176
722 1059 721 136
397 1059 722 214
721 1059 397 125
636 1060 723 143
637 1060 636 93
723 1060 637 177
618 1061 713 174
256 1061 618 61
713 1061 256 171
36 1062 509 37
566 1062 36 35
509 1062 566 178
511 1063 718 175
724 1063 511 235
718 1063 724 124
723 1064 314 143
440 1064 723 177
314 1064 440 179
725 1065 298 57
582 1065 725 200
298 1065 582 179
727 1066 324 155
726 1066 727 210
324 1066 726 180
617 1067 489 63
715 1067 617 174
489 1067 715 180
462 1068 615 114
728 1068 462 190
615 1068 728 181
730 1069 672 181
729 1069 730 228
672 1069 729 209
656 1070 337 134
608 1070 656 112
337 1070 608 182
680 1071 687 104
678 1071 680 157
687 1071 678 182
692 1072 354 166
731 1072 692 84
354 1072 731 183
681 1073 585 129
357 1073 681 29
585 1073 357 183
467 1074 732 222
647 1074 467 150
732 1074 647 224
649 1075 661 96
273 1075 649 159
661 1075 273 227
686 1076 385 111
518 1076 686 82
385 1076 518 185
635 1077 733 142
436 1077 635 72
733 1077 436 185
714 1078 734 119
702 1078 714 171
734 1078 702 186
712 1079 703 93
710 1079 712 173
703 1079 710 186
690 1080 528 84
612 1080 690 74
528 1080 612 187
682 1081 562 94
347 1081 682 76
562 1081 347 187
652 1082 735 238
458 1082 652 244
735 1082 458 188
372 1083 457 145
736 1083 372 79
457 1083 736 188
709 1084 418 121
707 1084 709 172
418 1084 707 189
496 1085 708 147
452 1085 496 86
708 1085 452 189
531 1086 738 168
737 1086 531 236
738 1086 737 225
739 1087 671 103
729 1087 739 209
671 1087 729 228
740 1088 577 167
613 1088 740 203
577 1088 613 191
579 1089 530 19
741 1089 579 199
530 1089 741 191
743 1090 317 107
742 1090 743 219
317 1090 742 101
493 1091 478 163
516 1091 493 25
478 1091 516 192
329 1092 744 125
719 1092 329 176
744 1092 719 193
734 1093 720 119
437 1093 734 186
720 1093 437 193
593 1094 746 131
745 1094 593 123
746 1094 745 194
271 1095 745 123
524 1095 271 165
745 1095 524 194
468 1096 567 151
747 1096 468 124
567 1096 747 195
748 1097 747 124
332 1097 748 178
747 1097 332 195
571 1098 425 21
749 1098 571 197
425 1098 749 196
744 1099 750 125
547 1099 744 193
750 1099 547 196
721 1100 752 136
751 1100 721 125
752 1100 751 197
750 1101 751 125
749 1101 750 196
751 1101 749 197
270 1102 753 73
471 1102 270 11
753 1102 471 229
754 1103 343 126
578 1103 754 199
343 1103 578 198
756 1104 754 126
755 1104 756 127
754 1104 755 199
464 1105 755 127
741 1105 464 191
755 1105 741 199
323 1106 725 57
757 1106 323 128
725 1106 757 200
759 1107 758 128
622 1107 759 211
758 1107 622 230
609 1108 595 164
688 1108 609 112
595 1108 688 201
746 1109 689 131
563 1109 746 194
689 1109 563 201
733 1110 760 142
517 1110 733 185
760 1110 517 231
251 1111 762 69
761 1111 251 211
762 1111 761 232
694 1112 740 167
763 1112 694 136
740 1112 763 203
752 1113 763 136
570 1113 752 197
763 1113 570 203
602 1114 764 69
501 1114 602 107
764 1114 501 218
427 1115 482 138
765 1115 427 102
482 1115 765 204
630 1116 629 91
410 1116 630 140
629 1116 410 205
545 1117 412 118
375 1117 545 108
412 1117 375 205
768 1118 767 53
766 1118 768 217
767 1118 766 146
639 1119 451 144
641 1119 639 94
451 1119 641 206
521 1120 594 131
371 1120 521 79
594 1120 371 207
646 1121 373 145
643 1121 646 95
373 1121 643 207
767 1122 370 53
769 1122 767 146
370 1122 769 208
559 1123 769 146
645 1123 559 95
769 1123 645 208
771 1124 739 103
770 1124 771 155
739 1124 770 209
326 1125 770 155
419 1125 326 137
770 1125 419 209
488 1126 352 65
726 1126 488 180
352 1126 726 210
771 1127 727 155
674 1127 771 103
727 1127 674 210
765 1128 250 204
623 1128 765 102
250 1128 623 211
772 1129 759 128
761 1129 772 232
759 1129 761 211
569 1130 423 120
549 1130 569 89
423 1130 549 212
711 1131 551 173
254 1131 711 78
551 1131 254 212
774 1132 513 75
773 1132 774 234
513 1132 773 241
776 1133 775 234
311 1133 776 169
775 1133 311 236
696 1134 722 136
614 1134 696 114
722 1134 614 214
673 1135 616 181
398 1135 673 70
616 1135 398 214
778 1136 341 198
777 1136 778 229
341 1136 777 215
665 1137 779 100
683 1137 665 152
779 1137 683 239
22 1138 362 23
424 1138 22 21
362 1138 424 216
548 1139 426 196
568 1139 548 89
426 1139 568 216
644 1140 450 206
766 1140 644 146
450 1140 766 217
626 1141 768 53
442 1141 626 139
768 1141 442 217
252 1142 480 204
764 1142 252 69
480 1142 764 218
421 1143 502 90
625 1143 421 212
502 1143 625 218
668 1144 500 192
742 1144 668 101
500 1144 742 219
601 1145 743 107
381 1145 601 133
743 1145 381 219
611 1146 446 135
584 1146 611 129
446 1146 584 220
731 1147 586 183
527 1147 731 84
586 1147 527 220
479 1148 552 153
666 1148 479 120
552 1148 666 221
318 1149 667 90
553 1149 318 101
667 1149 553 221
405 1150 780 184
247 1150 405 172
780 1150 247 222
555 1151 249 77
466 1151 555 205
249 1151 466 222
736 1152 781 188
447 1152 736 79
781 1152 447 223
606 1153 449 149
782 1153 606 97
449 1153 782 223
780 1154 783 184
732 1154 780 222
783 1154 732 224
662 1155 648 99
300 1155 662 151
648 1155 300 224
675 1156 697 154
670 1156 675 103
697 1156 670 225
461 1157 784 190
738 1157 461 168
784 1157 738 225
310 1158 716 109
785 1158 310 178
716 1158 785 226
748 1159 785 178
786 1159 748 124
785 1159 786 226
406 1160 275 147
787 1160 406 184
275 1160 787 227
783 1161 787 184
659 1161 783 224
787 1161 659 227
728 1162 730 181
788 1162 728 190
730 1162 788 228
784 1163 788 190
669 1163 784 225
788 1163 669 228
789 1164 472 100
777 1164 789 215
472 1164 777 229
573 1165 778 198
753 1165 573 73
778 1165 753 229
583 1166 624 102
790 1166 583 200
624 1166 790 230
757 1167 790 200
758 1167 757 128
790 1167 758 230
382 1168 519 82
633 1168 382 133
519 1168 633 231
603 1169 634 202
760 1169 603 142
634 1169 760 231
632 1170 772 128
580 1170 632 92
772 1170 580 232
600 1171 367 133
762 1171 600 69
367 1171 762 232
705 1172 420 137
619 1172 705 119
420 1172 619 233
328 1173 621 176
282 1173 328 70
621 1173 282 233
792 1174 465 127
791 1174 792 241
465 1174 791 213
699 1175 774 75
776 1175 699 169
774 1175 776 234
590 1176 510 117
408 1176 590 71
510 1176 408 235
786 1177 717 226
724 1177 786 124
717 1177 724 235
793 1178 535 213
775 1178 793 234
535 1178 775 236
698 1179 313 85
737 1179 698 225
313 1179 737 236
795 1180 575 215
794 1180 795 239
575 1180 794 237
700 1181 684 161
796 1181 700 75
684 1181 796 239
781 1182 735 188
797 1182 781 223
735 1182 797 238
799 1183 782 97
798 1183 799 240
782 1183 798 223
794 1184 512 237
796 1184 794 239
512 1184 796 75
789 1185 795 215
779 1185 789 100
795 1185 779 239
801 1186 798 240
800 1186 801 242
798 1186 800 223
655 1187 799 97
802 1187 655 148
799 1187 802 240
793 1188 773 234
791 1188 793 213
773 1188 791 241
756 1189 792 127
304 1189 756 126
792 1189 304 241
804 1190 800 242
803 1190 804 243
800 1190 803 223
802 1191 801 240
805 1191 802 148
801 1191 805 242
797 1192 653 238
803 1192 797 223
653 1192 803 243
805 1193 804 242
806 1193 805 148
804 1193 806 243
806 1194 651 243
807 1194 806 148
651 1194 807 244
642 1195 808 55
456 1195 642 145
808 1195 456 244
808 1196 435 55
809 1196 808 244
435 1196 809 245
809 1197 658 245
810 1197 809 244
658 1197 810 246
810 1198 811 246
807 1198 810 244
811 1198 807 148
654 1199 811 148
657 1199 654 141
811 1199 657 246
68
0.001942 -0.001908 -0.000690
0.001822 -0.001954 -0.000690
0.002060 -0.001858 -0.000730
0.002059 -0.001855 -0.000710
0.002059 -0.001855 -0.000710
0.002058 -0.001854 -0.000690
0.002058 -0.001854 -0.000690
0.001942 -0.001908 -0.000690
0.000073 -0.001855 -0.000710
0.000071 -0.001858 -0.000729
0.000073 -0.001854 -0.000690
0.000073 -0.001855 -0.000710
0.000037 -0.001918 -0.000845
0.000029 -0.001932 -0.000857
0.000044 -0.001905 -0.000832
0.000037 -0.001918 -0.000845
0.000069 -0.001862 -0.000748
0.000066 -0.001868 -0.000767
0.000071 -0.001858 -0.000729
0.000069 -0.001862 -0.000748
0.000066 -0.001868 -0.000767
0.000061 -0.001875 -0.000785
0.000061 -0.001875 -0.000785
0.000056 -0.001884 -0.000802
0.000116 -0.002094 -0.000890
0.000263 -0.002150 -0.000890
-0.000027 -0.002028 -0.000890
0.000116 -0.002094 -0.000890
0.002095 -0.001918 -0.000845
0.002088 -0.001905 -0.000832
0.002103 -0.001932 -0.000857
0.002095 -0.001918 -0.000845
0.002149 -0.002011 -0.000889
0.002139 -0.001994 -0.000887
0.002159 -0.002028 -0.000890
0.002149 -0.002011 -0.000889
0.002130 -0.001978 -0.000882
0.002120 -0.001962 -0.000875
0.002139 -0.001994 -0.000887
0.002130 -0.001978 -0.000882
0.000011 -0.001962 -0.000875
0.000002 -0.001977 -0.000882
0.000002 -0.001977 -0.000882
-0.000007 -0.001994 -0.000887
0.000730 -0.002251 -0.000890
0.000750 -0.002265 -0.000890
0.000708 -0.002240 -0.000890
0.000730 -0.002251 -0.000890
-0.000007 -0.001994 -0.000887
-0.000017 -0.002011 -0.000889
-0.000017 -0.002011 -0.000889
-0.000027 -0.002028 -0.000890
0.002111 -0.001946 -0.000867
0.002103 -0.001932 -0.000857
0.002120 -0.001962 -0.000875
0.002111 -0.001946 -0.000867
0.000750 -0.002265 -0.000890
0.000930 -0.002281 -0.000890
0.000930 -0.002281 -0.000890
0.001112 -0.002285 -0.000890
0.002081 -0.001894 -0.000818
0.002075 -0.001884 -0.000802
0.002088 -0.001905 -0.000832
0.002081 -0.001894 -0.000818
0.000310 -0.001954 -0.000690
0.000190 -0.001908 -0.000690
0.000190 -0.001908 -0.000690
0.000073 -0.001854 -0.000690
0.000056 -0.001884 -0.000802
0.000051 -0.001894 -0.000817
0.000051 -0.001894 -0.000817
0.000044 -0.001905 -0.000832
0.001449 -0.002052 -0.000690
0.001322 -0.002071 -0.000690
0.001575 -0.002027 -0.000690
0.001449 -0.002052 -0.000690
0.001824 -0.002165 -0.000890
0.001994 -0.002103 -0.000890
0.001994 -0.002103 -0.000890
0.002159 -0.002028 -0.000890
0.000029 -0.001932 -0.000857
0.000020 -0.001946 -0.000867
0.000020 -0.001946 -0.000867
0.000011 -0.001962 -0.000875
0.001822 -0.001954 -0.000690
0.001700 -0.001994 -0.000690
0.001700 -0.001994 -0.000690
0.001575 -0.002027 -0.000690
0.000589 -0.002227 -0.000890
0.000613 -0.002224 -0.000890
0.000566 -0.002234 -0.000890
0.000589 -0.002227 -0.000890
0.002070 -0.001875 -0.000785
0.002066 -0.001868 -0.000767
0.002075 -0.001884 -0.000802
0.002070 -0.001875 -0.000785
0.001066 -0.002085 -0.000690
0.000937 -0.002082 -0.000690
0.000937 -0.002082 -0.000690
0.000809 -0.002071 -0.000690
0.000432 -0.001994 -0.000690
0.000310 -0.001954 -0.000690
0.000556 -0.002027 -0.000690
0.000432 -0.001994 -0.000690
0.000685 -0.002232 -0.000889
0.000708 -0.002240 -0.000890
0.000662 -0.002226 -0.000889
0.000685 -0.002232 -0.000889
0.000638 -0.002224 -0.000889
0.000662 -0.002226 -0.000889
0.000613 -0.002224 -0.000890
0.000638 -0.002224 -0.000889
0.001472 -0.002251 -0.000890
0.001649 -0.002215 -0.000890
0.001649 -0.002215 -0.000890
0.001824 -0.002165 -0.000890
0.001112 -0.002285 -0.000890
0.001292 -0.002275 -0.000890
0.001292 -0.002275 -0.000890
0.001472 -0.002251 -0.000890
0.000263 -0.002150 -0.000890
0.000413 -0.002197 -0.000890
0.000413 -0.002197 -0.000890
0.000566 -0.002234 -0.000890
0.001322 -0.002071 -0.000690
0.001194 -0.002082 -0.000690
0.001194 -0.002082 -0.000690
0.001066 -0.002085 -0.000690
0.002066 -0.001868 -0.000767
0.002063 -0.001862 -0.000749
0.002063 -0.001862 -0.000749
0.002060 -0.001858 -0.000730
0.000809 -0.002071 -0.000690
0.000682 -0.002052 -0.000690
0.000682 -0.002052 -0.000690
0.000556 -0.002027 -0.000690
