785 762
0.000701 -0.000766 0.001010 
0.000701 -0.000766 0.001019 
0.000700 -0.000766 0.001029 
0.000697 -0.000765 0.001039 
0.000694 -0.000764 0.001048 
0.000690 -0.000762 0.001057 
0.000686 -0.000760 0.001065 
0.000680 -0.000758 0.001073 
0.000674 -0.000755 0.001080 
0.000667 -0.000752 0.001087 
0.000660 -0.000749 0.001093 
0.000652 -0.000746 0.001098 
0.000644 -0.000742 0.001102 
0.000636 -0.000738 0.001105 
0.000627 -0.000734 0.001108 
0.000619 -0.000730 0.001109 
0.000610 -0.000725 0.001110 
0.000516 -0.000888 0.001110 
0.000422 -0.001050 0.001110 
0.000328 -0.001213 0.001110 
0.000234 -0.001376 0.001110 
0.000243 -0.001381 0.001109 
0.000251 -0.001386 0.001108 
0.000259 -0.001390 0.001105 
0.000267 -0.001395 0.001102 
0.000275 -0.001399 0.001098 
0.000282 -0.001404 0.001093 
0.000289 -0.001408 0.001087 
0.000295 -0.001411 0.001080 
0.000301 -0.001414 0.001073 
0.000306 -0.001417 0.001065 
0.000311 -0.001420 0.001057 
0.000314 -0.001422 0.001048 
0.000317 -0.001424 0.001039 
0.000319 -0.001425 0.001029 
0.000320 -0.001426 0.001019 
0.000321 -0.001426 0.001010 
0.000368 -0.001343 0.001010 
0.000416 -0.001261 0.001010 
0.000464 -0.001179 0.001010 
0.000511 -0.001096 0.001010 
0.000559 -0.001014 0.001010 
0.000606 -0.000931 0.001010 
0.000654 -0.000849 0.001010 
0.000533 -0.000896 0.001108 
0.000353 -0.001228 0.001105 
0.000502 -0.001022 0.001093 
0.000442 -0.001132 0.001091 
0.000611 -0.000865 0.001080 
0.000558 -0.000956 0.001080 
0.000594 -0.000904 0.001076 
0.000413 -0.001213 0.001077 
0.000493 -0.001088 0.001070 
0.000643 -0.000857 0.001042 
0.000644 -0.000827 0.001069 
0.000403 -0.001239 0.001072 
0.000455 -0.001092 0.001097 
0.000462 -0.001151 0.001063 
0.000508 -0.001072 0.001061 
0.000531 -0.001029 0.001065 
0.000591 -0.000933 0.001058 
0.000581 -0.000889 0.001091 
0.000475 -0.001055 0.001097 
0.000488 -0.001109 0.001060 
0.000617 -0.000876 0.001067 
0.000463 -0.001112 0.001084 
0.000634 -0.000812 0.001086 
0.000533 -0.000959 0.001096 
0.000352 -0.001294 0.001089 
0.000579 -0.000966 0.001045 
0.000520 -0.001067 0.001046 
0.000515 -0.001042 0.001074 
0.000610 -0.000906 0.001052 
0.000664 -0.000817 0.001047 
0.000415 -0.001240 0.001055 
0.000475 -0.001079 0.001089 
0.000434 -0.001210 0.001052 
0.000490 -0.001120 0.001045 
0.000497 -0.001051 0.001086 
0.000507 -0.001087 0.001048 
0.000559 -0.000915 0.001096 
0.000494 -0.001073 0.001078 
0.000500 -0.001099 0.001048 
0.000480 -0.001097 0.001077 
0.000601 -0.000925 0.001049 
0.000392 -0.001227 0.001088 
0.000400 -0.001268 0.001054 
0.000578 -0.000903 0.001088 
0.000371 -0.001254 0.001091 
0.000620 -0.000802 0.001097 
0.000424 -0.001238 0.001039 
0.000492 -0.001043 0.001092 
0.000538 -0.001044 0.001034 
0.000583 -0.000918 0.001078 
0.000557 -0.000984 0.001064 
0.000469 -0.001075 0.001094 
0.000508 -0.001095 0.001035 
0.000454 -0.001112 0.001091 
0.000523 -0.001004 0.001086 
0.000550 -0.000944 0.001091 
0.000522 -0.001046 0.001062 
0.000651 -0.000834 0.001053 
0.000391 -0.001258 0.001073 
0.000489 -0.001060 0.001087 
0.000514 -0.001084 0.001035 
0.000467 -0.001101 0.001087 
0.000607 -0.000922 0.001038 
0.000453 -0.001119 0.001089 
0.000565 -0.000897 0.001098 
0.000357 -0.001329 0.001065 
0.000503 -0.001036 0.001087 
0.000464 -0.001050 0.001103 
0.000543 -0.001020 0.001055 
0.000449 -0.001073 0.001103 
0.000480 -0.001143 0.001036 
0.000558 -0.000905 0.001099 
0.000459 -0.001102 0.001092 
0.000373 -0.001237 0.001096 
0.000359 -0.001259 0.001096 
0.000564 -0.000926 0.001089 
0.000566 -0.000969 0.001064 
0.000456 -0.001061 0.001103 
0.000519 -0.000995 0.001092 
0.000394 -0.001287 0.001044 
0.000449 -0.001121 0.001090 
0.000386 -0.001241 0.001086 
0.000332 -0.001343 0.001083 
0.000463 -0.001041 0.001105 
0.000538 -0.000980 0.001086 
0.000456 -0.001102 0.001093 
0.000533 -0.001018 0.001070 
0.000371 -0.001297 0.001070 
0.000448 -0.001054 0.001107 
0.000443 -0.001072 0.001105 
0.000567 -0.000902 0.001095 
0.000373 -0.001231 0.001097 
0.000443 -0.001062 0.001107 
0.000515 -0.001007 0.001090 
0.000335 -0.001365 0.001066 
0.000451 -0.001089 0.001099 
0.000362 -0.001284 0.001086 
0.000452 -0.001135 0.001082 
0.000348 -0.001322 0.001080 
0.000375 -0.001305 0.001060 
0.000341 -0.001375 0.001048 
0.000317 -0.001371 0.001082 
0.000344 -0.001319 0.001084 
0.000385 -0.001309 0.001034 
0.000305 -0.001347 0.001098 
0.000348 -0.001312 0.001084 
0.000301 -0.001367 0.001094 
0.000286 -0.001367 0.001101 
0.000339 -0.001300 0.001094 
0.000298 -0.001360 0.001098 
0.000330 -0.001322 0.001092 
0.000322 -0.001337 0.001092 
0.000296 -0.001358 0.001099 
0.000338 -0.001314 0.001090 
0.000273 -0.001367 0.001105 
0.000279 -0.001361 0.001104 
0.000319 -0.001336 0.001094 
0.000684 -0.000793 0.001029 
0.000682 -0.000792 0.001038 
0.000631 -0.000851 0.001068 
0.000628 -0.000846 0.001075 
0.000614 -0.000871 0.001074 
0.000670 -0.000787 0.001065 
0.000675 -0.000789 0.001056 
0.000383 -0.001293 0.001058 
0.000397 -0.001278 0.001049 
0.000386 -0.001283 0.001062 
0.000572 -0.000811 0.001109 
0.000478 -0.000973 0.001109 
0.000270 -0.001381 0.001104 
0.000277 -0.001381 0.001101 
0.000280 -0.001367 0.001103 
0.000593 -0.000849 0.001098 
0.000577 -0.000849 0.001104 
0.000550 -0.000897 0.001104 
0.000334 -0.001354 0.001075 
0.000346 -0.001347 0.001066 
0.000345 -0.001336 0.001075 
0.000417 -0.001180 0.001089 
0.000403 -0.001220 0.001083 
0.000428 -0.001173 0.001084 
0.000451 -0.001105 0.001095 
0.000452 -0.001117 0.001091 
0.000453 -0.001101 0.001095 
0.000412 -0.001253 0.001047 
0.000410 -0.001266 0.001032 
0.000421 -0.001250 0.001025 
0.000654 -0.000784 0.001083 
0.000640 -0.000820 0.001078 
0.000659 -0.000791 0.001075 
0.000381 -0.001307 0.001048 
0.000389 -0.001298 0.001039 
0.000384 -0.001296 0.001052 
0.000640 -0.000776 0.001095 
0.000632 -0.000772 0.001100 
0.000433 -0.001174 0.001080 
0.000438 -0.001182 0.001070 
0.000457 -0.001143 0.001073 
0.000443 -0.001103 0.001099 
0.000398 -0.001150 0.001105 
0.000398 -0.001180 0.001099 
0.000499 -0.000969 0.001106 
0.000443 -0.001046 0.001108 
0.000655 -0.000822 0.001058 
0.000284 -0.001385 0.001097 
0.000292 -0.001385 0.001093 
0.000294 -0.001367 0.001098 
0.000294 -0.001302 0.001108 
0.000388 -0.001139 0.001108 
0.000601 -0.000846 0.001095 
0.000596 -0.000877 0.001086 
0.000616 -0.000834 0.001090 
0.000573 -0.000893 0.001095 
0.000379 -0.001239 0.001091 
0.000389 -0.001234 0.001087 
0.000382 -0.001232 0.001092 
0.000299 -0.001389 0.001087 
0.000593 -0.000944 0.001041 
0.000594 -0.000949 0.001028 
0.000608 -0.000927 0.001024 
0.000498 -0.001000 0.001101 
0.000492 -0.001018 0.001099 
0.000526 -0.000977 0.001094 
0.000331 -0.001332 0.001088 
0.000338 -0.001331 0.001084 
0.000337 -0.001321 0.001088 
0.000573 -0.000988 0.001022 
0.000558 -0.001005 0.001040 
0.000673 -0.000812 0.001026 
0.000626 -0.000895 0.001026 
0.000624 -0.000768 0.001104 
0.000616 -0.000764 0.001106 
0.000498 -0.001039 0.001090 
0.000503 -0.001029 0.001090 
0.000497 -0.001033 0.001092 
0.000627 -0.000881 0.001047 
0.000631 -0.000867 0.001055 
0.000614 -0.000891 0.001060 
0.000602 -0.000905 0.001065 
0.000606 -0.000890 0.001071 
0.000628 -0.000807 0.001092 
0.000623 -0.000839 0.001083 
0.000449 -0.001202 0.001023 
0.000452 -0.001191 0.001038 
0.000408 -0.001182 0.001094 
0.000363 -0.001229 0.001102 
0.000469 -0.001048 0.001101 
0.000483 -0.001049 0.001095 
0.000478 -0.001042 0.001099 
0.000471 -0.001122 0.001072 
0.000476 -0.001111 0.001073 
0.000458 -0.001124 0.001083 
0.000679 -0.000790 0.001048 
0.000602 -0.000884 0.001078 
0.000653 -0.000837 0.001045 
0.000647 -0.000781 0.001089 
0.000312 -0.001394 0.001074 
0.000321 -0.001391 0.001066 
0.000327 -0.001368 0.001074 
0.000496 -0.001120 0.001023 
0.000485 -0.001076 0.001084 
0.000485 -0.001084 0.001080 
0.000493 -0.001080 0.001074 
0.000447 -0.001111 0.001095 
0.000446 -0.001127 0.001091 
0.000425 -0.001225 0.001053 
0.000425 -0.001212 0.001065 
0.000415 -0.001227 0.001067 
0.000499 -0.001108 0.001040 
0.000502 -0.001109 0.001028 
0.000510 -0.001096 0.001023 
0.000456 -0.001048 0.001106 
0.000435 -0.001052 0.001109 
0.000504 -0.001093 0.001048 
0.000501 -0.001088 0.001059 
0.000497 -0.001094 0.001059 
0.000526 -0.001064 0.001035 
0.000529 -0.001056 0.001040 
0.000517 -0.001076 0.001041 
0.000529 -0.000988 0.001089 
0.000535 -0.000970 0.001091 
0.000581 -0.000911 0.001083 
0.000588 -0.000911 0.001077 
0.000586 -0.000903 0.001082 
0.000541 -0.001032 0.001045 
0.000537 -0.001024 0.001060 
0.000535 -0.001037 0.001050 
0.000543 -0.000920 0.001101 
0.000533 -0.000928 0.001103 
0.000541 -0.000951 0.001094 
0.000588 -0.000897 0.001084 
0.000479 -0.001068 0.001091 
0.000482 -0.001058 0.001093 
0.000472 -0.001065 0.001096 
0.000501 -0.001073 0.001070 
0.000501 -0.001080 0.001065 
0.000511 -0.001090 0.001035 
0.000513 -0.001091 0.001022 
0.000478 -0.001088 0.001083 
0.000486 -0.001093 0.001073 
0.000590 -0.000945 0.001047 
0.000596 -0.000929 0.001053 
0.000585 -0.000950 0.001051 
0.000634 -0.000855 0.001060 
0.000647 -0.000845 0.001047 
0.000472 -0.001105 0.001081 
0.000484 -0.001103 0.001069 
0.000455 -0.001107 0.001092 
0.000454 -0.001095 0.001096 
0.000515 -0.001025 0.001083 
0.000509 -0.001022 0.001089 
0.000509 -0.001039 0.001081 
0.000570 -0.000937 0.001079 
0.000575 -0.000945 0.001070 
0.000587 -0.000926 0.001068 
0.000322 -0.001324 0.001096 
0.000312 -0.001341 0.001096 
0.000329 -0.001318 0.001094 
0.000324 -0.001396 0.001057 
0.000328 -0.001399 0.001048 
0.000578 -0.000951 0.001061 
0.000562 -0.000963 0.001072 
0.000531 -0.001046 0.001049 
0.000526 -0.001038 0.001064 
0.000519 -0.001044 0.001069 
0.000523 -0.001035 0.001070 
0.000513 -0.001077 0.001047 
0.000514 -0.001070 0.001054 
0.000508 -0.001080 0.001055 
0.000515 -0.001059 0.001062 
0.000521 -0.001057 0.001055 
0.000524 -0.001030 0.001072 
0.000532 -0.001023 0.001067 
0.000605 -0.000915 0.001051 
0.000598 -0.000915 0.001063 
0.000625 -0.000889 0.001040 
0.000609 -0.000914 0.001045 
0.000648 -0.000830 0.001061 
0.000410 -0.001240 0.001064 
0.000408 -0.001226 0.001075 
0.000395 -0.001240 0.001079 
0.000398 -0.001233 0.001080 
0.000460 -0.001082 0.001097 
0.000459 -0.001074 0.001099 
0.000450 -0.001081 0.001101 
0.000468 -0.001088 0.001091 
0.000471 -0.001090 0.001088 
0.000472 -0.001077 0.001092 
0.000472 -0.001147 0.001050 
0.000485 -0.001132 0.001041 
0.000476 -0.001136 0.001054 
0.000448 -0.001181 0.001057 
0.000489 -0.001115 0.001053 
0.000475 -0.001130 0.001062 
0.000457 -0.001177 0.001044 
0.000482 -0.001069 0.001088 
0.000506 -0.001046 0.001080 
0.000503 -0.001062 0.001074 
0.000512 -0.001057 0.001068 
0.000525 -0.001070 0.001022 
0.000561 -0.000941 0.001085 
0.000574 -0.000922 0.001084 
0.000563 -0.000908 0.001096 
0.000569 -0.000909 0.001092 
0.000573 -0.000902 0.001092 
0.000495 -0.001062 0.001082 
0.000491 -0.001066 0.001083 
0.000494 -0.001104 0.001054 
0.000490 -0.001098 0.001065 
0.000495 -0.001110 0.001046 
0.000453 -0.001090 0.001098 
0.000462 -0.001084 0.001095 
0.000593 -0.000919 0.001067 
0.000366 -0.001248 0.001096 
0.000363 -0.001232 0.001101 
0.000357 -0.001243 0.001101 
0.000402 -0.001254 0.001063 
0.000408 -0.001254 0.001055 
0.000339 -0.001370 0.001057 
0.000350 -0.001352 0.001057 
0.000571 -0.000914 0.001089 
0.000562 -0.000920 0.001093 
0.000580 -0.000896 0.001090 
0.000316 -0.001294 0.001105 
0.000257 -0.001368 0.001108 
0.000366 -0.001269 0.001089 
0.000365 -0.001257 0.001094 
0.000361 -0.001271 0.001091 
0.000420 -0.001239 0.001047 
0.000429 -0.001224 0.001046 
0.000490 -0.001051 0.001090 
0.000500 -0.001043 0.001086 
0.000561 -0.000993 0.001050 
0.000568 -0.000975 0.001055 
0.000550 -0.001002 0.001060 
0.000557 -0.000935 0.001090 
0.000555 -0.000929 0.001094 
0.000573 -0.000968 0.001055 
0.000548 -0.000968 0.001083 
0.000546 -0.000958 0.001089 
0.000466 -0.001063 0.001099 
0.000460 -0.001055 0.001103 
0.000463 -0.001068 0.001099 
0.000461 -0.001096 0.001092 
0.000504 -0.001097 0.001042 
0.000508 -0.001091 0.001042 
0.000458 -0.001115 0.001087 
0.000453 -0.001127 0.001086 
0.000461 -0.001107 0.001088 
0.000465 -0.001106 0.001086 
0.000463 -0.001101 0.001089 
0.000538 -0.001019 0.001063 
0.000547 -0.000906 0.001103 
0.000554 -0.000950 0.001086 
0.000657 -0.000825 0.001050 
0.000377 -0.001271 0.001080 
0.000382 -0.001257 0.001083 
0.000397 -0.001249 0.001072 
0.000396 -0.001263 0.001064 
0.000493 -0.001055 0.001087 
0.000494 -0.001047 0.001089 
0.000511 -0.001086 0.001042 
0.000473 -0.001099 0.001082 
0.000604 -0.000923 0.001043 
0.000451 -0.001120 0.001089 
0.000451 -0.001128 0.001086 
0.000453 -0.001116 0.001090 
0.000458 -0.001112 0.001088 
0.000561 -0.000901 0.001098 
0.000546 -0.000901 0.001104 
0.000574 -0.000896 0.001093 
0.000566 -0.000899 0.001097 
0.000330 -0.001400 0.001039 
0.000333 -0.001401 0.001029 
0.000381 -0.001278 0.001072 
0.000519 -0.001023 0.001080 
0.000519 -0.001006 0.001088 
0.000483 -0.001032 0.001099 
0.000445 -0.001058 0.001107 
0.000432 -0.001056 0.001109 
0.000541 -0.000995 0.001076 
0.000548 -0.000983 0.001076 
0.000530 -0.000992 0.001086 
0.000453 -0.001067 0.001103 
0.000432 -0.001061 0.001109 
0.000558 -0.000910 0.001097 
0.000456 -0.001107 0.001091 
0.000457 -0.001097 0.001094 
0.000379 -0.001248 0.001089 
0.000389 -0.001250 0.001080 
0.000383 -0.001229 0.001093 
0.000367 -0.001291 0.001079 
0.000357 -0.001289 0.001087 
0.000362 -0.001296 0.001080 
0.000372 -0.001246 0.001094 
0.000552 -0.000975 0.001076 
0.000561 -0.000977 0.001064 
0.000443 -0.001067 0.001106 
0.000470 -0.001053 0.001100 
0.000509 -0.001015 0.001092 
0.000528 -0.001011 0.001078 
0.000545 -0.001001 0.001067 
0.000372 -0.001319 0.001050 
0.000366 -0.001317 0.001063 
0.000406 -0.001275 0.001027 
0.000447 -0.001134 0.001087 
0.000306 -0.001391 0.001081 
0.000362 -0.001314 0.001070 
0.000353 -0.001326 0.001073 
0.000464 -0.001046 0.001104 
0.000490 -0.001025 0.001099 
0.000521 -0.001000 0.001089 
0.000457 -0.001102 0.001092 
0.000455 -0.001097 0.001095 
0.000348 -0.001317 0.001082 
0.000346 -0.001316 0.001084 
0.000346 -0.001321 0.001082 
0.000363 -0.001342 0.001041 
0.000456 -0.001052 0.001105 
0.000452 -0.001057 0.001105 
0.000446 -0.001073 0.001104 
0.000447 -0.001081 0.001103 
0.000446 -0.001067 0.001105 
0.000562 -0.000903 0.001097 
0.000373 -0.001234 0.001097 
0.000449 -0.001061 0.001105 
0.000517 -0.001001 0.001091 
0.000312 -0.001359 0.001090 
0.000303 -0.001357 0.001096 
0.000310 -0.001369 0.001088 
0.000356 -0.001276 0.001093 
0.000349 -0.001279 0.001095 
0.000346 -0.001297 0.001092 
0.000340 -0.001332 0.001081 
0.000373 -0.001301 0.001065 
0.000359 -0.001310 0.001075 
0.000353 -0.001368 0.001022 
0.000401 -0.001285 0.001022 
0.000324 -0.001357 0.001082 
0.000360 -0.001305 0.001078 
0.000350 -0.001303 0.001086 
0.000343 -0.001313 0.001087 
0.000344 -0.001306 0.001090 
0.000338 -0.001307 0.001092 
0.000262 -0.001376 0.001107 
0.000320 -0.001354 0.001087 
0.000327 -0.001340 0.001088 
0.000301 -0.001354 0.001098 
0.000300 -0.001364 0.001096 
0.000283 -0.001364 0.001103 
0.000291 -0.001362 0.001100 
0.000288 -0.001359 0.001102 
0.000346 -0.001264 0.001101 
0.000314 -0.001342 0.001095 
0.000309 -0.001330 0.001100 
0.000292 -0.001364 0.001099 
0.000341 -0.001317 0.001087 
0.000292 -0.001354 0.001101 
0.000326 -0.001330 0.001092 
0.000324 -0.001329 0.001093 
0.000334 -0.001311 0.001093 
0.000297 -0.001359 0.001098 
0.000301 -0.001353 0.001098 
0.000334 -0.001318 0.001091 
0.000276 -0.001364 0.001105 
0.000254 -0.001372 0.001108 
0.000321 -0.001337 0.001093 
0.000689 -0.000784 0.001029 
0.000624 -0.000856 0.001072 
0.000675 -0.000778 0.001065 
0.000389 -0.001285 0.001056 
0.000522 -0.000891 0.001109 
0.000276 -0.001376 0.001103 
0.000573 -0.000865 0.001102 
0.000342 -0.001346 0.001072 
0.000416 -0.001191 0.001086 
0.000452 -0.001107 0.001094 
0.000415 -0.001257 0.001035 
0.000651 -0.000798 0.001079 
0.000385 -0.001301 0.001046 
0.000642 -0.000764 0.001098 
0.000443 -0.001166 0.001075 
0.000413 -0.001144 0.001102 
0.000473 -0.000996 0.001108 
0.000662 -0.000800 0.001066 
0.000290 -0.001379 0.001096 
0.000337 -0.001218 0.001109 
0.000604 -0.000852 0.001090 
0.000589 -0.000863 0.001096 
0.000384 -0.001235 0.001090 
0.000293 -0.001394 0.001089 
0.000598 -0.000940 0.001031 
0.000505 -0.000999 0.001098 
0.000335 -0.001328 0.001087 
0.000575 -0.000981 0.001030 
0.000651 -0.000852 0.001020 
0.000620 -0.000754 0.001107 
0.000499 -0.001034 0.001091 
0.000624 -0.000880 0.001054 
0.000607 -0.000895 0.001065 
0.000622 -0.000827 0.001088 
0.000441 -0.001215 0.001028 
0.000390 -0.001197 0.001099 
0.000477 -0.001047 0.001098 
0.000468 -0.001119 0.001076 
0.000681 -0.000780 0.001054 
0.000607 -0.000882 0.001074 
0.000671 -0.000814 0.001033 
0.000656 -0.000772 0.001087 
0.000320 -0.001385 0.001071 
0.000470 -0.001167 0.001018 
0.000488 -0.001080 0.001079 
0.000448 -0.001114 0.001094 
0.000422 -0.001221 0.001062 
0.000504 -0.001104 0.001030 
0.000444 -0.001049 0.001108 
0.000501 -0.001092 0.001055 
0.000524 -0.001065 0.001039 
0.000530 -0.000978 0.001091 
0.000585 -0.000908 0.001081 
0.000538 -0.001031 0.001052 
0.000539 -0.000933 0.001100 
0.000595 -0.000886 0.001083 
0.000478 -0.001064 0.001093 
0.000498 -0.001078 0.001070 
0.000512 -0.001092 0.001027 
0.000483 -0.001088 0.001079 
0.000590 -0.000941 0.001051 
0.000638 -0.000856 0.001054 
0.000478 -0.001106 0.001074 
0.000454 -0.001101 0.001095 
0.000631 -0.000759 0.001103 
0.000630 -0.000835 0.001079 
0.000511 -0.001028 0.001084 
0.000578 -0.000936 0.001072 
0.000321 -0.001328 0.001095 
0.000321 -0.001405 0.001054 
0.000572 -0.000953 0.001068 
0.000531 -0.001040 0.001054 
0.000523 -0.001039 0.001067 
0.000512 -0.001076 0.001052 
0.000517 -0.001062 0.001057 
0.000526 -0.001030 0.001070 
0.000602 -0.000912 0.001060 
0.000620 -0.000895 0.001044 
0.000686 -0.000782 0.001042 
0.000638 -0.000846 0.001063 
0.000411 -0.001231 0.001068 
0.000394 -0.001236 0.001082 
0.000457 -0.001079 0.001099 
0.000470 -0.001085 0.001090 
0.000478 -0.001138 0.001048 
0.000437 -0.001192 0.001064 
0.000480 -0.001127 0.001056 
0.000459 -0.001168 0.001050 
0.000478 -0.001071 0.001090 
0.000507 -0.001055 0.001074 
0.000522 -0.001075 0.001026 
0.000503 -0.001083 0.001060 
0.000568 -0.000933 0.001083 
0.000568 -0.000906 0.001093 
0.000500 -0.001066 0.001075 
0.000486 -0.001071 0.001085 
0.000494 -0.001099 0.001059 
0.000493 -0.001110 0.001051 
0.000458 -0.001085 0.001097 
0.000487 -0.001098 0.001069 
0.000620 -0.000904 0.001030 
0.000596 -0.000921 0.001061 
0.000362 -0.001241 0.001100 
0.000403 -0.001227 0.001079 
0.000407 -0.001249 0.001061 
0.000345 -0.001357 0.001060 
0.000567 -0.000914 0.001091 
0.000585 -0.000899 0.001085 
0.000289 -0.001321 0.001107 
0.000364 -0.001266 0.001091 
0.000638 -0.000788 0.001092 
0.000588 -0.000808 0.001107 
0.000425 -0.001230 0.001049 
0.000413 -0.001249 0.001050 
0.000485 -0.001053 0.001092 
0.000505 -0.001043 0.001083 
0.000552 -0.001024 0.001018 
0.000560 -0.000990 0.001055 
0.000558 -0.000928 0.001092 
0.000589 -0.000918 0.001071 
0.000579 -0.000956 0.001056 
0.000543 -0.000965 0.001088 
0.000463 -0.001062 0.001101 
0.000464 -0.001089 0.001093 
0.000505 -0.001094 0.001044 
0.000499 -0.001105 0.001043 
0.000456 -0.001122 0.001085 
0.000463 -0.001105 0.001088 
0.000536 -0.001022 0.001063 
0.000510 -0.000966 0.001104 
0.000548 -0.000919 0.001100 
0.000547 -0.000953 0.001090 
0.000515 -0.001054 0.001066 
0.000527 -0.001053 0.001048 
0.000653 -0.000836 0.001047 
0.000653 -0.000826 0.001057 
0.000375 -0.001266 0.001084 
0.000399 -0.001255 0.001067 
0.000493 -0.001061 0.001084 
0.000493 -0.001051 0.001088 
0.000514 -0.001080 0.001043 
0.000510 -0.001089 0.001040 
0.000470 -0.001103 0.001083 
0.000474 -0.001092 0.001085 
0.000606 -0.000918 0.001046 
0.000596 -0.000938 0.001044 
0.000452 -0.001125 0.001087 
0.000457 -0.001114 0.001088 
0.000552 -0.000900 0.001102 
0.000571 -0.000896 0.001095 
0.000328 -0.001409 0.001029 
0.000388 -0.001275 0.001066 
0.000497 -0.001043 0.001088 
0.000518 -0.001018 0.001084 
0.000486 -0.001036 0.001097 
0.000437 -0.001055 0.001108 
0.000553 -0.001010 0.001045 
0.000540 -0.000990 0.001079 
0.000458 -0.001070 0.001101 
0.000406 -0.001117 0.001108 
0.000446 -0.001197 0.001042 
0.000495 -0.001120 0.001030 
0.000576 -0.000898 0.001092 
0.000550 -0.000906 0.001102 
0.000458 -0.001109 0.001089 
0.000460 -0.001098 0.001092 
0.000383 -0.001251 0.001084 
0.000402 -0.001197 0.001092 
0.000362 -0.001292 0.001082 
0.000368 -0.001250 0.001094 
0.000558 -0.000942 0.001087 
0.000575 -0.000916 0.001085 
0.000554 -0.000978 0.001072 
0.000567 -0.000973 0.001058 
0.000436 -0.001061 0.001108 
0.000469 -0.001060 0.001098 
0.000507 -0.001022 0.001090 
0.000538 -0.001002 0.001074 
0.000373 -0.001315 0.001054 
0.000405 -0.001273 0.001036 
0.000436 -0.001160 0.001084 
0.000452 -0.001117 0.001090 
0.000377 -0.001244 0.001091 
0.000394 -0.001246 0.001077 
0.000307 -0.001400 0.001076 
0.000360 -0.001319 0.001069 
0.000468 -0.001049 0.001102 
0.000494 -0.001024 0.001097 
0.000527 -0.000993 0.001088 
0.000554 -0.000969 0.001077 
0.000456 -0.001105 0.001092 
0.000456 -0.001099 0.001094 
0.000544 -0.001007 0.001063 
0.000524 -0.001021 0.001077 
0.000347 -0.001318 0.001083 
0.000362 -0.001338 0.001050 
0.000456 -0.001055 0.001104 
0.000458 -0.001048 0.001105 
0.000448 -0.001078 0.001103 
0.000445 -0.001069 0.001105 
0.000563 -0.000901 0.001097 
0.000561 -0.000907 0.001097 
0.000366 -0.001232 0.001100 
0.000379 -0.001232 0.001094 
0.000449 -0.001065 0.001105 
0.000449 -0.001059 0.001106 
0.000519 -0.001002 0.001090 
0.000500 -0.001015 0.001096 
0.000308 -0.001362 0.001092 
0.000325 -0.001408 0.001042 
0.000446 -0.001098 0.001099 
0.000454 -0.001094 0.001096 
0.000375 -0.001280 0.001077 
0.000358 -0.001279 0.001090 
0.000468 -0.001132 0.001069 
0.000448 -0.001130 0.001088 
0.000350 -0.001284 0.001093 
0.000346 -0.001331 0.001076 
0.000380 -0.001297 0.001058 
0.000365 -0.001308 0.001070 
0.000328 -0.001386 0.001060 
0.000374 -0.001332 0.001018 
0.000305 -0.001383 0.001086 
0.000328 -0.001360 0.001077 
0.000341 -0.001328 0.001082 
0.000358 -0.001301 0.001081 
0.000350 -0.001370 0.001031 
0.000399 -0.001286 0.001029 
0.000342 -0.001309 0.001090 
0.000264 -0.001383 0.001105 
0.000356 -0.001311 0.001078 
0.000347 -0.001302 0.001089 
0.000279 -0.001389 0.001099 
0.000324 -0.001350 0.001086 
0.000301 -0.001358 0.001096 
0.000287 -0.001362 0.001102 
0.000351 -0.001262 0.001099 
0.000315 -0.001352 0.001091 
0.000324 -0.001296 0.001102 
0.000295 -0.001365 0.001098 
0.000343 -0.001315 0.001086 
0.000308 -0.001336 0.001099 
0.000328 -0.001334 0.001089 
0.000329 -0.001319 0.001094 
0.000294 -0.001362 0.001099 
0.000300 -0.001355 0.001098 
0.000336 -0.001312 0.001092 
0.000337 -0.001319 0.001089 
0.000279 -0.001365 0.001104 
0.000253 -0.001376 0.001108 
0.000262 -0.001368 0.001107 
0.000294 -0.001355 0.001101 
0.000316 -0.001340 0.001095 
0.000324 -0.001332 0.001093 

163 532 2 3
162 532 163 74
2 532 162 1
166 533 165 49
164 533 166 65
165 533 164 55
8 534 168 7
167 534 8 9
168 534 167 74
171 535 170 87
169 535 171 132
170 535 169 124
173 536 18 19
172 536 173 45
18 536 172 17
176 537 175 152
174 537 176 159
175 537 174 25
179 538 178 45
177 538 179 109
178 538 177 90
182 539 181 110
180 539 182 127
181 539 180 139
185 540 184 52
183 540 185 48
184 540 183 86
188 541 187 98
186 541 188 140
187 541 186 125
191 542 190 39
189 542 191 91
190 542 189 87
194 543 193 55
192 543 194 9
193 543 192 67
197 544 196 124
195 544 197 144
196 544 195 148
199 545 12 13
198 545 199 90
12 545 198 11
202 546 201 58
200 546 202 142
201 546 200 52
205 547 204 46
203 547 205 48
204 547 203 134
207 548 173 19
206 548 207 128
173 548 206 45
208 549 194 55
167 549 208 74
194 549 167 9
211 550 210 151
209 550 211 152
210 550 209 27
20 551 213 19
212 551 20 21
213 551 212 46
216 552 215 49
214 552 216 90
215 552 214 62
214 553 217 62
177 553 214 90
217 553 177 109
220 554 219 86
218 554 220 118
219 554 218 126
28 555 210 27
221 555 28 29
210 555 221 151
224 556 223 43
222 556 224 107
223 556 222 70
227 557 226 123
225 557 227 68
226 557 225 128
230 558 229 147
228 558 230 155
229 558 228 127
232 559 223 70
231 559 232 93
223 559 231 43
44 560 234 43
233 560 44 1
234 560 233 54
236 561 16 17
235 561 236 90
16 561 235 15
239 562 238 47
237 562 239 92
238 562 237 111
242 563 241 65
240 563 242 73
241 563 240 54
244 564 242 65
243 564 244 51
242 564 243 73
246 565 216 49
245 565 246 67
216 565 245 90
191 566 248 91
247 566 191 39
248 566 247 115
250 567 205 46
249 567 250 136
205 567 249 48
253 568 252 92
251 568 253 128
252 568 251 63
256 569 255 66
254 569 256 142
255 569 254 64
6 570 257 5
168 570 6 7
257 570 168 74
258 571 166 49
244 571 258 51
166 571 244 65
233 572 259 54
162 572 233 1
259 572 162 74
260 573 10 11
192 573 260 67
10 573 192 9
263 574 262 139
261 574 263 146
262 574 261 31
264 575 40 41
247 575 264 115
40 575 247 39
267 576 266 53
265 576 267 82
266 576 265 76
186 577 269 125
268 577 186 140
269 577 268 48
272 578 271 52
270 578 272 75
271 578 270 77
275 579 274 41
273 579 275 97
274 579 273 78
277 580 207 19
276 580 277 133
207 580 276 128
280 581 279 53
278 581 280 83
279 581 278 80
283 582 282 71
281 582 283 105
282 582 281 93
227 583 285 68
284 583 227 123
285 583 284 129
288 584 287 51
286 584 288 88
287 584 286 94
291 585 290 60
289 585 291 93
290 585 289 113
294 586 293 68
292 586 294 100
293 586 292 45
258 587 295 51
215 587 258 49
295 587 215 62
298 588 297 63
296 588 298 96
297 588 296 104
300 589 267 53
299 589 300 59
267 589 299 82
302 590 275 41
301 590 302 105
275 590 301 97
266 591 304 53
303 591 266 76
304 591 303 84
307 592 306 61
305 592 307 70
306 592 305 85
309 593 241 54
308 593 309 102
241 593 308 65
311 594 255 64
310 594 311 84
255 594 310 66
313 595 312 130
188 595 313 140
312 595 188 98
235 596 14 15
199 596 235 90
14 596 199 13
165 597 246 49
193 597 165 55
246 597 193 67
316 598 315 111
314 598 316 72
315 598 314 138
319 599 318 61
317 599 319 94
318 599 317 50
322 600 321 161
320 600 322 153
321 600 320 149
324 601 32 33
323 601 324 145
32 601 323 31
326 602 318 50
325 602 326 121
318 602 325 61
328 603 291 60
327 603 328 101
291 603 327 93
330 604 328 60
329 604 330 72
328 604 329 101
333 605 332 59
331 605 333 80
332 605 331 71
335 606 332 71
334 606 335 101
332 606 334 59
337 607 330 60
336 607 337 131
330 607 336 72
339 608 243 51
338 608 339 85
243 608 338 73
341 609 240 73
340 609 341 107
240 609 340 54
4 610 163 3
257 610 4 5
163 610 257 74
164 611 342 55
308 611 164 65
342 611 308 102
344 612 272 52
343 612 344 56
272 612 343 75
219 613 346 86
345 613 219 126
346 613 345 56
349 614 348 114
347 614 349 140
348 614 347 96
352 615 351 76
350 615 352 96
351 615 350 106
355 616 354 78
353 616 355 58
354 616 353 115
201 617 356 58
271 617 201 52
356 617 271 77
358 618 357 64
355 618 358 58
357 618 355 78
359 619 356 77
353 619 359 115
356 619 353 58
360 620 352 76
296 620 360 104
352 620 296 96
363 621 362 59
361 621 363 72
362 621 361 79
364 622 302 41
281 622 364 93
302 622 281 105
300 623 333 59
279 623 300 53
333 623 279 80
366 624 317 94
365 624 366 120
317 624 365 50
369 625 368 88
367 625 369 135
368 625 367 81
362 626 299 59
370 626 362 79
299 626 370 82
371 627 265 82
360 627 371 104
265 627 360 76
373 628 280 53
372 628 373 64
280 628 372 83
357 629 372 64
374 629 357 78
372 629 374 83
376 630 375 57
347 630 376 96
375 630 347 140
373 631 311 64
304 631 373 53
311 631 304 84
234 632 224 43
340 632 234 54
224 632 340 107
377 633 339 51
306 633 377 61
339 633 306 85
380 634 379 46
378 634 380 119
379 634 378 118
344 635 346 56
184 635 344 52
346 635 184 86
343 636 382 75
381 636 343 56
382 636 381 87
181 637 384 110
383 637 181 139
384 637 383 145
386 638 368 81
385 638 386 120
368 638 385 88
295 639 288 51
387 639 295 62
288 639 387 88
389 640 212 21
388 640 389 160
212 640 388 46
392 641 391 119
390 641 392 141
391 641 390 89
260 642 245 67
198 642 260 11
245 642 198 90
172 643 236 17
178 643 172 45
236 643 178 90
270 644 394 77
393 644 270 75
394 644 393 91
382 645 393 75
189 645 382 87
393 645 189 91
297 646 252 63
395 646 297 104
252 646 395 92
316 647 361 72
396 647 316 111
361 647 396 79
42 648 364 41
231 648 42 43
364 648 231 93
399 649 398 95
397 649 399 113
398 649 397 70
401 650 386 81
400 650 401 100
386 650 400 120
377 651 319 61
287 651 377 51
319 651 287 94
307 652 402 70
325 652 307 61
402 652 325 121
285 653 404 68
403 653 285 129
404 653 403 50
407 654 406 122
405 654 407 96
406 654 405 112
408 655 376 57
350 655 408 106
376 655 350 96
278 656 410 80
409 656 278 83
410 656 409 97
374 657 409 83
273 657 374 78
409 657 273 97
412 658 411 108
256 658 412 142
411 658 256 66
415 659 414 106
413 659 415 117
414 659 413 66
290 660 337 60
416 660 290 113
337 660 416 131
293 661 225 68
206 661 293 45
225 661 206 128
417 662 401 81
292 662 417 45
401 662 292 100
404 663 294 68
418 663 404 50
294 663 418 100
363 664 329 72
334 664 363 59
329 664 334 101
282 665 335 71
327 665 282 93
335 665 327 101
259 666 309 54
419 666 259 74
309 666 419 102
208 667 419 74
342 667 208 55
419 667 342 102
390 668 421 89
420 668 390 141
421 668 420 103
423 669 422 103
381 669 423 87
422 669 381 56
370 670 371 82
424 670 370 79
371 670 424 104
425 671 424 79
395 671 425 92
424 671 395 104
331 672 283 71
426 672 331 80
283 672 426 105
410 673 426 80
301 673 410 97
426 673 301 105
310 674 414 66
427 674 310 84
414 674 427 106
303 675 427 84
351 675 303 76
427 675 351 106
338 676 341 73
428 676 338 85
341 676 428 107
305 677 428 85
222 677 305 70
428 677 222 107
430 678 429 125
412 678 430 142
429 678 412 108
432 679 411 66
431 679 432 98
411 679 431 108
434 680 179 45
433 680 434 116
179 680 433 109
436 681 217 109
435 681 436 135
217 681 435 62
438 682 36 37
437 682 438 145
36 682 437 35
423 683 171 87
439 683 423 103
171 683 439 132
425 684 237 92
396 684 425 79
237 684 396 111
441 685 440 99
314 685 441 138
440 685 314 72
442 686 239 47
253 686 442 128
239 686 253 92
444 687 277 19
443 687 444 137
277 687 443 133
232 688 289 93
397 688 232 70
289 688 397 113
447 689 446 129
445 689 447 99
446 689 445 95
407 690 348 96
448 690 407 122
348 690 448 114
213 691 449 19
204 691 213 46
449 691 204 134
394 692 359 77
248 692 394 91
359 692 248 115
274 693 264 41
354 693 274 78
264 693 354 115
387 694 369 88
435 694 387 62
369 694 435 135
417 695 434 45
450 695 417 81
434 695 450 116
432 696 451 98
413 696 432 66
451 696 413 117
408 697 415 106
452 697 408 57
415 697 452 117
454 698 421 103
453 698 454 126
421 698 453 89
183 699 455 86
249 699 183 48
455 699 249 136
458 700 457 69
456 700 458 132
457 700 456 141
459 701 391 89
378 701 459 118
391 701 378 119
418 702 400 100
365 702 418 50
400 702 365 120
286 703 366 94
385 703 286 88
366 703 385 120
461 704 446 95
460 704 461 121
446 704 460 129
398 705 461 95
402 705 398 70
461 705 402 121
449 706 444 19
462 706 449 134
444 706 462 137
463 707 298 63
405 707 463 112
298 707 405 96
238 708 464 47
315 708 238 111
464 708 315 138
466 709 465 131
445 709 466 95
465 709 445 99
468 710 195 144
467 710 468 110
195 710 467 148
190 711 469 39
170 711 190 87
469 711 170 124
185 712 470 48
200 712 185 52
470 712 200 142
431 713 429 108
187 713 431 98
429 713 187 125
459 714 218 118
453 714 459 89
218 714 453 126
422 715 454 103
345 715 422 56
454 715 345 126
30 716 471 29
261 716 30 31
471 716 261 146
468 717 473 110
472 717 468 144
473 717 472 143
463 718 474 112
251 718 463 63
474 718 251 128
464 719 442 47
475 719 464 138
442 719 475 128
476 720 284 123
447 720 476 99
284 720 447 129
403 721 326 50
460 721 403 129
326 721 460 121
451 722 312 98
477 722 451 117
312 722 477 130
452 723 477 117
478 723 452 57
477 723 478 130
399 724 416 113
466 724 399 95
416 724 466 131
440 725 465 99
336 725 440 72
465 725 336 131
481 726 480 147
479 726 481 143
480 726 479 150
482 727 384 145
467 727 482 148
384 727 467 110
406 728 484 122
483 728 406 112
484 728 483 133
474 729 483 112
276 729 474 128
483 729 276 133
486 730 485 134
349 730 486 140
485 730 349 114
487 731 485 114
462 731 487 137
485 731 462 134
433 732 436 109
488 732 433 116
436 732 488 135
450 733 488 116
367 733 450 81
488 733 367 135
379 734 250 46
489 734 379 118
250 734 489 136
220 735 489 118
455 735 220 86
489 735 455 136
448 736 487 114
490 736 448 122
487 736 490 137
484 737 490 122
443 737 484 133
490 737 443 137
476 738 441 99
491 738 476 123
441 738 491 138
226 739 491 123
475 739 226 128
491 739 475 138
494 740 493 151
492 740 494 146
493 740 492 149
437 741 34 35
324 741 437 145
34 741 324 33
486 742 268 140
203 742 486 134
268 742 203 48
478 743 313 130
375 743 478 57
313 743 375 140
439 744 456 132
420 744 439 103
456 744 420 141
495 745 392 119
457 745 495 69
392 745 457 141
358 746 202 58
254 746 358 64
202 746 254 142
269 747 430 125
470 747 269 48
430 747 470 142
495 748 497 69
496 748 495 119
497 748 496 153
182 749 498 127
473 749 182 110
498 749 473 143
169 750 197 124
499 750 169 132
197 750 499 144
500 751 499 132
472 751 500 143
499 751 472 144
262 752 383 139
323 752 262 31
383 752 323 145
502 753 38 39
501 753 502 148
38 753 501 37
494 754 471 146
221 754 494 151
471 754 221 29
180 755 263 139
503 755 180 127
263 755 503 146
498 756 229 127
481 756 498 143
229 756 481 147
505 757 458 69
504 757 505 150
458 757 504 132
438 758 482 145
501 758 438 37
482 758 501 148
469 759 502 39
196 759 469 124
502 759 196 148
508 760 507 153
506 760 508 158
507 760 506 150
24 761 509 23
174 761 24 25
509 761 174 159
500 762 479 143
504 762 500 132
479 762 504 150
497 763 505 69
507 763 497 153
505 763 507 150
26 764 175 25
209 764 26 27
175 764 209 152
511 765 503 127
510 765 511 156
503 765 510 146
493 766 513 151
512 766 493 149
513 766 512 154
516 767 515 157
514 767 516 160
515 767 514 152
380 768 496 119
517 768 380 46
496 768 517 153
492 769 518 149
510 769 492 146
518 769 510 156
388 770 517 46
519 770 388 160
517 770 519 153
211 771 520 152
513 771 211 151
520 771 513 154
480 772 521 147
506 772 480 150
521 772 506 158
320 773 522 149
519 773 320 153
522 773 519 160
228 774 511 127
523 774 228 155
511 774 523 156
525 775 524 155
322 775 525 153
524 775 322 161
520 776 515 152
526 776 520 154
515 776 526 157
512 777 526 154
527 777 512 149
526 777 527 157
525 778 508 153
528 778 525 155
508 778 528 158
230 779 528 155
521 779 230 147
528 779 521 158
176 780 529 159
514 780 176 152
529 780 514 160
22 781 530 21
509 781 22 23
530 781 509 159
530 782 389 21
529 782 530 159
389 782 529 160
527 783 516 157
522 783 527 149
516 783 522 160
518 784 321 149
531 784 518 156
321 784 531 161
523 785 531 156
524 785 523 155
531 785 524 161
44
0.000701 -0.000766 0.001019
0.000700 -0.000766 0.001029
0.000701 -0.000766 0.001010
0.000701 -0.000766 0.001019
0.000686 -0.000760 0.001065
0.000680 -0.000758 0.001073
0.000680 -0.000758 0.001073
0.000674 -0.000755 0.001080
0.000516 -0.000888 0.001110
0.000422 -0.001050 0.001110
0.000610 -0.000725 0.001110
0.000516 -0.000888 0.001110
0.000652 -0.000746 0.001098
0.000644 -0.000742 0.001102
0.000660 -0.000749 0.001093
0.000652 -0.000746 0.001098
0.000422 -0.001050 0.001110
0.000328 -0.001213 0.001110
0.000328 -0.001213 0.001110
0.000234 -0.001376 0.001110
0.000282 -0.001404 0.001093
0.000289 -0.001408 0.001087
0.000289 -0.001408 0.001087
0.000295 -0.001411 0.001080
0.000606 -0.000931 0.001010
0.000654 -0.000849 0.001010
0.000654 -0.000849 0.001010
0.000701 -0.000766 0.001010
0.000619 -0.000730 0.001109
0.000610 -0.000725 0.001110
0.000627 -0.000734 0.001108
0.000619 -0.000730 0.001109
0.000694 -0.000764 0.001048
0.000690 -0.000762 0.001057
0.000690 -0.000762 0.001057
0.000686 -0.000760 0.001065
0.000667 -0.000752 0.001087
0.000660 -0.000749 0.001093
0.000674 -0.000755 0.001080
0.000667 -0.000752 0.001087
0.000464 -0.001179 0.001010
0.000511 -0.001096 0.001010
0.000416 -0.001261 0.001010
0.000464 -0.001179 0.001010
0.000636 -0.000738 0.001105
0.000627 -0.000734 0.001108
0.000644 -0.000742 0.001102
0.000636 -0.000738 0.001105
0.000311 -0.001420 0.001057
0.000314 -0.001422 0.001048
0.000306 -0.001417 0.001065
0.000311 -0.001420 0.001057
0.000700 -0.000766 0.001029
0.000697 -0.000765 0.001039
0.000697 -0.000765 0.001039
0.000694 -0.000764 0.001048
0.000511 -0.001096 0.001010
0.000559 -0.001014 0.001010
0.000559 -0.001014 0.001010
0.000606 -0.000931 0.001010
0.000320 -0.001426 0.001019
0.000321 -0.001426 0.001010
0.000319 -0.001425 0.001029
0.000320 -0.001426 0.001019
0.000295 -0.001411 0.001080
0.000301 -0.001414 0.001073
0.000301 -0.001414 0.001073
0.000306 -0.001417 0.001065
0.000317 -0.001424 0.001039
0.000319 -0.001425 0.001029
0.000314 -0.001422 0.001048
0.000317 -0.001424 0.001039
0.000368 -0.001343 0.001010
0.000416 -0.001261 0.001010
0.000321 -0.001426 0.001010
0.000368 -0.001343 0.001010
0.000251 -0.001386 0.001108
0.000259 -0.001390 0.001105
0.000259 -0.001390 0.001105
0.000267 -0.001395 0.001102
0.000267 -0.001395 0.001102
0.000275 -0.001399 0.001098
0.000275 -0.001399 0.001098
0.000282 -0.001404 0.001093
0.000234 -0.001376 0.001110
0.000243 -0.001381 0.001109
0.000243 -0.001381 0.001109
0.000251 -0.001386 0.001108
