1143 1038
-0.000165 0.001741 -0.001065 
-0.000165 0.001741 -0.000912 
-0.000165 0.001741 -0.000759 
-0.000165 0.001741 -0.000606 
-0.000165 0.001741 -0.000453 
-0.000165 0.001741 -0.000300 
-0.000165 0.001741 -0.000147 
-0.000165 0.001741 0.000006 
-0.000165 0.001741 0.000160 
-0.000052 0.001823 0.000160 
0.000066 0.001897 0.000160 
0.000190 0.001963 0.000160 
0.000317 0.002019 0.000160 
0.000448 0.002067 0.000160 
0.000583 0.002105 0.000160 
0.000719 0.002134 0.000160 
0.000857 0.002154 0.000160 
0.000997 0.002164 0.000160 
0.001136 0.002164 0.000160 
0.001275 0.002154 0.000160 
0.001414 0.002134 0.000160 
0.001550 0.002105 0.000160 
0.001684 0.002067 0.000160 
0.001815 0.002019 0.000160 
0.001943 0.001962 0.000160 
0.002066 0.001897 0.000160 
0.002184 0.001823 0.000160 
0.002297 0.001741 0.000160 
0.002404 0.001651 0.000160 
0.002505 0.001554 0.000160 
0.002598 0.001450 0.000160 
0.002684 0.001340 0.000160 
0.002762 0.001224 0.000160 
0.002832 0.001104 0.000160 
0.002893 0.000978 0.000160 
0.002945 0.000849 0.000160 
0.002988 0.000716 0.000160 
0.003022 0.000581 0.000160 
0.003046 0.000443 0.000160 
0.003061 0.000304 0.000160 
0.003066 0.000165 0.000160 
0.003061 0.000025 0.000160 
0.003046 -0.000114 0.000160 
0.003022 -0.000251 0.000160 
0.002988 -0.000386 0.000160 
0.002945 -0.000519 0.000160 
0.002893 -0.000649 0.000160 
0.002832 -0.000774 0.000160 
0.002762 -0.000895 0.000160 
0.002684 -0.001011 0.000160 
0.002598 -0.001121 0.000160 
0.002505 -0.001224 0.000160 
0.002404 -0.001321 0.000160 
0.002297 -0.001411 0.000160 
0.002184 -0.001493 0.000160 
0.002066 -0.001567 0.000160 
0.001943 -0.001633 0.000160 
0.001815 -0.001689 0.000160 
0.001684 -0.001737 0.000160 
0.001550 -0.001776 0.000160 
0.001414 -0.001805 0.000160 
0.001275 -0.001824 0.000160 
0.001136 -0.001834 0.000160 
0.000997 -0.001834 0.000160 
0.000857 -0.001824 0.000160 
0.000719 -0.001805 0.000160 
0.000583 -0.001776 0.000160 
0.000448 -0.001738 0.000160 
0.000317 -0.001690 0.000160 
0.000190 -0.001633 0.000160 
0.000066 -0.001568 0.000160 
-0.000052 -0.001494 0.000160 
-0.000165 -0.001412 0.000160 
-0.000165 -0.001412 0.000006 
-0.000165 -0.001412 -0.000147 
-0.000165 -0.001412 -0.000300 
-0.000165 -0.001412 -0.000453 
-0.000165 -0.001412 -0.000606 
-0.000165 -0.001412 -0.000759 
-0.000165 -0.001412 -0.000912 
-0.000165 -0.001412 -0.001065 
-0.000058 -0.001489 -0.001065 
0.000053 -0.001560 -0.001065 
0.000169 -0.001623 -0.001065 
0.000289 -0.001678 -0.001065 
0.000412 -0.001725 -0.001065 
0.000538 -0.001764 -0.001065 
0.000666 -0.001795 -0.001065 
0.000796 -0.001817 -0.001065 
0.000927 -0.001830 -0.001065 
0.001059 -0.001835 -0.001065 
0.001191 -0.001831 -0.001065 
0.001322 -0.001819 -0.001065 
0.001452 -0.001798 -0.001065 
0.001581 -0.001768 -0.001065 
0.001707 -0.001730 -0.001065 
0.001831 -0.001683 -0.001065 
0.001951 -0.001629 -0.001065 
0.002067 -0.001567 -0.001065 
0.002179 -0.001497 -0.001065 
0.002286 -0.001420 -0.001065 
0.002388 -0.001336 -0.001065 
0.002484 -0.001246 -0.001065 
0.002574 -0.001149 -0.001065 
0.002657 -0.001047 -0.001065 
0.002733 -0.000939 -0.001065 
0.002803 -0.000827 -0.001065 
0.002864 -0.000710 -0.001065 
0.002918 -0.000590 -0.001065 
0.002964 -0.000466 -0.001065 
0.003001 -0.000340 -0.001065 
0.003030 -0.000211 -0.001065 
0.003051 -0.000081 -0.001065 
0.003043 -0.000136 -0.001038 
0.003034 -0.000189 -0.001006 
0.003025 -0.000237 -0.000969 
0.003015 -0.000282 -0.000928 
0.003006 -0.000322 -0.000882 
0.002996 -0.000358 -0.000833 
0.002988 -0.000389 -0.000780 
0.002980 -0.000415 -0.000725 
0.002974 -0.000435 -0.000666 
0.002969 -0.000449 -0.000607 
0.002966 -0.000458 -0.000546 
0.002966 -0.000460 -0.000484 
0.002967 -0.000456 -0.000422 
0.002970 -0.000447 -0.000362 
0.002975 -0.000431 -0.000302 
0.002982 -0.000410 -0.000245 
0.002989 -0.000383 -0.000190 
0.002998 -0.000351 -0.000138 
0.003008 -0.000314 -0.000089 
0.003017 -0.000273 -0.000044 
0.003027 -0.000227 -0.000004 
0.003036 -0.000178 0.000032 
0.003045 -0.000125 0.000063 
0.003052 -0.000070 0.000089 
0.003058 -0.000012 0.000109 
0.003062 0.000048 0.000123 
0.003065 0.000109 0.000132 
0.003066 0.000171 0.000134 
0.003065 0.000233 0.000131 
0.003062 0.000293 0.000121 
0.003057 0.000353 0.000105 
0.003051 0.000410 0.000084 
0.003045 0.000452 0.000064 
0.003039 0.000491 0.000042 
0.003032 0.000529 0.000017 
0.003025 0.000565 -0.000011 
0.003018 0.000599 -0.000041 
0.003011 0.000630 -0.000074 
0.003004 0.000659 -0.000108 
0.002997 0.000686 -0.000145 
0.002990 0.000709 -0.000184 
0.002984 0.000730 -0.000225 
0.002979 0.000748 -0.000267 
0.002974 0.000763 -0.000310 
0.002971 0.000775 -0.000354 
0.002968 0.000783 -0.000400 
0.002966 0.000788 -0.000445 
0.002966 0.000790 -0.000491 
0.002966 0.000788 -0.000537 
0.002968 0.000783 -0.000582 
0.002971 0.000775 -0.000628 
0.002974 0.000763 -0.000672 
0.002979 0.000748 -0.000715 
0.002984 0.000730 -0.000757 
0.002990 0.000709 -0.000797 
0.002997 0.000686 -0.000836 
0.003004 0.000659 -0.000873 
0.003011 0.000630 -0.000908 
0.003018 0.000599 -0.000940 
0.003025 0.000565 -0.000971 
0.003032 0.000529 -0.000999 
0.003039 0.000491 -0.001024 
0.003045 0.000452 -0.001046 
0.003051 0.000410 -0.001065 
0.003030 0.000541 -0.001065 
0.003001 0.000669 -0.001065 
0.002964 0.000796 -0.001065 
0.002918 0.000919 -0.001065 
0.002864 0.001040 -0.001065 
0.002803 0.001157 -0.001065 
0.002733 0.001269 -0.001065 
0.002657 0.001376 -0.001065 
0.002574 0.001479 -0.001065 
0.002484 0.001575 -0.001065 
0.002388 0.001665 -0.001065 
0.002286 0.001749 -0.001065 
0.002179 0.001826 -0.001065 
0.002067 0.001896 -0.001065 
0.001951 0.001958 -0.001065 
0.001831 0.002013 -0.001065 
0.001707 0.002059 -0.001065 
0.001581 0.002097 -0.001065 
0.001452 0.002127 -0.001065 
0.001322 0.002148 -0.001065 
0.001191 0.002161 -0.001065 
0.001059 0.002165 -0.001065 
0.000927 0.002160 -0.001065 
0.000796 0.002147 -0.001065 
0.000666 0.002124 -0.001065 
0.000538 0.002094 -0.001065 
0.000412 0.002055 -0.001065 
0.000289 0.002008 -0.001065 
0.000169 0.001952 -0.001065 
0.000053 0.001889 -0.001065 
-0.000058 0.001819 -0.001065 
0.000053 0.001889 -0.000759 
0.000066 -0.001568 0.000006 
0.002893 0.000977 -0.000778 
0.002877 -0.000684 -0.000162 
0.002960 0.000807 0.000043 
0.002346 -0.001372 -0.000453 
0.001498 -0.001788 -0.000453 
0.002346 0.001701 -0.000453 
0.001633 0.002083 -0.000453 
-0.000058 0.001819 -0.000912 
0.000053 -0.001560 -0.000759 
0.002890 0.000985 -0.000033 
0.002951 -0.000503 -0.000895 
0.002951 -0.000502 0.000011 
0.002006 -0.001601 -0.000453 
0.001098 -0.001835 -0.000453 
0.002707 0.001308 -0.000453 
0.001229 0.002158 -0.000453 
-0.000058 -0.001489 -0.000912 
0.000303 0.002014 -0.000453 
0.002896 -0.000642 -0.000836 
0.000689 -0.001799 -0.000453 
0.002711 -0.000972 -0.000453 
-0.000052 0.001823 0.000006 
0.000758 0.002141 -0.000453 
0.002009 0.001928 -0.000453 
0.000368 -0.001710 -0.000223 
0.001043 0.002165 -0.000147 
0.000361 -0.001707 -0.000606 
0.002478 0.001581 -0.000147 
0.002604 -0.001114 -0.000759 
0.001848 -0.001676 -0.000147 
0.002601 0.001446 -0.000759 
0.002478 -0.001252 -0.000147 
0.001666 -0.001743 -0.000759 
0.001790 0.002029 -0.000147 
0.002150 -0.001516 -0.000759 
0.002151 0.001845 -0.000759 
0.001256 -0.001826 -0.000147 
0.000908 0.002159 -0.000759 
0.001479 0.002122 -0.000759 
0.000947 -0.001832 -0.000759 
0.000441 0.002065 -0.000147 
0.002096 -0.001549 -0.000147 
0.000419 0.002057 -0.000759 
0.000977 -0.001833 -0.000147 
0.001524 0.002112 -0.000147 
0.002267 0.001764 -0.000147 
0.002417 -0.001310 -0.000759 
0.001210 -0.001830 -0.000759 
0.000090 -0.001581 -0.000338 
0.001733 0.002050 -0.000759 
0.002656 -0.001048 -0.000147 
0.002417 0.001640 -0.000759 
0.001592 -0.001765 -0.000147 
0.002654 0.001380 -0.000147 
0.000670 0.002125 -0.000147 
0.001144 0.002163 -0.000759 
0.000613 -0.001783 -0.000759 
0.002859 -0.000720 -0.000530 
0.002861 0.001046 -0.000381 
0.000636 -0.001788 -0.000147 
0.000060 0.001893 -0.000300 
0.002766 -0.000888 -0.000798 
0.002038 0.001913 -0.000147 
0.001758 -0.001712 -0.000453 
0.000186 0.001961 -0.000070 
0.002764 0.001222 -0.000769 
0.002542 -0.001184 -0.000453 
0.001916 -0.001646 -0.000759 
0.000721 0.002135 -0.000912 
0.001995 0.001936 -0.000912 
0.000325 -0.001693 -0.000836 
0.002540 0.001517 -0.000453 
0.002337 -0.001379 0.000006 
0.001285 0.002153 -0.000147 
0.001496 -0.001788 -0.000912 
0.000056 0.001891 -0.000530 
0.000474 -0.001746 -0.000032 
0.000072 -0.001571 -0.000549 
0.002783 0.001189 -0.000090 
0.000527 0.002091 -0.000453 
0.002002 0.001932 -0.000683 
0.002342 -0.001376 -0.000223 
0.001497 -0.001788 -0.000683 
0.000832 -0.001822 -0.000300 
0.002823 -0.000791 -0.000001 
0.000186 -0.001631 -0.000951 
0.000623 0.002115 -0.000683 
0.002179 -0.001497 -0.000338 
0.001298 -0.001822 -0.000568 
0.001821 0.002017 -0.000568 
0.002815 0.001135 -0.000575 
0.002776 -0.000872 -0.000154 
0.000527 -0.001761 -0.000338 
0.000993 0.002163 -0.000453 
0.000234 0.001983 -0.000644 
0.002141 0.001851 -0.000300 
0.001277 -0.001824 -0.000357 
0.002164 -0.001506 -0.000549 
0.002820 -0.000797 -0.000342 
0.000214 -0.001645 -0.000108 
0.002746 0.001249 -0.000271 
0.001378 0.002140 -0.000300 
0.000261 0.001996 -0.000855 
0.000892 -0.001828 -0.000453 
0.002183 0.001823 -0.000453 
0.000223 -0.001649 -0.000472 
0.002898 0.000966 -0.000533 
0.002294 -0.001413 -0.000654 
0.002903 -0.000625 -0.000352 
0.001806 0.002023 -0.000357 
0.000900 0.002158 -0.000300 
0.002290 -0.001417 -0.000860 
0.000817 -0.001820 -0.000606 
0.001436 -0.001801 -0.000252 
0.001425 -0.001803 -0.000046 
0.001433 0.002131 -0.000453 
0.000244 0.001988 -0.000262 
0.002251 0.001776 -0.000606 
0.001355 0.002144 -0.000606 
0.000746 -0.001809 0.000006 
-0.000112 0.001781 -0.000836 
-0.000003 0.001855 -0.000836 
-0.000058 0.001819 -0.000759 
0.000190 -0.001633 0.000083 
0.000066 -0.001568 0.000083 
0.000156 0.001946 -0.000960 
0.000275 0.002002 -0.000960 
-0.000112 0.001781 -0.000989 
-0.000050 -0.001495 -0.000654 
-0.000050 -0.001495 -0.000501 
-0.000112 -0.001451 -0.000836 
-0.000112 -0.001451 -0.000989 
-0.000052 -0.001494 0.000083 
0.000247 0.001990 -0.000750 
0.000339 0.002028 -0.000807 
0.000325 0.002023 -0.000702 
0.002840 0.001089 -0.000061 
0.002824 0.001118 -0.000236 
0.002876 0.001015 -0.000207 
0.002859 0.001051 -0.000554 
0.002880 0.001006 -0.000457 
0.002839 0.001091 -0.000478 
0.002941 -0.000530 -0.000780 
0.002966 -0.000459 -0.000810 
0.002925 -0.000573 -0.000866 
0.002863 -0.000712 -0.000347 
0.002882 -0.000673 -0.000441 
0.002840 -0.000759 -0.000436 
0.002937 0.000871 -0.000725 
0.002933 0.000881 -0.000680 
0.002941 0.000859 -0.000129 
0.002935 0.000875 -0.000171 
0.002949 0.000837 -0.000089 
0.002943 0.000855 -0.000767 
0.002979 0.000747 -0.000051 
0.002927 0.000897 0.000005 
0.002987 0.000719 -0.000015 
0.002975 0.000762 0.000101 
0.003000 0.000673 0.000043 
0.002907 -0.000616 -0.000951 
0.002935 -0.000547 -0.000980 
0.002945 -0.000519 -0.000298 
0.002939 -0.000537 -0.000357 
0.002988 -0.000388 -0.000017 
0.002971 -0.000444 0.000085 
0.003004 -0.000330 0.000058 
0.002967 -0.000456 -0.000117 
0.002934 -0.000549 -0.000203 
0.002916 -0.000594 -0.000076 
0.002976 -0.000427 -0.000064 
0.002961 0.000804 -0.000951 
0.002953 0.000826 -0.000911 
0.002970 0.000777 -0.000987 
0.003006 0.000650 -0.000987 
0.003014 0.000617 -0.001018 
0.002978 -0.000422 -0.000980 
0.002986 -0.000393 -0.000912 
0.003008 -0.000311 -0.000997 
0.002975 -0.000431 -0.000864 
0.003019 -0.000265 -0.001036 
0.003008 0.000641 0.000075 
0.003022 0.000581 -0.001045 
0.003017 0.000604 0.000101 
0.003043 0.000467 0.000101 
0.003049 0.000427 0.000122 
0.003055 0.000368 0.000140 
0.003015 -0.000283 0.000096 
0.003049 -0.000092 0.000124 
0.003042 -0.000146 0.000096 
0.003056 -0.000033 0.000141 
0.003066 0.000168 0.000147 
0.003065 0.000107 0.000141 
0.003065 0.000229 0.000140 
0.002790 0.001179 -0.000672 
0.002763 0.001223 -0.000514 
0.002736 0.001265 -0.000611 
0.002906 0.000948 -0.000922 
0.002714 -0.000969 -0.000932 
0.002785 -0.000858 -0.000932 
0.002919 -0.000587 -0.000568 
0.002917 -0.000592 -0.000507 
0.002936 -0.000543 -0.000418 
0.002545 -0.001181 -0.000912 
0.002631 -0.001081 -0.000912 
0.002451 -0.001278 -0.000912 
0.002513 -0.001215 -0.000759 
0.002601 -0.001117 -0.000300 
0.002510 -0.001218 -0.000300 
0.002571 -0.001153 -0.000147 
0.002390 -0.001334 -0.000963 
0.002288 -0.001418 -0.000963 
0.001992 -0.001608 -0.000912 
0.001873 -0.001665 -0.000912 
0.002172 -0.001502 -0.000443 
0.002086 -0.001555 -0.000501 
0.002094 -0.001551 -0.000396 
0.002262 -0.001438 -0.000281 
0.002138 -0.001523 -0.000242 
0.002222 -0.001467 -0.000185 
0.001793 -0.001698 -0.000759 
0.001749 -0.001715 -0.000912 
0.001675 -0.001740 -0.000300 
0.001721 -0.001725 -0.000147 
0.001803 -0.001694 -0.000300 
0.001410 -0.001805 -0.000989 
0.001539 -0.001779 -0.000989 
0.001896 -0.001655 0.000006 
0.001767 -0.001708 0.000006 
0.001354 -0.001814 -0.000836 
0.001266 -0.001825 -0.000912 
0.001288 -0.001823 -0.000463 
0.001388 -0.001809 -0.000405 
0.001398 -0.001807 -0.000510 
0.001496 -0.001788 -0.000797 
0.001582 -0.001767 -0.000721 
0.001582 -0.001768 -0.000836 
0.000871 -0.001826 -0.000912 
0.001003 -0.001834 -0.000912 
0.002935 0.000875 -0.000466 
0.002919 0.000916 -0.000391 
0.002896 0.000972 -0.000656 
0.002856 0.001057 -0.000677 
0.002598 0.001450 -0.000300 
0.002569 0.001484 -0.000147 
0.002509 0.001549 -0.000300 
0.002479 0.001580 -0.000606 
0.002512 0.001546 -0.000759 
0.002571 0.001482 -0.000606 
0.002441 0.001617 0.000006 
0.002539 0.001517 0.000006 
0.002630 0.001412 -0.000912 
0.002544 0.001512 -0.000912 
0.002337 0.001709 0.000006 
0.002375 0.001676 -0.000147 
0.002129 0.001859 -0.000644 
0.002078 0.001890 -0.000721 
0.002202 0.001811 -0.000683 
0.002076 0.001891 -0.000376 
0.002090 0.001883 -0.000223 
0.002023 0.001921 -0.000300 
0.001913 0.001977 -0.000625 
0.001777 0.002034 -0.000663 
0.001869 0.001996 -0.000721 
0.001738 0.002049 0.000006 
0.001867 0.001997 0.000006 
0.002074 0.001892 -0.000836 
0.002031 0.001916 -0.000989 
0.002109 0.001871 -0.000912 
0.001605 0.002091 0.000006 
0.001659 0.002075 -0.000147 
0.001657 0.002075 -0.000912 
0.001782 0.002032 -0.000912 
0.001211 0.002160 0.000006 
0.001350 0.002145 0.000006 
0.000950 0.002161 0.000006 
0.001090 0.002165 0.000006 
0.000626 0.002116 0.000006 
0.000763 0.002142 0.000006 
0.001069 0.002165 -0.000606 
0.000950 0.002161 -0.000606 
0.001026 0.002164 -0.000759 
0.000554 0.002098 -0.000147 
0.000511 0.002086 0.000006 
0.000779 -0.001815 -0.000759 
0.000704 -0.001802 -0.000912 
0.000789 -0.001816 -0.000147 
0.000734 -0.001807 -0.000223 
0.000691 -0.001800 -0.000070 
0.000672 0.002126 -0.000797 
0.000521 0.002089 -0.000721 
0.000569 0.002102 -0.000836 
0.000379 0.002043 0.000006 
0.000575 -0.001774 -0.000912 
0.000607 -0.001782 -0.000396 
0.000581 -0.001776 -0.000242 
0.000662 -0.001794 -0.000300 
0.000144 0.001940 -0.000587 
0.000268 0.001999 -0.000549 
0.000178 0.001957 -0.000491 
0.000273 0.002001 -0.000357 
0.000151 0.001943 -0.000281 
0.000179 0.001958 -0.000376 
0.000343 -0.001700 -0.000721 
0.000186 -0.001631 -0.000797 
0.000204 -0.001640 -0.000683 
0.000140 -0.001608 -0.000051 
0.000152 -0.001614 -0.000223 
0.000078 -0.001574 -0.000166 
-0.000003 -0.001526 -0.000836 
-0.000058 -0.001489 -0.000759 
0.000528 -0.001762 0.000064 
0.000395 -0.001719 0.000064 
-0.000057 0.001820 -0.000644 
-0.000057 0.001820 -0.000491 
-0.000109 0.001783 0.000083 
0.000007 0.001861 0.000083 
0.000055 0.001890 -0.000644 
0.000142 0.001939 -0.000702 
-0.000052 -0.001494 -0.000070 
0.000081 -0.001576 -0.000443 
-0.000041 -0.001501 -0.000396 
0.002850 0.001068 -0.000922 
0.002765 0.001220 -0.000180 
0.002807 0.001149 -0.000326 
0.002893 -0.000649 0.000005 
0.002859 -0.000721 0.000079 
0.002924 -0.000576 0.000085 
0.002689 -0.001004 -0.000778 
0.002928 0.000893 0.000101 
0.002891 0.000982 0.000063 
0.002339 -0.001378 -0.000108 
0.002220 -0.001469 -0.000070 
0.002409 -0.001317 -0.000070 
0.002371 -0.001351 0.000083 
0.002441 -0.001287 0.000006 
0.001357 -0.001814 -0.000305 
0.001467 -0.001795 -0.000352 
0.001135 -0.001834 -0.000912 
0.001078 -0.001835 -0.000759 
0.002299 0.001739 -0.000530 
0.002336 0.001710 -0.000683 
0.002382 0.001671 -0.000606 
0.002112 0.001869 0.000006 
0.002155 0.001842 -0.000147 
0.002226 0.001794 0.000006 
0.001607 0.002090 -0.000759 
0.001683 0.002067 -0.000606 
0.001556 0.002104 -0.000606 
0.001164 0.002162 -0.000147 
-0.000003 0.001855 -0.000989 
0.000053 0.001889 -0.000912 
0.000119 -0.001597 -0.001008 
0.000237 -0.001656 -0.001008 
-0.000041 -0.001501 -0.000242 
0.002773 0.001207 0.000035 
0.002830 0.001107 0.000063 
0.002852 -0.000736 -0.000951 
0.002851 -0.000738 -0.000082 
0.001974 -0.001617 -0.000147 
0.002051 -0.001576 -0.000300 
0.001928 -0.001640 -0.000300 
0.001629 -0.001754 -0.000568 
0.001712 -0.001728 -0.000606 
0.001057 -0.001835 0.000006 
0.000917 -0.001830 0.000006 
0.001196 -0.001831 0.000006 
0.001117 -0.001835 -0.000147 
0.002686 0.001337 -0.000764 
0.002656 0.001378 -0.000606 
0.002712 0.001300 -0.000917 
0.001534 0.002109 -0.000453 
0.001456 0.002126 -0.000606 
0.001312 0.002149 -0.000759 
0.001234 0.002158 -0.000912 
0.001401 0.002137 -0.000912 
-0.000003 -0.001526 -0.000989 
0.000061 -0.001565 -0.000931 
0.000119 -0.001597 -0.000855 
0.000251 0.001991 0.000045 
0.000312 0.002017 -0.000108 
0.000814 0.002149 -0.000836 
0.000759 0.002141 -0.000989 
0.000852 0.002153 -0.000912 
0.002935 -0.000547 -0.000721 
0.002878 -0.000682 -0.000683 
0.000861 -0.001825 -0.000070 
0.000905 -0.001829 -0.000223 
0.000467 -0.001744 -0.000797 
0.000486 -0.001749 -0.000683 
0.002829 -0.000779 -0.000158 
0.002800 -0.000832 -0.000078 
0.002890 -0.000655 -0.000257 
0.002849 -0.000741 -0.000252 
0.000342 0.002029 -0.000204 
0.000372 0.002040 -0.000300 
-0.000109 0.001783 -0.000070 
0.000856 0.002154 -0.000147 
0.000765 0.002142 -0.000721 
0.001991 0.001938 0.000006 
0.001998 0.001934 -0.000797 
0.001866 0.001998 -0.000836 
0.000343 -0.001700 -0.000070 
0.000421 -0.001728 -0.000128 
0.000290 -0.001679 -0.000166 
0.000373 -0.001711 -0.000405 
0.000295 -0.001681 -0.000348 
0.000447 -0.001737 -0.000281 
0.001257 0.002156 -0.000300 
0.001136 0.002164 -0.000300 
0.001018 0.002164 -0.000300 
0.001111 0.002164 -0.000453 
0.000430 -0.001732 -0.000951 
0.000307 -0.001686 -0.000951 
0.000443 -0.001736 -0.000472 
0.000523 -0.001760 -0.000530 
0.002446 0.001612 -0.000453 
0.002413 0.001643 -0.000300 
0.002739 -0.000931 -0.000625 
0.002790 -0.000849 -0.000491 
0.002815 -0.000805 -0.000664 
0.002573 -0.001149 -0.000606 
0.002630 -0.001081 -0.000453 
0.002659 -0.001044 -0.000606 
0.001629 -0.001754 -0.000453 
0.001545 -0.001777 -0.000300 
0.002021 -0.001593 0.000006 
0.002141 -0.001522 0.000006 
0.002783 0.001189 -0.000917 
0.002684 -0.001010 -0.000300 
0.002539 -0.001188 0.000006 
0.001624 -0.001756 -0.000912 
0.001838 -0.001680 -0.000606 
0.001813 0.002020 -0.000463 
0.001720 0.002055 -0.000405 
0.001728 0.002052 -0.000510 
0.001469 0.002124 0.000006 
0.002181 -0.001495 -0.000963 
0.002109 -0.001542 -0.000912 
0.002221 -0.001468 -0.000809 
0.002230 -0.001461 -0.000601 
0.002223 -0.001466 -0.000707 
0.002157 -0.001511 -0.000654 
0.002288 0.001748 -0.000759 
0.002220 0.001798 -0.000912 
0.002352 0.001696 -0.000912 
0.001430 -0.001802 -0.000149 
0.001509 -0.001786 -0.000096 
0.001514 -0.001784 -0.000199 
0.001281 -0.001824 0.000057 
0.001419 -0.001804 0.000057 
0.001187 0.002161 -0.000606 
0.000984 0.002163 -0.000912 
0.001530 0.002110 -0.000912 
0.001417 0.002134 -0.000683 
0.001250 0.002156 -0.000683 
0.000995 -0.001834 -0.000453 
0.000862 -0.001825 -0.000376 
0.000965 -0.001833 -0.000376 
0.000598 0.002109 -0.000300 
0.000641 0.002119 -0.000453 
0.000714 0.002133 -0.000300 
0.000126 0.001930 0.000045 
0.002411 -0.001315 -0.000185 
0.000833 0.002151 -0.000606 
0.000690 0.002129 -0.000568 
0.000398 0.002050 -0.000960 
0.000478 0.002076 -0.000912 
0.001037 -0.001835 -0.000300 
0.001128 -0.001834 -0.000252 
0.001267 -0.001825 -0.000252 
0.001666 0.002072 -0.000252 
0.001579 0.002098 -0.000300 
0.001451 0.002127 -0.000223 
0.001506 0.002116 -0.000376 
0.002307 0.001733 -0.000300 
0.002098 0.001878 -0.000453 
0.002162 0.001837 -0.000376 
0.002481 -0.001249 -0.000606 
0.002382 -0.001341 -0.000606 
0.002447 -0.001281 -0.000453 
0.002292 -0.001415 -0.000757 
0.001398 -0.001807 -0.000625 
0.001497 -0.001788 -0.000568 
0.001154 -0.001833 -0.000606 
0.001022 -0.001835 -0.000606 
0.000146 -0.001611 -0.000510 
0.000291 -0.001679 -0.000539 
0.000213 -0.001644 -0.000577 
0.002711 -0.000973 0.000006 
0.002628 -0.001085 0.000006 
0.002451 0.001608 -0.000912 
0.001638 -0.001752 0.000006 
0.001556 -0.001774 0.000057 
0.002626 0.001416 0.000006 
0.002710 0.001304 0.000006 
0.000829 0.002151 -0.000376 
0.000784 0.002145 -0.000223 
0.000484 0.002078 -0.000300 
0.001102 0.002164 -0.000912 
0.000753 -0.001811 -0.000530 
0.000715 -0.001804 -0.000683 
0.000651 -0.001792 -0.000606 
0.002768 -0.000886 -0.000398 
0.002923 0.000907 -0.000346 
0.000609 -0.001782 -0.000013 
0.000554 -0.001769 -0.000089 
0.000664 -0.001794 0.000083 
-0.000055 0.001821 -0.000376 
-0.000055 0.001821 -0.000223 
0.000003 0.001859 -0.000147 
0.002835 -0.000768 -0.000817 
0.001923 0.001972 -0.000252 
0.001916 0.001975 -0.000147 
0.001798 0.002026 -0.000252 
0.001884 -0.001660 -0.000453 
0.001961 -0.001624 -0.000606 
0.000122 0.001928 -0.000185 
0.000065 0.001896 -0.000032 
0.002833 0.001102 -0.000773 
0.002445 -0.001283 -0.000338 
0.002344 -0.001374 -0.000338 
0.002035 -0.001585 -0.000759 
0.002043 -0.001581 -0.000654 
0.000629 0.002117 -0.000989 
0.001914 0.001976 -0.000989 
0.002627 0.001415 -0.000453 
0.002681 0.001344 -0.000300 
0.002262 -0.001438 0.000083 
0.001405 0.002136 -0.000147 
0.001331 0.002147 -0.000223 
0.001354 -0.001814 -0.000721 
0.000058 0.001892 -0.000415 
0.000265 -0.001668 0.000026 
0.000500 -0.001754 -0.000185 
0.000062 -0.001565 -0.000654 
0.002701 0.001316 -0.000209 
0.002722 0.001287 -0.000118 
0.000473 0.002075 -0.000606 
0.000414 0.002055 -0.000453 
0.000361 0.002036 -0.000606 
0.001916 0.001975 -0.000510 
0.002005 0.001930 -0.000568 
0.002094 0.001880 -0.000568 
0.002264 -0.001436 -0.000396 
0.001254 -0.001826 -0.000663 
0.000760 -0.001812 -0.000376 
0.000919 -0.001830 -0.000606 
0.002793 -0.000843 0.000079 
0.002769 -0.000883 0.000003 
0.000255 -0.001663 -0.000893 
0.000575 0.002104 -0.000568 
0.002257 -0.001442 -0.000501 
0.001188 -0.001832 -0.000405 
0.001198 -0.001831 -0.000510 
0.001909 0.001978 -0.000405 
0.002789 0.001180 -0.000417 
0.002935 0.000875 -0.000558 
0.002719 -0.000961 -0.000151 
0.002745 -0.000922 -0.000304 
0.000875 0.002156 -0.000453 
0.000946 0.002161 -0.000376 
0.000156 0.001946 -0.000807 
0.002205 0.001809 -0.000223 
0.002246 0.001779 -0.000376 
0.001346 -0.001815 -0.000199 
0.002320 -0.001393 -0.000553 
0.002798 -0.000834 -0.000248 
0.000227 -0.001651 -0.000281 
0.002727 0.001279 -0.000362 
0.001405 0.002136 -0.000376 
0.001304 0.002151 -0.000376 
0.000790 -0.001816 -0.000453 
0.000855 -0.001824 -0.000530 
0.002266 0.001764 -0.000453 
0.002217 0.001800 -0.000530 
0.000156 -0.001616 -0.000405 
0.002934 0.000879 -0.000512 
0.002354 -0.001365 -0.000809 
0.002356 -0.001363 -0.000707 
0.000972 0.002163 -0.000223 
0.000882 -0.001827 -0.000683 
0.001341 -0.001816 -0.000096 
0.001394 0.002138 -0.000530 
0.001332 0.002147 -0.000453 
0.000215 0.001975 -0.000166 
0.001292 0.002152 -0.000530 
0.000802 -0.001818 0.000083 
-0.000058 0.001819 -0.000810 
0.000148 -0.001612 0.000109 
0.000199 0.001967 -0.000995 
-0.000130 0.001768 -0.000912 
-0.000089 -0.001468 -0.000587 
-0.000130 -0.001438 -0.000912 
-0.000013 -0.001519 0.000109 
0.000304 0.002014 -0.000753 
0.002847 0.001074 -0.000168 
0.002859 0.001050 -0.000496 
0.002945 -0.000521 -0.000819 
0.002862 -0.000715 -0.000408 
0.002948 0.000843 -0.000678 
0.002953 0.000828 -0.000189 
0.002961 0.000802 -0.000134 
0.002954 0.000825 -0.000736 
0.002953 0.000827 -0.000045 
0.002991 0.000708 -0.000058 
0.002988 0.000718 0.000043 
0.002922 -0.000579 -0.000932 
0.002954 -0.000496 -0.000319 
0.002988 -0.000388 0.000042 
0.002940 -0.000533 -0.000132 
0.002991 -0.000377 -0.000056 
0.002969 0.000780 -0.000886 
0.002981 0.000741 -0.001013 
0.002979 0.000747 -0.000937 
0.003013 0.000622 -0.000982 
0.002991 -0.000376 -0.000963 
0.002976 -0.000426 -0.000818 
0.002960 -0.000479 -0.001009 
0.003018 -0.000271 -0.001001 
0.003032 -0.000204 -0.001047 
0.003009 0.000638 0.000025 
0.003023 0.000576 -0.001020 
0.003033 0.000525 -0.001052 
0.003028 0.000551 0.000120 
0.003020 0.000591 0.000064 
0.003046 0.000449 0.000096 
0.003054 0.000383 0.000122 
0.003016 -0.000280 0.000050 
0.003045 -0.000121 0.000094 
0.003027 -0.000227 0.000117 
0.003055 -0.000045 0.000125 
0.003066 0.000128 0.000140 
0.003062 0.000033 0.000147 
0.003065 0.000210 0.000139 
0.003061 0.000301 0.000147 
0.002763 0.001223 -0.000599 
0.002935 0.000877 -0.000867 
0.002745 -0.000922 -0.000976 
0.002935 -0.000546 -0.000540 
0.002978 -0.000422 -0.000123 
0.002913 -0.000603 -0.000455 
0.002584 -0.001137 -0.000963 
0.002504 -0.001225 -0.000861 
0.002561 -0.001163 -0.000249 
0.002356 -0.001364 -0.000997 
0.001939 -0.001635 -0.000963 
0.002118 -0.001536 -0.000447 
0.002208 -0.001477 -0.000236 
0.001805 -0.001693 -0.000861 
0.001734 -0.001720 -0.000249 
0.001467 -0.001795 -0.001014 
0.001826 -0.001685 0.000057 
0.001343 -0.001816 -0.000912 
0.001358 -0.001814 -0.000459 
0.001554 -0.001775 -0.000785 
0.000934 -0.001831 -0.000963 
0.002912 0.000933 -0.000438 
0.002870 0.001027 -0.000629 
0.002560 0.001495 -0.000249 
0.002521 0.001536 -0.000657 
0.002496 0.001563 0.000057 
0.002583 0.001468 -0.000963 
0.002385 0.001668 -0.000045 
0.002137 0.001854 -0.000683 
0.002063 0.001898 -0.000300 
0.001853 0.002003 -0.000670 
0.001807 0.002022 0.000057 
0.002072 0.001893 -0.000912 
0.001667 0.002072 -0.000045 
0.001716 0.002056 -0.000963 
0.001279 0.002153 0.000057 
0.001012 0.002164 0.000057 
0.000703 0.002131 0.000057 
0.001015 0.002164 -0.000657 
0.000564 0.002101 -0.000045 
0.000785 -0.001815 -0.000861 
0.000738 -0.001808 -0.000147 
0.000587 0.002107 -0.000785 
0.000446 0.002066 0.000057 
0.000648 -0.001791 -0.000963 
0.000617 -0.001784 -0.000313 
0.000196 0.001966 -0.000542 
0.000201 0.001968 -0.000338 
0.000244 -0.001658 -0.000734 
0.000123 -0.001599 -0.000147 
-0.000058 -0.001489 -0.000810 
0.000457 -0.001740 0.000096 
-0.000093 0.001795 -0.000581 
-0.000052 0.001823 0.000109 
-0.000021 0.001844 -0.000683 
0.000113 0.001923 -0.000644 
-0.000090 -0.001467 0.000006 
-0.000004 -0.001525 -0.000447 
0.002874 0.001019 -0.000970 
0.002799 0.001163 -0.000247 
0.002893 -0.000649 0.000056 
0.002678 -0.001018 -0.000874 
0.002916 0.000924 0.000057 
0.002950 0.000835 0.000121 
0.002261 -0.001439 -0.000121 
0.002407 -0.001319 0.000006 
0.001404 -0.001806 -0.000354 
0.001072 -0.001835 -0.000861 
0.002339 0.001707 -0.000606 
0.002165 0.001836 -0.000045 
0.001616 0.002088 -0.000657 
0.001155 0.002163 -0.000045 
0.000015 0.001867 -0.000912 
-0.000058 0.001819 -0.001014 
0.000175 -0.001626 -0.001027 
-0.000005 -0.001524 -0.000159 
0.002815 0.001135 0.000012 
0.002852 0.001064 0.000095 
0.002875 -0.000688 -0.000989 
0.002990 -0.000382 -0.000886 
0.002947 -0.000513 0.000110 
0.002888 -0.000661 -0.000051 
0.001985 -0.001612 -0.000249 
0.001641 -0.001751 -0.000632 
0.000990 -0.001834 0.000057 
0.001123 -0.001834 -0.000045 
0.002693 0.001327 -0.000660 
0.002677 0.001350 -0.000864 
0.001515 0.002114 -0.000555 
0.001316 0.002149 -0.000861 
-0.000058 -0.001489 -0.001014 
0.000059 -0.001563 -0.000874 
0.000314 0.002018 -0.000019 
0.000808 0.002148 -0.000912 
0.002951 -0.000504 -0.000723 
0.002912 -0.000605 -0.000658 
0.000852 -0.001824 -0.000147 
0.000431 -0.001732 -0.000734 
0.002827 -0.000783 -0.000106 
0.002868 -0.000703 -0.000285 
0.000329 0.002024 -0.000287 
-0.000128 0.001769 0.000006 
0.000856 0.002154 -0.000045 
0.000750 0.002140 -0.000785 
0.002057 0.001902 0.000057 
0.001912 0.001977 -0.000785 
0.000351 -0.001703 -0.000121 
0.000371 -0.001711 -0.000344 
0.001186 0.002161 -0.000249 
0.001089 0.002165 -0.000351 
0.000383 -0.001715 -0.000989 
0.000524 -0.001760 -0.000466 
0.002457 0.001602 -0.000351 
0.002287 0.001748 0.000057 
0.002782 -0.000862 -0.000593 
0.002622 -0.001092 -0.000555 
0.001617 -0.001758 -0.000351 
0.002076 -0.001561 0.000057 
0.002436 0.001621 -0.000555 
0.002744 0.001253 -0.000967 
0.002639 -0.001070 -0.000351 
0.002496 -0.001234 0.000057 
0.001694 -0.001734 -0.000963 
0.001781 -0.001703 -0.000657 
0.001754 0.002043 -0.000459 
0.001541 0.002107 0.000057 
0.002171 -0.001502 -0.000895 
0.002204 -0.001480 -0.000654 
0.002287 0.001748 -0.000861 
0.002170 0.001832 -0.000963 
0.001484 -0.001791 -0.000148 
0.001325 -0.001818 0.000091 
0.001122 0.002164 -0.000555 
0.000921 0.002160 -0.000963 
0.001461 0.002125 -0.000963 
0.001327 0.002148 -0.000708 
0.001197 -0.001831 -0.000963 
0.000941 -0.001831 -0.000402 
0.000651 0.002121 -0.000351 
0.000189 0.001962 0.000083 
0.002387 -0.001337 -0.000121 
0.001964 -0.001622 -0.000045 
0.000762 0.002142 -0.000632 
0.000405 0.002052 -0.000893 
0.000969 -0.001833 -0.000300 
0.001170 -0.001832 -0.000217 
0.001655 0.002076 -0.000319 
0.001512 0.002114 -0.000300 
0.002366 0.001685 -0.000249 
0.002112 0.001869 -0.000402 
0.002437 -0.001291 -0.000555 
0.002246 -0.001450 -0.000758 
0.001431 -0.001802 -0.000568 
0.001085 -0.001835 -0.000657 
-0.000083 -0.001472 -0.000313 
0.000217 -0.001646 -0.000542 
0.002050 0.001906 -0.000785 
0.001598 0.002093 -0.000861 
0.002675 -0.001023 0.000057 
0.002580 -0.001142 -0.000045 
0.002503 0.001556 -0.000861 
0.002397 0.001657 -0.000963 
0.001709 -0.001729 -0.000045 
0.001568 -0.001771 -0.000011 
0.002579 0.001473 -0.000045 
0.002674 0.001354 0.000057 
0.000775 0.002144 -0.000300 
0.000545 0.002096 -0.000249 
0.001175 0.002162 -0.000963 
0.001037 0.002165 -0.000861 
0.000706 -0.001803 -0.000606 
0.000553 -0.001768 -0.000606 
0.002800 -0.000832 -0.000442 
0.002696 -0.000993 -0.000670 
0.002912 0.000933 -0.000241 
0.002939 0.000866 -0.000363 
0.000618 -0.001784 -0.000057 
0.000600 -0.001780 0.000045 
-0.000092 0.001795 -0.000300 
-0.000054 0.001822 -0.000147 
0.002825 -0.000788 -0.000900 
0.002843 -0.000752 -0.000721 
0.001880 0.001992 -0.000217 
0.001925 0.001971 -0.000045 
0.001894 -0.001656 -0.000555 
0.001872 -0.001666 -0.000351 
0.000063 0.001895 -0.000121 
0.000065 0.001897 0.000032 
0.002827 0.001113 -0.000707 
0.002823 0.001120 -0.000871 
0.002413 -0.001314 -0.000376 
0.002523 -0.001205 -0.000657 
0.002046 -0.001579 -0.000861 
0.002030 -0.001587 -0.000587 
0.000685 0.002128 -0.001014 
0.000558 0.002099 -0.000912 
0.001966 0.001951 -0.001014 
0.001854 0.002003 -0.000912 
0.000059 -0.001563 -0.000976 
0.000491 -0.001751 -0.000887 
0.002636 0.001404 -0.000351 
0.002618 0.001426 -0.000555 
0.002311 -0.001401 0.000109 
0.002208 -0.001477 0.000006 
0.001408 0.002135 -0.000045 
0.001396 0.002137 -0.000198 
0.001581 -0.001768 -0.000912 
0.001402 -0.001807 -0.000785 
-0.000018 0.001845 -0.000427 
0.000138 0.001936 -0.000427 
0.000198 -0.001637 0.000019 
0.000492 -0.001751 -0.000134 
-0.000016 -0.001518 -0.000689 
0.000159 -0.001618 -0.000638 
0.002730 0.001274 -0.000169 
0.002735 0.001266 -0.000026 
0.000415 0.002056 -0.000555 
0.000423 0.002059 -0.000351 
0.001945 0.001961 -0.000568 
0.002066 0.001897 -0.000530 
0.002290 -0.001417 -0.000338 
0.002456 -0.001273 -0.000274 
0.001585 -0.001767 -0.000530 
0.001336 -0.001817 -0.000670 
0.000719 -0.001805 -0.000300 
0.000979 -0.001833 -0.000555 
0.002829 -0.000780 0.000106 
0.002788 -0.000853 0.000001 
0.000266 -0.001668 -0.000951 
0.000186 -0.001631 -0.000849 
0.000523 0.002090 -0.000632 
0.000635 0.002118 -0.000530 
0.002095 -0.001550 -0.000313 
0.002232 -0.001460 -0.000447 
0.001225 -0.001829 -0.000459 
0.001202 -0.001831 -0.000593 
0.001729 0.002051 -0.000593 
0.001880 0.001992 -0.000459 
0.002798 0.001165 -0.000470 
0.002922 0.000910 -0.000631 
0.002733 -0.000939 -0.000047 
0.002716 -0.000965 -0.000251 
0.000509 -0.001756 -0.000236 
0.000369 -0.001710 -0.000472 
0.000886 0.002157 -0.000555 
0.000883 0.002156 -0.000402 
0.000318 0.002020 -0.000619 
0.000181 0.001959 -0.000753 
0.002150 0.001845 -0.000198 
0.002253 0.001774 -0.000300 
0.001323 -0.001819 -0.000252 
0.001118 -0.001835 -0.000319 
0.002079 -0.001560 -0.000689 
0.002270 -0.001432 -0.000552 
0.002826 -0.000785 -0.000220 
0.002771 -0.000881 -0.000317 
0.000222 -0.001649 -0.000223 
0.000334 -0.001697 0.000006 
0.002775 0.001203 -0.000369 
0.002703 0.001313 -0.000290 
0.001482 0.002121 -0.000402 
0.001297 0.002151 -0.000300 
0.000361 0.002036 -0.000995 
0.000121 0.001928 -0.000893 
0.000804 -0.001818 -0.000402 
0.000799 -0.001817 -0.000504 
0.002225 0.001794 -0.000402 
0.002261 0.001768 -0.000504 
0.000225 -0.001650 -0.000344 
0.000128 -0.001601 -0.000453 
0.002946 0.000848 -0.000474 
0.002946 0.000848 -0.000535 
0.002335 -0.001381 -0.000758 
0.002353 -0.001366 -0.000622 
0.002948 -0.000512 -0.000399 
0.002924 -0.000574 -0.000253 
0.001708 0.002059 -0.000217 
0.001952 0.001958 -0.000319 
0.000870 0.002155 -0.000198 
0.000979 0.002163 -0.000300 
0.002217 -0.001471 -0.000997 
0.002399 -0.001326 -0.000895 
0.000792 -0.001816 -0.000708 
0.000885 -0.001827 -0.000606 
0.001509 -0.001786 -0.000284 
0.001372 -0.001812 -0.000148 
0.001508 -0.001786 0.000091 
0.001273 -0.001825 -0.000011 
0.001422 0.002133 -0.000606 
0.001347 0.002145 -0.000402 
0.000163 0.001949 -0.000210 
0.000289 0.002008 -0.000159 
0.002276 0.001757 -0.000708 
0.002147 0.001847 -0.000581 
0.001243 0.002157 -0.000606 
0.001339 0.002146 -0.000504 
0.000860 -0.001825 0.000006 
0.000728 -0.001806 0.000109 

333 798 332 209
331 798 333 3
332 798 331 218
70 799 335 71
334 799 70 69
335 799 334 210
337 800 206 205
336 800 337 313
206 800 336 207
2 801 331 3
338 801 2 1
331 801 338 218
340 802 78 77
339 802 340 288
78 802 339 79
80 803 342 81
341 803 80 79
342 803 341 227
335 804 72 71
343 804 335 210
72 804 343 73
346 805 345 253
344 805 346 305
345 805 344 313
349 806 348 269
347 806 349 220
348 806 347 289
352 807 351 269
350 807 352 301
351 807 350 317
355 808 354 221
353 808 355 229
354 808 353 121
358 809 357 268
356 809 358 309
357 809 356 319
360 810 164 163
359 810 360 211
164 810 359 165
156 811 362 157
361 811 156 155
362 811 361 220
154 812 361 155
363 812 154 153
361 812 363 220
359 813 166 165
364 813 359 211
166 813 364 167
366 814 365 213
363 814 366 220
365 814 363 153
152 815 365 153
367 815 152 151
365 815 367 213
369 816 367 151
368 816 369 37
367 816 368 213
371 817 355 221
370 817 371 109
355 817 370 229
373 818 128 127
372 818 373 319
128 818 372 129
376 819 375 45
374 819 376 133
375 819 374 222
379 820 378 212
377 820 379 222
378 820 377 129
380 821 132 131
374 821 380 222
132 821 374 133
382 822 168 167
381 822 382 181
168 822 381 169
384 823 180 179
383 823 384 171
180 823 383 181
381 824 170 169
383 824 381 181
170 824 383 171
385 825 384 179
172 825 385 173
384 825 172 171
388 826 387 117
386 826 388 111
387 826 386 221
120 827 354 121
389 827 120 119
354 827 389 221
371 828 110 109
386 828 371 221
110 828 386 111
116 829 388 117
390 829 116 115
388 829 390 111
390 830 112 111
114 830 390 115
112 830 114 113
391 831 150 149
369 831 391 37
150 831 369 151
385 832 174 173
392 832 385 179
174 832 392 175
178 833 392 179
176 833 178 177
392 833 176 175
38 834 394 39
393 834 38 37
394 834 393 147
148 835 391 149
393 835 148 147
391 835 393 37
146 836 394 147
395 836 146 145
394 836 395 39
144 837 395 145
396 837 144 143
395 837 396 39
376 838 134 133
397 838 376 45
134 838 397 135
399 839 136 135
398 839 399 43
136 839 398 137
399 840 44 43
397 840 399 135
44 840 397 45
400 841 398 43
138 841 400 139
398 841 138 137
402 842 140 139
401 842 402 41
140 842 401 141
402 843 42 41
400 843 402 139
42 843 400 43
403 844 401 41
142 844 403 143
401 844 142 141
396 845 40 39
403 845 396 143
40 845 403 41
406 846 405 225
404 846 406 276
405 846 404 301
364 847 382 167
407 847 364 211
382 847 407 181
106 848 409 107
408 848 106 105
409 848 408 272
124 849 411 125
410 849 124 123
411 849 410 268
130 850 380 131
377 850 130 129
380 850 377 222
357 851 411 268
412 851 357 319
411 851 412 125
104 852 414 105
413 852 104 103
414 852 413 239
413 853 416 239
415 853 413 103
416 853 415 257
419 854 418 242
417 854 419 261
418 854 417 277
421 855 102 101
420 855 421 322
102 855 420 103
423 856 98 97
422 856 423 278
98 856 422 99
426 857 425 223
424 857 426 298
425 857 424 308
429 858 428 252
427 858 429 292
428 858 427 298
431 859 423 97
430 859 431 243
423 859 430 278
434 860 433 240
432 860 434 274
433 860 432 263
94 861 436 95
435 861 94 93
436 861 435 285
58 862 438 59
437 862 58 57
438 862 437 240
440 863 435 93
439 863 440 258
435 863 439 285
443 864 442 215
441 864 443 299
442 864 441 307
446 865 445 243
444 865 446 285
445 865 444 293
90 866 448 91
447 866 90 89
448 866 447 250
351 867 450 269
449 867 351 317
450 867 449 159
452 868 350 301
451 868 452 211
350 868 451 317
455 869 454 238
453 869 455 282
454 869 453 264
458 870 457 241
456 870 458 282
457 870 456 262
30 871 460 31
459 871 30 29
460 871 459 238
186 872 462 187
461 872 186 185
462 872 461 241
459 873 464 238
463 873 459 29
464 873 463 256
467 874 466 246
465 874 467 328
466 874 465 291
470 875 469 273
468 875 470 234
469 875 468 306
473 876 472 260
471 876 473 291
472 876 471 300
24 877 475 25
474 877 24 23
475 877 474 244
478 878 477 191
476 878 478 246
477 878 476 280
474 879 480 244
479 879 474 23
480 879 479 255
482 880 194 193
481 880 482 260
194 880 481 195
20 881 484 21
483 881 20 19
484 881 483 284
18 882 486 19
485 882 18 17
486 882 485 236
16 883 488 17
487 883 16 15
488 883 487 265
491 884 490 248
489 884 491 266
490 884 489 304
493 885 487 15
492 885 493 251
487 885 492 265
495 886 447 89
494 886 495 267
447 886 494 250
498 887 497 270
496 887 498 330
497 887 496 294
501 888 500 253
499 888 501 279
500 888 499 297
14 889 493 15
502 889 14 13
493 889 502 251
88 890 495 89
503 890 88 87
495 890 503 267
506 891 505 270
504 891 506 230
505 891 504 303
509 892 508 228
507 892 509 286
508 892 507 305
512 893 511 271
510 893 512 228
511 893 510 327
515 894 514 219
513 894 515 237
514 894 513 281
518 895 517 259
516 895 518 210
517 895 516 310
520 896 341 79
519 896 520 219
341 896 519 227
68 897 522 69
521 897 68 67
522 897 521 287
4 898 524 5
523 898 4 3
524 898 523 286
10 899 526 11
525 899 10 9
526 899 525 232
527 900 333 209
523 900 527 286
333 900 523 3
527 901 507 286
528 901 527 209
507 901 528 305
74 902 529 75
343 902 74 73
529 902 343 210
531 903 340 77
530 903 531 259
340 903 530 288
182 904 532 183
407 904 182 181
532 904 407 211
348 905 534 269
533 905 348 289
534 905 533 311
537 906 536 47
535 906 537 222
536 906 535 295
538 907 414 239
408 907 538 272
414 907 408 105
540 908 539 35
366 908 540 220
539 908 366 213
36 909 368 37
539 909 36 35
368 909 539 213
542 910 429 252
541 910 542 283
429 910 541 292
545 911 544 53
543 911 545 242
544 911 543 283
442 912 547 215
546 912 442 307
547 912 546 324
549 913 448 250
548 913 549 258
448 913 548 91
552 914 551 262
550 914 552 216
551 914 550 328
555 915 554 256
553 915 555 27
554 915 553 273
558 916 557 217
556 916 558 249
557 916 556 260
559 917 486 236
483 917 559 284
486 917 483 19
561 918 560 207
332 918 561 209
560 918 332 218
208 919 338 1
560 919 208 207
338 919 560 218
84 920 563 85
562 920 84 83
563 920 562 296
529 921 564 75
518 921 529 210
564 921 518 259
566 922 347 220
565 922 566 33
347 922 565 289
34 923 540 35
566 923 34 33
540 923 566 220
567 924 108 107
370 924 567 229
108 924 370 109
118 925 389 119
387 925 118 117
389 925 387 221
46 926 537 47
375 926 46 45
537 926 375 222
568 927 379 212
535 927 568 295
379 927 535 222
571 928 570 223
569 928 571 240
570 928 569 252
445 929 573 243
572 929 445 293
573 929 572 274
64 930 575 65
574 930 64 63
575 930 574 254
577 931 576 247
574 931 577 254
576 931 574 63
579 932 406 225
578 932 579 241
406 932 578 276
461 933 578 241
580 933 461 185
578 933 580 276
558 934 582 249
581 934 558 217
582 934 581 326
585 935 584 197
583 935 585 249
584 935 583 266
82 936 586 83
342 936 82 81
586 936 342 227
588 937 519 219
587 937 588 296
519 937 587 227
502 938 590 251
589 938 502 13
590 938 589 275
593 939 592 201
591 939 593 248
592 939 591 279
122 940 594 123
353 940 122 121
594 940 353 229
594 941 410 123
595 941 594 229
410 941 595 268
597 942 596 254
496 942 597 294
596 942 496 330
599 943 513 237
598 943 599 267
513 943 598 281
568 944 601 295
600 944 568 212
601 944 600 302
603 945 356 309
602 945 603 212
356 945 602 319
605 946 510 228
604 946 605 251
510 946 604 327
8 947 525 9
606 947 8 7
525 947 606 232
488 948 485 17
607 948 488 265
485 948 607 236
591 949 499 279
608 949 591 248
499 949 608 297
609 950 26 25
553 950 609 273
26 950 553 27
611 951 473 260
610 951 611 280
473 951 610 291
614 952 613 235
612 952 614 310
613 952 612 287
617 953 616 235
615 953 617 303
616 953 615 316
619 954 559 236
618 954 619 226
559 954 618 284
619 955 621 226
620 955 619 236
621 955 620 304
623 956 86 85
622 956 623 281
86 956 622 87
625 957 504 230
624 957 625 237
504 957 624 303
627 958 455 238
626 958 627 216
455 958 626 282
555 959 28 27
463 959 555 256
28 959 463 29
630 960 629 268
628 960 630 272
629 960 628 231
633 961 632 231
631 961 633 239
632 961 631 277
635 962 634 215
432 962 635 263
634 962 432 274
637 963 56 55
636 963 637 252
56 963 636 57
552 964 626 216
456 964 552 262
626 964 456 282
638 965 184 183
580 965 638 276
184 965 580 185
632 966 639 231
417 966 632 277
639 966 417 261
52 967 545 53
640 967 52 51
545 967 640 242
96 968 431 97
641 968 96 95
431 968 641 243
573 969 430 243
642 969 573 274
430 969 642 278
645 970 644 217
643 970 645 300
644 970 643 320
646 971 22 21
479 971 646 255
22 971 479 23
649 972 648 245
647 972 649 322
648 972 647 99
652 973 651 245
650 973 652 308
651 973 650 318
655 974 654 189
653 974 655 262
654 974 653 246
190 975 478 191
654 975 190 189
478 975 654 246
658 976 657 263
656 976 658 324
657 976 656 325
660 977 62 61
659 977 660 325
62 977 659 63
621 978 661 226
489 978 621 304
661 978 489 266
200 979 593 201
662 979 200 199
593 979 662 248
196 980 585 197
663 980 196 195
585 980 663 249
583 981 665 266
664 981 583 249
665 981 664 329
92 982 440 93
548 982 92 91
440 982 548 258
668 983 667 294
666 983 668 224
667 983 666 314
671 984 670 233
669 984 671 265
670 984 669 290
672 985 12 11
589 985 672 275
12 985 589 13
543 986 541 283
673 986 543 242
541 986 673 292
437 987 569 240
636 987 437 57
569 987 636 252
675 988 674 233
608 988 675 297
674 988 608 248
345 989 677 253
676 989 345 313
677 989 676 203
678 990 597 254
668 990 678 224
597 990 668 294
680 991 577 247
679 991 680 307
577 991 679 254
644 992 682 217
681 992 644 320
682 992 681 255
682 993 684 217
683 993 682 255
684 993 683 312
627 994 685 216
464 994 627 238
685 994 464 256
468 995 687 306
686 995 468 234
687 995 686 315
690 996 689 214
688 996 690 277
689 996 688 257
651 997 649 245
691 997 651 318
649 997 691 322
693 998 443 215
692 998 693 293
443 998 692 299
695 999 549 250
694 999 695 224
549 999 694 258
76 1000 531 77
564 1000 76 75
531 1000 564 259
698 1001 697 237
696 1001 698 288
697 1001 696 316
476 1002 610 280
466 1002 476 246
610 1002 466 291
663 1003 556 249
481 1003 663 195
556 1003 481 260
50 1004 700 51
699 1004 50 49
700 1004 699 261
640 1005 419 242
700 1005 640 51
419 1005 700 261
462 1006 701 187
457 1006 462 241
701 1006 457 262
188 1007 655 189
701 1007 188 187
655 1007 701 262
438 1008 702 59
433 1008 438 240
702 1008 433 263
657 1009 702 263
703 1009 657 325
702 1009 703 59
460 1010 704 31
454 1010 460 238
704 1010 454 264
32 1011 705 33
704 1011 32 31
705 1011 704 264
671 1012 707 265
706 1012 671 233
707 1012 706 321
708 1013 492 251
669 1013 708 290
492 1013 669 265
198 1014 709 199
584 1014 198 197
709 1014 584 266
662 1015 491 248
709 1015 662 199
491 1015 709 266
712 1016 711 267
710 1016 712 230
711 1016 710 323
625 1017 599 237
712 1017 625 230
599 1017 712 267
629 1018 358 268
713 1018 629 231
358 1018 713 309
633 1019 538 239
628 1019 633 231
538 1019 628 272
362 1020 714 157
349 1020 362 220
714 1020 349 269
158 1021 450 159
714 1021 158 157
450 1021 714 269
716 1022 498 270
715 1022 716 287
498 1022 715 330
717 1023 521 67
715 1023 717 330
521 1023 715 287
6 1024 719 7
718 1024 6 5
719 1024 718 271
606 1025 720 232
719 1025 606 7
720 1025 719 271
567 1026 721 229
409 1026 567 107
721 1026 409 272
595 1027 630 268
721 1027 595 229
630 1027 721 272
724 1028 723 244
722 1028 724 320
723 1028 722 273
475 1029 609 25
723 1029 475 244
609 1029 723 273
726 1030 725 223
642 1030 726 278
725 1030 642 274
571 1031 434 240
725 1031 571 223
434 1031 725 274
720 1032 728 232
727 1032 720 271
728 1032 727 275
526 1033 672 11
728 1033 526 232
672 1033 728 275
729 1034 404 276
452 1034 729 211
404 1034 452 301
532 1035 638 183
729 1035 532 211
638 1035 729 276
731 1036 690 214
730 1036 731 292
690 1036 730 277
416 1037 631 239
688 1037 416 257
631 1037 688 277
648 1038 732 245
422 1038 648 99
732 1038 422 278
425 1039 726 223
733 1039 425 308
726 1039 733 278
202 1040 734 203
592 1040 202 201
734 1040 592 279
677 1041 501 253
734 1041 677 203
501 1041 734 279
192 1042 735 193
477 1042 192 191
735 1042 477 280
482 1043 611 260
735 1043 482 193
611 1043 735 280
586 1044 562 83
587 1044 586 227
562 1044 587 296
503 1045 598 267
622 1045 503 87
598 1045 622 281
737 1046 736 225
453 1046 737 264
736 1046 453 282
579 1047 458 241
736 1047 579 225
458 1047 736 282
54 1048 738 55
544 1048 54 53
738 1048 544 283
637 1049 542 252
738 1049 637 55
542 1049 738 283
646 1050 739 255
484 1050 646 21
739 1050 484 284
739 1051 683 255
740 1051 739 284
683 1051 740 312
641 1052 446 243
436 1052 641 95
446 1052 436 285
439 1053 444 285
741 1053 439 258
444 1053 741 293
718 1054 742 271
524 1054 718 5
742 1054 524 286
512 1055 509 228
742 1055 512 271
509 1055 742 286
334 1056 516 210
743 1056 334 69
516 1056 743 310
744 1057 716 270
613 1057 744 235
716 1057 613 287
520 1058 745 219
339 1058 520 79
745 1058 339 288
515 1059 698 237
745 1059 515 219
698 1059 745 288
747 1060 533 289
746 1060 747 264
533 1060 746 311
705 1061 565 33
747 1061 705 264
565 1061 747 289
750 1062 749 228
748 1062 750 253
749 1062 748 290
605 1063 708 251
749 1063 605 228
708 1063 749 290
752 1064 471 291
751 1064 752 234
471 1064 751 300
752 1065 686 234
753 1065 752 291
686 1065 753 315
731 1066 427 292
754 1066 731 214
427 1066 754 298
418 1067 673 242
730 1067 418 277
673 1067 730 292
634 1068 693 215
572 1068 634 274
693 1068 572 293
741 1069 692 293
755 1069 741 258
692 1069 755 299
506 1070 756 230
497 1070 506 270
756 1070 497 294
695 1071 666 224
757 1071 695 250
666 1071 757 314
48 1072 758 49
536 1072 48 47
758 1072 536 295
601 1073 758 295
759 1073 601 302
758 1073 759 49
623 1074 760 281
563 1074 623 85
760 1074 563 296
514 1075 588 219
760 1075 514 281
588 1075 760 296
748 1076 761 290
500 1076 748 253
761 1076 500 297
670 1077 675 233
761 1077 670 290
675 1077 761 297
570 1078 426 223
428 1078 570 252
426 1078 428 298
754 1079 424 298
762 1079 754 214
424 1079 762 308
764 1080 441 299
763 1080 764 224
441 1080 763 307
694 1081 755 258
764 1081 694 224
755 1081 764 299
557 1082 645 217
472 1082 557 260
645 1082 472 300
751 1083 643 300
765 1083 751 234
643 1083 765 320
766 1084 352 269
405 1084 766 225
352 1084 405 301
767 1085 360 163
451 1085 767 317
360 1085 451 211
699 1086 768 261
759 1086 699 49
768 1086 759 302
639 1087 769 231
768 1087 639 261
769 1087 768 302
744 1088 617 235
505 1088 744 270
617 1088 505 303
697 1089 624 237
615 1089 697 316
624 1089 615 303
674 1090 770 233
490 1090 674 248
770 1090 490 304
770 1091 706 233
771 1091 770 304
706 1091 771 321
750 1092 346 253
508 1092 750 228
346 1092 508 305
528 1093 344 305
772 1093 528 209
344 1093 772 313
554 1094 773 256
469 1094 554 273
773 1094 469 306
685 1095 774 216
773 1095 685 256
774 1095 773 306
680 1096 546 307
775 1096 680 247
546 1096 775 324
678 1097 763 224
679 1097 678 254
763 1097 679 307
732 1098 652 245
733 1098 732 278
652 1098 733 308
762 1099 650 308
776 1099 762 214
650 1099 776 318
600 1100 777 302
603 1100 600 212
777 1100 603 309
769 1101 713 231
777 1101 769 302
713 1101 777 309
778 1102 614 235
517 1102 778 259
614 1102 517 310
522 1103 743 69
612 1103 522 287
743 1103 612 310
766 1104 779 225
534 1104 766 269
779 1104 534 311
737 1105 746 264
779 1105 737 225
746 1105 779 311
684 1106 581 217
780 1106 684 312
581 1106 780 326
618 1107 740 284
781 1107 618 226
740 1107 781 312
204 1108 337 205
676 1108 204 203
337 1108 676 313
561 1109 772 209
336 1109 561 207
772 1109 336 313
756 1110 782 230
667 1110 756 294
782 1110 667 314
782 1111 710 230
783 1111 782 314
710 1111 783 323
774 1112 784 216
687 1112 774 306
784 1112 687 315
784 1113 550 216
785 1113 784 315
550 1113 785 328
778 1114 786 259
616 1114 778 235
786 1114 616 316
530 1115 696 288
786 1115 530 259
696 1115 786 316
160 1116 787 161
449 1116 160 159
787 1116 449 317
162 1117 767 163
787 1117 162 161
767 1117 787 317
789 1118 691 318
788 1118 789 257
691 1118 788 322
689 1119 776 214
789 1119 689 257
776 1119 789 318
126 1120 373 127
412 1120 126 125
373 1120 412 319
378 1121 602 212
372 1121 378 129
602 1121 372 319
480 1122 724 244
681 1122 480 255
724 1122 681 320
470 1123 765 234
722 1123 470 273
765 1123 722 320
607 1124 790 236
707 1124 607 265
790 1124 707 321
620 1125 771 304
790 1125 620 236
771 1125 790 321
100 1126 421 101
647 1126 100 99
421 1126 647 322
415 1127 788 257
420 1127 415 103
788 1127 420 322
494 1128 791 250
711 1128 494 267
791 1128 711 323
757 1129 783 314
791 1129 757 250
783 1129 791 323
635 1130 658 263
547 1130 635 215
658 1130 547 324
775 1131 656 324
792 1131 775 247
656 1131 792 325
60 1132 660 61
703 1132 60 59
660 1132 703 325
576 1133 792 247
659 1133 576 63
792 1133 659 325
582 1134 664 249
793 1134 582 326
664 1134 793 329
781 1135 780 312
794 1135 781 226
780 1135 794 326
727 1136 795 275
511 1136 727 271
795 1136 511 327
590 1137 604 251
795 1137 590 275
604 1137 795 327
653 1138 467 246
551 1138 653 262
467 1138 551 328
753 1139 785 315
465 1139 753 291
785 1139 465 328
661 1140 796 226
665 1140 661 266
796 1140 665 329
794 1141 793 326
796 1141 794 226
793 1141 796 329
575 1142 797 65
596 1142 575 254
797 1142 596 330
66 1143 717 67
797 1143 66 65
717 1143 797 330
208
0.000066 -0.001568 0.000160
0.000190 -0.001633 0.000160
0.000190 -0.001633 0.000160
0.000317 -0.001690 0.000160
0.000169 0.001952 -0.001065
0.000289 0.002008 -0.001065
0.000053 0.001889 -0.001065
0.000169 0.001952 -0.001065
-0.000165 0.001741 -0.000759
-0.000165 0.001741 -0.000912
-0.000165 0.001741 -0.000912
-0.000165 0.001741 -0.001065
-0.000165 -0.001412 -0.000606
-0.000165 -0.001412 -0.000453
-0.000165 -0.001412 -0.000759
-0.000165 -0.001412 -0.000606
-0.000165 -0.001412 -0.001065
-0.000165 -0.001412 -0.000912
-0.000165 -0.001412 -0.000912
-0.000165 -0.001412 -0.000759
-0.000052 -0.001494 0.000160
0.000066 -0.001568 0.000160
-0.000165 -0.001412 0.000160
-0.000052 -0.001494 0.000160
0.002971 0.000775 -0.000628
0.002968 0.000783 -0.000582
0.002974 0.000763 -0.000672
0.002971 0.000775 -0.000628
0.002974 0.000763 -0.000310
0.002979 0.000748 -0.000267
0.002979 0.000748 -0.000267
0.002984 0.000730 -0.000225
0.002984 0.000730 -0.000225
0.002990 0.000709 -0.000184
0.002990 0.000709 -0.000184
0.002997 0.000686 -0.000145
0.002979 0.000748 -0.000715
0.002974 0.000763 -0.000672
0.002984 0.000730 -0.000757
0.002979 0.000748 -0.000715
0.002997 0.000686 -0.000145
0.003004 0.000659 -0.000108
0.003004 0.000659 -0.000108
0.003011 0.000630 -0.000074
0.002975 -0.000431 -0.000302
0.002970 -0.000447 -0.000362
0.002982 -0.000410 -0.000245
0.002975 -0.000431 -0.000302
0.003008 -0.000314 -0.000089
0.002998 -0.000351 -0.000138
0.003017 -0.000273 -0.000044
0.003008 -0.000314 -0.000089
0.002990 0.000709 -0.000797
0.002984 0.000730 -0.000757
0.002997 0.000686 -0.000836
0.002990 0.000709 -0.000797
0.002964 0.000796 -0.001065
0.003001 0.000669 -0.001065
0.002918 0.000919 -0.001065
0.002964 0.000796 -0.001065
0.003004 0.000659 -0.000873
0.002997 0.000686 -0.000836
0.003011 0.000630 -0.000908
0.003004 0.000659 -0.000873
0.003025 0.000565 -0.000971
0.003018 0.000599 -0.000940
0.003018 0.000599 -0.000940
0.003011 0.000630 -0.000908
0.002980 -0.000415 -0.000725
0.002988 -0.000389 -0.000780
0.002988 -0.000389 -0.000780
0.002996 -0.000358 -0.000833
0.002964 -0.000466 -0.001065
0.002918 -0.000590 -0.001065
0.003001 -0.000340 -0.001065
0.002964 -0.000466 -0.001065
0.003015 -0.000282 -0.000928
0.003025 -0.000237 -0.000969
0.003025 -0.000237 -0.000969
0.003034 -0.000189 -0.001006
0.003030 -0.000211 -0.001065
0.003001 -0.000340 -0.001065
0.003034 -0.000189 -0.001006
0.003043 -0.000136 -0.001038
0.003043 -0.000136 -0.001038
0.003051 -0.000081 -0.001065
0.003051 -0.000081 -0.001065
0.003030 -0.000211 -0.001065
0.003018 0.000599 -0.000041
0.003025 0.000565 -0.000011
0.003011 0.000630 -0.000074
0.003018 0.000599 -0.000041
0.003032 0.000529 -0.000999
0.003025 0.000565 -0.000971
0.003039 0.000491 -0.001024
0.003032 0.000529 -0.000999
0.003001 0.000669 -0.001065
0.003030 0.000541 -0.001065
0.003030 0.000541 -0.001065
0.003051 0.000410 -0.001065
0.003051 0.000410 -0.001065
0.003045 0.000452 -0.001046
0.003045 0.000452 -0.001046
0.003039 0.000491 -0.001024
0.003046 0.000443 0.000160
0.003022 0.000581 0.000160
0.003022 0.000581 0.000160
0.002988 0.000716 0.000160
0.003025 0.000565 -0.000011
0.003032 0.000529 0.000017
0.003032 0.000529 0.000017
0.003039 0.000491 0.000042
0.003039 0.000491 0.000042
0.003045 0.000452 0.000064
0.003045 0.000452 0.000064
0.003051 0.000410 0.000084
0.003051 0.000410 0.000084
0.003057 0.000353 0.000105
0.003057 0.000353 0.000105
0.003062 0.000293 0.000121
0.003027 -0.000227 -0.000004
0.003017 -0.000273 -0.000044
0.003036 -0.000178 0.000032
0.003027 -0.000227 -0.000004
0.003045 -0.000125 0.000063
0.003036 -0.000178 0.000032
0.003052 -0.000070 0.000089
0.003045 -0.000125 0.000063
0.003022 -0.000251 0.000160
0.003046 -0.000114 0.000160
0.002988 -0.000386 0.000160
0.003022 -0.000251 0.000160
0.003062 0.000048 0.000123
0.003058 -0.000012 0.000109
0.003058 -0.000012 0.000109
0.003052 -0.000070 0.000089
0.003065 0.000109 0.000132
0.003062 0.000048 0.000123
0.003066 0.000171 0.000134
0.003065 0.000109 0.000132
0.003061 0.000025 0.000160
0.003066 0.000165 0.000160
0.003046 -0.000114 0.000160
0.003061 0.000025 0.000160
0.003062 0.000293 0.000121
0.003065 0.000233 0.000131
0.003065 0.000233 0.000131
0.003066 0.000171 0.000134
0.003061 0.000304 0.000160
0.003046 0.000443 0.000160
0.003066 0.000165 0.000160
0.003061 0.000304 0.000160
0.002803 -0.000827 -0.001065
0.002733 -0.000939 -0.001065
0.002733 -0.000939 -0.001065
0.002657 -0.001047 -0.001065
0.002966 -0.000460 -0.000484
0.002966 -0.000458 -0.000546
0.002966 -0.000458 -0.000546
0.002969 -0.000449 -0.000607
0.002998 -0.000351 -0.000138
0.002989 -0.000383 -0.000190
0.002989 -0.000383 -0.000190
0.002982 -0.000410 -0.000245
0.002657 -0.001047 -0.001065
0.002574 -0.001149 -0.001065
0.002574 -0.001149 -0.001065
0.002484 -0.001246 -0.001065
0.002388 -0.001336 -0.001065
0.002286 -0.001420 -0.001065
0.002484 -0.001246 -0.001065
0.002388 -0.001336 -0.001065
0.001951 -0.001629 -0.001065
0.001831 -0.001683 -0.001065
0.002067 -0.001567 -0.001065
0.001951 -0.001629 -0.001065
0.001581 -0.001768 -0.001065
0.001452 -0.001798 -0.001065
0.001452 -0.001798 -0.001065
0.001322 -0.001819 -0.001065
0.001684 -0.001737 0.000160
0.001815 -0.001689 0.000160
0.001815 -0.001689 0.000160
0.001943 -0.001633 0.000160
0.001059 -0.001835 -0.001065
0.000927 -0.001830 -0.001065
0.000927 -0.001830 -0.001065
0.000796 -0.001817 -0.001065
0.002598 0.001450 0.000160
0.002505 0.001554 0.000160
0.002505 0.001554 0.000160
0.002404 0.001651 0.000160
0.002484 0.001575 -0.001065
0.002574 0.001479 -0.001065
0.002574 0.001479 -0.001065
0.002657 0.001376 -0.001065
0.001943 0.001962 0.000160
0.001815 0.002019 0.000160
0.001815 0.002019 0.000160
0.001684 0.002067 0.000160
0.001707 0.002059 -0.001065
0.001831 0.002013 -0.001065
0.001581 0.002097 -0.001065
0.001707 0.002059 -0.001065
0.001414 0.002134 0.000160
0.001275 0.002154 0.000160
0.001275 0.002154 0.000160
0.001136 0.002164 0.000160
0.001136 0.002164 0.000160
0.000997 0.002164 0.000160
0.000997 0.002164 0.000160
0.000857 0.002154 0.000160
0.000857 0.002154 0.000160
0.000719 0.002134 0.000160
0.000719 0.002134 0.000160
0.000583 0.002105 0.000160
0.000583 0.002105 0.000160
0.000448 0.002067 0.000160
0.000448 0.002067 0.000160
0.000317 0.002019 0.000160
0.000796 -0.001817 -0.001065
0.000666 -0.001795 -0.001065
0.000666 -0.001795 -0.001065
0.000538 -0.001764 -0.001065
0.000317 -0.001690 0.000160
0.000448 -0.001738 0.000160
0.000448 -0.001738 0.000160
0.000583 -0.001776 0.000160
-0.000165 0.001741 -0.000453
-0.000165 0.001741 -0.000606
-0.000165 0.001741 -0.000606
-0.000165 0.001741 -0.000759
0.000066 0.001897 0.000160
-0.000052 0.001823 0.000160
-0.000052 0.001823 0.000160
-0.000165 0.001741 0.000160
-0.000165 -0.001412 -0.000147
-0.000165 -0.001412 0.000006
-0.000165 -0.001412 0.000006
-0.000165 -0.001412 0.000160
0.002803 0.001157 -0.001065
0.002864 0.001040 -0.001065
0.002864 0.001040 -0.001065
0.002918 0.000919 -0.001065
0.002988 0.000716 0.000160
0.002945 0.000849 0.000160
0.002945 0.000849 0.000160
0.002893 0.000978 0.000160
-0.000165 0.001741 -0.001065
-0.000058 0.001819 -0.001065
-0.000058 0.001819 -0.001065
0.000053 0.001889 -0.001065
0.000289 -0.001678 -0.001065
0.000169 -0.001623 -0.001065
0.000169 -0.001623 -0.001065
0.000053 -0.001560 -0.001065
0.002893 0.000978 0.000160
0.002832 0.001104 0.000160
0.002832 0.001104 0.000160
0.002762 0.001224 0.000160
0.002864 -0.000710 -0.001065
0.002803 -0.000827 -0.001065
0.002918 -0.000590 -0.001065
0.002864 -0.000710 -0.001065
0.002996 -0.000358 -0.000833
0.003006 -0.000322 -0.000882
0.003006 -0.000322 -0.000882
0.003015 -0.000282 -0.000928
0.002893 -0.000649 0.000160
0.002945 -0.000519 0.000160
0.002945 -0.000519 0.000160
0.002988 -0.000386 0.000160
0.000857 -0.001824 0.000160
0.000997 -0.001834 0.000160
0.000997 -0.001834 0.000160
0.001136 -0.001834 0.000160
0.000053 -0.001560 -0.001065
-0.000058 -0.001489 -0.001065
-0.000058 -0.001489 -0.001065
-0.000165 -0.001412 -0.001065
0.002969 -0.000449 -0.000607
0.002974 -0.000435 -0.000666
0.002974 -0.000435 -0.000666
0.002980 -0.000415 -0.000725
-0.000165 0.001741 0.000160
-0.000165 0.001741 0.000006
-0.000165 0.001741 0.000006
-0.000165 0.001741 -0.000147
0.002066 0.001897 0.000160
0.001943 0.001962 0.000160
0.002184 0.001823 0.000160
0.002066 0.001897 0.000160
0.000412 -0.001725 -0.001065
0.000289 -0.001678 -0.001065
0.000538 -0.001764 -0.001065
0.000412 -0.001725 -0.001065
0.002297 0.001741 0.000160
0.002184 0.001823 0.000160
0.002404 0.001651 0.000160
0.002297 0.001741 0.000160
0.002066 -0.001567 0.000160
0.002184 -0.001493 0.000160
0.001943 -0.001633 0.000160
0.002066 -0.001567 0.000160
0.002733 0.001269 -0.001065
0.002803 0.001157 -0.001065
0.002657 0.001376 -0.001065
0.002733 0.001269 -0.001065
0.002404 -0.001321 0.000160
0.002505 -0.001224 0.000160
0.002505 -0.001224 0.000160
0.002598 -0.001121 0.000160
0.001831 -0.001683 -0.001065
0.001707 -0.001730 -0.001065
0.001707 -0.001730 -0.001065
0.001581 -0.001768 -0.001065
0.001550 0.002105 0.000160
0.001414 0.002134 0.000160
0.001684 0.002067 0.000160
0.001550 0.002105 0.000160
0.002067 0.001896 -0.001065
0.002179 0.001826 -0.001065
0.002179 0.001826 -0.001065
0.002286 0.001749 -0.001065
0.001275 -0.001824 0.000160
0.001414 -0.001805 0.000160
0.001136 -0.001834 0.000160
0.001275 -0.001824 0.000160
0.000796 0.002147 -0.001065
0.000927 0.002160 -0.001065
0.000927 0.002160 -0.001065
0.001059 0.002165 -0.001065
0.001322 0.002148 -0.001065
0.001452 0.002127 -0.001065
0.001452 0.002127 -0.001065
0.001581 0.002097 -0.001065
0.001322 -0.001819 -0.001065
0.001191 -0.001831 -0.001065
0.001191 -0.001831 -0.001065
0.001059 -0.001835 -0.001065
0.000190 0.001963 0.000160
0.000066 0.001897 0.000160
0.000317 0.002019 0.000160
0.000190 0.001963 0.000160
-0.000165 -0.001412 -0.000453
-0.000165 -0.001412 -0.000300
-0.000165 -0.001412 -0.000300
-0.000165 -0.001412 -0.000147
0.002598 -0.001121 0.000160
0.002684 -0.001011 0.000160
0.002684 -0.001011 0.000160
0.002762 -0.000895 0.000160
0.002286 0.001749 -0.001065
0.002388 0.001665 -0.001065
0.002388 0.001665 -0.001065
0.002484 0.001575 -0.001065
0.002762 0.001224 0.000160
0.002684 0.001340 0.000160
0.002684 0.001340 0.000160
0.002598 0.001450 0.000160
0.001059 0.002165 -0.001065
0.001191 0.002161 -0.001065
0.001191 0.002161 -0.001065
0.001322 0.002148 -0.001065
0.002968 0.000783 -0.000400
0.002971 0.000775 -0.000354
0.002971 0.000775 -0.000354
0.002974 0.000763 -0.000310
-0.000165 0.001741 -0.000147
-0.000165 0.001741 -0.000300
-0.000165 0.001741 -0.000300
-0.000165 0.001741 -0.000453
0.000538 0.002094 -0.001065
0.000666 0.002124 -0.001065
0.000666 0.002124 -0.001065
0.000796 0.002147 -0.001065
0.001831 0.002013 -0.001065
0.001951 0.001958 -0.001065
0.001951 0.001958 -0.001065
0.002067 0.001896 -0.001065
0.002184 -0.001493 0.000160
0.002297 -0.001411 0.000160
0.002297 -0.001411 0.000160
0.002404 -0.001321 0.000160
0.002762 -0.000895 0.000160
0.002832 -0.000774 0.000160
0.002832 -0.000774 0.000160
0.002893 -0.000649 0.000160
0.000289 0.002008 -0.001065
0.000412 0.002055 -0.001065
0.000412 0.002055 -0.001065
0.000538 0.002094 -0.001065
0.002966 0.000790 -0.000491
0.002966 0.000788 -0.000445
0.002966 0.000788 -0.000445
0.002968 0.000783 -0.000400
0.002968 0.000783 -0.000582
0.002966 0.000788 -0.000537
0.002966 0.000788 -0.000537
0.002966 0.000790 -0.000491
0.002970 -0.000447 -0.000362
0.002967 -0.000456 -0.000422
0.002967 -0.000456 -0.000422
0.002966 -0.000460 -0.000484
0.002286 -0.001420 -0.001065
0.002179 -0.001497 -0.001065
0.002179 -0.001497 -0.001065
0.002067 -0.001567 -0.001065
0.001414 -0.001805 0.000160
0.001550 -0.001776 0.000160
0.001550 -0.001776 0.000160
0.001684 -0.001737 0.000160
0.000583 -0.001776 0.000160
0.000719 -0.001805 0.000160
0.000719 -0.001805 0.000160
0.000857 -0.001824 0.000160
