788 741
0.000341 0.001121 0.000610 
0.000272 0.001241 0.000610 
0.000202 0.001360 0.000610 
0.000133 0.001480 0.000610 
0.000064 0.001600 0.000610 
0.000026 0.001572 0.000610 
-0.000011 0.001544 0.000610 
-0.000089 0.001487 0.000610 
-0.000171 0.001435 0.000610 
-0.000256 0.001388 0.000610 
-0.000344 0.001347 0.000610 
-0.000435 0.001312 0.000610 
-0.000527 0.001283 0.000610 
-0.000621 0.001259 0.000610 
-0.000717 0.001242 0.000610 
-0.000813 0.001231 0.000610 
-0.000910 0.001227 0.000610 
-0.001007 0.001228 0.000610 
-0.001104 0.001236 0.000610 
-0.001200 0.001250 0.000610 
-0.001295 0.001270 0.000610 
-0.001388 0.001297 0.000610 
-0.001480 0.001329 0.000610 
-0.001624 0.001376 0.000610 
-0.001773 0.001404 0.000610 
-0.001924 0.001415 0.000610 
-0.002076 0.001407 0.000610 
-0.002225 0.001380 0.000610 
-0.002370 0.001336 0.000610 
-0.002509 0.001275 0.000610 
-0.002639 0.001197 0.000610 
-0.002759 0.001104 0.000610 
-0.002867 0.000997 0.000610 
-0.002961 0.000878 0.000610 
-0.003040 0.000748 0.000610 
-0.003102 0.000610 0.000610 
-0.003147 0.000465 0.000610 
-0.003175 0.000316 0.000610 
-0.003184 0.000165 0.000610 
-0.003175 0.000013 0.000610 
-0.003147 -0.000136 0.000610 
-0.003102 -0.000281 0.000610 
-0.003040 -0.000419 0.000610 
-0.002961 -0.000548 0.000610 
-0.002867 -0.000668 0.000610 
-0.002759 -0.000774 0.000610 
-0.002639 -0.000867 0.000610 
-0.002509 -0.000945 0.000610 
-0.002370 -0.001007 0.000610 
-0.002225 -0.001051 0.000610 
-0.002076 -0.001077 0.000610 
-0.001924 -0.001085 0.000610 
-0.001773 -0.001075 0.000610 
-0.001624 -0.001046 0.000610 
-0.001480 -0.001000 0.000610 
-0.001388 -0.000967 0.000610 
-0.001295 -0.000941 0.000610 
-0.001200 -0.000921 0.000610 
-0.001104 -0.000907 0.000610 
-0.001007 -0.000899 0.000610 
-0.000910 -0.000897 0.000610 
-0.000813 -0.000902 0.000610 
-0.000717 -0.000913 0.000610 
-0.000621 -0.000930 0.000610 
-0.000527 -0.000953 0.000610 
-0.000435 -0.000983 0.000610 
-0.000344 -0.001018 0.000610 
-0.000256 -0.001059 0.000610 
-0.000171 -0.001105 0.000610 
-0.000089 -0.001157 0.000610 
-0.000011 -0.001215 0.000610 
0.000026 -0.001243 0.000610 
0.000064 -0.001270 0.000610 
0.000133 -0.001150 0.000610 
0.000202 -0.001031 0.000610 
0.000272 -0.000911 0.000610 
0.000341 -0.000791 0.000610 
0.000236 -0.000702 0.000610 
0.000141 -0.000600 0.000610 
0.000060 -0.000489 0.000610 
-0.000009 -0.000369 0.000610 
-0.000063 -0.000242 0.000610 
-0.000102 -0.000109 0.000610 
-0.000126 0.000027 0.000610 
-0.000134 0.000165 0.000610 
-0.000126 0.000303 0.000610 
-0.000102 0.000439 0.000610 
-0.000063 0.000571 0.000610 
-0.000009 0.000699 0.000610 
0.000060 0.000819 0.000610 
0.000141 0.000930 0.000610 
0.000236 0.001031 0.000610 
-0.001939 0.000109 0.000610 
-0.001096 0.000121 0.000610 
-0.001486 0.000650 0.000610 
-0.002523 0.000058 0.000610 
-0.001640 -0.000386 0.000610 
-0.002238 -0.000193 0.000610 
-0.002361 0.000502 0.000610 
-0.000934 0.000599 0.000610 
-0.001259 -0.000337 0.000610 
-0.000650 -0.000252 0.000610 
-0.000339 0.000868 0.000610 
-0.002791 0.000288 0.000610 
-0.000606 0.000253 0.000610 
-0.002866 0.000048 0.000610 
-0.002423 0.001073 0.000610 
-0.000065 -0.000818 0.000610 
-0.002418 -0.000416 0.000610 
-0.000596 -0.000637 0.000610 
-0.000292 0.000988 0.000610 
-0.001852 -0.000710 0.000610 
-0.002080 0.000722 0.000610 
-0.000905 -0.000642 0.000610 
-0.000782 0.000961 0.000610 
-0.000081 0.001200 0.000610 
-0.001116 0.000800 0.000610 
-0.002443 -0.000312 0.000610 
-0.001827 -0.000619 0.000610 
-0.002387 0.000828 0.000610 
-0.000181 0.001232 0.000610 
-0.001535 0.000142 0.000610 
-0.000473 0.000195 0.000610 
-0.002555 0.000384 0.000610 
-0.001862 0.000430 0.000610 
-0.002930 -0.000218 0.000610 
-0.002038 -0.000310 0.000610 
-0.000607 0.000597 0.000610 
-0.000298 -0.000589 0.000610 
-0.002215 0.001084 0.000610 
-0.002850 0.000552 0.000610 
-0.001373 0.000485 0.000610 
-0.002909 0.000123 0.000610 
-0.000282 0.000498 0.000610 
-0.002295 -0.000836 0.000610 
-0.000006 -0.000875 0.000610 
-0.002092 0.001178 0.000610 
-0.001380 0.000972 0.000610 
-0.001514 -0.000586 0.000610 
-0.002199 0.000116 0.000610 
-0.000380 0.000383 0.000610 
-0.000385 0.000968 0.000610 
-0.001744 0.000540 0.000610 
-0.002745 -0.000240 0.000610 
-0.001069 0.001009 0.000610 
-0.001851 0.000950 0.000610 
-0.002502 0.000967 0.000610 
-0.000173 0.000859 0.000610 
-0.001289 -0.000116 0.000610 
-0.002338 -0.000190 0.000610 
-0.002323 -0.000106 0.000610 
-0.000639 0.000899 0.000610 
-0.001041 -0.000229 0.000610 
-0.002236 0.000440 0.000610 
-0.001641 0.001232 0.000610 
-0.002371 -0.000638 0.000610 
-0.002776 -0.000452 0.000610 
-0.001755 -0.000261 0.000610 
-0.000592 0.000110 0.000610 
-0.002401 0.000348 0.000610 
-0.001900 0.000813 0.000610 
-0.001170 0.000568 0.000610 
-0.002119 -0.000078 0.000610 
-0.001117 -0.000450 0.000610 
-0.001613 -0.000940 0.000610 
-0.002967 0.000248 0.000610 
-0.000767 0.000245 0.000610 
-0.002031 -0.000488 0.000610 
-0.002525 0.000686 0.000610 
-0.001716 0.000829 0.000610 
-0.000998 0.000476 0.000610 
-0.002239 -0.000363 0.000610 
-0.001241 -0.000853 0.000610 
-0.000704 -0.000460 0.000610 
-0.001732 0.000193 0.000610 
-0.002933 -0.000018 0.000610 
-0.000466 -0.000044 0.000610 
-0.001798 -0.000520 0.000610 
-0.002708 -0.000412 0.000610 
-0.002747 0.000259 0.000610 
-0.000861 0.000131 0.000610 
-0.001282 0.001109 0.000610 
-0.001992 -0.000831 0.000610 
-0.001259 -0.000595 0.000610 
-0.001847 0.000688 0.000610 
-0.002192 -0.000323 0.000610 
-0.001117 -0.000042 0.000610 
-0.001358 0.000803 0.000610 
-0.001972 -0.000724 0.000610 
-0.002687 0.000409 0.000610 
-0.000765 0.000837 0.000610 
-0.001392 0.000064 0.000610 
-0.002226 -0.000430 0.000610 
-0.001489 0.000026 0.000610 
-0.000772 -0.000085 0.000610 
-0.001289 0.000306 0.000610 
-0.001553 -0.000455 0.000610 
-0.001664 0.000388 0.000610 
-0.001019 -0.000392 0.000610 
-0.001770 -0.000382 0.000610 
-0.001411 -0.000180 0.000610 
0.000100 -0.000981 0.000610 
-0.001520 0.000349 0.000610 
-0.001145 0.000652 0.000610 
-0.001257 0.000569 0.000610 
-0.001128 0.000973 0.000610 
-0.001157 0.000859 0.000610 
-0.001226 0.000800 0.000610 
-0.000003 0.001389 0.000610 
-0.000068 0.001268 0.000610 
-0.000416 0.000884 0.000610 
-0.000351 0.000769 0.000610 
-0.000470 0.000963 0.000610 
-0.000362 0.001047 0.000610 
-0.000213 0.001218 0.000610 
-0.000278 0.001238 0.000610 
0.000032 0.001232 0.000610 
-0.000011 0.001152 0.000610 
-0.000520 0.000816 0.000610 
-0.000543 0.001019 0.000610 
-0.001115 0.001172 0.000610 
-0.001117 0.001062 0.000610 
-0.000218 0.001041 0.000610 
-0.000764 0.000343 0.000610 
-0.001111 0.000458 0.000610 
-0.000996 0.000352 0.000610 
-0.001405 0.001101 0.000610 
-0.001505 0.000969 0.000610 
-0.001268 0.001017 0.000610 
-0.000856 -0.000736 0.000610 
-0.001143 -0.000683 0.000610 
0.000010 -0.001103 0.000610 
-0.000493 0.000888 0.000610 
-0.001545 0.000580 0.000610 
-0.001669 0.000591 0.000610 
-0.001693 0.000470 0.000610 
-0.000312 0.000376 0.000610 
-0.001073 -0.000140 0.000610 
-0.001102 -0.000236 0.000610 
-0.000358 -0.000820 0.000610 
-0.000308 -0.000929 0.000610 
-0.000872 0.000243 0.000610 
-0.000652 0.000064 0.000610 
-0.000760 0.000143 0.000610 
-0.000527 0.000031 0.000610 
-0.000327 -0.000419 0.000610 
-0.000527 0.000149 0.000610 
-0.001023 -0.000661 0.000610 
-0.000285 -0.000768 0.000610 
-0.000106 -0.000580 0.000610 
-0.000026 -0.000552 0.000610 
0.000114 0.001263 0.000610 
0.000046 -0.000688 0.000610 
-0.000113 -0.000720 0.000610 
-0.000047 -0.000872 0.000610 
-0.002031 0.000643 0.000610 
-0.001950 -0.000659 0.000610 
-0.002461 0.000898 0.000610 
-0.002001 0.000960 0.000610 
-0.002127 0.000787 0.000610 
-0.002166 0.000646 0.000610 
-0.002087 0.000898 0.000610 
-0.002618 -0.000157 0.000610 
-0.002284 -0.000272 0.000610 
-0.002438 -0.000154 0.000610 
-0.002454 0.000764 0.000610 
-0.002622 0.000748 0.000610 
-0.001983 0.000564 0.000610 
-0.002266 0.000652 0.000610 
-0.002242 -0.000636 0.000610 
-0.002905 0.000278 0.000610 
-0.002928 0.000422 0.000610 
-0.002380 -0.000351 0.000610 
-0.002453 -0.000482 0.000610 
-0.002505 -0.000208 0.000610 
-0.002274 -0.000131 0.000610 
-0.002867 -0.000019 0.000610 
-0.002774 -0.000121 0.000610 
-0.002925 0.000078 0.000610 
-0.002864 0.000144 0.000610 
-0.001588 -0.000841 0.000610 
-0.001632 -0.000650 0.000610 
-0.001741 0.000957 0.000610 
-0.001621 0.000853 0.000610 
-0.001661 0.001095 0.000610 
-0.001351 -0.000855 0.000610 
-0.001268 -0.000897 0.000610 
-0.000904 -0.000382 0.000610 
-0.002555 -0.000255 0.000610 
-0.002026 0.001013 0.000610 
-0.001507 -0.000659 0.000610 
-0.000588 -0.000769 0.000610 
-0.001200 -0.000076 0.000610 
-0.001370 -0.000034 0.000610 
-0.001471 0.000265 0.000610 
-0.001597 0.000255 0.000610 
-0.001966 0.001176 0.000610 
-0.001788 0.001250 0.000610 
-0.002775 0.000475 0.000610 
-0.002746 0.000586 0.000610 
-0.002707 0.000041 0.000610 
-0.002982 -0.000180 0.000610 
-0.001845 -0.000204 0.000610 
-0.001765 -0.000320 0.000610 
-0.001926 -0.000033 0.000610 
-0.001454 -0.000071 0.000610 
-0.001464 -0.000199 0.000610 
-0.000583 0.000418 0.000610 
-0.002212 -0.000259 0.000610 
-0.002255 -0.000106 0.000610 
-0.002201 -0.000167 0.000610 
-0.002230 -0.000823 0.000610 
-0.002298 -0.000880 0.000610 
-0.002310 0.000396 0.000610 
-0.002306 0.000516 0.000610 
-0.002456 0.000451 0.000610 
-0.002005 0.000375 0.000610 
-0.002145 0.000199 0.000610 
-0.002017 0.000211 0.000610 
-0.001306 0.001199 0.000610 
-0.000844 0.000662 0.000610 
-0.000926 0.000830 0.000610 
-0.000867 0.000485 0.000610 
-0.001166 -0.000470 0.000610 
-0.001143 -0.000604 0.000610 
-0.001083 -0.000515 0.000610 
-0.001438 -0.000763 0.000610 
-0.000618 0.000173 0.000610 
-0.000535 0.000249 0.000610 
-0.000715 -0.000831 0.000610 
-0.000091 0.000943 0.000610 
-0.000690 0.000521 0.000610 
-0.000679 0.000429 0.000610 
-0.000597 0.000498 0.000610 
-0.002648 0.000327 0.000610 
-0.002596 0.000472 0.000610 
-0.003084 0.000131 0.000610 
-0.000595 0.000333 0.000610 
-0.000497 0.000415 0.000610 
-0.000426 0.000289 0.000610 
-0.002725 -0.000456 0.000610 
-0.002655 -0.000331 0.000610 
-0.002770 -0.000354 0.000610 
-0.002936 -0.000113 0.000610 
-0.002476 0.001066 0.000610 
-0.002426 0.001128 0.000610 
-0.002324 0.001079 0.000610 
-0.002354 0.001245 0.000610 
-0.000148 -0.000866 0.000610 
-0.000650 -0.000328 0.000610 
-0.000411 -0.000309 0.000610 
-0.001843 -0.000680 0.000610 
-0.001894 -0.000480 0.000610 
-0.002077 -0.000810 0.000610 
-0.002249 0.000951 0.000610 
-0.002105 0.001083 0.000610 
-0.000815 -0.000409 0.000610 
-0.001993 -0.000788 0.000610 
-0.000247 -0.000531 0.000610 
-0.000100 -0.000416 0.000610 
-0.000094 0.001075 0.000610 
-0.000231 0.000925 0.000610 
-0.000256 0.000861 0.000610 
-0.000326 0.000934 0.000610 
-0.001486 -0.000925 0.000610 
-0.001758 -0.000950 0.000610 
-0.001878 -0.000835 0.000610 
-0.001832 -0.000731 0.000610 
-0.001885 -0.000720 0.000610 
-0.001817 0.000868 0.000610 
-0.001287 -0.000752 0.000610 
-0.001928 0.000894 0.000610 
-0.001541 0.000728 0.000610 
-0.001791 0.000609 0.000610 
-0.000946 -0.000241 0.000610 
-0.000715 -0.000169 0.000610 
-0.000936 0.001130 0.000610 
-0.000710 0.001092 0.000610 
-0.000743 0.000724 0.000610 
-0.000111 0.001143 0.000610 
-0.000133 0.001214 0.000610 
-0.001036 0.000843 0.000610 
-0.000181 0.001254 0.000610 
-0.000879 0.000973 0.000610 
-0.000917 0.000748 0.000610 
-0.002138 -0.000236 0.000610 
-0.002396 -0.000783 0.000610 
-0.002578 -0.000607 0.000610 
-0.002636 -0.000489 0.000610 
-0.000258 -0.000126 0.000610 
-0.000346 -0.000651 0.000610 
-0.000403 -0.000490 0.000610 
-0.002771 -0.000505 0.000610 
-0.002455 0.001016 0.000610 
-0.002874 0.000699 0.000610 
-0.000136 0.001354 0.000610 
-0.001261 0.000226 0.000610 
-0.001405 0.000124 0.000610 
-0.001440 0.000043 0.000610 
-0.001368 0.000253 0.000610 
-0.000382 0.000123 0.000610 
-0.000588 -0.000239 0.000610 
-0.000369 0.000003 0.000610 
-0.000681 0.000955 0.000610 
-0.000609 0.000964 0.000610 
-0.002763 0.000350 0.000610 
-0.002035 -0.000402 0.000610 
-0.000032 -0.000972 0.000610 
-0.002759 -0.000480 0.000610 
-0.002829 -0.000450 0.000610 
-0.002941 -0.000330 0.000610 
-0.003064 -0.000111 0.000610 
-0.002245 -0.000550 0.000610 
-0.002114 -0.000649 0.000610 
-0.002010 -0.000097 0.000610 
-0.002053 -0.000222 0.000610 
-0.000776 0.000890 0.000610 
-0.000370 0.000527 0.000610 
-0.000264 0.000630 0.000610 
-0.000501 0.000666 0.000610 
-0.000263 -0.000680 0.000610 
-0.001306 0.000104 0.000610 
-0.002216 0.001167 0.000610 
-0.001763 -0.000470 0.000610 
-0.001529 0.000851 0.000610 
-0.001298 0.000730 0.000610 
-0.001174 0.000732 0.000610 
-0.001016 0.000704 0.000610 
-0.001056 0.000589 0.000610 
-0.002775 0.000213 0.000610 
-0.002564 0.001043 0.000610 
-0.002827 0.000224 0.000610 
-0.002689 0.000665 0.000610 
-0.002686 0.000542 0.000610 
-0.000185 0.000484 0.000610 
-0.000243 0.000215 0.000610 
-0.002569 -0.000745 0.000610 
0.000035 -0.000877 0.000610 
-0.001904 0.001024 0.000610 
-0.001438 0.000846 0.000610 
-0.001292 0.000881 0.000610 
-0.001715 -0.000636 0.000610 
-0.001811 -0.000693 0.000610 
-0.001521 -0.000513 0.000610 
-0.001391 -0.000578 0.000610 
-0.002318 -0.000418 0.000610 
-0.002316 0.000197 0.000610 
-0.002498 0.000298 0.000610 
-0.002417 0.000073 0.000610 
-0.000508 0.001171 0.000610 
-0.000436 -0.000693 0.000610 
-0.001894 0.000229 0.000610 
-0.001758 0.000338 0.000610 
-0.001907 0.000365 0.000610 
-0.001384 -0.000478 0.000610 
-0.001922 0.000497 0.000610 
-0.002045 0.000502 0.000610 
-0.001207 -0.000305 0.000610 
-0.001311 -0.000377 0.000610 
-0.000958 -0.000559 0.000610 
-0.002475 -0.000345 0.000610 
-0.002389 -0.000261 0.000610 
-0.002818 -0.000590 0.000610 
-0.001050 0.001084 0.000610 
-0.001698 -0.000530 0.000610 
-0.002534 0.001118 0.000610 
-0.000616 -0.000011 0.000610 
-0.000195 -0.000762 0.000610 
-0.001467 -0.000367 0.000610 
-0.001586 -0.000396 0.000610 
-0.002382 -0.000125 0.000610 
-0.002290 0.000764 0.000610 
-0.002490 -0.000048 0.000610 
-0.002323 -0.000063 0.000610 
-0.000564 0.000898 0.000610 
-0.000670 0.000786 0.000610 
-0.000682 0.000855 0.000610 
-0.000688 0.000246 0.000610 
-0.000960 -0.000431 0.000610 
-0.000760 -0.000591 0.000610 
-0.002168 0.000514 0.000610 
-0.001504 0.001212 0.000610 
-0.002201 -0.000729 0.000610 
-0.002101 -0.000772 0.000610 
-0.002842 -0.000229 0.000610 
-0.001986 0.000051 0.000610 
-0.002193 -0.000883 0.000610 
-0.001842 0.000024 0.000610 
-0.000555 -0.000090 0.000610 
-0.000030 -0.000776 0.000610 
-0.000836 0.000031 0.000610 
-0.000696 -0.000050 0.000610 
-0.001773 0.000730 0.000610 
-0.001659 0.000757 0.000610 
-0.001988 0.000776 0.000610 
-0.001196 0.000327 0.000610 
-0.001329 0.000396 0.000610 
-0.002165 -0.000809 0.000610 
-0.001180 -0.000408 0.000610 
-0.001100 -0.000336 0.000610 
-0.001072 -0.000424 0.000610 
-0.002944 0.000199 0.000610 
-0.000961 0.000118 0.000610 
-0.000976 0.000889 0.000610 
-0.001084 0.000252 0.000610 
-0.002125 -0.000481 0.000610 
-0.001947 -0.000320 0.000610 
-0.001852 -0.000395 0.000610 
-0.002398 0.000602 0.000610 
-0.001537 0.000820 0.000610 
-0.001864 0.000769 0.000610 
-0.000684 0.000656 0.000610 
-0.002280 -0.000334 0.000610 
-0.002216 -0.000343 0.000610 
-0.001139 -0.000760 0.000610 
-0.001134 -0.000875 0.000610 
-0.000560 -0.000525 0.000610 
-0.001529 -0.000092 0.000610 
-0.001935 0.001267 0.000610 
-0.001587 0.000026 0.000610 
-0.001630 -0.000174 0.000610 
-0.003006 -0.000015 0.000610 
-0.001071 0.000737 0.000610 
-0.000425 -0.000139 0.000610 
-0.001768 -0.000421 0.000610 
-0.001653 -0.000439 0.000610 
-0.001715 -0.000379 0.000610 
-0.001610 -0.000479 0.000610 
-0.002666 0.000194 0.000610 
-0.002813 0.000090 0.000610 
-0.000931 0.000013 0.000610 
-0.001028 -0.000013 0.000610 
-0.002037 -0.000953 0.000610 
-0.001720 -0.000601 0.000610 
-0.001266 -0.000677 0.000610 
-0.001919 0.000624 0.000610 
-0.002127 -0.000291 0.000610 
-0.002168 -0.000379 0.000610 
-0.002252 -0.000384 0.000610 
-0.001215 -0.000193 0.000610 
-0.001168 0.000051 0.000610 
-0.001424 0.000724 0.000610 
-0.001431 0.000573 0.000610 
-0.002603 0.000004 0.000610 
-0.001487 0.000138 0.000610 
-0.001163 0.000172 0.000610 
-0.001638 -0.000332 0.000610 
-0.000989 -0.000347 0.000610 
-0.001443 0.000429 0.000610 
-0.001336 -0.000260 0.000610 
-0.001347 -0.000142 0.000610 
0.000048 0.001384 0.000610 
0.000044 -0.000976 0.000610 
0.000000 0.001256 0.000610 
-0.000156 0.001189 0.000610 
0.000004 0.001188 0.000610 
-0.000483 0.000513 0.000610 
-0.001160 0.001052 0.000610 
-0.001818 0.001093 0.000610 
-0.000719 -0.000746 0.000610 
-0.001619 0.000515 0.000610 
-0.000219 0.000339 0.000610 
-0.000396 -0.000890 0.000610 
-0.000171 -0.000475 0.000610 
0.000038 0.001181 0.000610 
0.000077 -0.001125 0.000610 
-0.001629 0.000964 0.000610 
-0.001355 -0.000901 0.000610 
-0.001561 -0.000747 0.000610 
-0.000601 -0.000841 0.000610 
-0.002798 -0.000016 0.000610 
-0.002077 0.000289 0.000610 
-0.001199 0.001189 0.000610 
-0.001141 -0.000526 0.000610 
-0.001461 -0.000843 0.000610 
-0.000559 0.000186 0.000610 
-0.000835 -0.000819 0.000610 
-0.000022 0.000884 0.000610 
-0.000654 0.000479 0.000610 
-0.000127 0.000773 0.000610 
-0.000511 0.000311 0.000610 
-0.002462 0.001197 0.000610 
-0.002341 0.001154 0.000610 
-0.000202 -0.000963 0.000610 
-0.001667 -0.000472 0.000610 
-0.001811 0.000484 0.000610 
-0.000255 -0.000354 0.000610 
-0.000154 0.000993 0.000610 
-0.000271 0.000907 0.000610 
-0.001900 -0.000770 0.000610 
-0.001932 -0.000595 0.000610 
-0.000783 -0.000253 0.000610 
-0.000837 0.001120 0.000610 
-0.000609 0.001130 0.000610 
-0.000061 0.001148 0.000610 
-0.000390 0.001204 0.000610 
-0.000039 0.001192 0.000610 
-0.000803 0.000792 0.000610 
-0.002347 -0.000539 0.000610 
-0.002818 0.000164 0.000610 
-0.000159 -0.000255 0.000610 
-0.000337 -0.000250 0.000610 
-0.002093 0.000999 0.000610 
-0.002381 0.000985 0.000610 
-0.000216 0.001323 0.000610 
-0.000136 0.001281 0.000610 
-0.001338 0.000177 0.000610 
-0.001436 0.000198 0.000610 
-0.000289 0.000054 0.000610 
-0.000272 -0.000840 0.000610 
-0.000219 0.001219 0.000610 
-0.000624 0.000997 0.000610 
-0.002852 0.000399 0.000610 
-0.002708 -0.000563 0.000610 
-0.000057 -0.001069 0.000610 
-0.000078 -0.000954 0.000610 
-0.002893 -0.000501 0.000610 
-0.003011 -0.000222 0.000610 
-0.002141 -0.000573 0.000610 
-0.001983 -0.000201 0.000610 
-0.000841 0.000883 0.000610 
-0.000363 0.000670 0.000610 
-0.000193 -0.000615 0.000610 
-0.000298 -0.000699 0.000610 
-0.002218 0.001269 0.000610 
-0.002527 -0.000555 0.000610 
-0.001928 -0.000416 0.000610 
-0.000439 0.000794 0.000610 
-0.001072 0.000670 0.000610 
-0.002495 0.001084 0.000610 
-0.002667 -0.000058 0.000610 
-0.000146 0.000628 0.000610 
-0.000448 0.000076 0.000610 
-0.002433 -0.000839 0.000610 
-0.002496 -0.000699 0.000610 
0.000031 -0.000775 0.000610 
0.000127 -0.000838 0.000610 
-0.001995 0.001079 0.000610 
-0.000078 0.001385 0.000610 
-0.001792 -0.000658 0.000610 
-0.002068 0.000133 0.000610 
-0.002423 0.000190 0.000610 
-0.000433 -0.000587 0.000610 
-0.000343 0.000251 0.000610 
-0.000462 0.001039 0.000610 
-0.000282 0.001111 0.000610 
-0.000457 -0.000792 0.000610 
-0.000347 -0.000736 0.000610 
-0.001863 0.000311 0.000610 
-0.001974 0.000435 0.000610 
-0.001160 -0.000265 0.000610 
-0.001050 -0.000583 0.000610 
-0.001656 -0.000713 0.000610 
-0.002733 -0.000503 0.000610 
-0.001026 0.001151 0.000610 
-0.000977 0.001046 0.000610 
-0.001763 -0.000694 0.000610 
-0.001756 -0.000809 0.000610 
-0.002606 0.001039 0.000610 
-0.002493 0.001043 0.000610 
-0.000261 0.000741 0.000610 
-0.000491 -0.000873 0.000610 
-0.002090 0.000023 0.000610 
-0.002672 -0.000526 0.000610 
-0.002187 0.000840 0.000610 
-0.002632 0.000101 0.000610 
-0.002400 -0.000048 0.000610 
-0.000544 0.000965 0.000610 
-0.000601 0.000837 0.000610 
-0.000683 0.000161 0.000610 
-0.000855 -0.000509 0.000610 
-0.002098 0.000581 0.000610 
-0.001235 -0.000522 0.000610 
-0.002082 0.001292 0.000610 
-0.001528 0.001095 0.000610 
-0.002296 -0.000755 0.000610 
-0.002100 -0.000732 0.000610 
-0.002845 -0.000334 0.000610 
-0.002866 -0.000125 0.000610 
-0.002032 -0.000008 0.000610 
-0.002325 0.000078 0.000610 
-0.000064 -0.000684 0.000610 
-0.000740 0.000044 0.000610 
-0.002239 0.000281 0.000610 
-0.001722 0.000665 0.000610 
-0.002029 0.000850 0.000610 
-0.000679 0.000336 0.000610 
-0.001224 0.000449 0.000610 
-0.002171 0.000357 0.000610 
-0.001953 0.000300 0.000610 
-0.001237 -0.000427 0.000610 
-0.001140 -0.000369 0.000610 
-0.002237 0.000588 0.000610 
-0.002233 0.000712 0.000610 
-0.002873 0.000220 0.000610 
-0.002985 0.000095 0.000610 
-0.000983 0.000251 0.000610 
-0.000951 -0.000819 0.000610 
-0.002036 -0.000721 0.000610 
-0.001860 -0.000325 0.000610 
-0.002361 0.000703 0.000610 
-0.002506 0.000538 0.000610 
-0.001597 0.000789 0.000610 
-0.001817 0.000790 0.000610 
-0.001078 -0.000834 0.000610 
-0.000782 0.000579 0.000610 
-0.002319 -0.000324 0.000610 
-0.002252 -0.000297 0.000610 
-0.000989 -0.000741 0.000610 
-0.001210 -0.000896 0.000610 
-0.000515 -0.000400 0.000610 
-0.001567 -0.000309 0.000610 
-0.001734 -0.000088 0.000610 
-0.003005 -0.000101 0.000610 
-0.003090 0.000002 0.000610 
-0.001130 0.000707 0.000610 
-0.001003 0.000783 0.000610 
-0.000349 -0.000087 0.000610 
-0.000500 -0.000190 0.000610 
-0.001718 -0.000427 0.000610 
-0.001609 -0.000521 0.000610 
-0.002563 -0.000429 0.000610 
-0.002695 -0.000640 0.000610 
-0.002596 0.000247 0.000610 
-0.002743 0.000140 0.000610 
-0.000127 -0.001023 0.000610 
-0.000992 -0.000124 0.000610 
-0.001207 0.000933 0.000610 
-0.001397 0.001199 0.000610 
-0.001903 -0.000960 0.000610 
-0.001619 -0.000586 0.000610 
-0.001570 0.000438 0.000610 
-0.001399 -0.000677 0.000610 
-0.001861 0.000553 0.000610 
-0.001944 0.000717 0.000610 
-0.002226 0.000019 0.000610 
-0.002207 -0.000373 0.000610 
-0.001154 -0.000156 0.000610 
-0.001256 0.000019 0.000610 
-0.001363 0.000650 0.000610 
-0.001489 0.000795 0.000610 
-0.001863 -0.000673 0.000610 
-0.002076 -0.000780 0.000610 
-0.002595 0.000608 0.000610 
-0.002555 -0.000098 0.000610 
-0.000715 0.000897 0.000610 
-0.000577 0.000732 0.000610 
-0.001443 0.000090 0.000610 
-0.001220 0.000144 0.000610 
-0.002309 -0.000375 0.000610 
-0.002127 -0.000386 0.000610 
-0.000641 -0.000149 0.000610 
-0.000847 -0.000121 0.000610 
-0.001401 0.000331 0.000610 
-0.001185 0.000255 0.000610 
-0.001613 -0.000432 0.000610 
-0.001402 -0.000313 0.000610 
-0.001765 0.000424 0.000610 
-0.001493 0.000513 0.000610 
-0.001012 -0.000490 0.000610 
-0.001059 -0.000306 0.000610 
-0.001717 -0.000341 0.000610 
-0.001839 -0.000448 0.000610 
-0.001403 -0.000040 0.000610 
-0.001277 -0.000228 0.000610 
-0.001105 0.000355 0.000610 
-0.001221 0.000655 0.000610 
-0.001069 0.000902 0.000610 
-0.001019 0.000953 0.000610 
-0.000197 0.001156 0.000610 
-0.000165 0.001093 0.000610 
-0.000023 0.001065 0.000610 
0.000167 0.001136 0.000610 
0.000047 0.001048 0.000610 
-0.001127 0.001114 0.000610 
-0.001179 0.001119 0.000610 
-0.000776 0.000448 0.000610 
-0.000871 0.000353 0.000610 
-0.001833 0.000393 0.000610 
-0.001603 0.000684 0.000610 
-0.002037 -0.000572 0.000610 
-0.002041 -0.000657 0.000610 
-0.002544 0.000826 0.000610 
-0.002640 0.000940 0.000610 
-0.002757 0.000811 0.000610 
-0.002551 0.000161 0.000610 
-0.002323 0.000590 0.000610 
-0.002106 0.000435 0.000610 

6 552 4 5
202 553 232 566
4 552 252 3
566 232 71 72
74 566 72 73
734 456 125 586
205 162 204 767
427 117 207 208
728 441 208 207
396 606 210 639
637 438 553 202
8 639 209 7
668 213 645 220
211 142 213 233
216 605 10 11
214 646 216 596
215 555 381 121
565 217 556 218
773 774 91 92
597 556 217 554
420 128 334 557
669 476 747 219
222 558 206 145
221 655 18 19
558 229 728 206
770 646 223 771
226 171 225 766
323 171 226 778
227 675 228 138
22 23 482 729
227 138 229 182
515 709 248 231
698 705 60 61
732 198 296 203
202 566 74 75
236 561 235 143
732 561 236 198
235 561 234 780
110 451 643 517
644 401 609 436
562 436 85 86
738 239 153 238
241 563 66 67
563 662 65 66
670 244 683 243
242 181 244 167
245 633 247 159
403 633 245 177
248 709 230 114
610 240 563 241
564 360 601 587
359 623 250 564
360 564 250 251
252 773 2 3
552 209 554 217
773 92 1 2
210 116 597 554
209 552 6 7
552 217 565 252
254 108 490 682
255 136 490 108
408 553 438 136
591 353 168 781
267 783 784 785
665 260 686 262
261 113 260 694
707 513 708 264
745 544 631 263
267 169 266 783
434 299 190 336
599 156 270 413
735 495 113 256
613 299 131 272
109 461 722 274
265 473 745 275
264 98 276 150
485 678 343 144
279 106 280 133
277 106 279 176
568 286 575 365
165 366 53 54
228 675 285 567
283 567 285 559
170 284 567 283
287 568 56 57
286 568 287 173
56 568 365 55
356 603 290 638
548 199 479 288
733 445 139 291
653 569 291 282
662 570 64 65
570 330 63 64
610 249 648 240
294 149 293 739
296 122 295 203
559 285 155 298
299 434 300 131
522 176 279 696
725 530 571 301
522 696 337 715
713 488 305 303
700 508 200 304
338 687 478 105
307 201 306 518
309 386 311 98
635 387 676 156
312 135 313 487
314 99 316 160
315 99 314 154
319 572 318 641
317 572 319 690
689 572 317 788
20 573 221 19
320 573 20 21
320 729 227 182
323 706 321 100
385 321 379 598
325 652 326 574
324 574 326 164
325 574 673 184
569 281 575 327
365 575 281 165
327 575 286 371
329 576 247 123
328 576 329 105
247 576 328 159
62 577 698 61
330 577 62 63
230 577 330 560
578 580 89 90
774 772 331 578
580 578 331 148
334 579 333 308
332 579 334 128
333 579 332 777
335 124 336 190
38 166 272 37
337 166 38 39
334 308 339 557
581 340 141 339
329 581 338 105
340 581 329 123
581 339 308 338
343 179 342 144
341 179 343 157
679 277 176 344
582 348 29 30
431 660 345 630
346 630 345 107
582 346 583 348
347 583 346 107
583 423 625 348
68 584 241 67
726 584 68 69
241 584 349 610
711 402 102 350
742 352 640 119
353 591 119 178
50 487 313 49
465 178 119 534
465 585 424 178
355 130 347 604
356 130 355 603
26 519 298 25
183 367 590 358
357 592 375 288
350 592 357 174
360 251 80 81
359 564 587 246
253 79 80 251
223 111 362 588
331 588 362 148
361 588 331 772
364 589 362 111
363 589 364 103
362 589 363 148
165 281 658 366
170 283 146 370
369 590 368 112
358 590 369 189
368 590 367 658
372 146 439 259
370 146 372 161
685 493 185 374
741 510 703 373
627 353 763 508
376 592 350 102
753 592 376 195
125 779 758 586
570 292 560 330
480 560 292 110
16 593 378 15
377 593 16 17
384 115 378 593
378 594 14 15
476 191 598 379
594 450 13 14
361 595 380 771
218 595 361 772
380 595 597 116
380 555 770 771
381 555 380 116
111 223 646 214
595 218 556 597
606 396 605 383
207 117 382 768
322 717 428 385
382 504 769 768
621 322 385 598
599 446 109 274
416 163 311 386
280 695 502 133
388 626 389 664
156 626 388 635
82 601 360 81
390 601 82 83
587 601 390 602
392 129 359 246
391 129 392 643
351 246 587 602
262 686 372 259
262 259 290 603
267 785 395 433
393 463 723 614
394 147 258 604
347 107 394 604
10 605 396 9
770 555 215 611
383 611 215 121
210 606 381 116
396 639 8 9
381 606 383 121
398 607 400 608
422 607 398 192
400 607 397 196
294 764 551 149
399 764 294 192
754 295 608 400
390 83 84 609
436 609 84 85
403 609 401 633
616 349 584 726
719 489 752 402
142 364 111 214
383 605 216 611
364 142 211 103
612 220 594 378
404 612 378 115
405 612 404 152
406 613 271 104
299 613 406 190
613 272 166 271
34 785 784 33
395 785 34 35
131 300 433 395
615 726 69 70
232 615 70 71
553 408 615 232
349 616 255 108
615 408 616 726
255 616 408 136
617 411 43 44
614 654 409 393
410 393 409 157
42 618 412 41
411 618 42 43
302 618 411 126
414 619 413 270
781 619 414 782
413 619 506 193
620 507 700 303
415 620 303 305
416 620 415 163
322 621 384 504
417 621 598 191
384 621 417 115
420 622 212 628
418 622 420 557
419 622 418 134
254 623 421 468
250 623 254 682
359 129 421 623
421 624 249 468
749 397 607 422
249 624 391 648
28 625 674 27
348 625 28 29
583 347 130 423
674 519 26 27
131 395 35 36
272 131 36 37
722 389 626 274
751 506 168 407
407 168 353 627
720 525 763 424
427 208 426 767
645 213 142 214
441 138 440 188
429 629 204 162
428 629 429 100
346 582 466 630
430 104 432 600
630 466 659 431
571 278 631 301
433 744 169 267
544 666 301 631
88 632 435 87
580 632 88 89
339 141 418 557
401 123 247 633
418 141 237 134
48 634 437 47
313 634 48 49
634 387 635 437
599 274 626 156
634 313 135 387
78 637 76 77
253 637 78 79
438 636 490 136
76 637 202 75
253 636 438 637
212 103 211 628
439 638 290 259
297 638 439 559
356 137 423 130
356 638 297 137
210 554 209 639
441 188 426 208
440 138 228 425
286 173 515 371
439 146 283 559
443 640 352 112
657 653 282 442
119 640 442 534
444 139 445 455
311 310 276 98
318 140 663 641
276 310 474 151
449 642 786 96
447 642 449 681
448 642 447 160
435 562 86 87
237 562 435 134
419 134 435 632
401 644 340 123
562 237 644 436
340 644 237 141
594 220 645 450
622 419 661 212
645 214 596 450
12 596 216 11
450 596 12 13
211 233 219 628
110 292 647 451
563 240 647 662
451 647 240 648
624 421 129 391
451 648 391 643
454 649 779 125
452 649 454 690
453 649 452 175
457 650 456 268
574 324 691 673
456 650 454 125
765 550 101 458
101 499 692 458
455 469 197 444
325 231 248 652
460 652 248 114
326 760 501 164
658 281 569 653
275 118 462 265
461 118 275 289
409 654 341 157
463 617 44 45
341 654 614 664
655 377 17 18
776 558 222 775
464 775 222 145
384 593 377 656
655 464 656 377
769 656 464 145
368 657 443 112
653 657 368 658
657 442 640 443
731 282 291 139
731 534 442 282
367 730 366 658
32 659 466 31
410 617 463 393
431 659 784 147
345 660 394 107
466 582 30 31
394 660 431 147
212 661 363 103
580 661 419 632
363 661 580 148
249 610 349 468
245 159 243 467
647 292 570 662
140 736 163 663
469 712 470 197
307 757 550 201
144 263 631 278
389 179 341 664
372 686 495 161
355 665 262 603
355 120 472 665
260 665 472 694
106 530 600 280
144 342 289 263
544 96 786 666
449 667 474 681
473 667 449 96
474 667 471 151
213 668 475 233
612 405 668 220
475 668 405 152
477 669 475 152
476 669 477 191
475 669 219 233
328 670 243 159
478 670 328 105
244 670 478 167
480 114 230 560
357 671 480 174
479 671 357 288
256 672 457 268
481 672 261 693
457 672 481 788
454 650 317 690
445 184 673 455
317 650 457 788
24 155 482 23
298 155 24 25
625 423 137 674
228 567 284 425
227 729 482 675
285 675 482 155
156 676 483 270
312 676 387 135
483 676 312 498
483 677 414 270
484 677 483 498
414 677 699 782
411 678 485 126
617 410 678 411
485 144 278 679
679 278 571 277
679 344 126 485
343 678 410 157
140 447 681 736
415 680 663 163
486 680 415 305
641 663 680 486
488 93 486 305
452 93 488 175
253 251 250 682
636 253 682 490
245 467 489 177
243 683 492 467
491 683 244 181
492 683 491 195
430 180 406 104
406 180 335 190
318 684 447 140
314 684 689 154
447 684 314 160
494 685 235 780
493 685 494 170
685 374 143 235
471 265 462 150
495 686 260 113
667 473 265 471
338 308 333 687
224 687 333 777
478 687 224 167
497 688 205 132
496 688 497 196
225 162 205 688
474 310 736 681
599 413 193 446
684 318 572 689
319 93 452 690
486 93 319 641
312 487 354 498
459 691 499 101
673 691 459 455
499 691 324 164
501 692 499 164
500 692 501 199
458 692 500 651
315 693 269 787
481 693 315 154
54 55 365 165
355 604 258 120
269 693 261 694
472 701 269 694
280 600 432 695
271 695 432 104
502 695 271 166
714 412 618 302
502 166 337 696
279 133 502 696
577 230 709 698
503 697 505 94
242 697 503 181
505 697 226 766
321 385 428 100
226 697 242 778
168 506 619 781
627 507 127 407
113 261 672 256
620 416 127 507
508 700 507 627
700 304 158 303
269 701 509 787
266 120 258 783
509 701 266 169
316 702 336 124
509 702 316 99
744 702 509 169
373 703 494 780
284 703 510 425
494 703 284 170
511 704 370 161
493 704 511 185
370 704 493 170
429 171 323 100
225 171 429 162
698 709 515 705
323 777 332 706
512 706 332 128
321 706 512 379
462 707 264 150
273 707 462 118
750 539 172 513
264 708 309 98
514 708 513 172
309 708 514 186
60 705 516 59
480 671 460 114
516 705 515 173
58 710 287 57
516 710 58 59
287 710 516 173
392 711 517 643
351 711 392 246
350 174 517 711
517 174 480 110
547 97 470 712
306 194 520 518
520 122 296 175
713 303 158 521
520 713 521 518
488 713 520 175
412 715 40 41
344 714 302 126
522 714 344 176
40 715 337 39
412 714 522 715
530 106 277 571
427 716 523 117
204 716 427 767
523 716 204 629
717 322 504 382
523 717 382 117
428 717 523 629
390 718 524 602
390 609 403 718
524 718 403 177
711 351 719 402
524 719 351 602
489 719 524 177
527 720 526 97
525 720 527 200
526 720 424 585
444 721 731 139
528 721 444 197
465 721 528 585
109 273 118 461
342 722 461 289
389 722 342 179
46 723 463 45
437 635 388 723
614 723 388 664
786 724 529 666
335 724 448 124
529 724 335 180
530 725 430 600
529 725 301 666
430 725 529 180
349 108 254 468
375 727 238 153
491 531 753 195
503 531 491 181
532 531 503 94
238 727 532 187
441 728 229 138
728 207 768 206
558 776 182 229
22 729 320 21
559 298 519 297
320 182 776 573
52 730 533 51
366 730 52 53
367 183 533 730
484 498 354 743
533 487 50 51
183 354 487 533
515 231 535 371
759 234 561 732
535 231 325 184
733 291 569 327
535 733 327 371
445 733 535 184
456 734 536 268
734 586 143 374
536 734 374 185
495 735 511 161
735 256 268 536
511 735 536 185
416 386 537 127
311 163 736 310
537 386 309 186
539 737 514 172
538 737 539 193
514 737 538 186
540 738 293 149
239 738 540 651
738 238 187 293
422 192 294 739
541 187 532 94
293 187 541 739
543 740 542 95
205 767 426 740
542 740 426 188
510 741 440 425
542 741 373 95
440 741 542 188
352 742 369 112
257 742 119 591
369 742 257 189
721 465 534 731
358 743 354 183
699 743 358 189
434 336 702 744
744 433 300 434
448 160 316 124
150 276 151 471
544 745 473 96
745 263 289 275
404 746 477 152
417 746 404 115
477 746 417 191
420 747 512 128
219 747 420 628
512 747 476 379
398 748 399 192
545 748 398 608
399 748 545 194
541 749 422 739
546 749 541 94
397 755 496 196
750 513 707 273
446 750 273 109
539 750 446 193
537 751 407 127
538 751 537 186
506 751 538 193
547 712 521 158
521 712 307 518
674 137 297 519
545 122 520 194
402 752 376 102
492 752 489 467
376 752 492 195
532 727 753 531
727 375 592 753
375 153 548 288
497 754 400 196
549 754 497 132
295 754 549 203
505 755 546 94
496 755 505 766
397 749 546 755
526 756 470 97
528 756 526 585
470 756 528 197
455 459 757 469
550 757 459 101
307 712 469 757
586 758 236 143
453 198 236 758
453 175 296 198
543 759 549 132
234 759 543 95
549 759 732 203
326 652 460 760
460 671 479 760
501 760 479 199
239 761 548 153
500 761 239 651
548 761 500 199
547 762 527 97
304 762 547 158
527 762 304 200
591 781 782 257
424 763 353 178
508 763 525 200
295 122 545 608
306 764 399 194
551 764 306 201
765 458 651 540
551 765 540 149
550 765 551 201
688 496 766 225
437 723 46 47
205 740 543 132
769 145 206 768
504 384 656 769
611 216 646 770
223 588 361 771
774 578 90 91
252 565 774 773
565 218 772 774
464 655 221 775
775 221 573 776
323 778 224 777
242 167 224 778
649 453 758 779
234 95 373 780
677 484 743 699
699 189 257 782
472 120 266 701
783 258 147 784
784 659 32 33
642 448 724 786
509 99 315 787
481 154 689 788
92
0.000133 0.001480 0.000610
0.000064 0.001600 0.000610
0.000064 0.001600 0.000610
0.000026 0.001572 0.000610
0.000202 0.001360 0.000610
0.000133 0.001480 0.000610
-0.000011 -0.001215 0.000610
0.000026 -0.001243 0.000610
0.000026 -0.001243 0.000610
0.000064 -0.001270 0.000610
0.000064 -0.001270 0.000610
0.000133 -0.001150 0.000610
-0.000011 0.001544 0.000610
-0.000089 0.001487 0.000610
-0.000256 0.001388 0.000610
-0.000344 0.001347 0.000610
0.000141 0.000930 0.000610
0.000236 0.001031 0.000610
-0.001007 0.001228 0.000610
-0.001104 0.001236 0.000610
-0.001388 0.001297 0.000610
-0.001480 0.001329 0.000610
-0.001007 -0.000899 0.000610
-0.000910 -0.000897 0.000610
0.000133 -0.001150 0.000610
0.000202 -0.001031 0.000610
-0.000134 0.000165 0.000610
-0.000126 0.000303 0.000610
-0.000435 -0.000983 0.000610
-0.000344 -0.001018 0.000610
-0.000527 -0.000953 0.000610
-0.000435 -0.000983 0.000610
0.000272 0.001241 0.000610
0.000202 0.001360 0.000610
0.000236 0.001031 0.000610
0.000341 0.001121 0.000610
0.000341 0.001121 0.000610
0.000272 0.001241 0.000610
0.000026 0.001572 0.000610
-0.000011 0.001544 0.000610
-0.001773 -0.001075 0.000610
-0.001624 -0.001046 0.000610
-0.001388 -0.000967 0.000610
-0.001295 -0.000941 0.000610
-0.001480 -0.001000 0.000610
-0.001388 -0.000967 0.000610
-0.000621 -0.000930 0.000610
-0.000527 -0.000953 0.000610
-0.000717 -0.000913 0.000610
-0.000621 -0.000930 0.000610
-0.001104 0.001236 0.000610
-0.001200 0.001250 0.000610
-0.001200 0.001250 0.000610
-0.001295 0.001270 0.000610
-0.000910 -0.000897 0.000610
-0.000813 -0.000902 0.000610
-0.000813 -0.000902 0.000610
-0.000717 -0.000913 0.000610
-0.000009 0.000699 0.000610
0.000060 0.000819 0.000610
-0.003147 0.000465 0.000610
-0.003175 0.000316 0.000610
-0.003175 0.000316 0.000610
-0.003184 0.000165 0.000610
-0.002370 0.001336 0.000610
-0.002509 0.001275 0.000610
-0.000344 -0.001018 0.000610
-0.000256 -0.001059 0.000610
-0.000256 -0.001059 0.000610
-0.000171 -0.001105 0.000610
-0.002370 -0.001007 0.000610
-0.002225 -0.001051 0.000610
-0.001773 0.001404 0.000610
-0.001924 0.001415 0.000610
0.000060 -0.000489 0.000610
-0.000009 -0.000369 0.000610
0.000141 -0.000600 0.000610
0.000060 -0.000489 0.000610
-0.000717 0.001242 0.000610
-0.000813 0.001231 0.000610
-0.000813 0.001231 0.000610
-0.000910 0.001227 0.000610
-0.000621 0.001259 0.000610
-0.000717 0.001242 0.000610
-0.000527 0.001283 0.000610
-0.000621 0.001259 0.000610
-0.000009 -0.000369 0.000610
-0.000063 -0.000242 0.000610
-0.000063 -0.000242 0.000610
-0.000102 -0.000109 0.000610
-0.000171 0.001435 0.000610
-0.000256 0.001388 0.000610
-0.000089 0.001487 0.000610
-0.000171 0.001435 0.000610
-0.000102 -0.000109 0.000610
-0.000126 0.000027 0.000610
-0.000126 0.000027 0.000610
-0.000134 0.000165 0.000610
-0.002867 0.000997 0.000610
-0.002961 0.000878 0.000610
-0.002961 0.000878 0.000610
-0.003040 0.000748 0.000610
-0.000171 -0.001105 0.000610
-0.000089 -0.001157 0.000610
-0.000089 -0.001157 0.000610
-0.000011 -0.001215 0.000610
-0.003040 -0.000419 0.000610
-0.002961 -0.000548 0.000610
-0.003147 -0.000136 0.000610
-0.003102 -0.000281 0.000610
-0.003102 -0.000281 0.000610
-0.003040 -0.000419 0.000610
-0.002076 0.001407 0.000610
-0.002225 0.001380 0.000610
-0.002225 0.001380 0.000610
-0.002370 0.001336 0.000610
-0.001924 0.001415 0.000610
-0.002076 0.001407 0.000610
-0.003040 0.000748 0.000610
-0.003102 0.000610 0.000610
-0.003102 0.000610 0.000610
-0.003147 0.000465 0.000610
-0.000102 0.000439 0.000610
-0.000063 0.000571 0.000610
-0.000063 0.000571 0.000610
-0.000009 0.000699 0.000610
-0.002639 -0.000867 0.000610
-0.002509 -0.000945 0.000610
-0.002509 -0.000945 0.000610
-0.002370 -0.001007 0.000610
0.000272 -0.000911 0.000610
0.000341 -0.000791 0.000610
0.000341 -0.000791 0.000610
0.000236 -0.000702 0.000610
0.000236 -0.000702 0.000610
0.000141 -0.000600 0.000610
0.000202 -0.001031 0.000610
0.000272 -0.000911 0.000610
-0.000126 0.000303 0.000610
-0.000102 0.000439 0.000610
-0.000344 0.001347 0.000610
-0.000435 0.001312 0.000610
-0.000435 0.001312 0.000610
-0.000527 0.001283 0.000610
-0.002961 -0.000548 0.000610
-0.002867 -0.000668 0.000610
-0.000910 0.001227 0.000610
-0.001007 0.001228 0.000610
-0.002639 0.001197 0.000610
-0.002759 0.001104 0.000610
-0.002509 0.001275 0.000610
-0.002639 0.001197 0.000610
-0.001480 0.001329 0.000610
-0.001624 0.001376 0.000610
-0.001624 0.001376 0.000610
-0.001773 0.001404 0.000610
-0.001624 -0.001046 0.000610
-0.001480 -0.001000 0.000610
-0.001104 -0.000907 0.000610
-0.001007 -0.000899 0.000610
-0.001295 -0.000941 0.000610
-0.001200 -0.000921 0.000610
-0.001200 -0.000921 0.000610
-0.001104 -0.000907 0.000610
-0.003175 0.000013 0.000610
-0.003147 -0.000136 0.000610
-0.003184 0.000165 0.000610
-0.003175 0.000013 0.000610
-0.002867 -0.000668 0.000610
-0.002759 -0.000774 0.000610
-0.001295 0.001270 0.000610
-0.001388 0.001297 0.000610
-0.002076 -0.001077 0.000610
-0.001924 -0.001085 0.000610
-0.001924 -0.001085 0.000610
-0.001773 -0.001075 0.000610
-0.002225 -0.001051 0.000610
-0.002076 -0.001077 0.000610
-0.002759 -0.000774 0.000610
-0.002639 -0.000867 0.000610
0.000060 0.000819 0.000610
0.000141 0.000930 0.000610
-0.002759 0.001104 0.000610
-0.002867 0.000997 0.000610
