1631 1543
0.001527 0.000756 0.000360 
0.001583 0.000708 0.000360 
0.001634 0.000655 0.000360 
0.001679 0.000597 0.000360 
0.001718 0.000534 0.000360 
0.001752 0.000469 0.000360 
0.001778 0.000400 0.000360 
0.001798 0.000329 0.000360 
0.001810 0.000256 0.000360 
0.001816 0.000183 0.000360 
0.001814 0.000109 0.000360 
0.001805 0.000036 0.000360 
0.001789 -0.000035 0.000360 
0.001766 -0.000105 0.000360 
0.001736 -0.000173 0.000360 
0.001699 -0.000237 0.000360 
0.001657 -0.000297 0.000360 
0.001609 -0.000352 0.000360 
0.001556 -0.000403 0.000360 
0.001498 -0.000449 0.000360 
0.001435 -0.000488 0.000360 
0.001370 -0.000521 0.000360 
0.001301 -0.000547 0.000360 
0.001230 -0.000567 0.000360 
0.001158 -0.000580 0.000360 
0.001084 -0.000585 0.000360 
0.001011 -0.000583 0.000360 
0.000937 -0.000574 0.000360 
0.000866 -0.000558 0.000360 
0.000796 -0.000535 0.000360 
0.000729 -0.000505 0.000360 
0.000664 -0.000469 0.000360 
0.000604 -0.000426 0.000360 
0.000549 -0.000378 0.000360 
0.000498 -0.000325 0.000360 
0.000453 -0.000267 0.000360 
0.000413 -0.000205 0.000360 
0.000380 -0.000139 0.000360 
0.000354 -0.000070 0.000360 
0.000334 0.000001 0.000360 
0.000321 0.000073 0.000360 
0.000316 0.000147 0.000360 
0.000318 0.000220 0.000360 
0.000327 0.000293 0.000360 
0.000343 0.000365 0.000360 
0.000366 0.000435 0.000360 
0.000396 0.000502 0.000360 
0.000432 0.000566 0.000360 
0.000475 0.000626 0.000360 
0.000523 0.000682 0.000360 
0.000576 0.000733 0.000360 
0.000634 0.000778 0.000360 
0.000696 0.000817 0.000360 
0.000762 0.000850 0.000360 
0.000831 0.000877 0.000360 
0.000902 0.000897 0.000360 
0.000974 0.000909 0.000360 
0.001048 0.000915 0.000360 
0.001121 0.000913 0.000360 
0.001194 0.000904 0.000360 
0.001266 0.000888 0.000360 
0.001336 0.000864 0.000360 
0.001403 0.000835 0.000360 
0.001467 0.000798 0.000360 
-0.000042 -0.001254 0.000360 
0.000060 -0.001328 0.000360 
0.000166 -0.001394 0.000360 
0.000277 -0.001453 0.000360 
0.000392 -0.001504 0.000360 
0.000510 -0.001547 0.000360 
0.000631 -0.001582 0.000360 
0.000754 -0.001608 0.000360 
0.000878 -0.001625 0.000360 
0.001003 -0.001634 0.000360 
0.001129 -0.001634 0.000360 
0.001254 -0.001625 0.000360 
0.001379 -0.001608 0.000360 
0.001502 -0.001582 0.000360 
0.001622 -0.001547 0.000360 
0.001740 -0.001504 0.000360 
0.001855 -0.001453 0.000360 
0.001966 -0.001394 0.000360 
0.002073 -0.001327 0.000360 
0.002174 -0.001253 0.000360 
0.002270 -0.001173 0.000360 
0.002361 -0.001085 0.000360 
0.002445 -0.000992 0.000360 
0.002522 -0.000893 0.000360 
0.002592 -0.000789 0.000360 
0.002655 -0.000680 0.000360 
0.002710 -0.000567 0.000360 
0.002757 -0.000451 0.000360 
0.002796 -0.000331 0.000360 
0.002827 -0.000209 0.000360 
0.002848 -0.000086 0.000360 
0.002861 0.000039 0.000360 
0.002866 0.000165 0.000360 
0.002861 0.000290 0.000360 
0.002848 0.000415 0.000360 
0.002827 0.000539 0.000360 
0.002796 0.000661 0.000360 
0.002757 0.000780 0.000360 
0.002710 0.000897 0.000360 
0.002655 0.001010 0.000360 
0.002592 0.001118 0.000360 
0.002522 0.001223 0.000360 
0.002445 0.001322 0.000360 
0.002361 0.001415 0.000360 
0.002270 0.001502 0.000360 
0.002174 0.001583 0.000360 
0.002073 0.001657 0.000360 
0.001966 0.001723 0.000360 
0.001855 0.001782 0.000360 
0.001740 0.001834 0.000360 
0.001622 0.001877 0.000360 
0.001502 0.001911 0.000360 
0.001379 0.001937 0.000360 
0.001254 0.001955 0.000360 
0.001129 0.001964 0.000360 
0.001003 0.001964 0.000360 
0.000878 0.001955 0.000360 
0.000754 0.001938 0.000360 
0.000631 0.001911 0.000360 
0.000510 0.001877 0.000360 
0.000392 0.001834 0.000360 
0.000277 0.001783 0.000360 
0.000166 0.001724 0.000360 
0.000060 0.001657 0.000360 
-0.000042 0.001584 0.000360 
-0.000197 0.001478 0.000360 
-0.000364 0.001393 0.000360 
-0.000541 0.001331 0.000360 
-0.000724 0.001292 0.000360 
-0.000911 0.001277 0.000360 
-0.001098 0.001286 0.000360 
-0.001283 0.001319 0.000360 
-0.001461 0.001376 0.000360 
-0.001612 0.001424 0.000360 
-0.001767 0.001454 0.000360 
-0.001924 0.001465 0.000360 
-0.002081 0.001456 0.000360 
-0.002237 0.001429 0.000360 
-0.002388 0.001383 0.000360 
-0.002532 0.001319 0.000360 
-0.002667 0.001238 0.000360 
-0.002792 0.001141 0.000360 
-0.002904 0.001030 0.000360 
-0.003002 0.000906 0.000360 
-0.003084 0.000772 0.000360 
-0.003149 0.000628 0.000360 
-0.003196 0.000477 0.000360 
-0.003225 0.000322 0.000360 
-0.003234 0.000165 0.000360 
-0.003225 0.000007 0.000360 
-0.003196 -0.000148 0.000360 
-0.003149 -0.000298 0.000360 
-0.003084 -0.000442 0.000360 
-0.003002 -0.000577 0.000360 
-0.002904 -0.000701 0.000360 
-0.002792 -0.000812 0.000360 
-0.002667 -0.000909 0.000360 
-0.002532 -0.000990 0.000360 
-0.002388 -0.001054 0.000360 
-0.002237 -0.001100 0.000360 
-0.002081 -0.001127 0.000360 
-0.001924 -0.001135 0.000360 
-0.001767 -0.001124 0.000360 
-0.001612 -0.001095 0.000360 
-0.001461 -0.001046 0.000360 
-0.001283 -0.000990 0.000360 
-0.001098 -0.000956 0.000360 
-0.000911 -0.000947 0.000360 
-0.000724 -0.000962 0.000360 
-0.000541 -0.001001 0.000360 
-0.000364 -0.001064 0.000360 
-0.000197 -0.001148 0.000360 
-0.002029 0.000187 0.000360 
-0.000801 0.000199 0.000360 
-0.000292 0.000779 0.000360 
-0.002546 0.000105 0.000360 
-0.000194 -0.000558 0.000360 
-0.002361 -0.000248 0.000360 
-0.001542 -0.000284 0.000360 
-0.002459 0.000515 0.000360 
0.000094 0.001037 0.000360 
-0.001563 0.000628 0.000360 
-0.000340 -0.000022 0.000360 
0.000860 -0.001089 0.000360 
-0.000705 0.000602 0.000360 
0.000296 -0.000677 0.000360 
0.001962 -0.000756 0.000360 
0.001059 0.001325 0.000360 
-0.000765 -0.000373 0.000360 
0.002353 0.000541 0.000360 
0.001541 0.001439 0.000360 
0.002290 -0.000303 0.000360 
0.002104 0.000901 0.000360 
0.001336 -0.001115 0.000360 
0.000581 0.001331 0.000360 
-0.001343 0.000183 0.000360 
0.002604 0.000181 0.000360 
-0.001836 -0.000720 0.000360 
-0.001824 0.001072 0.000360 
-0.000605 0.000434 0.000360 
0.002179 0.000111 0.000360 
0.002086 0.001234 0.000360 
-0.002122 -0.000649 0.000360 
-0.002101 0.001048 0.000360 
-0.000082 0.000356 0.000360 
0.001834 0.001141 0.000360 
-0.002817 0.000577 0.000360 
0.001793 -0.001093 0.000360 
-0.001985 -0.000340 0.000360 
0.001627 -0.000878 0.000360 
0.000442 -0.001237 0.000360 
0.000064 0.000585 0.000360 
-0.002452 0.000783 0.000360 
-0.001924 0.000721 0.000360 
0.000584 -0.000940 0.000360 
-0.000350 0.000971 0.000360 
-0.001374 -0.000667 0.000360 
0.001582 -0.001175 0.000360 
0.002525 -0.000163 0.000360 
0.001856 0.001615 0.000360 
-0.001311 0.000422 0.000360 
-0.002773 -0.000148 0.000360 
-0.000430 -0.000564 0.000360 
0.000060 0.001191 0.000360 
0.000636 -0.001263 0.000360 
0.002325 -0.000664 0.000360 
0.000813 0.001163 0.000360 
-0.001298 -0.000085 0.000360 
-0.001450 0.000750 0.000360 
-0.000109 -0.000817 0.000360 
-0.002881 0.000163 0.000360 
0.000829 0.001683 0.000360 
0.000949 -0.001217 0.000360 
0.002440 0.000649 0.000360 
0.002295 -0.000410 0.000360 
-0.000624 -0.000202 0.000360 
-0.002481 -0.000570 0.000360 
-0.000949 0.000978 0.000360 
0.000143 0.001303 0.000360 
-0.002575 0.000880 0.000360 
0.002308 0.000906 0.000360 
0.001219 -0.001365 0.000360 
0.001895 -0.000470 0.000360 
-0.001658 -0.000139 0.000360 
-0.000617 0.000756 0.000360 
0.000246 0.000024 0.000360 
0.001433 0.001503 0.000360 
0.001083 -0.000905 0.000360 
-0.002812 -0.000398 0.000360 
-0.002746 0.000729 0.000360 
-0.001710 0.000369 0.000360 
-0.001022 -0.000561 0.000360 
0.000563 0.001540 0.000360 
-0.000050 -0.000323 0.000360 
0.000519 -0.000671 0.000360 
-0.000703 0.000864 0.000360 
-0.002336 0.000127 0.000360 
-0.000912 -0.000236 0.000360 
0.002254 0.000700 0.000360 
-0.001175 0.000563 0.000360 
0.000421 -0.000537 0.000360 
0.000062 0.000758 0.000360 
0.002187 -0.000870 0.000360 
0.002221 0.001079 0.000360 
0.000392 0.001500 0.000360 
0.000847 -0.001487 0.000360 
-0.001372 0.000361 0.000360 
-0.000600 -0.000278 0.000360 
0.001955 0.001248 0.000360 
-0.000260 0.000460 0.000360 
0.001799 -0.000709 0.000360 
0.002581 0.000400 0.000360 
-0.002673 -0.000370 0.000360 
-0.002630 0.000724 0.000360 
0.000749 -0.000928 0.000360 
-0.001912 -0.000902 0.000360 
-0.000896 -0.000049 0.000360 
-0.002216 0.000302 0.000360 
0.000084 -0.001035 0.000360 
0.000748 0.001430 0.000360 
0.002338 0.000374 0.000360 
0.001960 0.001048 0.000360 
0.001611 -0.001096 0.000360 
-0.002382 -0.000766 0.000360 
0.000079 0.000341 0.000360 
-0.001583 -0.000896 0.000360 
-0.000118 0.001044 0.000360 
-0.002126 -0.000160 0.000360 
-0.000723 0.000287 0.000360 
-0.000614 -0.000723 0.000360 
-0.001637 0.000931 0.000360 
0.001930 0.001399 0.000360 
0.002406 -0.000062 0.000360 
-0.002543 0.001020 0.000360 
0.001140 -0.001031 0.000360 
0.001762 -0.000576 0.000360 
0.000316 0.000892 0.000360 
-0.002991 -0.000043 0.000360 
-0.001725 0.000783 0.000360 
-0.000491 0.000033 0.000360 
-0.001752 -0.000633 0.000360 
-0.002602 -0.000221 0.000360 
0.002154 0.000669 0.000360 
0.001266 0.001427 0.000360 
0.002119 -0.000455 0.000360 
-0.000101 -0.000926 0.000360 
-0.000136 0.001202 0.000360 
0.001506 -0.000699 0.000360 
0.001493 -0.001323 0.000360 
0.000236 0.000557 0.000360 
-0.001989 0.000874 0.000360 
-0.002604 0.000293 0.000360 
-0.001258 0.000230 0.000360 
-0.000253 -0.000284 0.000360 
-0.002117 -0.000534 0.000360 
0.000978 0.001765 0.000360 
0.000906 0.001252 0.000360 
-0.000179 0.001309 0.000360 
0.001596 0.000966 0.000360 
0.001687 -0.001178 0.000360 
0.001593 0.001603 0.000360 
0.002522 -0.000242 0.000360 
-0.002219 0.000694 0.000360 
-0.001418 -0.000056 0.000360 
-0.000290 0.000209 0.000360 
-0.001385 0.000475 0.000360 
-0.002358 -0.000074 0.000360 
-0.002221 -0.000764 0.000360 
0.000024 -0.000499 0.000360 
0.001957 0.001565 0.000360 
0.002602 -0.000078 0.000360 
0.001064 0.001807 0.000360 
0.000436 0.001148 0.000360 
-0.002916 0.000526 0.000360 
0.001527 -0.001068 0.000360 
-0.001943 0.001137 0.000360 
-0.001555 0.000228 0.000360 
-0.000787 -0.000085 0.000360 
-0.001911 -0.000614 0.000360 
-0.002415 0.000334 0.000360 
0.000172 -0.000069 0.000360 
0.002017 0.000094 0.000360 
-0.001390 0.001030 0.000360 
-0.002953 -0.000182 0.000360 
0.000571 0.001233 0.000360 
0.001731 0.001282 0.000360 
0.001434 -0.001180 0.000360 
0.000911 0.001669 0.000360 
-0.002348 -0.000405 0.000360 
-0.001500 0.001156 0.000360 
-0.000142 0.000189 0.000360 
-0.001370 -0.000224 0.000360 
-0.002978 0.000274 0.000360 
-0.000243 -0.000849 0.000360 
0.002346 -0.000117 0.000360 
0.001571 0.001483 0.000360 
0.000800 -0.001252 0.000360 
0.000558 0.001400 0.000360 
-0.002304 0.001211 0.000360 
-0.002151 -0.000271 0.000360 
-0.000606 0.000604 0.000360 
0.000670 -0.001020 0.000360 
-0.001765 0.000501 0.000360 
-0.000153 -0.000133 0.000360 
-0.001436 -0.000788 0.000360 
-0.002885 0.000261 0.000360 
0.002410 -0.000305 0.000360 
-0.002578 -0.000629 0.000360 
-0.002028 -0.000715 0.000360 
-0.000684 0.000186 0.000360 
-0.001939 0.000438 0.000360 
-0.002726 0.000083 0.000360 
-0.001867 0.001238 0.000360 
-0.002573 0.000946 0.000360 
-0.001852 -0.000369 0.000360 
-0.000712 -0.000277 0.000360 
-0.001199 0.000757 0.000360 
-0.000130 0.000550 0.000360 
-0.001121 0.000958 0.000360 
-0.001802 -0.000120 0.000360 
-0.000670 -0.000325 0.000360 
-0.000559 -0.000579 0.000360 
-0.001304 0.000310 0.000360 
-0.001624 0.000525 0.000360 
0.002008 0.000017 0.000360 
0.001983 -0.000285 0.000360 
0.001658 -0.000489 0.000360 
0.001116 -0.001146 0.000360 
0.001060 -0.001004 0.000360 
0.001163 -0.000915 0.000360 
0.000758 -0.000848 0.000360 
0.000900 0.001140 0.000360 
0.000968 0.001006 0.000360 
0.001519 0.000813 0.000360 
0.001504 0.001086 0.000360 
0.001617 0.000868 0.000360 
0.002013 0.000360 0.000360 
0.001911 0.000260 0.000360 
0.001880 0.000416 0.000360 
0.000641 0.000900 0.000360 
0.000433 0.000999 0.000360 
0.000824 0.001306 0.000360 
0.000730 0.001198 0.000360 
0.000662 0.001532 0.000360 
0.000741 0.001673 0.000360 
0.000821 0.001717 0.000360 
0.001837 0.000880 0.000360 
0.001843 0.000590 0.000360 
0.000217 0.000478 0.000360 
0.000127 0.000230 0.000360 
0.000164 0.000318 0.000360 
0.001532 0.001210 0.000360 
0.001608 0.001066 0.000360 
0.002029 0.001195 0.000360 
0.002027 0.001312 0.000360 
0.002021 0.001085 0.000360 
0.000267 -0.000348 0.000360 
0.001453 -0.000909 0.000360 
0.001400 -0.000828 0.000360 
0.001137 -0.001308 0.000360 
0.001005 -0.001285 0.000360 
0.000997 -0.001164 0.000360 
-0.000314 0.000377 0.000360 
-0.000423 0.000315 0.000360 
-0.000356 0.000508 0.000360 
0.000031 0.001266 0.000360 
0.000176 0.001211 0.000360 
0.001882 -0.000787 0.000360 
0.002071 -0.000831 0.000360 
0.001328 -0.000640 0.000360 
0.000621 -0.000584 0.000360 
0.000605 -0.000726 0.000360 
0.000050 0.000849 0.000360 
0.000440 -0.001147 0.000360 
0.000764 -0.001090 0.000360 
0.000570 -0.001051 0.000360 
0.000154 0.000754 0.000360 
0.000257 0.000849 0.000360 
-0.000313 -0.000442 0.000360 
-0.000294 -0.000426 0.000360 
-0.000373 -0.000508 0.000360 
0.000516 0.000916 0.000360 
-0.002949 0.000414 0.000360 
0.001411 0.001567 0.000360 
-0.000869 0.000415 0.000360 
0.000182 -0.001089 0.000360 
-0.001104 0.000469 0.000360 
-0.000792 0.000356 0.000360 
0.002453 -0.000459 0.000360 
0.001494 0.001342 0.000360 
0.001371 0.001153 0.000360 
0.001342 0.001317 0.000360 
-0.000014 -0.000981 0.000360 
-0.000040 -0.000868 0.000360 
0.000053 -0.000771 0.000360 
-0.000334 -0.000812 0.000360 
-0.000359 -0.000644 0.000360 
0.002356 0.000458 0.000360 
0.002274 0.000372 0.000360 
0.002455 0.000397 0.000360 
0.001895 -0.000062 0.000360 
0.001980 0.000544 0.000360 
0.002345 0.000806 0.000360 
0.002440 0.000733 0.000360 
0.002350 0.000624 0.000360 
0.002677 0.000625 0.000360 
0.002527 0.000685 0.000360 
-0.002736 0.000359 0.000360 
0.002118 -0.000332 0.000360 
0.002008 -0.000186 0.000360 
0.002253 -0.000428 0.000360 
0.002394 -0.000563 0.000360 
0.002218 -0.000565 0.000360 
-0.000611 0.001023 0.000360 
-0.000437 0.001069 0.000360 
-0.000267 0.001229 0.000360 
0.000259 0.001555 0.000360 
0.000109 0.001392 0.000360 
0.000840 -0.000933 0.000360 
0.001014 -0.000889 0.000360 
0.000970 -0.001386 0.000360 
0.001076 -0.001543 0.000360 
0.001126 0.001002 0.000360 
0.001303 0.000956 0.000360 
0.001357 0.001481 0.000360 
0.001209 0.001533 0.000360 
0.001256 0.001681 0.000360 
0.001654 0.001704 0.000360 
0.001782 -0.000929 0.000360 
-0.002823 0.000488 0.000360 
0.001851 -0.000669 0.000360 
0.001700 -0.000624 0.000360 
-0.002391 0.000636 0.000360 
0.002419 -0.000754 0.000360 
0.000478 0.001528 0.000360 
0.000360 0.001605 0.000360 
0.000421 0.001749 0.000360 
0.000516 0.001198 0.000360 
0.000504 0.001051 0.000360 
0.002581 -0.000317 0.000360 
0.002707 -0.000283 0.000360 
-0.002416 0.000888 0.000360 
0.000830 0.001790 0.000360 
0.000984 0.001809 0.000360 
0.000793 0.001004 0.000360 
0.001455 0.000849 0.000360 
0.001796 0.001655 0.000360 
0.002309 0.001117 0.000360 
0.001849 0.001713 0.000360 
0.002180 0.001443 0.000360 
0.001594 -0.001372 0.000360 
0.001984 0.001488 0.000360 
0.001556 -0.001261 0.000360 
0.001612 -0.001440 0.000360 
0.001504 -0.000592 0.000360 
0.002592 0.000291 0.000360 
-0.002781 -0.000252 0.000360 
0.002708 0.000403 0.000360 
0.002487 0.000166 0.000360 
0.000293 -0.001268 0.000360 
0.000462 -0.001345 0.000360 
0.000681 -0.001353 0.000360 
0.000773 -0.001490 0.000360 
0.000651 -0.001474 0.000360 
0.001881 -0.000899 0.000360 
0.002109 -0.001095 0.000360 
0.001916 -0.001102 0.000360 
0.001800 -0.001005 0.000360 
-0.002734 -0.000598 0.000360 
-0.002428 -0.000830 0.000360 
-0.002973 -0.000134 0.000360 
-0.002926 -0.000065 0.000360 
-0.002901 -0.000209 0.000360 
-0.002609 0.000660 0.000360 
-0.002529 0.000767 0.000360 
-0.002427 0.000720 0.000360 
-0.002943 0.000318 0.000360 
-0.002893 0.000462 0.000360 
-0.002782 0.000427 0.000360 
-0.002498 -0.000692 0.000360 
-0.002602 -0.000827 0.000360 
-0.002190 0.001251 0.000360 
-0.002091 0.001210 0.000360 
-0.002261 0.001137 0.000360 
-0.002482 0.001235 0.000360 
-0.001884 0.001048 0.000360 
-0.001910 0.000913 0.000360 
-0.002347 0.001285 0.000360 
-0.002400 0.001147 0.000360 
-0.002177 0.000819 0.000360 
-0.002165 0.000607 0.000360 
-0.002197 0.000443 0.000360 
-0.002309 0.000664 0.000360 
-0.003060 -0.000027 0.000360 
-0.002623 -0.000294 0.000360 
-0.002410 -0.000236 0.000360 
-0.002518 -0.000256 0.000360 
-0.001672 0.001206 0.000360 
-0.001818 0.001346 0.000360 
-0.002166 -0.000928 0.000360 
-0.001344 0.001125 0.000360 
-0.001780 -0.001044 0.000360 
-0.002024 -0.000897 0.000360 
-0.001900 -0.000978 0.000360 
-0.000064 0.000178 0.000360 
0.000089 0.000137 0.000360 
-0.000006 0.000064 0.000360 
0.000220 0.000084 0.000360 
0.000288 0.000066 0.000360 
-0.001166 0.000839 0.000360 
-0.001017 0.000918 0.000360 
-0.000880 0.000920 0.000360 
-0.001436 -0.000289 0.000360 
-0.001322 -0.000329 0.000360 
-0.001498 -0.000414 0.000360 
-0.001817 -0.000885 0.000360 
-0.001691 -0.000936 0.000360 
-0.002217 -0.000313 0.000360 
-0.002115 -0.000348 0.000360 
-0.002267 -0.000397 0.000360 
-0.001550 0.001070 0.000360 
-0.002027 -0.000809 0.000360 
-0.001421 0.000890 0.000360 
-0.000830 0.001045 0.000360 
-0.001070 0.001027 0.000360 
-0.001351 -0.000083 0.000360 
-0.001422 0.000034 0.000360 
-0.001285 0.000005 0.000360 
-0.000012 0.001041 0.000360 
0.000119 0.000950 0.000360 
-0.000093 0.000953 0.000360 
-0.000026 0.000571 0.000360 
-0.000142 0.000622 0.000360 
-0.001703 0.000596 0.000360 
-0.002951 -0.000366 0.000360 
-0.002845 -0.000146 0.000360 
-0.003114 0.000440 0.000360 
-0.001888 0.000645 0.000360 
-0.002968 0.000506 0.000360 
-0.000747 -0.000180 0.000360 
-0.001148 -0.000138 0.000360 
-0.000792 0.000057 0.000360 
-0.000461 -0.000867 0.000360 
-0.000343 -0.000994 0.000360 
-0.001729 -0.000374 0.000360 
-0.001703 0.000038 0.000360 
-0.001626 -0.000278 0.000360 
-0.001789 -0.000019 0.000360 
-0.001937 0.000115 0.000360 
-0.001791 0.000123 0.000360 
-0.001309 -0.000816 0.000360 
-0.001127 -0.000872 0.000360 
-0.001094 0.000257 0.000360 
-0.001137 0.000030 0.000360 
-0.001227 0.000114 0.000360 
-0.002530 0.000942 0.000360 
-0.002585 0.001159 0.000360 
-0.002896 0.000611 0.000360 
-0.003002 0.000697 0.000360 
0.000512 0.000797 0.000360 
0.000376 0.000944 0.000360 
0.000383 0.000692 0.000360 
0.000255 0.000637 0.000360 
-0.001837 0.000476 0.000360 
-0.001937 0.000553 0.000360 
-0.001787 0.000578 0.000360 
-0.001492 0.000308 0.000360 
-0.001626 0.000291 0.000360 
-0.001466 0.000390 0.000360 
-0.000013 -0.000411 0.000360 
0.000016 -0.000266 0.000360 
0.000113 -0.000437 0.000360 
-0.000220 0.000193 0.000360 
-0.000147 0.000096 0.000360 
-0.000313 0.000105 0.000360 
0.000787 -0.000732 0.000360 
0.001011 -0.000686 0.000360 
0.000840 -0.001323 0.000360 
0.000869 -0.001230 0.000360 
0.000920 -0.001474 0.000360 
0.002281 -0.000769 0.000360 
-0.001211 0.000229 0.000360 
-0.000767 0.000699 0.000360 
-0.000619 0.000518 0.000360 
-0.000653 0.000465 0.000360 
0.000467 -0.000601 0.000360 
-0.000264 -0.000529 0.000360 
0.000513 -0.000481 0.000360 
0.000215 -0.000541 0.000360 
0.000287 -0.000597 0.000360 
0.000167 -0.000651 0.000360 
0.001771 -0.000373 0.000360 
0.001834 -0.000528 0.000360 
0.000949 0.001723 0.000360 
0.000904 0.001702 0.000360 
0.000924 0.001757 0.000360 
0.001023 0.001620 0.000360 
0.001022 0.001758 0.000360 
-0.000639 -0.000354 0.000360 
-0.000666 -0.000562 0.000360 
-0.000723 -0.000371 0.000360 
-0.000708 -0.000630 0.000360 
-0.000614 -0.000782 0.000360 
-0.000870 -0.000657 0.000360 
0.002092 0.000466 0.000360 
-0.002837 -0.000230 0.000360 
0.002098 0.001377 0.000360 
0.001493 0.001646 0.000360 
0.001504 0.001503 0.000360 
0.002476 -0.000292 0.000360 
0.002474 -0.000196 0.000360 
0.001532 -0.001212 0.000360 
-0.000473 0.000919 0.000360 
0.002551 -0.000448 0.000360 
0.002122 0.000962 0.000360 
0.002284 0.000998 0.000360 
0.002219 0.000888 0.000360 
0.002475 0.001067 0.000360 
0.001482 -0.001210 0.000360 
0.000497 0.001443 0.000360 
0.001502 -0.001263 0.000360 
0.001414 -0.001326 0.000360 
0.001346 -0.001460 0.000360 
0.002294 0.000028 0.000360 
0.000429 0.001404 0.000360 
0.000300 0.001459 0.000360 
0.000556 0.001453 0.000360 
-0.001394 -0.000140 0.000360 
-0.001333 -0.000155 0.000360 
-0.001410 0.000335 0.000360 
-0.001483 0.000165 0.000360 
0.002422 -0.000108 0.000360 
0.002317 -0.000051 0.000360 
-0.001870 -0.000522 0.000360 
0.002724 0.000171 0.000360 
0.002734 -0.000068 0.000360 
-0.001524 -0.000725 0.000360 
-0.001483 -0.000614 0.000360 
-0.001413 -0.000743 0.000360 
-0.001941 -0.000172 0.000360 
-0.001828 -0.000623 0.000360 
-0.001804 -0.000499 0.000360 
-0.002088 0.000850 0.000360 
-0.002226 0.000896 0.000360 
-0.002043 0.000966 0.000360 
-0.001246 -0.000691 0.000360 
-0.002275 -0.000333 0.000360 
-0.001475 0.001246 0.000360 
-0.000502 -0.000100 0.000360 
-0.000412 0.000006 0.000360 
-0.000508 -0.000213 0.000360 
-0.000162 0.000355 0.000360 
-0.000212 0.000430 0.000360 
0.002386 0.000044 0.000360 
0.002262 0.000131 0.000360 
0.001912 0.000100 0.000360 
0.001710 0.000967 0.000360 
0.001815 0.001043 0.000360 
0.002334 0.001259 0.000360 
-0.002261 -0.000832 0.000360 
-0.000026 -0.000029 0.000360 
-0.002072 -0.000685 0.000360 
-0.002179 -0.000696 0.000360 
-0.001986 -0.000709 0.000360 
-0.002452 0.000934 0.000360 
-0.002309 0.001027 0.000360 
-0.002338 0.000922 0.000360 
-0.002261 0.000966 0.000360 
-0.001773 0.000873 0.000360 
0.000046 0.000506 0.000360 
-0.000001 0.000349 0.000360 
-0.000061 0.000429 0.000360 
0.000150 0.000584 0.000360 
0.002136 0.001049 0.000360 
0.002164 0.001163 0.000360 
0.001779 0.001295 0.000360 
0.001720 0.001396 0.000360 
0.001847 0.001442 0.000360 
-0.003129 0.000136 0.000360 
-0.002927 0.000198 0.000360 
-0.002963 0.000163 0.000360 
-0.002695 0.000561 0.000360 
-0.002756 0.000538 0.000360 
-0.002761 0.000600 0.000360 
0.001593 -0.001039 0.000360 
-0.001947 -0.000287 0.000360 
0.001970 -0.001237 0.000360 
0.001792 -0.001360 0.000360 
-0.002273 -0.000210 0.000360 
-0.002301 -0.000260 0.000360 
-0.002363 -0.000161 0.000360 
-0.001917 -0.000419 0.000360 
-0.001940 -0.000547 0.000360 
-0.002024 -0.000397 0.000360 
0.001704 -0.001097 0.000360 
0.001661 -0.000952 0.000360 
0.001350 -0.001274 0.000360 
0.000788 -0.001164 0.000360 
0.000808 -0.001075 0.000360 
-0.000287 -0.000351 0.000360 
-0.000221 -0.000405 0.000360 
-0.000188 -0.000769 0.000360 
0.000186 -0.000836 0.000360 
-0.000031 0.000716 0.000360 
0.000068 0.000667 0.000360 
-0.000129 0.000493 0.000360 
-0.002576 0.000503 0.000360 
-0.002261 0.000786 0.000360 
-0.001765 0.000296 0.000360 
-0.001746 0.000423 0.000360 
-0.001619 0.000817 0.000360 
-0.001757 0.001032 0.000360 
0.000401 -0.000782 0.000360 
0.000311 -0.001118 0.000360 
0.000486 -0.000935 0.000360 
0.000322 -0.001042 0.000360 
-0.000633 0.001201 0.000360 
-0.000759 0.000882 0.000360 
-0.000746 0.000815 0.000360 
-0.000857 0.000775 0.000360 
-0.001732 -0.000861 0.000360 
-0.001770 -0.000697 0.000360 
-0.001662 -0.000654 0.000360 
-0.001781 -0.000788 0.000360 
0.001676 -0.001338 0.000360 
0.001578 -0.001311 0.000360 
0.001721 -0.001232 0.000360 
0.001629 -0.001153 0.000360 
0.002645 -0.000134 0.000360 
0.002565 -0.000197 0.000360 
0.002567 -0.000110 0.000360 
0.002502 -0.000060 0.000360 
0.002486 -0.000139 0.000360 
0.000174 -0.000386 0.000360 
0.001914 0.001642 0.000360 
0.002021 0.001602 0.000360 
-0.000707 0.000382 0.000360 
-0.000952 0.000505 0.000360 
-0.001324 0.000748 0.000360 
-0.001251 0.000637 0.000360 
-0.001336 0.000593 0.000360 
-0.002976 -0.000202 0.000360 
-0.002621 -0.000433 0.000360 
-0.002513 -0.000500 0.000360 
-0.002526 -0.000610 0.000360 
-0.000213 -0.000622 0.000360 
-0.000620 -0.000503 0.000360 
-0.000735 -0.000468 0.000360 
-0.000092 0.001275 0.000360 
-0.000029 0.001193 0.000360 
-0.000272 0.001350 0.000360 
0.000542 -0.001264 0.000360 
-0.002344 -0.000970 0.000360 
0.001016 -0.001455 0.000360 
0.002296 -0.000358 0.000360 
0.002305 -0.000899 0.000360 
0.000681 0.001301 0.000360 
0.000629 0.001156 0.000360 
0.000640 0.001027 0.000360 
-0.000676 0.000101 0.000360 
-0.000722 -0.000032 0.000360 
-0.000727 0.000191 0.000360 
-0.000917 0.000198 0.000360 
-0.000924 0.001146 0.000360 
-0.001418 0.000664 0.000360 
-0.001230 0.000994 0.000360 
0.000011 -0.001152 0.000360 
-0.000065 -0.000561 0.000360 
-0.002708 0.000001 0.000360 
-0.002668 0.000130 0.000360 
-0.002671 0.000255 0.000360 
0.000590 0.001399 0.000360 
0.000595 0.001364 0.000360 
0.000565 0.001371 0.000360 
0.000891 0.001856 0.000360 
0.001261 -0.001065 0.000360 
0.001290 -0.001218 0.000360 
0.000717 -0.001254 0.000360 
0.002399 0.000917 0.000360 
0.002454 0.000570 0.000360 
0.002557 0.000594 0.000360 
0.000800 -0.001421 0.000360 
-0.000223 -0.000235 0.000360 
-0.000088 -0.000231 0.000360 
-0.000201 -0.000333 0.000360 
-0.000632 -0.000100 0.000360 
-0.000586 0.000057 0.000360 
-0.002433 -0.000389 0.000360 
-0.002720 -0.000304 0.000360 
-0.002748 -0.000393 0.000360 
-0.002826 -0.000313 0.000360 
-0.000786 0.000572 0.000360 
-0.000982 0.000720 0.000360 
0.000255 0.001329 0.000360 
0.000083 0.001114 0.000360 
0.000522 0.001377 0.000360 
0.000390 0.001256 0.000360 
0.001459 0.001440 0.000360 
0.002370 0.000151 0.000360 
0.001378 0.001801 0.000360 
0.002552 0.000808 0.000360 
0.001126 -0.001422 0.000360 
0.001859 -0.000229 0.000360 
-0.001610 0.000090 0.000360 
-0.001823 -0.000246 0.000360 
-0.001725 -0.000162 0.000360 
-0.003123 0.000280 0.000360 
-0.000536 0.000799 0.000360 
-0.000336 0.000876 0.000360 
-0.000656 0.000813 0.000360 
-0.000649 0.000738 0.000360 
0.000272 -0.000027 0.000360 
0.000264 0.000034 0.000360 
0.001763 0.001484 0.000360 
0.002184 0.000390 0.000360 
0.002311 0.000283 0.000360 
0.002166 0.000581 0.000360 
0.002265 0.000518 0.000360 
0.001166 -0.000677 0.000360 
-0.002807 -0.000640 0.000360 
-0.002804 -0.000500 0.000360 
-0.002354 0.000538 0.000360 
-0.002488 0.000854 0.000360 
-0.002768 0.000790 0.000360 
0.000597 0.001275 0.000360 
0.000543 0.001304 0.000360 
-0.001659 0.000445 0.000360 
-0.001688 0.000516 0.000360 
-0.001716 0.000684 0.000360 
-0.001830 0.000746 0.000360 
-0.001108 -0.000524 0.000360 
-0.001078 -0.000714 0.000360 
-0.001195 -0.000733 0.000360 
0.000699 0.001771 0.000360 
0.000198 -0.000166 0.000360 
-0.000093 -0.000076 0.000360 
0.000052 -0.000080 0.000360 
0.002053 0.000641 0.000360 
0.001999 0.000834 0.000360 
0.002144 0.000785 0.000360 
0.001892 0.001012 0.000360 
0.001917 0.001098 0.000360 
0.002229 -0.000274 0.000360 
0.002288 -0.000157 0.000360 
0.002202 0.000011 0.000360 
0.001408 -0.001018 0.000360 
0.001490 -0.000999 0.000360 
0.001540 -0.000897 0.000360 
-0.000655 0.000944 0.000360 
-0.002509 0.000313 0.000360 
-0.002571 0.000202 0.000360 
-0.002518 -0.000015 0.000360 
-0.002593 -0.000119 0.000360 
-0.001162 -0.000300 0.000360 
-0.000964 -0.000410 0.000360 
-0.000791 -0.000376 0.000360 
-0.000031 -0.000726 0.000360 
0.001036 0.001115 0.000360 
-0.001339 0.000509 0.000360 
-0.001338 0.000400 0.000360 
-0.001420 0.000429 0.000360 
-0.000705 0.000489 0.000360 
0.000409 -0.000375 0.000360 
0.000240 -0.000469 0.000360 
0.000297 0.000933 0.000360 
0.000333 0.001087 0.000360 
0.001978 -0.000861 0.000360 
0.002202 -0.000829 0.000360 
0.002223 -0.000724 0.000360 
0.002009 0.000973 0.000360 
0.000217 0.001646 0.000360 
0.000864 -0.001551 0.000360 
-0.001270 0.000243 0.000360 
-0.001289 0.000333 0.000360 
-0.001259 0.000429 0.000360 
-0.000317 -0.000272 0.000360 
-0.000443 -0.000232 0.000360 
-0.000701 -0.000302 0.000360 
-0.000758 -0.000333 0.000360 
0.001633 0.001265 0.000360 
0.001586 0.001381 0.000360 
-0.000270 0.000688 0.000360 
-0.000401 0.000746 0.000360 
-0.000483 0.000619 0.000360 
0.000844 -0.000829 0.000360 
0.001786 -0.001180 0.000360 
0.002573 0.000501 0.000360 
-0.002357 -0.000310 0.000360 
-0.002684 -0.000180 0.000360 
-0.002719 0.000684 0.000360 
-0.002648 0.000787 0.000360 
-0.002826 0.000612 0.000360 
0.000603 -0.000830 0.000360 
0.000744 -0.001015 0.000360 
0.000099 -0.000191 0.000360 
-0.002025 -0.000751 0.000360 
-0.002124 -0.000789 0.000360 
-0.001001 -0.000144 0.000360 
-0.001223 -0.000113 0.000360 
-0.000849 -0.000161 0.000360 
-0.002320 0.000349 0.000360 
-0.002248 0.000214 0.000360 
-0.002414 0.000236 0.000360 
-0.002123 0.000244 0.000360 
-0.001168 -0.000773 0.000360 
0.000120 -0.000978 0.000360 
0.000967 0.001288 0.000360 
0.000851 0.001623 0.000360 
0.000420 -0.001446 0.000360 
0.001901 0.001195 0.000360 
0.001559 -0.001131 0.000360 
0.001833 -0.001262 0.000360 
-0.002328 -0.000706 0.000360 
-0.002068 0.001165 0.000360 
-0.002406 -0.000599 0.000360 
0.000233 0.000193 0.000360 
-0.001519 -0.000971 0.000360 
-0.001499 -0.000840 0.000360 
-0.000228 0.001025 0.000360 
-0.000184 0.000812 0.000360 
-0.002116 0.000100 0.000360 
-0.002217 0.000069 0.000360 
-0.002197 -0.000084 0.000360 
-0.002339 0.000022 0.000360 
-0.000618 0.000169 0.000360 
-0.000669 0.000278 0.000360 
-0.000523 0.000246 0.000360 
-0.000657 0.000612 0.000360 
-0.000581 -0.000751 0.000360 
-0.000510 -0.000657 0.000360 
-0.000598 -0.000644 0.000360 
-0.001309 0.001217 0.000360 
-0.001206 0.001074 0.000360 
-0.001507 0.000693 0.000360 
0.001903 0.001583 0.000360 
0.001758 0.001190 0.000360 
0.002377 -0.000181 0.000360 
0.002608 0.000061 0.000360 
0.000991 -0.001018 0.000360 
0.000894 -0.001163 0.000360 
0.001588 -0.000711 0.000360 
0.001719 -0.000748 0.000360 
0.001570 -0.000793 0.000360 
0.000317 0.000531 0.000360 
-0.002849 0.000011 0.000360 
-0.002893 0.000087 0.000360 
-0.002841 0.000121 0.000360 
-0.001957 0.000795 0.000360 
-0.001622 0.000612 0.000360 
-0.000466 0.000141 0.000360 
-0.001587 -0.000515 0.000360 
-0.002457 0.000116 0.000360 
-0.002775 -0.000084 0.000360 
0.001174 0.001366 0.000360 
0.001112 0.001716 0.000360 
0.001133 0.001213 0.000360 
0.002011 -0.000563 0.000360 
-0.000159 -0.000868 0.000360 
-0.000210 -0.000931 0.000360 
-0.000136 0.001137 0.000360 
0.001391 -0.001230 0.000360 
-0.002020 0.001091 0.000360 
-0.002007 0.000693 0.000360 
-0.002788 0.000082 0.000360 
-0.002431 0.000423 0.000360 
-0.001321 0.000246 0.000360 
-0.001300 0.000169 0.000360 
-0.000113 -0.000376 0.000360 
-0.000362 -0.000139 0.000360 
-0.002063 -0.000604 0.000360 
-0.002189 -0.000569 0.000360 
0.001680 0.001540 0.000360 
0.002146 0.000183 0.000360 
0.002092 0.000095 0.000360 
0.000962 0.001201 0.000360 
-0.000008 0.001512 0.000360 
-0.000279 -0.000724 0.000360 
0.001580 0.001543 0.000360 
0.001806 0.001564 0.000360 
0.001864 0.001626 0.000360 
0.002438 -0.000375 0.000360 
-0.002043 0.000593 0.000360 
-0.001562 -0.000153 0.000360 
-0.001682 -0.000047 0.000360 
-0.000110 0.000274 0.000360 
-0.001431 0.000538 0.000360 
-0.001547 0.000575 0.000360 
-0.002198 -0.000217 0.000360 
-0.002056 -0.001029 0.000360 
0.001098 0.001885 0.000360 
0.002611 -0.000219 0.000360 
-0.003132 -0.000007 0.000360 
-0.002865 0.000549 0.000360 
-0.002262 -0.000023 0.000360 
0.001451 -0.001117 0.000360 
-0.001973 0.001271 0.000360 
-0.001938 0.000326 0.000360 
-0.000671 -0.000233 0.000360 
-0.001969 -0.000633 0.000360 
-0.001879 -0.000676 0.000360 
-0.001893 -0.000746 0.000360 
0.000161 0.000034 0.000360 
0.001626 0.001449 0.000360 
0.001573 0.001470 0.000360 
0.001386 -0.001160 0.000360 
0.001004 0.001430 0.000360 
-0.002355 -0.000517 0.000360 
-0.001852 0.001153 0.000360 
-0.000103 0.000025 0.000360 
-0.002086 -0.000443 0.000360 
-0.002988 0.000361 0.000360 
-0.000312 -0.000880 0.000360 
0.002288 -0.000246 0.000360 
0.002365 -0.000258 0.000360 
0.000646 -0.001209 0.000360 
-0.002183 0.001002 0.000360 
-0.001355 0.000118 0.000360 
-0.002097 -0.000244 0.000360 
-0.000592 0.000690 0.000360 
0.000663 -0.000927 0.000360 
0.000105 -0.000565 0.000360 
-0.000224 -0.000040 0.000360 
-0.002839 0.000202 0.000360 
-0.002728 0.000169 0.000360 
0.002346 -0.000323 0.000360 
0.001409 0.001385 0.000360 
-0.002033 0.000477 0.000360 
-0.001982 0.001199 0.000360 
-0.002846 0.000949 0.000360 
-0.002132 0.001114 0.000360 
-0.002020 -0.000300 0.000360 
-0.000617 -0.000278 0.000360 
-0.001107 0.000686 0.000360 
-0.000215 0.000546 0.000360 
-0.002058 -0.000124 0.000360 
-0.000499 -0.000477 0.000360 
-0.000430 -0.000112 0.000360 
-0.001331 0.000335 0.000360 
-0.001544 0.000460 0.000360 
0.002133 -0.000226 0.000360 
0.001722 -0.000439 0.000360 
0.001046 -0.001095 0.000360 
0.001473 0.000963 0.000360 
0.001907 0.000339 0.000360 
0.002076 0.000561 0.000360 
0.000652 0.001665 0.000360 
0.001948 0.000607 0.000360 
0.000268 0.000386 0.000360 
0.001536 0.000860 0.000360 
0.000360 -0.000311 0.000360 
0.001288 -0.000911 0.000360 
0.001065 -0.001233 0.000360 
-0.000386 0.000410 0.000360 
0.000301 -0.000917 0.000360 
0.000686 -0.001103 0.000360 
-0.000435 -0.000378 0.000360 
0.000575 0.000847 0.000360 
0.000692 -0.000781 0.000360 
-0.001063 0.000042 0.000360 
-0.001163 0.000352 0.000360 
0.001433 0.001247 0.000360 
0.002344 0.000714 0.000360 
0.002613 0.000720 0.000360 
0.000931 -0.000942 0.000360 
0.002286 -0.000505 0.000360 
0.000118 0.001588 0.000360 
0.000965 -0.001555 0.000360 
0.001206 0.001006 0.000360 
0.001310 0.001575 0.000360 
-0.002755 0.000228 0.000360 
0.002362 -0.000844 0.000360 
0.000458 0.001629 0.000360 
0.000481 0.001307 0.000360 
0.002629 -0.000365 0.000360 
0.001906 0.000027 0.000360 
0.000788 0.001820 0.000360 
0.000887 0.001006 0.000360 
0.001480 0.000822 0.000360 
0.002403 0.001159 0.000360 
0.001751 0.001716 0.000360 
-0.002656 -0.000564 0.000360 
0.001503 -0.001477 0.000360 
0.001416 -0.000616 0.000360 
-0.002989 0.000053 0.000360 
0.002472 0.000289 0.000360 
0.000354 -0.001354 0.000360 
0.000722 -0.001442 0.000360 
0.001951 -0.001008 0.000360 
0.002042 -0.000709 0.000360 
-0.002473 -0.000898 0.000360 
-0.002916 -0.000141 0.000360 
-0.002508 0.000701 0.000360 
-0.002877 0.000395 0.000360 
-0.002551 -0.000760 0.000360 
-0.002166 0.001184 0.000360 
-0.002133 0.000730 0.000360 
-0.002123 0.000517 0.000360 
-0.002262 0.000572 0.000360 
-0.003026 -0.000126 0.000360 
-0.002717 -0.000745 0.000360 
-0.002696 -0.000094 0.000360 
-0.000154 0.000694 0.000360 
-0.002034 -0.000968 0.000360 
-0.001912 -0.001048 0.000360 
0.000015 0.000166 0.000360 
0.000277 0.000113 0.000360 
-0.001143 0.001186 0.000360 
-0.001390 -0.000423 0.000360 
-0.001793 -0.000957 0.000360 
-0.002186 -0.000392 0.000360 
-0.000935 0.000849 0.000360 
-0.001420 0.000130 0.000360 
-0.001349 0.000015 0.000360 
0.000018 0.000956 0.000360 
-0.000026 0.000641 0.000360 
-0.002920 -0.000290 0.000360 
-0.003059 0.000566 0.000360 
-0.000573 -0.000891 0.000360 
-0.000542 -0.000788 0.000360 
-0.001708 0.000206 0.000360 
-0.001845 0.000033 0.000360 
-0.001334 -0.000892 0.000360 
-0.001153 0.000175 0.000360 
-0.002494 0.000980 0.000360 
-0.002928 0.000611 0.000360 
0.000443 0.000867 0.000360 
-0.000242 -0.000467 0.000360 
-0.001865 0.000558 0.000360 
-0.001571 0.000377 0.000360 
0.000065 -0.000351 0.000360 
0.000264 0.000060 0.000360 
0.000935 -0.000692 0.000360 
0.000918 -0.001303 0.000360 
-0.001032 0.000593 0.000360 
-0.000699 0.000686 0.000360 
0.000197 0.001014 0.000360 
0.000190 -0.000595 0.000360 
0.001245 -0.000664 0.000360 
0.002054 -0.001164 0.000360 
0.000937 0.001724 0.000360 
0.001030 0.001719 0.000360 
-0.000732 -0.000729 0.000360 
0.001984 0.000438 0.000360 
0.002718 0.000287 0.000360 
0.001401 0.000907 0.000360 
0.001494 0.001580 0.000360 
0.002322 -0.000208 0.000360 
0.002519 -0.000373 0.000360 
0.002183 0.000974 0.000360 
0.002361 0.001018 0.000360 
0.001505 -0.001231 0.000360 
0.001386 -0.001380 0.000360 
-0.001356 -0.000130 0.000360 
-0.001438 0.000250 0.000360 
-0.001554 -0.000622 0.000360 
0.002727 0.000055 0.000360 
-0.001468 -0.000694 0.000360 
-0.001689 -0.000508 0.000360 
-0.002136 0.000929 0.000360 
-0.002152 -0.000470 0.000360 
-0.000553 0.000151 0.000360 
-0.000238 0.000364 0.000360 
-0.002019 -0.000658 0.000360 
0.001917 0.000179 0.000360 
0.001736 0.001078 0.000360 
0.002257 0.001351 0.000360 
-0.002304 -0.000900 0.000360 
-0.002373 0.000984 0.000360 
-0.002355 0.001089 0.000360 
0.000025 0.000427 0.000360 
0.000138 0.000502 0.000360 
0.002082 0.001121 0.000360 
0.001812 0.001365 0.000360 
-0.003021 0.000237 0.000360 
-0.002739 0.000567 0.000360 
0.001886 -0.001309 0.000360 
-0.002322 -0.000183 0.000360 
-0.001983 -0.000472 0.000360 
0.001680 -0.001025 0.000360 
0.001566 -0.000536 0.000360 
0.000121 -0.001208 0.000360 
-0.000255 -0.000378 0.000360 
0.000036 -0.000645 0.000360 
-0.001804 0.000385 0.000360 
-0.000041 0.000500 0.000360 
-0.002586 0.000579 0.000360 
-0.002303 0.000868 0.000360 
-0.001820 0.000963 0.000360 
0.000530 -0.000823 0.000360 
0.000445 -0.001047 0.000360 
-0.000428 0.001237 0.000360 
-0.000807 0.000856 0.000360 
-0.001466 -0.000170 0.000360 
-0.001707 -0.000757 0.000360 
0.001649 -0.001276 0.000360 
0.001756 -0.001296 0.000360 
0.002595 -0.000145 0.000360 
0.002494 -0.000099 0.000360 
0.000313 -0.000230 0.000360 
0.001940 0.001683 0.000360 
-0.000696 0.000466 0.000360 
-0.001332 0.000673 0.000360 
-0.003033 -0.000251 0.000360 
-0.002589 -0.000532 0.000360 
-0.000299 -0.000574 0.000360 
-0.000679 -0.000429 0.000360 
-0.000019 0.001253 0.000360 
0.001879 -0.001195 0.000360 
0.000488 -0.001451 0.000360 
0.002208 -0.000337 0.000360 
0.002225 -0.000993 0.000360 
0.000657 0.001228 0.000360 
0.000705 0.000949 0.000360 
-0.000731 0.000094 0.000360 
0.001966 -0.000399 0.000360 
-0.001468 0.000628 0.000360 
-0.001268 0.000888 0.000360 
0.001142 0.001645 0.000360 
-0.000127 -0.000671 0.000360 
-0.002781 -0.000001 0.000360 
-0.002697 0.000495 0.000360 
0.000572 0.001378 0.000360 
0.000904 0.001811 0.000360 
0.001235 -0.001220 0.000360 
0.000763 -0.001342 0.000360 
0.002502 -0.000621 0.000360 
0.002694 0.000517 0.000360 
0.000047 0.001454 0.000360 
0.000604 -0.001365 0.000360 
-0.000138 -0.000290 0.000360 
-0.000567 -0.000100 0.000360 
-0.002427 -0.000501 0.000360 
-0.002786 -0.000314 0.000360 
-0.000901 0.000639 0.000360 
-0.000767 0.000928 0.000360 
0.000207 0.001419 0.000360 
0.000344 0.001362 0.000360 
0.002263 0.000426 0.000360 
0.002506 0.000742 0.000360 
0.002509 0.000932 0.000360 
0.001055 -0.001359 0.000360 
0.001194 -0.001524 0.000360 
0.001881 -0.000145 0.000360 
0.001819 -0.000306 0.000360 
-0.001520 0.000070 0.000360 
-0.001726 -0.000265 0.000360 
-0.000451 0.000837 0.000360 
-0.000673 0.000771 0.000360 
0.000266 -0.000144 0.000360 
0.000298 0.000014 0.000360 
0.001514 0.001747 0.000360 
0.001390 0.001683 0.000360 
0.002221 0.000332 0.000360 
0.002327 -0.000443 0.000360 
0.001164 -0.000801 0.000360 
0.001087 -0.000692 0.000360 
-0.002896 -0.000534 0.000360 
-0.002570 0.000816 0.000360 
-0.002927 0.000816 0.000360 
0.000641 0.001377 0.000360 
0.000448 0.000747 0.000360 
-0.001691 0.000465 0.000360 
-0.001807 0.000660 0.000360 
-0.001153 -0.000682 0.000360 
-0.000991 -0.000827 0.000360 
0.000754 0.001743 0.000360 
0.000560 0.001758 0.000360 
0.000229 -0.000270 0.000360 
0.000145 -0.000310 0.000360 
0.002034 0.000740 0.000360 
0.001871 0.001051 0.000360 
0.000938 -0.001101 0.000360 
0.002241 -0.000072 0.000360 
0.001012 -0.000790 0.000360 
0.000565 -0.000533 0.000360 
0.000708 -0.000629 0.000360 
-0.000578 0.000871 0.000360 
-0.001291 0.000512 0.000360 
-0.002481 0.000217 0.000360 
-0.002636 0.000004 0.000360 
-0.001058 -0.000367 0.000360 
-0.000788 -0.000487 0.000360 
-0.000473 -0.000771 0.000360 
0.001050 0.001006 0.000360 
0.001128 0.001098 0.000360 
0.000462 -0.000430 0.000360 
0.000328 -0.000425 0.000360 
0.000295 0.000985 0.000360 
0.002076 -0.000935 0.000360 
-0.002488 0.000607 0.000360 
0.002124 -0.000779 0.000360 
0.002249 0.001210 0.000360 
0.002074 0.001023 0.000360 
0.000313 0.001709 0.000360 
0.000152 0.001507 0.000360 
0.000763 -0.001546 0.000360 
0.000878 -0.001400 0.000360 
-0.001252 0.000308 0.000360 
-0.001018 0.000324 0.000360 
-0.000325 -0.000367 0.000360 
-0.000738 -0.000344 0.000360 
-0.002707 0.000626 0.000360 
0.001341 0.001028 0.000360 
-0.002886 0.000763 0.000360 
-0.000496 0.000503 0.000360 
0.001938 -0.000626 0.000360 
0.001776 -0.001223 0.000360 
0.002257 0.000601 0.000360 
0.002452 0.000482 0.000360 
-0.002433 -0.000291 0.000360 
-0.002701 -0.000267 0.000360 
-0.002845 0.000695 0.000360 
-0.002808 0.000644 0.000360 
-0.000186 -0.000474 0.000360 
0.000815 -0.001016 0.000360 
-0.001859 -0.000804 0.000360 
-0.002093 -0.000740 0.000360 
-0.000319 -0.000935 0.000360 
-0.000724 -0.000843 0.000360 
-0.002330 0.000267 0.000360 
-0.002165 0.000161 0.000360 
0.000199 -0.001036 0.000360 
0.000031 -0.000918 0.000360 
0.000914 0.001369 0.000360 
0.000555 0.001646 0.000360 
0.002177 0.000487 0.000360 
0.002492 0.000068 0.000360 
0.001972 0.001149 0.000360 
0.001945 0.000921 0.000360 
-0.002416 -0.000073 0.000360 
0.001616 -0.001225 0.000360 
-0.001930 -0.000830 0.000360 
-0.002423 -0.000650 0.000360 
0.000153 0.000106 0.000360 
0.000250 0.000286 0.000360 
-0.001652 -0.001013 0.000360 
-0.002797 0.000862 0.000360 
-0.000205 0.000923 0.000360 
-0.000061 0.000835 0.000360 
-0.002678 0.000944 0.000360 
-0.002401 -0.000154 0.000360 
-0.000596 0.000261 0.000360 
-0.000654 0.000538 0.000360 
-0.001967 0.000623 0.000360 
-0.000551 -0.000710 0.000360 
-0.002244 -0.000253 0.000360 
-0.001397 0.000229 0.000360 
0.001875 0.001511 0.000360 
0.001807 0.001241 0.000360 
0.002434 -0.000158 0.000360 
-0.002621 -0.000676 0.000360 
-0.002514 0.001093 0.000360 
-0.002505 0.000897 0.000360 
0.001019 -0.000976 0.000360 
0.000879 -0.001029 0.000360 
0.001656 -0.000778 0.000360 
0.001804 -0.000823 0.000360 
0.000217 0.000941 0.000360 
0.000348 0.000608 0.000360 
-0.002844 0.000091 0.000360 
-0.003050 0.000106 0.000360 
-0.001854 0.000832 0.000360 
-0.001618 0.000698 0.000360 
-0.000446 0.000231 0.000360 
-0.000622 0.000112 0.000360 
-0.001488 -0.000524 0.000360 
-0.001905 -0.000039 0.000360 
-0.002437 0.000021 0.000360 
-0.001503 -0.000049 0.000360 
0.002249 0.000800 0.000360 
0.002056 0.000246 0.000360 
-0.002820 0.000331 0.000360 
0.002439 0.000816 0.000360 
0.001085 -0.000799 0.000360 
0.002115 -0.000645 0.000360 
-0.001864 0.000230 0.000360 
-0.000157 -0.001038 0.000360 
-0.000264 0.001117 0.000360 
-0.000039 0.001134 0.000360 
0.001484 -0.000808 0.000360 
0.001635 -0.000668 0.000360 
0.001506 -0.001394 0.000360 
0.001449 -0.001252 0.000360 
0.000162 0.000652 0.000360 
0.000294 0.000457 0.000360 
-0.001965 0.001002 0.000360 
-0.002047 0.000765 0.000360 
-0.002664 0.000189 0.000360 
-0.002539 0.000409 0.000360 
-0.001294 0.000227 0.000360 
-0.001282 0.000085 0.000360 
-0.000150 -0.000378 0.000360 
-0.000307 -0.000178 0.000360 
-0.002158 0.000008 0.000360 
0.002073 0.000145 0.000360 
0.002234 0.000230 0.000360 
0.000968 0.001127 0.000360 
0.001003 0.001202 0.000360 
-0.000007 0.001330 0.000360 
-0.000141 0.001433 0.000360 
0.001599 0.000785 0.000360 
0.001696 0.000865 0.000360 
0.001702 -0.001401 0.000360 
0.001717 -0.000853 0.000360 
0.001856 0.001667 0.000360 
-0.002379 0.000842 0.000360 
-0.000067 0.001380 0.000360 
-0.002345 0.000753 0.000360 
-0.002089 0.000662 0.000360 
-0.001587 -0.000045 0.000360 
-0.001645 -0.000818 0.000360 
-0.000392 0.000122 0.000360 
-0.000186 0.000281 0.000360 
-0.001384 0.000566 0.000360 
-0.001483 0.000502 0.000360 
-0.002494 -0.000135 0.000360 
-0.002254 -0.000169 0.000360 
-0.002203 -0.001015 0.000360 
-0.002141 -0.000863 0.000360 
0.000172 -0.000512 0.000360 
-0.000083 -0.000463 0.000360 
0.002101 0.001529 0.000360 
0.001893 0.001614 0.000360 
0.002726 -0.000166 0.000360 
-0.002545 -0.000375 0.000360 
0.001217 0.001794 0.000360 
0.000997 0.001886 0.000360 
0.000297 0.001209 0.000360 
0.000368 0.000812 0.000360 
-0.002840 0.000673 0.000360 
-0.002864 0.000614 0.000360 
0.001434 -0.001074 0.000360 
0.001515 -0.001168 0.000360 
-0.001951 0.001372 0.000360 
-0.002214 0.001319 0.000360 
-0.000032 -0.000175 0.000360 
-0.001725 -0.000072 0.000360 
-0.000651 0.000015 0.000360 
-0.000690 -0.000141 0.000360 
-0.001930 -0.000691 0.000360 
-0.001829 -0.000664 0.000360 
-0.002314 0.000431 0.000360 
-0.000228 0.000075 0.000360 
0.000264 -0.000533 0.000360 
0.002107 0.000010 0.000360 
0.001729 0.001624 0.000360 
-0.001375 -0.000554 0.000360 
-0.001242 -0.000479 0.000360 
-0.002909 0.000011 0.000360 
0.000572 0.001104 0.000360 
0.000630 0.001324 0.000360 
0.001592 0.001427 0.000360 
0.001633 0.001357 0.000360 
-0.002312 -0.000109 0.000360 
0.001358 -0.001201 0.000360 
0.000941 0.001525 0.000360 
0.001100 0.001495 0.000360 
-0.002255 -0.000489 0.000360 
-0.001637 0.001302 0.000360 
-0.001714 0.001119 0.000360 
-0.000085 0.000090 0.000360 
-0.000033 0.000267 0.000360 
-0.001271 -0.000221 0.000360 
-0.002047 -0.000516 0.000360 
-0.003035 0.000396 0.000360 
-0.000399 -0.000836 0.000360 
-0.000227 -0.000893 0.000360 
0.002250 -0.000211 0.000360 
0.002428 -0.000232 0.000360 
0.001523 0.001479 0.000360 
0.001651 0.001496 0.000360 
0.000840 -0.001158 0.000360 
0.000697 -0.001187 0.000360 
0.000543 0.001350 0.000360 
0.000606 0.001430 0.000360 
-0.002216 0.001069 0.000360 
-0.002080 0.001274 0.000360 
-0.002059 -0.000322 0.000360 
-0.001227 0.000001 0.000360 
-0.000491 0.000723 0.000360 
-0.000647 0.000680 0.000360 
0.000291 0.000755 0.000360 
0.000590 -0.001162 0.000360 
-0.000135 0.000013 0.000360 
-0.000514 -0.000337 0.000360 
-0.001280 -0.000742 0.000360 
-0.001583 -0.000749 0.000360 
-0.003118 -0.000138 0.000360 
0.002333 -0.000276 0.000360 
0.002342 -0.000379 0.000360 
-0.002080 0.001353 0.000360 
-0.002709 -0.000472 0.000360 
-0.001956 -0.000761 0.000360 
-0.002011 -0.000572 0.000360 
-0.000659 0.000368 0.000360 
-0.000732 0.000483 0.000360 
-0.002005 0.000541 0.000360 
-0.002075 0.000366 0.000360 
-0.002791 0.000145 0.000360 
-0.002850 -0.000078 0.000360 
-0.002026 0.001235 0.000360 
-0.002437 0.001034 0.000360 
0.000675 -0.000868 0.000360 
-0.002637 0.000383 0.000360 
-0.002680 0.001030 0.000360 
-0.002668 0.000850 0.000360 
-0.002300 -0.000617 0.000360 
-0.000129 0.000436 0.000360 
-0.000794 -0.000242 0.000360 
-0.000669 -0.000269 0.000360 
0.001242 0.001229 0.000360 
-0.001062 0.000802 0.000360 
-0.000249 0.000598 0.000360 
-0.000185 0.000490 0.000360 
-0.001605 -0.000397 0.000360 
0.000076 0.000045 0.000360 
-0.002004 0.000025 0.000360 
-0.002043 -0.000204 0.000360 
-0.000566 -0.000206 0.000360 
-0.000379 -0.000250 0.000360 
-0.000362 -0.000355 0.000360 
-0.001313 0.000361 0.000360 
-0.001360 0.000274 0.000360 
0.002026 -0.000095 0.000360 
0.002152 -0.000120 0.000360 
0.000929 -0.000817 0.000360 
0.000702 0.001082 0.000360 
0.001560 0.001261 0.000360 
0.001622 0.001166 0.000360 
0.002120 0.000380 0.000360 
0.001865 0.000509 0.000360 
0.002170 0.000304 0.000360 
0.002027 0.000172 0.000360 
0.001801 0.000646 0.000360 
0.001923 0.000693 0.000360 
0.001819 0.000977 0.000360 
0.000578 0.000972 0.000360 
0.000844 0.001477 0.000360 
0.000762 0.001582 0.000360 
0.000873 0.001744 0.000360 
0.000683 0.001399 0.000360 
0.000736 0.001300 0.000360 
0.001705 0.000755 0.000360 
0.001836 0.000795 0.000360 
0.000200 0.000407 0.000360 
0.000046 0.000259 0.000360 
0.000112 0.000423 0.000360 
0.001222 0.001108 0.000360 
0.002175 0.001295 0.000360 
0.001878 0.001310 0.000360 
0.000375 -0.000481 0.000360 
0.001424 -0.000700 0.000360 
0.001356 -0.000732 0.000360 
0.001264 -0.000792 0.000360 
0.001310 -0.001300 0.000360 
-0.000517 0.000318 0.000360 
-0.000595 0.000350 0.000360 
-0.000506 0.000411 0.000360 
-0.000381 0.000626 0.000360 
-0.000338 0.000304 0.000360 
-0.000368 0.000215 0.000360 
-0.000263 0.000287 0.000360 
0.000207 0.001095 0.000360 
0.001566 -0.000972 0.000360 
0.000137 0.000852 0.000360 
-0.000420 -0.000713 0.000360 
-0.000563 -0.000420 0.000360 

389 1588 465 1139
465 1307 14 13
18 1105 391 19
496 1244 391 300
391 1105 657 300
394 299 393 252
1288 424 1116 392
393 299 392 1106
483 279 395 949
1461 397 1141 396
323 1107 399 417
398 1465 2 1
323 400 1113 1107
8 1108 402 9
403 1207 401 1108
1435 1597 1228 402
6 1595 403 7
412 1595 6 5
446 1601 404 1121
406 231 407 1606
396 231 406 321
972 1603 409 236
408 257 1389 1110
409 1603 408 1110
4 1598 412 5
1607 1598 4 3
1112 1449 46 45
1609 413 1449 1112
289 415 414 1610
1229 1000 210 722
1113 510 1209 1107
1614 296 419 273
1392 418 1236 420
419 206 418 273
36 1114 1263 37
927 1351 421 1114
1202 883 25 24
434 1202 24 23
426 1116 425 237
392 1116 426 1106
424 1305 425 1116
1622 1117 428 1620
427 1117 429 274
428 1117 427 1624
431 228 430 243
432 191 433 931
495 191 432 275
767 190 777 1118
435 1339 32 31
259 650 1339 435
440 1254 779 219
440 1547 438 1254
1119 366 958 439
442 1546 441 1629
651 443 444 1191
445 1120 1585 443
1631 663 272 1549
52 1121 404 53
624 1190 446 1121
30 1340 435 31
541 357 1075 447
450 1386 780 778
1133 491 1316 448
452 178 827 449
939 1362 938 225
451 264 1097 1198
1560 801 293 452
456 1125 455 1575
454 1125 456 1090
1125 416 399 455
457 1387 970 283
458 1387 457 310
460 1630 461 1041
464 285 462 1373
463 1302 462 285
466 1595 412 1111
469 1126 468 238
263 1126 469 1372
468 1126 467 1437
1127 865 103 102
470 1127 102 101
471 1127 470 845
474 1104 473 390
483 949 1590 1128
473 1274 475 309
477 1129 476 230
475 1129 477 309
476 453 678 1290
1255 480 1442 479
479 220 677 478
1130 1040 129 128
481 690 1300 1359
1151 526 1289 846
1003 1336 1419 1128
74 1131 486 75
644 270 846 1361
486 1131 644 818
60 1132 488 61
487 1132 60 59
1612 1132 487 1349
491 1133 490 1282
489 1133 448 251
490 1133 489 308
1057 211 747 494
492 1315 116 115
672 1315 492 325
495 275 496 300
88 1135 498 89
1250 538 1156 1354
498 1135 932 645
501 1358 126 125
499 1136 1389 257
500 1136 499 269
503 337 502 1514
446 405 503 1601
502 337 861 1137
92 1138 505 93
678 1212 504 1138
504 1055 505 1138
12 1139 465 13
1470 217 887 506
389 1139 720 346
1287 839 1491 508
839 1287 507 1140
507 1330 898 1140
56 1141 397 57
509 1141 56 55
396 1141 509 231
510 1142 64 63
1113 398 1142 510
64 1142 398 1
1143 723 107 106
682 1214 512 1143
1264 799 1469 513
114 1144 492 115
513 1144 114 113
511 1510 492 1144
1163 806 1267 1552
516 1486 514 671
518 1467 80 79
78 1146 518 79
1446 1146 687 1216
1446 1216 686 313
22 1147 434 23
519 1147 22 21
1616 1147 519 312
522 1291 100 99
520 1208 699 201
522 1208 520 276
520 1149 464 276
523 1149 520 201
880 285 464 1149
1150 973 69 68
524 1150 68 67
525 1150 524 215
528 1360 72 71
526 1151 528 1293
527 1151 846 270
1203 531 1152 530
1152 532 493 529
1353 1152 529 931
529 1421 432 931
1152 531 212 532
1439 933 1355 1153
1154 817 163 162
545 1158 534 1154
1145 372 1415 533
537 1155 600 670
535 1155 537 348
536 1155 535 302
540 1156 539 217
1354 1156 540 497
539 1156 538 278
543 1157 542 494
541 1157 1436 370
542 1157 541 447
545 1154 162 161
544 1158 1415 372
534 1158 544 288
1094 1159 547 978
546 1159 548 363
547 1159 546 1541
1451 1027 1473 1160
1160 327 772 554
1450 1026 340 550
1566 1416 553 1233
552 549 144 143
553 549 552 363
557 1162 886 497
555 1162 557 327
556 1162 555 1161
1056 558 1163 1552
1056 1552 155 154
558 1425 1148 302
160 1164 545 161
1415 1164 884 533
1480 560 1374 561
917 306 953 1165
561 1489 559 306
563 1498 140 139
562 1523 712 354
563 1523 562 377
383 589 242 575
568 1168 1053 1167
1167 1053 1482 564
1168 566 167 166
564 1483 567 1167
568 1167 567 280
571 1169 570 1580
569 1525 638 355
570 1169 1610 414
573 1170 42 41
877 250 572 1195
1170 980 43 42
1299 782 1256 576
574 1576 1097 381
575 1576 574 383
1511 1172 578 1512
577 1172 579 183
578 1172 577 356
1168 568 1173 566
580 1173 568 280
581 1173 580 785
1224 1174 583 1074
582 1174 584 711
583 1174 582 364
1281 803 233 587
585 347 587 295
575 242 576 1175
1411 200 1081 1176
828 1171 135 134
589 828 588 242
1081 1177 591 1176
590 1177 592 232
591 1177 590 328
437 1178 594 1629
593 1178 595 291
594 1178 593 185
1061 375 628 1248
596 1179 769 216
597 1179 596 382
599 1180 855 253
599 1321 158 157
536 302 1148 1513
150 1181 601 151
623 1189 603 1181
1327 630 1192 602
174 173 1383 1182
342 964 281 606
342 604 1573 964
1027 218 602 1408
1182 608 175 174
1347 1183 993 1409
611 1310 870 248
609 1310 611 1579
632 341 868 1184
614 1185 613 1440
612 1185 614 610
1431 1185 612 384
170 1186 616 171
1368 1323 1093 1401
615 1186 982 369
619 1187 618 1543
1187 646 1124 617
618 1187 617 1123
1416 1566 1188 298
1188 729 1417 620
298 1188 620 378
623 1181 150 149
622 1189 1368 1376
603 1189 622 338
446 1190 625 405
624 1121 52 51
625 1190 1493 301
627 1448 441 1546
626 1325 50 49
1456 1032 1485 1378
602 1192 629 1408
628 1192 630 367
629 1192 628 375
631 1193 1103 633
632 1193 631 341
636 1194 1333 798
634 1194 636 333
635 1194 634 258
572 1170 573 1195
637 1507 639 329
638 1507 637 355
641 1196 28 27
1196 1590 949 640
28 1196 640 29
1305 866 818 485
642 1197 485 1361
643 1197 642 361
451 1363 617 1124
1318 1554 1045 453
1187 619 317 646
649 1407 648 204
1199 189 856 647
648 1407 992 365
1269 445 443 651
1352 929 1422 1200
652 1339 650 265
655 1201 654 190
1085 1201 655 1247
654 1201 653 1508
657 1105 656 247
1308 867 390 1279
656 1105 18 17
751 1272 531 1203
751 1240 976 1272
1203 530 85 84
660 1204 659 1604
658 1204 660 320
659 1204 658 352
662 1205 658 320
661 1205 1019 1282
658 1205 661 352
665 1270 812 193
663 1270 665 385
1346 666 1206 668
1383 1206 667 1182
1346 812 664 666
667 1206 666 294
1207 466 1109 669
401 1207 669 1594
403 1108 8 7
600 226 521 670
807 277 559 1489
98 1208 522 99
62 1209 510 63
488 1367 1107 1209
1613 206 419 671
954 278 538 1366
1468 1421 529 493
1210 1042 360 673
1215 683 1497 676
1533 675 326 674
908 359 1001 1211
678 1138 92 91
1464 1040 1292 1471
504 1212 674 326
681 1213 680 245
679 1213 681 197
1213 738 268 680
680 1214 843 245
512 1214 680 268
682 1143 106 105
685 1215 676 517
685 1447 683 1215
691 362 860 684
687 1146 78 77
1619 761 686 1216
676 222 1395 517
684 860 1137 689
909 205 719 688
269 689 1301 690
691 684 499 257
693 1217 590 232
692 1217 693 356
590 1217 692 328
695 1218 1411 1176
631 1218 695 341
694 1218 631 633
718 297 697 688
787 1222 1015 1219
697 297 696 359
700 1220 96 95
1556 807 1268 1145
96 1220 699 97
703 1221 702 221
701 1221 703 369
702 1221 701 1219
706 305 705 698
1581 613 1185 1431
787 305 706 1222
1080 208 709 1223
707 1223 709 315
708 1223 707 554
712 1523 138 137
1328 897 1550 710
1430 579 1172 1511
713 1101 941 715
713 304 714 1101
1014 304 851 1225
717 1226 427 274
716 1226 717 1572
427 1226 1626 1624
728 373 726 1227
718 688 719 863
705 343 757 698
402 1228 10 9
508 336 662 320
10 1228 720 11
1593 417 399 416
721 1229 722 1600
417 1229 721 323
108 1230 514 109
723 1230 108 107
514 1230 1613 671
1154 534 1231 817
724 1231 534 288
724 1483 564 1231
726 207 1034 1227
1381 961 332 727
731 1232 730 732
729 1232 731 506
1232 1566 1233 730
551 1252 733 1426
1080 1223 708 732
551 1426 1012 315
736 1234 735 209
734 1249 596 216
735 1234 1611 289
737 1235 734 216
413 1235 737 314
1611 1235 413 1609
739 1236 418 206
738 1236 739 268
420 1357 934 286
742 1237 741 878
1614 1237 742 296
741 1237 740 350
1148 1425 1238 745
1425 743 871 1238
1425 558 1056 743
748 1239 747 211
746 1239 748 1366
1285 747 1239 746
213 1095 1582 750
911 1628 749 339
752 1240 82 81
976 1240 752 1260
82 1240 751 83
755 1241 754 182
1518 1241 755 331
754 1241 753 1410
758 1242 1528 1074
756 1242 758 213
757 1242 756 698
760 1243 749 1628
1243 532 212 759
749 1243 759 287
391 1244 20 19
1619 1216 687 246
1244 519 21 20
762 1536 643 361
763 1536 762 439
1245 450 778 524
1245 524 67 66
66 65 831 1245
444 1246 765 1191
444 1364 764 1246
849 1456 765 1246
767 459 655 190
832 333 1085 1247
655 459 921 1247
892 367 630 598
768 1179 597 1166
769 1179 768 266
734 1234 736 1249
770 1249 736 1572
596 1249 770 382
538 1250 746 1366
771 1250 1354 184
1568 1453 914 316
708 1251 731 732
772 1251 708 554
731 1251 1470 506
773 255 632 1184
774 255 773 1248
295 775 303 733
295 733 1252 776
779 1253 957 219
777 1253 779 1118
436 1122 957 1253
780 1254 438 778
779 1254 780 1118
1537 1079 1547 1119
132 1255 781 133
1311 872 1341 677
781 1255 479 478
784 1256 783 647
576 1256 784 1175
783 1256 782 260
1475 290 581 785
692 356 577 1257
1433 328 692 1257
788 1258 1475 785
786 1258 788 202
787 1258 786 305
1395 1259 790 517
789 1259 791 1260
790 1259 789 515
791 1371 976 1260
1395 222 792 324
950 1371 791 324
795 1261 794 223
793 1261 795 335
794 1261 793 1055
797 1262 795 223
696 297 796 1262
795 1262 796 335
419 296 516 671
1332 899 1313 1263
421 1332 1263 1114
800 1264 112 111
799 1264 800 334
1264 513 113 112
1559 990 293 801
939 264 451 1124
856 1560 452 449
805 1266 804 1342
829 233 803 1266
804 1266 803 381
156 1267 599 157
1552 1267 156 155
806 1180 599 1267
809 1268 808 241
1145 1268 809 372
808 1268 807 1489
445 1269 461 227
810 1269 651 181
461 1269 810 1041
811 1270 663 1631
812 1270 811 664
814 1271 430 228
813 1271 814 311
480 322 813 311
815 322 480 1255
1150 525 1273 973
1231 564 1482 817
1293 525 215 816
70 1273 528 71
973 1273 70 69
528 1273 525 1293
819 1274 907 196
476 1129 1318 453
473 1104 907 1274
530 1275 86 85
820 1275 1353 267
86 1275 820 87
822 1276 407 1591
1276 889 1515 821
407 1276 821 1606
54 1277 509 55
404 1601 823 1277
509 1277 823 1591
178 452 293 826
824 1278 826 374
825 1278 824 1502
845 951 1373 844
617 1363 827 1123
933 230 498 645
1051 186 998 1280
998 1427 775 233
587 233 775 295
803 1281 574 381
1281 587 347 830
574 1281 830 383
831 1441 457 283
1019 1490 491 1282
457 1441 1023 310
766 1041 810 1283
832 1283 810 181
921 1283 832 1247
1344 917 1165 833
834 1344 833 376
747 1285 543 494
472 1568 316 835
1436 472 835 1134
838 1286 837 199
836 1286 838 362
837 1286 836 1324
507 1287 660 1604
839 1140 122 121
660 1287 508 320
841 1288 840 198
1619 1288 841 761
840 1288 392 299
846 1289 642 1361
842 1289 526 229
642 1289 842 361
469 194 882 1372
1214 682 1304 843
475 1274 819 239
1375 853 1297 521
881 307 263 1372
100 1291 470 101
1359 1292 1040 1130
498 1290 90 89
1300 858 243 482
90 1290 678 91
498 230 476 1290
816 229 526 1293
1294 1032 1456 849
847 1294 849 318
848 1294 847 368
713 1295 851 304
1583 1295 713 715
851 1295 850 1502
808 1296 979 241
852 1296 808 1489
855 1297 854 253
521 1297 855 670
854 1297 853 277
784 1298 857 1175
856 1298 784 647
802 1198 857 1298
588 1299 576 242
478 913 1299 588
782 1299 913 260
1359 1300 482 1292
431 1627 859 228
1301 861 1492 858
690 1301 858 1300
269 499 684 689
861 1301 689 1137
454 1090 862 195
882 194 462 1302
862 1090 489 251
864 1490 118 117
1127 471 1303 865
471 845 844 238
865 1303 468 1437
104 1304 682 105
865 1304 104 103
843 1304 865 1437
486 1306 76 75
818 866 1306 486
424 246 866 1305
76 1306 687 77
1305 485 1197 425
687 1306 866 246
14 1307 867 15
465 1588 474 1307
867 1307 474 390
16 1308 656 17
867 1308 16 15
1308 1279 247 656
591 1309 695 1176
1433 1309 591 328
695 1309 868 341
868 610 614 1184
869 1310 609 379
870 1310 869 384
873 1311 677 220
947 1311 873 179
1544 1083 249 872
783 1312 1199 647
874 1312 783 260
875 1312 874 249
38 1313 876 39
1263 1313 38 37
876 1313 899 345
40 1314 573 41
876 250 877 1314
877 1195 573 1314
1315 864 117 116
1087 370 1436 1134
1043 1412 742 878
864 1316 491 1490
1315 672 1316 864
448 1316 672 1210
880 1317 463 285
879 1317 1596 1594
463 1317 879 1302
469 238 844 194
1390 669 1109 881
1129 475 239 1318
1202 1618 1319 883
394 1319 1618 1115
1438 1319 394 252
26 1320 641 27
883 1320 26 25
641 1320 1438 1338
158 1321 884 159
1181 603 1529 601
884 1164 160 159
885 1321 599 253
884 1321 885 533
539 1322 887 217
1162 556 1506 886
1570 1404 378 244
148 1323 623 149
1401 1404 1570 888
1368 1401 888 1376
890 349 502 1137
889 349 890 199
408 1603 1602 284
50 1325 624 51
314 737 1448 627
626 1423 627 1546
774 367 892 1326
891 1326 892 388
894 1327 602 218
893 1327 894 303
630 1327 893 598
897 1328 896 969
895 1328 710 1512
896 1328 895 256
172 1329 1383 173
616 969 896 1329
668 1329 896 256
507 1604 410 1330
409 1330 410 236
898 1330 409 1110
124 1331 501 125
898 1331 124 123
1389 1331 898 1110
421 798 1333 1332
1333 959 899 1332
423 1444 912 422
1194 635 959 1333
900 1500 848 368
901 1500 900 725
904 1334 903 197
902 1334 904 307
1599 1334 902 1111
906 1335 722 210
905 1335 906 286
722 1335 905 1600
425 1197 643 237
543 1285 1568 472
1004 188 1419 1336
697 1337 909 688
908 1337 697 359
1589 1509 909 1337
840 1115 910 198
394 1115 840 299
1196 641 1338 1590
912 1628 911 422
32 1339 652 33
441 266 437 1629
1403 595 1178 437
190 650 259 777
190 654 265 650
640 1122 436 1340
677 1341 913 478
874 1341 872 249
913 1341 874 260
478 588 828 781
923 1478 805 1342
915 1343 1016 180
914 1343 915 316
1028 376 833 1284
916 1344 834 180
916 1480 917 1344
895 1345 919 256
918 1345 895 1512
962 262 919 1345
812 1346 920 193
1346 668 256 919
920 1346 919 262
1530 607 1183 1347
234 766 1283 921
880 1149 523 863
58 1348 487 59
397 1461 922 1348
487 1348 922 1349
925 330 924 271
924 330 923 225
926 1560 856 189
801 1560 926 1265
1434 467 1126 263
34 1350 927 35
652 1350 34 33
1615 1350 652 265
421 1351 928 798
927 1114 36 35
928 1351 1615 1508
625 1352 930 405
929 1352 625 301
930 1352 1200 1627
859 1443 814 228
593 1443 859 185
433 267 1353 931
886 184 1354 497
820 1135 88 87
932 1135 820 267
1153 1355 433 191
932 1355 933 645
433 1355 932 267
1613 1356 739 206
1143 512 1356 723
739 1356 512 268
1213 679 1357 738
934 1357 679 197
420 1236 738 1357
126 1358 935 127
501 1136 500 1358
935 1358 500 481
500 269 690 481
935 1130 128 127
935 481 1359 1130
72 1360 936 73
528 1151 527 1360
936 1360 527 270
818 644 1361 485
936 1131 74 73
644 1131 936 270
939 1124 646 1362
937 1362 646 317
938 1362 937 387
1298 856 449 802
802 449 827 1363
939 225 923 1342
444 443 1585 1364
940 1364 1585 1584
764 1364 940 318
943 1365 665 193
942 1365 943 380
665 1365 942 385
945 1592 454 195
944 1592 945 1517
448 1210 673 251
488 1209 62 61
455 1367 1612 1575
1107 1367 455 399
601 1529 1238 871
1189 623 1323 1368
947 179 946 1623
648 1369 1622 204
948 1369 648 365
429 1369 948 1623
1438 252 484 1338
495 300 657 1370
1153 191 495 1370
1243 760 493 532
792 287 759 324
759 212 950 324
470 1291 951 845
471 238 468 1303
951 1291 522 276
844 1373 462 194
390 473 309 1279
464 1373 951 276
952 1374 560 182
952 353 852 1374
561 1374 852 1489
853 1375 559 277
953 1375 521 226
559 1375 953 306
955 278 954 254
539 278 955 1322
888 254 1494 1376
956 1377 748 211
954 1377 1494 254
748 1377 954 1366
436 1253 777 259
1378 181 651 1191
438 215 524 778
763 1379 1419 188
958 1379 763 439
483 1379 958 279
788 1380 1065 202
580 1380 788 785
1396 1380 580 280
961 1381 960 586
1381 727 207 726
960 1381 726 373
608 1441 176 175
618 605 963 1543
962 605 618 1123
1329 668 1206 1383
262 962 281 964
962 1345 918 605
967 1384 966 261
965 1384 967 344
966 1384 965 282
1401 1093 1569 1404
966 1385 986 261
968 1385 966 282
780 1386 970 1118
827 281 962 1123
970 1386 450 283
767 1387 458 459
970 1387 767 1118
766 358 460 1041
1602 1388 406 284
971 1388 1070 192
406 1388 971 321
1136 501 1331 1389
972 236 659 352
1140 898 123 122
1390 881 1372 882
879 1390 882 1302
669 1390 879 1594
523 1391 718 863
1158 545 1164 1415
718 1391 796 297
906 1392 420 286
974 1392 906 210
418 1392 974 273
903 1393 934 197
1393 411 1600 905
934 1393 905 286
1480 916 1432 1394
975 287 792 222
749 287 975 339
324 791 1259 1395
976 1371 950 1272
727 332 977 1571
1557 1065 1380 1396
977 332 724 288
979 1397 809 241
977 1397 979 1571
1060 1541 1555 1498
1170 572 1398 980
1066 1580 570 1398
980 1398 570 414
44 1399 1112 45
980 1399 44 43
415 1399 980 414
168 1400 981 169
566 1400 168 167
981 1400 581 290
981 1186 170 169
982 1186 981 290
969 616 1186 615
873 1402 984 179
983 1402 873 220
595 1403 984 1402
768 1403 437 266
984 1403 768 1166
595 1402 983 291
616 1329 172 171
985 1385 968 177
986 1385 985 1458
986 1058 988 261
987 1058 986 1458
560 1480 1394 1405
991 1406 1621 1620
989 1406 991 1225
990 1406 989 374
926 1407 649 1265
992 1407 926 189
1312 875 1545 1199
1382 608 1182 607
667 1183 607 1182
993 1183 667 294
995 1409 993 294
994 1409 995 386
1061 1440 613 177
776 1524 585 295
1522 584 1174 1224
585 1524 562 354
134 133 781 828
1218 694 1587 1411
775 1427 893 303
742 1412 516 296
1043 224 999 1412
516 1412 999 334
974 1413 1614 273
1000 1413 974 210
740 1413 1000 350
696 1262 797 1414
675 1533 1001 1414
696 1414 1001 359
950 212 531 1272
1002 1391 523 201
796 1391 1002 335
549 621 145 144
556 1562 968 282
621 549 553 1416
887 1417 729 506
244 1417 887 1322
1569 621 1416 298
1003 1128 484 1418
393 1418 484 252
1003 1418 393 1106
1004 1336 426 237
1379 483 1128 1419
426 1336 1003 1106
1007 1420 1468 214
1005 1420 1007 312
1445 496 275 1006
910 1115 423 422
493 760 214 1468
1421 1006 275 432
594 1422 442 1629
1200 1422 594 185
442 1422 929 301
48 1423 626 49
1008 1423 48 47
626 1546 1493 1325
1011 1424 1010 235
1009 1424 1028 1284
1010 1424 1009 1513
745 1238 357 744
1010 745 744 235
1148 745 1010 1513
894 1426 733 303
1012 1426 894 218
1188 1566 1232 729
998 233 829 1280
1013 1427 998 186
893 1427 1013 598
428 1428 991 1620
1625 1428 428 1624
991 1428 1014 1225
851 1429 989 1225
824 1429 851 1502
989 1429 824 374
579 1430 1015 1579
702 1430 1511 221
1015 1430 702 1219
1015 1222 609 1579
1431 384 869 704
609 1222 706 379
988 1432 1016 261
988 331 1394 1432
1016 1432 916 180
946 179 984 1166
1017 1165 953 226
833 1165 1017 1284
681 1434 904 197
467 1434 681 245
904 1434 263 307
401 1594 1596 1435
902 1109 466 1111
881 1109 902 307
1019 336 1054 1490
490 1521 661 1282
1018 1521 490 308
467 245 843 1437
1018 1575 1020 192
456 1575 1018 308
657 247 1021 1370
1320 883 1319 1438
1021 247 1279 309
933 1439 477 230
1021 1439 1153 1370
477 1439 1021 309
994 1630 1347 1409
1022 234 458 310
766 234 1022 358
176 1441 831 65
608 1382 1023 1441
831 283 450 1245
983 1442 1024 291
479 1442 983 220
1024 1442 480 311
1275 530 1152 1353
1024 1443 593 291
814 1443 1024 311
912 1444 1007 214
1618 1202 434 1617
1007 1444 1616 312
1244 496 1445 519
1445 1006 1420 1005
519 1445 1005 312
790 313 685 517
1446 313 790 515
515 518 1146 1446
685 313 686 1447
1025 1447 686 761
683 1447 1025 351
769 1448 737 216
441 1448 769 266
627 1423 1008 314
46 1449 1008 47
1399 415 1609 1112
1008 1449 413 314
709 1450 551 315
1026 1450 709 208
1450 550 1252 551
1012 1451 707 315
1027 1451 1012 218
707 1451 1160 554
915 1452 835 316
835 1452 1088 1134
771 1285 746 1250
1029 1453 771 184
914 1453 1029 344
1031 1454 937 317
1030 1454 1031 200
937 1454 1030 387
592 1455 619 1543
1031 1455 1081 200
619 1455 1031 317
848 258 1032 1294
765 1456 1378 1191
849 1246 764 318
940 1457 847 318
1033 1457 940 1584
1086 368 847 1457
754 711 952 182
582 711 754 1410
1099 292 987 1458
1034 207 1035 319
1227 1063 1504 728
1038 1459 1037 205
1597 1459 1038 346
1037 1459 1597 1435
719 1460 880 863
1037 1460 719 205
1596 1460 1037 1435
1462 1020 1349 922
397 1348 58 57
1039 1461 396 321
1020 1462 971 192
1462 922 1461 1039
971 1462 1039 321
1292 482 1463 1471
430 1463 482 243
1471 1463 813 322
130 1464 815 131
1040 1464 130 129
815 1464 1471 322
1465 1607 3 2
398 1113 400 1465
921 459 458 234
411 1466 721 1600
1465 400 1466 1607
721 1466 400 323
80 1467 752 81
518 515 789 1467
752 1467 789 1260
751 1203 84 83
1420 1006 1421 1468
1036 1510 1043 878
1210 672 325 1042
224 1043 1510 511
511 1469 1044 224
511 1144 513 1469
794 326 675 223
1251 772 1472 1470
794 1055 504 326
132 131 815 1255
1045 1212 678 453
674 1212 1045 371
540 1472 557 497
1470 1472 540 217
557 1472 772 327
1046 1473 1027 1408
555 1473 1046 1161
1160 1473 555 327
1048 1474 1047 248
868 1474 1048 610
1047 1474 1433 1257
1258 787 1551 1475
1047 183 611 248
577 183 1047 1257
714 1476 639 187
1014 1476 714 304
639 1476 1625 329
1626 1477 637 329
1049 1477 716 209
637 1477 1049 355
829 1478 1050 1280
829 1266 805 1478
923 330 1050 1478
1479 1103 388 1051
1050 1479 1051 1280
925 1479 1050 330
560 1405 755 182
917 1480 561 306
1394 331 755 1405
1052 1481 987 292
753 1481 1052 1410
987 1481 1518 1058
164 1482 1053 165
817 1482 164 163
1066 1398 572 250
567 1483 961 586
1053 1168 166 165
724 332 961 1483
928 1484 636 798
653 1484 928 1508
636 1484 1085 333
1378 1485 832 181
634 1485 1032 258
832 1485 634 333
110 1486 800 111
514 1486 110 109
516 334 800 1486
1044 1487 999 224
799 1487 1044 1469
999 1487 799 334
94 1488 700 95
505 1055 793 1488
700 1488 793 335
699 1220 1002 201
699 1208 98 97
1002 1220 700 335
118 1490 1054 119
378 620 1417 244
1019 1205 662 336
120 1491 839 121
1054 1491 120 119
508 1491 1054 336
1492 930 1627 431
858 1492 431 243
505 1488 94 93
930 337 503 405
1492 861 337 930
1190 624 1325 1493
542 338 1057 494
154 153 743 1056
1377 956 1495 1494
1494 1495 622 1376
1057 1495 956 211
622 1495 1057 338
910 1496 1069 198
911 1496 910 422
1481 753 1241 1518
676 1497 975 222
1059 1497 683 351
975 1497 1059 339
1060 1498 563 377
140 1498 1555 141
142 1499 552 143
1555 1541 546 1499
552 1499 546 363
635 258 848 1500
773 1440 1061 1248
614 1440 773 1184
870 1501 1048 248
612 1501 870 384
1048 1501 612 610
827 178 606 281
825 1503 604 342
1278 825 342 606
825 1502 850 1503
850 1295 1583 240
604 1503 1062 380
1065 1504 1064 202
728 1557 960 373
1064 1504 1063 343
786 1505 705 305
1064 1505 786 202
705 1505 1064 343
1016 1343 967 261
967 1343 914 344
886 1506 1029 184
965 1506 556 282
1029 1506 965 344
1086 187 639 1507
876 1314 40 39
1066 250 876 345
901 345 899 959
1066 345 901 1580
1615 265 654 1508
909 1509 1038 205
1589 1588 389 1509
1038 1509 389 346
720 1139 12 11
1597 346 720 1228
1036 325 492 1510
996 565 354 712
996 712 137 136
136 135 1171 996
589 383 830 997
710 221 1511 1512
585 354 565 347
855 1180 537 670
1155 536 1564 600
806 348 537 1180
535 1163 558 302
806 1163 535 348
823 1514 822 1591
404 1277 54 53
1514 502 349 822
837 1515 889 199
821 1515 837 1324
1276 822 349 889
1068 1516 945 195
1067 1516 1068 360
945 1516 1067 1517
741 350 944 1517
944 1593 416 1592
1000 1593 944 350
988 1058 1518 331
1059 1496 911 339
1069 1496 1059 351
841 1519 1025 761
1069 1519 841 198
1025 1519 1069 351
972 1520 1602 1603
661 1521 1070 1520
1157 543 472 1436
1070 1521 1018 192
661 1520 972 352
979 1296 1071 1571
1071 1296 852 353
1035 1522 1224 319
1571 1071 1522 1035
584 1522 1071 353
138 1523 563 139
952 711 584 353
1474 868 1309 1433
1052 364 582 1410
1072 1524 776 203
562 1524 1072 377
1073 1525 571 725
1548 1086 1507 638
569 1169 571 1525
735 1526 1049 209
1610 1526 735 289
1049 1526 569 355
918 1527 963 605
578 1527 918 1512
1242 757 1558 1528
963 1527 693 232
1528 319 1224 1074
693 1527 578 356
601 871 152 151
542 447 603 338
152 871 743 153
603 447 1075 1529
1238 1529 1075 357
607 1530 1076 1382
460 1530 1347 1630
1076 1530 460 358
1023 1531 1022 310
1076 1531 1023 1382
1022 1531 1076 358
907 1532 1077 196
1589 1532 907 1104
1077 1532 908 1211
675 1414 797 223
1533 674 371 1078
1001 1533 1078 1211
862 1534 1068 195
673 1534 862 251
1068 1534 673 360
741 1535 1036 878
1067 1535 741 1517
1042 1535 1067 360
1004 1536 763 188
643 1536 1004 237
842 1537 762 361
1079 1537 842 229
762 1537 1119 439
890 1538 838 199
860 1538 890 1137
838 1538 860 362
408 1539 691 257
1605 1324 836 1539
691 1539 836 362
730 1540 1080 732
1233 548 1540 730
1233 553 363 548
1555 1499 142 141
1094 978 1026 208
1159 1094 1540 548
1095 213 758 1542
583 1542 758 1074
1455 592 1177 1081
1082 364 1052 292
583 364 1082 1542
963 232 592 1543
1544 872 1311 947
948 1544 947 1623
1083 1544 948 365
1199 1545 992 189
1083 1545 875 249
992 1545 1083 365
1084 366 440 219
958 366 1084 279
442 301 1493 1546
816 1547 1079 229
438 1547 816 215
440 366 1119 1547
774 1326 891 255
628 367 774 1248
1013 388 892 598
1484 653 1201 1085
1548 638 1525 1073
900 1548 1073 725
1086 1548 900 368
714 187 1033 1101
715 941 1120 1549
1086 1457 1033 187
710 1550 703 221
615 1550 897 969
703 1550 615 369
1475 1551 982 290
701 1551 787 1219
982 1551 701 369
744 370 1087 235
541 370 744 357
834 1452 915 180
1088 1452 834 376
1424 1011 1563 1028
1077 1553 1089 196
1078 1553 1077 1211
1089 1553 1078 371
1318 239 819 1554
1089 1554 819 196
1045 1554 1089 371
1092 340 1026 978
544 1397 977 288
809 1397 544 372
854 1556 885 253
807 1556 854 277
885 1556 1145 533
635 1500 901 959
960 1557 1396 586
728 1504 1065 1557
1528 1558 1034 319
1063 1558 757 343
1034 1558 1063 1227
1559 801 1265 649
1621 1559 649 204
456 308 489 1090
1278 606 178 826
802 1363 451 1198
826 293 990 374
1046 1561 1091 1161
629 1561 1046 1408
1091 1561 629 375
1061 177 968 1562
556 1161 1091 1562
1061 1562 1091 375
1087 1563 1011 235
1087 1134 1088 1563
1028 1563 1088 376
600 1564 1017 226
1009 1564 536 1513
1017 1564 1009 1284
547 1565 1092 978
1060 1565 547 1541
1092 1565 1060 377
550 340 1072 203
550 203 776 1252
1072 340 1092 377
1084 1567 395 279
957 1567 1084 219
395 1567 957 1122
640 1340 30 29
395 1122 640 949
771 1453 1568 1285
146 1569 1093 147
621 1569 146 145
1404 1569 298 378
888 1570 955 254
1323 148 147 1093
1570 244 1322 955
750 379 756 213
869 379 750 704
1571 1035 207 727
756 379 706 698
208 1080 1540 1094
736 209 716 1572
920 1573 943 193
964 1573 920 262
1573 604 380 943
1062 1574 942 380
1096 1574 1062 240
942 1574 1096 385
1612 1349 1020 1575
804 264 939 1342
1097 264 804 381
857 1576 575 1175
1097 1576 857 1198
828 589 997 1171
429 1623 946 1577
597 1577 946 1166
1098 1577 597 382
717 1578 770 1572
1098 1578 717 274
770 1578 1098 382
611 183 579 1579
997 565 996 1171
1173 581 1400 566
1396 280 567 586
901 725 571 1580
830 347 565 997
985 1581 1099 1458
613 1581 985 177
1099 1581 1431 704
1082 1582 1095 1542
1099 1582 1082 292
750 1582 1099 704
1096 272 663 385
850 240 1062 1503
1631 1549 1120 1100
1101 1033 1584 941
715 1549 272 1583
272 1096 240 1583
666 664 995 294
995 664 811 386
445 227 1100 1120
1120 941 1584 1585
1100 227 994 386
924 1586 1102 271
938 1586 924 225
1102 1586 938 387
1411 1587 1030 200
1102 1587 694 271
1030 1587 1102 387
925 271 694 633
891 1193 632 255
1103 1193 891 388
1051 388 1013 186
1479 925 633 1103
1589 1104 474 1588
1337 908 1532 1589
1338 484 1128 1590
407 231 509 1591
1125 454 1592 416
1229 417 1593 1000
1435 402 1108 401
1207 403 1595 466
1317 880 1460 1596
1535 1042 325 1036
1599 1111 412 1598
1608 903 1334 1599
1608 1599 1598 1607
503 1514 823 1601
1520 1070 1388 1602
1605 1606 821 1324
659 236 410 1604
1539 408 284 1605
1605 284 406 1606
1466 411 1608 1607
411 1393 903 1608
415 289 1611 1609
1169 569 1526 1610
1234 734 1235 1611
1367 488 1132 1612
1230 723 1356 1613
1413 740 1237 1614
1351 927 1350 1615
1617 434 1147 1616
1616 1444 423 1617
1617 423 1115 1618
246 424 1288 1619
1621 204 1622 1620
1406 990 1559 1621
1369 429 1117 1622
429 1577 1098 274
1626 329 1625 1624
1476 1014 1428 1625
1226 716 1477 1626
1463 430 1271 813
1200 185 859 1627
912 214 760 1628
259 435 1340 436
994 227 461 1630
1100 386 811 1631
176
0.001766 -0.000105 0.000360
0.001789 -0.000035 0.000360
0.001556 -0.000403 0.000360
0.001609 -0.000352 0.000360
0.001583 0.000708 0.000360
0.001527 0.000756 0.000360
0.001810 0.000256 0.000360
0.001798 0.000329 0.000360
0.001778 0.000400 0.000360
0.001752 0.000469 0.000360
0.001752 0.000469 0.000360
0.001718 0.000534 0.000360
0.001718 0.000534 0.000360
0.001679 0.000597 0.000360
0.001679 0.000597 0.000360
0.001634 0.000655 0.000360
0.000366 0.000435 0.000360
0.000343 0.000365 0.000360
0.000413 -0.000205 0.000360
0.000453 -0.000267 0.000360
0.001158 -0.000580 0.000360
0.001230 -0.000567 0.000360
0.001230 -0.000567 0.000360
0.001301 -0.000547 0.000360
0.000664 -0.000469 0.000360
0.000729 -0.000505 0.000360
0.000696 0.000817 0.000360
0.000634 0.000778 0.000360
0.000729 -0.000505 0.000360
0.000796 -0.000535 0.000360
0.002710 0.000897 0.000360
0.002757 0.000780 0.000360
0.002757 0.000780 0.000360
0.002796 0.000661 0.000360
-0.000042 0.001584 0.000360
0.000060 0.001657 0.000360
0.001129 -0.001634 0.000360
0.001003 -0.001634 0.000360
0.001266 0.000888 0.000360
0.001194 0.000904 0.000360
0.001194 0.000904 0.000360
0.001121 0.000913 0.000360
0.001502 0.001911 0.000360
0.001622 0.001877 0.000360
0.002592 -0.000789 0.000360
0.002522 -0.000893 0.000360
0.000277 0.001783 0.000360
0.000392 0.001834 0.000360
0.002796 -0.000331 0.000360
0.002757 -0.000451 0.000360
0.001789 -0.000035 0.000360
0.001805 0.000036 0.000360
0.000974 0.000909 0.000360
0.000902 0.000897 0.000360
0.000902 0.000897 0.000360
0.000831 0.000877 0.000360
0.001467 0.000798 0.000360
0.001403 0.000835 0.000360
0.001527 0.000756 0.000360
0.001467 0.000798 0.000360
0.002445 0.001322 0.000360
0.002522 0.001223 0.000360
0.001622 0.001877 0.000360
0.001740 0.001834 0.000360
0.001740 0.001834 0.000360
0.001855 0.001782 0.000360
0.001740 -0.001504 0.000360
0.001622 -0.001547 0.000360
0.001622 -0.001547 0.000360
0.001502 -0.001582 0.000360
0.001301 -0.000547 0.000360
0.001370 -0.000521 0.000360
0.001370 -0.000521 0.000360
0.001435 -0.000488 0.000360
0.002827 0.000539 0.000360
0.002848 0.000415 0.000360
0.000392 -0.001504 0.000360
0.000277 -0.001453 0.000360
0.000277 -0.001453 0.000360
0.000166 -0.001394 0.000360
0.000754 -0.001608 0.000360
0.000631 -0.001582 0.000360
-0.002388 -0.001054 0.000360
-0.002532 -0.000990 0.000360
-0.002532 -0.000990 0.000360
-0.002667 -0.000909 0.000360
-0.002532 0.001319 0.000360
-0.002388 0.001383 0.000360
-0.003196 -0.000148 0.000360
-0.003225 0.000007 0.000360
-0.002667 -0.000909 0.000360
-0.002792 -0.000812 0.000360
-0.001924 0.001465 0.000360
-0.001767 0.001454 0.000360
-0.001767 -0.001124 0.000360
-0.001924 -0.001135 0.000360
0.000316 0.000147 0.000360
0.000321 0.000073 0.000360
0.000318 0.000220 0.000360
0.000316 0.000147 0.000360
-0.001098 0.001286 0.000360
-0.000911 0.001277 0.000360
-0.003002 -0.000577 0.000360
-0.003084 -0.000442 0.000360
-0.003196 0.000477 0.000360
-0.003149 0.000628 0.000360
-0.000541 -0.001001 0.000360
-0.000724 -0.000962 0.000360
-0.000364 -0.001064 0.000360
-0.000541 -0.001001 0.000360
-0.001098 -0.000956 0.000360
-0.001283 -0.000990 0.000360
-0.003149 0.000628 0.000360
-0.003084 0.000772 0.000360
0.000634 0.000778 0.000360
0.000576 0.000733 0.000360
0.000523 0.000682 0.000360
0.000475 0.000626 0.000360
0.000937 -0.000574 0.000360
0.001011 -0.000583 0.000360
0.000866 -0.000558 0.000360
0.000937 -0.000574 0.000360
0.001609 -0.000352 0.000360
0.001657 -0.000297 0.000360
0.002270 -0.001173 0.000360
0.002174 -0.001253 0.000360
0.001798 0.000329 0.000360
0.001778 0.000400 0.000360
0.002848 0.000415 0.000360
0.002861 0.000290 0.000360
0.001403 0.000835 0.000360
0.001336 0.000864 0.000360
0.002757 -0.000451 0.000360
0.002710 -0.000567 0.000360
0.002522 0.001223 0.000360
0.002592 0.001118 0.000360
0.001502 -0.001582 0.000360
0.001379 -0.001608 0.000360
0.002861 0.000039 0.000360
0.002848 -0.000086 0.000360
0.002866 0.000165 0.000360
0.002861 0.000039 0.000360
-0.001612 0.001424 0.000360
-0.001461 0.001376 0.000360
0.001816 0.000183 0.000360
0.001810 0.000256 0.000360
0.001814 0.000109 0.000360
0.001816 0.000183 0.000360
0.002270 0.001502 0.000360
0.002361 0.001415 0.000360
0.002361 0.001415 0.000360
0.002445 0.001322 0.000360
0.001966 -0.001394 0.000360
0.001855 -0.001453 0.000360
0.002073 -0.001327 0.000360
0.001966 -0.001394 0.000360
0.001498 -0.000449 0.000360
0.001556 -0.000403 0.000360
0.001435 -0.000488 0.000360
0.001498 -0.000449 0.000360
0.000166 -0.001394 0.000360
0.000060 -0.001328 0.000360
0.000060 -0.001328 0.000360
-0.000042 -0.001254 0.000360
-0.000724 0.001292 0.000360
-0.000541 0.001331 0.000360
0.001966 0.001723 0.000360
0.002073 0.001657 0.000360
0.001855 0.001782 0.000360
0.001966 0.001723 0.000360
-0.003084 -0.000442 0.000360
-0.003149 -0.000298 0.000360
-0.003149 -0.000298 0.000360
-0.003196 -0.000148 0.000360
0.000631 -0.001582 0.000360
0.000510 -0.001547 0.000360
0.000510 -0.001547 0.000360
0.000392 -0.001504 0.000360
0.002361 -0.001085 0.000360
0.002270 -0.001173 0.000360
0.002445 -0.000992 0.000360
0.002361 -0.001085 0.000360
0.000831 0.000877 0.000360
0.000762 0.000850 0.000360
0.000754 0.001938 0.000360
0.000878 0.001955 0.000360
0.002796 0.000661 0.000360
0.002827 0.000539 0.000360
0.002655 -0.000680 0.000360
0.002592 -0.000789 0.000360
0.002710 -0.000567 0.000360
0.002655 -0.000680 0.000360
0.001254 0.001955 0.000360
0.001379 0.001937 0.000360
0.002592 0.001118 0.000360
0.002655 0.001010 0.000360
0.002655 0.001010 0.000360
0.002710 0.000897 0.000360
0.001254 -0.001625 0.000360
0.001129 -0.001634 0.000360
0.001379 -0.001608 0.000360
0.001254 -0.001625 0.000360
0.001736 -0.000173 0.000360
0.001766 -0.000105 0.000360
0.001657 -0.000297 0.000360
0.001699 -0.000237 0.000360
0.001699 -0.000237 0.000360
0.001736 -0.000173 0.000360
0.000354 -0.000070 0.000360
0.000380 -0.000139 0.000360
0.000380 -0.000139 0.000360
0.000413 -0.000205 0.000360
0.000321 0.000073 0.000360
0.000334 0.000001 0.000360
0.001379 0.001937 0.000360
0.001502 0.001911 0.000360
0.001011 -0.000583 0.000360
0.001084 -0.000585 0.000360
0.001084 -0.000585 0.000360
0.001158 -0.000580 0.000360
-0.002904 -0.000701 0.000360
-0.003002 -0.000577 0.000360
-0.002792 -0.000812 0.000360
-0.002904 -0.000701 0.000360
-0.003084 0.000772 0.000360
-0.003002 0.000906 0.000360
0.000576 0.000733 0.000360
0.000523 0.000682 0.000360
-0.000724 -0.000962 0.000360
-0.000911 -0.000947 0.000360
0.000392 0.001834 0.000360
0.000510 0.001877 0.000360
0.000510 0.001877 0.000360
0.000631 0.001911 0.000360
0.000604 -0.000426 0.000360
0.000664 -0.000469 0.000360
0.001121 0.000913 0.000360
0.001048 0.000915 0.000360
0.000498 -0.000325 0.000360
0.000549 -0.000378 0.000360
0.000549 -0.000378 0.000360
0.000604 -0.000426 0.000360
0.000453 -0.000267 0.000360
0.000498 -0.000325 0.000360
0.002522 -0.000893 0.000360
0.002445 -0.000992 0.000360
0.000166 0.001724 0.000360
0.000277 0.001783 0.000360
0.000060 0.001657 0.000360
0.000166 0.001724 0.000360
0.000878 -0.001625 0.000360
0.000754 -0.001608 0.000360
0.001003 -0.001634 0.000360
0.000878 -0.001625 0.000360
0.001336 0.000864 0.000360
0.001266 0.000888 0.000360
-0.000197 -0.001148 0.000360
-0.000364 -0.001064 0.000360
0.000631 0.001911 0.000360
0.000754 0.001938 0.000360
0.000343 0.000365 0.000360
0.000327 0.000293 0.000360
0.000327 0.000293 0.000360
0.000318 0.000220 0.000360
-0.001461 -0.001046 0.000360
-0.001612 -0.001095 0.000360
-0.001612 -0.001095 0.000360
-0.001767 -0.001124 0.000360
-0.001283 -0.000990 0.000360
-0.001461 -0.001046 0.000360
-0.000911 -0.000947 0.000360
-0.001098 -0.000956 0.000360
-0.000911 0.001277 0.000360
-0.000724 0.001292 0.000360
-0.002667 0.001238 0.000360
-0.002532 0.001319 0.000360
0.000475 0.000626 0.000360
0.000432 0.000566 0.000360
0.000432 0.000566 0.000360
0.000396 0.000502 0.000360
-0.000042 -0.001254 0.000360
-0.000197 -0.001148 0.000360
0.000396 0.000502 0.000360
0.000366 0.000435 0.000360
0.001048 0.000915 0.000360
0.000974 0.000909 0.000360
-0.000364 0.001393 0.000360
-0.000197 0.001478 0.000360
-0.000197 0.001478 0.000360
-0.000042 0.001584 0.000360
0.001634 0.000655 0.000360
0.001583 0.000708 0.000360
0.001855 -0.001453 0.000360
0.001740 -0.001504 0.000360
0.002174 -0.001253 0.000360
0.002073 -0.001327 0.000360
-0.000541 0.001331 0.000360
-0.000364 0.001393 0.000360
-0.002081 -0.001127 0.000360
-0.002237 -0.001100 0.000360
-0.002237 -0.001100 0.000360
-0.002388 -0.001054 0.000360
-0.001924 -0.001135 0.000360
-0.002081 -0.001127 0.000360
0.002073 0.001657 0.000360
0.002174 0.001583 0.000360
0.002174 0.001583 0.000360
0.002270 0.001502 0.000360
0.002848 -0.000086 0.000360
0.002827 -0.000209 0.000360
0.002861 0.000290 0.000360
0.002866 0.000165 0.000360
0.001129 0.001964 0.000360
0.001254 0.001955 0.000360
0.000878 0.001955 0.000360
0.001003 0.001964 0.000360
0.001003 0.001964 0.000360
0.001129 0.001964 0.000360
0.002827 -0.000209 0.000360
0.002796 -0.000331 0.000360
-0.003225 0.000007 0.000360
-0.003234 0.000165 0.000360
-0.002081 0.001456 0.000360
-0.001924 0.001465 0.000360
-0.002388 0.001383 0.000360
-0.002237 0.001429 0.000360
0.000334 0.000001 0.000360
0.000354 -0.000070 0.000360
0.001805 0.000036 0.000360
0.001814 0.000109 0.000360
-0.001461 0.001376 0.000360
-0.001283 0.001319 0.000360
-0.001283 0.001319 0.000360
-0.001098 0.001286 0.000360
0.000762 0.000850 0.000360
0.000696 0.000817 0.000360
-0.001767 0.001454 0.000360
-0.001612 0.001424 0.000360
-0.003225 0.000322 0.000360
-0.003196 0.000477 0.000360
-0.003234 0.000165 0.000360
-0.003225 0.000322 0.000360
-0.002237 0.001429 0.000360
-0.002081 0.001456 0.000360
0.000796 -0.000535 0.000360
0.000866 -0.000558 0.000360
-0.002904 0.001030 0.000360
-0.002792 0.001141 0.000360
-0.002792 0.001141 0.000360
-0.002667 0.001238 0.000360
-0.003002 0.000906 0.000360
-0.002904 0.001030 0.000360
