551 530
0.001681 0.000953 0.001055 
0.001685 0.000950 0.001045 
0.001688 0.000948 0.001033 
0.001690 0.000946 0.001021 
0.001690 0.000946 0.001010 
0.001738 0.001028 0.001010 
0.001785 0.001111 0.001010 
0.001833 0.001193 0.001010 
0.001880 0.001276 0.001010 
0.001928 0.001358 0.001010 
0.001976 0.001440 0.001010 
0.002023 0.001523 0.001010 
0.002071 0.001605 0.001010 
0.002070 0.001606 0.001019 
0.002069 0.001606 0.001029 
0.002067 0.001607 0.001039 
0.002064 0.001609 0.001048 
0.002061 0.001611 0.001057 
0.002056 0.001614 0.001065 
0.002051 0.001617 0.001073 
0.002045 0.001620 0.001080 
0.002039 0.001624 0.001087 
0.002032 0.001628 0.001093 
0.002025 0.001632 0.001098 
0.002017 0.001636 0.001102 
0.002009 0.001641 0.001105 
0.002001 0.001646 0.001108 
0.001993 0.001650 0.001109 
0.001984 0.001655 0.001110 
0.001890 0.001493 0.001110 
0.001796 0.001330 0.001110 
0.001702 0.001167 0.001110 
0.001609 0.001005 0.001110 
0.001620 0.000997 0.001109 
0.001631 0.000990 0.001106 
0.001642 0.000982 0.001101 
0.001652 0.000975 0.001095 
0.001661 0.000969 0.001087 
0.001669 0.000963 0.001078 
0.001676 0.000957 0.001067 
0.001767 0.001170 0.001093 
0.001919 0.001433 0.001093 
0.001937 0.001525 0.001107 
0.001816 0.001245 0.001090 
0.001963 0.001507 0.001092 
0.001915 0.001398 0.001082 
0.001916 0.001386 0.001075 
0.001707 0.001069 0.001094 
0.001742 0.001066 0.001062 
0.001783 0.001173 0.001084 
0.001846 0.001291 0.001088 
0.001691 0.000988 0.001070 
0.001945 0.001441 0.001078 
0.001837 0.001274 0.001087 
0.001751 0.001070 0.001052 
0.001793 0.001175 0.001076 
0.001894 0.001379 0.001089 
0.001728 0.001058 0.001074 
0.001884 0.001332 0.001076 
0.001737 0.001088 0.001081 
0.001756 0.001125 0.001084 
0.001776 0.001156 0.001082 
0.001765 0.001125 0.001076 
0.001856 0.001323 0.001093 
0.001966 0.001489 0.001083 
0.001838 0.001277 0.001088 
0.001749 0.001089 0.001070 
0.001961 0.001434 0.001051 
0.001753 0.001106 0.001077 
0.001828 0.001233 0.001074 
0.001703 0.001084 0.001100 
0.001884 0.001367 0.001092 
0.001768 0.001140 0.001081 
0.001868 0.001329 0.001088 
0.001875 0.001331 0.001083 
0.001728 0.001113 0.001096 
0.001959 0.001441 0.001062 
0.001822 0.001238 0.001083 
0.001868 0.001292 0.001069 
0.001985 0.001527 0.001085 
0.001807 0.001179 0.001063 
0.001771 0.001156 0.001085 
0.001849 0.001315 0.001094 
0.001827 0.001264 0.001090 
0.001902 0.001339 0.001060 
0.001961 0.001428 0.001043 
0.001853 0.001275 0.001074 
0.001723 0.001078 0.001088 
0.001781 0.001155 0.001077 
0.001871 0.001339 0.001090 
0.002005 0.001518 0.001059 
0.001789 0.001200 0.001090 
0.001822 0.001249 0.001088 
0.001767 0.001116 0.001067 
0.001932 0.001443 0.001089 
0.001877 0.001345 0.001088 
0.001801 0.001181 0.001071 
0.001810 0.001204 0.001076 
0.001824 0.001297 0.001101 
0.001897 0.001360 0.001079 
0.001961 0.001480 0.001083 
0.001748 0.001119 0.001087 
0.001751 0.001143 0.001093 
0.001852 0.001337 0.001099 
0.001826 0.001257 0.001088 
0.001830 0.001272 0.001091 
0.001906 0.001361 0.001070 
0.001781 0.001139 0.001067 
0.001999 0.001546 0.001084 
0.001956 0.001456 0.001075 
0.001875 0.001381 0.001100 
0.001868 0.001317 0.001083 
0.001987 0.001474 0.001047 
0.001806 0.001220 0.001087 
0.001816 0.001313 0.001106 
0.001834 0.001328 0.001104 
0.001823 0.001258 0.001090 
0.001832 0.001283 0.001094 
0.001862 0.001329 0.001091 
0.002008 0.001508 0.001043 
0.001988 0.001515 0.001077 
0.001997 0.001533 0.001079 
0.001839 0.001294 0.001093 
0.001875 0.001354 0.001092 
0.001976 0.001455 0.001046 
0.001826 0.001271 0.001093 
0.002022 0.001559 0.001069 
0.001945 0.001450 0.001082 
0.001854 0.001316 0.001092 
0.002002 0.001505 0.001051 
0.002025 0.001573 0.001074 
0.002027 0.001548 0.001052 
0.001864 0.001335 0.001093 
0.001990 0.001536 0.001085 
0.001979 0.001461 0.001048 
0.002017 0.001608 0.001095 
0.001992 0.001488 0.001051 
0.002000 0.001575 0.001094 
0.001995 0.001487 0.001044 
0.002022 0.001545 0.001058 
0.001979 0.001517 0.001086 
0.001984 0.001467 0.001044 
0.001946 0.001473 0.001091 
0.001979 0.001468 0.001055 
0.001950 0.001492 0.001095 
0.001989 0.001544 0.001090 
0.001959 0.001490 0.001089 
0.002001 0.001565 0.001090 
0.001958 0.001480 0.001085 
0.001875 0.001337 0.001086 
0.001991 0.001560 0.001094 
0.001996 0.001583 0.001098 
0.001994 0.001555 0.001091 
0.001983 0.001548 0.001095 
0.002023 0.001592 0.001085 
0.001992 0.001515 0.001074 
0.002010 0.001586 0.001091 
0.001959 0.001474 0.001082 
0.002018 0.001604 0.001093 
0.002022 0.001615 0.001094 
0.001689 0.001069 0.001102 
0.001665 0.000992 0.001093 
0.001844 0.001352 0.001105 
0.001930 0.001461 0.001096 
0.001958 0.001452 0.001071 
0.001906 0.001390 0.001086 
0.001940 0.001429 0.001076 
0.001716 0.001000 0.001041 
0.001946 0.001427 0.001068 
0.001956 0.001520 0.001100 
0.001931 0.001491 0.001103 
0.001845 0.001368 0.001107 
0.001924 0.001405 0.001078 
0.001950 0.001473 0.001088 
0.001841 0.001291 0.001091 
0.001682 0.000986 0.001078 
0.001814 0.001257 0.001095 
0.001778 0.001203 0.001098 
0.001797 0.001206 0.001088 
0.001767 0.001100 0.001054 
0.001766 0.001202 0.001102 
0.001741 0.001118 0.001091 
0.001807 0.001221 0.001087 
0.001699 0.000991 0.001061 
0.001701 0.001007 0.001071 
0.001706 0.001033 0.001081 
0.001738 0.001143 0.001100 
0.001748 0.001139 0.001094 
0.001752 0.001126 0.001087 
0.001950 0.001406 0.001040 
0.001948 0.001411 0.001051 
0.001729 0.001057 0.001072 
0.001975 0.001523 0.001091 
0.001929 0.001379 0.001053 
0.001916 0.001437 0.001096 
0.001892 0.001413 0.001101 
0.001857 0.001303 0.001085 
0.002019 0.001562 0.001073 
0.002013 0.001570 0.001084 
0.002001 0.001555 0.001086 
0.001758 0.001109 0.001073 
0.001743 0.001085 0.001074 
0.001792 0.001189 0.001084 
0.001872 0.001343 0.001090 
0.001835 0.001271 0.001087 
0.001969 0.001443 0.001046 
0.001922 0.001415 0.001085 
0.001913 0.001347 0.001048 
0.001773 0.001140 0.001076 
0.001842 0.001246 0.001068 
0.001829 0.001273 0.001092 
0.001875 0.001326 0.001080 
0.001906 0.001379 0.001080 
0.001751 0.001073 0.001054 
0.001841 0.001229 0.001055 
0.001799 0.001157 0.001055 
0.001787 0.001273 0.001108 
0.001861 0.001322 0.001090 
0.001949 0.001467 0.001087 
0.001984 0.001516 0.001081 
0.001927 0.001434 0.001089 
0.002035 0.001577 0.001065 
0.002045 0.001577 0.001050 
0.001785 0.001170 0.001080 
0.001829 0.001283 0.001095 
0.001901 0.001404 0.001094 
0.001840 0.001275 0.001086 
0.001711 0.001031 0.001075 
0.001977 0.001452 0.001039 
0.001759 0.001124 0.001080 
0.001792 0.001168 0.001073 
0.001873 0.001294 0.001063 
0.001716 0.001099 0.001098 
0.001970 0.001459 0.001060 
0.001801 0.001184 0.001074 
0.001835 0.001251 0.001078 
0.001845 0.001306 0.001094 
0.001837 0.001296 0.001095 
0.001691 0.001011 0.001083 
0.001724 0.001059 0.001078 
0.001750 0.001113 0.001082 
0.001773 0.001132 0.001071 
0.001873 0.001358 0.001095 
0.001868 0.001343 0.001093 
0.001701 0.001045 0.001090 
0.001901 0.001359 0.001075 
0.001724 0.001095 0.001093 
0.002036 0.001550 0.001032 
0.001961 0.001486 0.001086 
0.001823 0.001248 0.001087 
0.001761 0.001137 0.001084 
0.001738 0.001103 0.001087 
0.001820 0.001215 0.001072 
0.001747 0.001128 0.001091 
0.001859 0.001328 0.001093 
0.001938 0.001455 0.001089 
0.001951 0.001481 0.001091 
0.001807 0.001196 0.001075 
0.001821 0.001250 0.001089 
0.001834 0.001276 0.001090 
0.001869 0.001275 0.001052 
0.001889 0.001331 0.001070 
0.001917 0.001369 0.001062 
0.001927 0.001396 0.001069 
0.001867 0.001322 0.001085 
0.001827 0.001263 0.001090 
0.001755 0.001091 0.001065 
0.001781 0.001138 0.001066 
0.001851 0.001313 0.001093 
0.001880 0.001346 0.001086 
0.002043 0.001595 0.001068 
0.002033 0.001608 0.001085 
0.001816 0.001242 0.001089 
0.001760 0.001167 0.001096 
0.001775 0.001171 0.001089 
0.001855 0.001284 0.001077 
0.001875 0.001343 0.001088 
0.001869 0.001334 0.001089 
0.001891 0.001358 0.001083 
0.001885 0.001345 0.001082 
0.001788 0.001151 0.001066 
0.001783 0.001150 0.001072 
0.001797 0.001168 0.001067 
0.001815 0.001201 0.001069 
0.001844 0.001317 0.001097 
0.001850 0.001319 0.001095 
0.001796 0.001267 0.001105 
0.001890 0.001368 0.001087 
0.001938 0.001437 0.001081 
0.001938 0.001446 0.001086 
0.001971 0.001450 0.001050 
0.001981 0.001466 0.001049 
0.001759 0.001148 0.001091 
0.001824 0.001319 0.001105 
0.001875 0.001404 0.001105 
0.001839 0.001352 0.001106 
0.001853 0.001320 0.001094 
0.001856 0.001322 0.001093 
0.001796 0.001182 0.001078 
0.001827 0.001259 0.001088 
0.001824 0.001263 0.001092 
0.001819 0.001278 0.001099 
0.001829 0.001269 0.001090 
0.001939 0.001407 0.001061 
0.001867 0.001337 0.001091 
0.002017 0.001539 0.001060 
0.002009 0.001523 0.001057 
0.002016 0.001532 0.001055 
0.001999 0.001598 0.001100 
0.001880 0.001350 0.001088 
0.001958 0.001478 0.001085 
0.001961 0.001482 0.001084 
0.001949 0.001444 0.001075 
0.001855 0.001363 0.001103 
0.001860 0.001341 0.001097 
0.001998 0.001487 0.001039 
0.002001 0.001531 0.001074 
0.001807 0.001231 0.001090 
0.001814 0.001246 0.001092 
0.001820 0.001301 0.001103 
0.001807 0.001282 0.001104 
0.001829 0.001312 0.001102 
0.001843 0.001333 0.001102 
0.001862 0.001357 0.001100 
0.001823 0.001255 0.001089 
0.001819 0.001252 0.001090 
0.001830 0.001297 0.001099 
0.001834 0.001282 0.001092 
0.002030 0.001584 0.001076 
0.002001 0.001496 0.001043 
0.002008 0.001515 0.001051 
0.002000 0.001498 0.001048 
0.001949 0.001460 0.001084 
0.001993 0.001486 0.001049 
0.001989 0.001480 0.001050 
0.001988 0.001473 0.001044 
0.001971 0.001492 0.001081 
0.001964 0.001483 0.001082 
0.002002 0.001547 0.001081 
0.002013 0.001544 0.001069 
0.002012 0.001578 0.001087 
0.002003 0.001575 0.001092 
0.001951 0.001453 0.001079 
0.001981 0.001461 0.001042 
0.001985 0.001467 0.001042 
0.001983 0.001465 0.001043 
0.001978 0.001472 0.001060 
0.001984 0.001473 0.001050 
0.001810 0.001229 0.001088 
0.002027 0.001568 0.001068 
0.001831 0.001262 0.001087 
0.001838 0.001278 0.001088 
0.001985 0.001470 0.001044 
0.002003 0.001511 0.001055 
0.002020 0.001581 0.001082 
0.002026 0.001558 0.001062 
0.002014 0.001523 0.001048 
0.001970 0.001502 0.001086 
0.002006 0.001560 0.001084 
0.001994 0.001536 0.001083 
0.001980 0.001461 0.001045 
0.001988 0.001471 0.001041 
0.002009 0.001599 0.001096 
0.001996 0.001495 0.001052 
0.001988 0.001496 0.001065 
0.001940 0.001487 0.001098 
0.001897 0.001408 0.001097 
0.001937 0.001473 0.001096 
0.001998 0.001579 0.001096 
0.002023 0.001546 0.001056 
0.001980 0.001538 0.001093 
0.001982 0.001535 0.001090 
0.001983 0.001466 0.001045 
0.001974 0.001516 0.001089 
0.001723 0.001137 0.001104 
0.001944 0.001468 0.001090 
0.001991 0.001489 0.001056 
0.001989 0.001550 0.001092 
0.001986 0.001552 0.001094 
0.001885 0.001355 0.001086 
0.001995 0.001545 0.001086 
0.001989 0.001539 0.001088 
0.001957 0.001495 0.001092 
0.001995 0.001552 0.001089 
0.002004 0.001563 0.001087 
0.001998 0.001560 0.001090 
0.002015 0.001529 0.001053 
0.001991 0.001549 0.001090 
0.001994 0.001563 0.001093 
0.001991 0.001564 0.001095 
0.001992 0.001558 0.001093 
0.001977 0.001543 0.001096 
0.002028 0.001613 0.001090 
0.001668 0.001011 0.001097 
0.001921 0.001453 0.001098 
0.001729 0.001016 0.001022 
0.001815 0.001219 0.001079 
0.001707 0.000993 0.001051 
0.001890 0.001462 0.001108 
0.001801 0.001240 0.001096 
0.001790 0.001238 0.001101 
0.001796 0.001275 0.001106 
0.001967 0.001505 0.001089 
0.001746 0.001168 0.001102 
0.001941 0.001475 0.001094 
0.001828 0.001194 0.001039 
0.002046 0.001591 0.001061 
0.001908 0.001449 0.001102 
0.001992 0.001482 0.001045 
0.001865 0.001343 0.001095 
0.001834 0.001260 0.001083 
0.001832 0.001224 0.001064 
0.001726 0.001126 0.001101 
0.001705 0.001129 0.001107 
0.001930 0.001421 0.001080 
0.001992 0.001546 0.001088 
0.001875 0.001340 0.001087 
0.001882 0.001345 0.001084 
0.001790 0.001159 0.001070 
0.001876 0.001352 0.001091 
0.001821 0.001265 0.001094 
0.001844 0.001310 0.001095 
0.001774 0.001210 0.001101 
0.001697 0.001008 0.001076 
0.001899 0.001374 0.001084 
0.001800 0.001192 0.001079 
0.001929 0.001432 0.001086 
0.001969 0.001450 0.001053 
0.001916 0.001412 0.001087 
0.001754 0.001134 0.001088 
0.001758 0.001166 0.001097 
0.001845 0.001357 0.001105 
0.001853 0.001318 0.001093 
0.001793 0.001186 0.001082 
0.001801 0.001188 0.001076 
0.001831 0.001263 0.001087 
0.001826 0.001266 0.001091 
0.001835 0.001298 0.001097 
0.001831 0.001269 0.001089 
0.001936 0.001417 0.001073 
0.001979 0.001454 0.001036 
0.001794 0.001156 0.001062 
0.001776 0.001140 0.001073 
0.001871 0.001344 0.001091 
0.002014 0.001532 0.001058 
0.001969 0.001560 0.001103 
0.001875 0.001347 0.001089 
0.001882 0.001359 0.001090 
0.001959 0.001480 0.001085 
0.001947 0.001436 0.001072 
0.001864 0.001381 0.001104 
0.001853 0.001327 0.001096 
0.001961 0.001439 0.001058 
0.001851 0.001306 0.001090 
0.002002 0.001494 0.001037 
0.001995 0.001524 0.001075 
0.001804 0.001230 0.001092 
0.001799 0.001205 0.001086 
0.001812 0.001276 0.001101 
0.001824 0.001312 0.001104 
0.001836 0.001314 0.001100 
0.001851 0.001353 0.001103 
0.001820 0.001251 0.001089 
0.001825 0.001259 0.001089 
0.001825 0.001281 0.001097 
0.001838 0.001283 0.001090 
0.001855 0.001325 0.001094 
0.002042 0.001565 0.001041 
0.002007 0.001509 0.001047 
0.002026 0.001529 0.001018 
0.001990 0.001481 0.001047 
0.001966 0.001481 0.001079 
0.002034 0.001579 0.001068 
0.002012 0.001584 0.001090 
0.001880 0.001380 0.001097 
0.001847 0.001304 0.001092 
0.001856 0.001293 0.001081 
0.001983 0.001464 0.001043 
0.001983 0.001468 0.001046 
0.001811 0.001234 0.001089 
0.001815 0.001236 0.001087 
0.001819 0.001254 0.001091 
0.001812 0.001305 0.001106 
0.002028 0.001561 0.001061 
0.001825 0.001261 0.001090 
0.001945 0.001459 0.001086 
0.001954 0.001470 0.001084 
0.001859 0.001313 0.001087 
0.001954 0.001475 0.001086 
0.001986 0.001470 0.001042 
0.002010 0.001521 0.001054 
0.002011 0.001547 0.001073 
0.002035 0.001598 0.001078 
0.002016 0.001542 0.001064 
0.001956 0.001466 0.001081 
0.002019 0.001528 0.001043 
0.001869 0.001358 0.001097 
0.001976 0.001503 0.001082 
0.001877 0.001274 0.001031 
0.001987 0.001471 0.001041 
0.001979 0.001457 0.001042 
0.002020 0.001597 0.001089 
0.001679 0.001011 0.001091 
0.001996 0.001499 0.001056 
0.001983 0.001485 0.001064 
0.001932 0.001453 0.001093 
0.002009 0.001590 0.001094 
0.001990 0.001475 0.001040 
0.001995 0.001490 0.001048 
0.001962 0.001469 0.001077 
0.001978 0.001557 0.001100 
0.001988 0.001525 0.001082 
0.001969 0.001467 0.001068 
0.001982 0.001464 0.001045 
0.001931 0.001369 0.001031 
0.001941 0.001465 0.001091 
0.001986 0.001479 0.001053 
0.002012 0.001531 0.001061 
0.001984 0.001543 0.001092 
0.001946 0.001467 0.001089 
0.001868 0.001313 0.001080 
0.001981 0.001455 0.001033 
0.001947 0.001483 0.001093 
0.001999 0.001558 0.001088 
0.002010 0.001571 0.001086 
0.001961 0.001486 0.001085 
0.001955 0.001480 0.001088 
0.001983 0.001529 0.001088 
0.001996 0.001549 0.001087 
0.001995 0.001566 0.001094 
0.001885 0.001428 0.001106 
0.001993 0.001559 0.001093 
0.001991 0.001552 0.001092 
0.001985 0.001560 0.001097 
0.001970 0.001527 0.001095 
0.001981 0.001494 0.001073 
0.001974 0.001480 0.001071 
0.002000 0.001513 0.001063 
0.002003 0.001528 0.001069 
0.001991 0.001524 0.001079 
0.001982 0.001504 0.001077 
0.001992 0.001509 0.001070 
0.002014 0.001611 0.001097 
0.001692 0.001047 0.001096 
0.001675 0.000989 0.001086 
0.001715 0.001024 0.001066 
0.001731 0.001040 0.001055 
0.001770 0.001096 0.001044 
0.001811 0.001199 0.001072 
0.001884 0.001376 0.001094 
0.001859 0.001332 0.001094 

156 542 538 539
160 393 22 23
199 131 329 355
393 272 21 22
162 394 36 37
544 394 162 503
36 394 161 35
143 257 523 405
195 164 368 395
399 28 29 30
440 169 450 167
57 288 425 166
396 4 5 6
4 396 168 3
78 183 458 397
168 396 548 55
169 440 264 304
453 77 169 304
398 184 1 2
168 398 2 3
398 547 546 184
172 531 43 399
188 103 274 431
28 399 43 27
38 545 162 37
176 545 38 39
162 545 239 503
400 401 178 92
321 483 287 401
178 401 287 423
404 181 402 217
414 217 31 32
287 402 181 423
185 52 184 546
228 58 240 186
424 239 545 176
383 403 45 145
431 274 423 181
413 233 76 187
188 431 187 76
55 548 180 214
190 86 191 194
515 499 9 10
547 49 192 546
263 304 264 107
295 451 196 408
195 395 196 367
195 42 506 164
40 52 176 39
184 52 40 1
524 384 529 200
199 359 198 131
352 66 205 54
534 369 152 511
414 32 33 34
501 344 125 206
57 72 448 288
232 261 208 85
544 48 233 71
396 6 7 548
245 48 544 503
210 87 236 70
232 87 210 261
192 67 202 58
213 47 173 46
246 47 213 100
189 61 251 430
202 67 201 69
8 406 548 7
406 499 261 215
216 406 215 81
402 172 399 217
520 256 486 219
427 290 95 221
18 407 223 17
271 473 222 407
132 496 468 223
173 440 167 415
352 54 227 51
211 118 225 126
171 531 295 408
226 42 195 367
221 42 226 429
227 477 197 51
267 67 192 49
192 58 228 546
477 521 112 197
201 63 230 69
161 414 34 35
165 513 510 110
235 56 231 97
243 124 72 550
202 69 241 60
241 61 189 102
73 62 82 251
67 267 94 201
230 61 241 69
73 251 61 230
231 56 224 89
124 243 410 244
550 226 367 475
240 58 202 60
193 371 535 45
233 48 247 76
404 217 414 375
16 468 248 15
223 468 16 17
509 334 471 409
235 435 299 56
78 236 411 250
252 102 254 182
242 63 201 94
89 224 50 62
238 118 328 123
406 8 9 499
229 86 190 441
10 11 522 515
262 85 263 107
79 232 85 262
191 86 206 68
263 194 191 304
227 411 276 477
411 351 93 250
276 411 236 87
215 412 284 81
210 412 215 261
225 438 327 465
252 182 247 88
187 404 375 413
247 182 188 76
88 247 48 245
45 403 374 193
214 180 267 49
209 73 230 63
89 62 73 209
265 75 150 74
272 493 20 21
20 493 271 19
481 183 78 250
92 275 50 203
411 227 54 351
259 44 273 93
94 268 108 242
180 268 94 267
180 216 442 268
188 182 254 103
62 50 275 82
413 375 71 233
92 178 41 275
173 415 207 46
167 53 289 415
427 221 429 207
221 95 506 42
381 529 384 416
278 417 277 90
150 417 278 74
277 417 270 96
280 418 150 75
279 418 280 100
270 418 279 380
282 419 231 89
281 419 282 108
283 97 231 419
284 97 283 81
235 97 284 549
444 204 447 420
488 197 112 265
253 412 210 70
284 412 253 549
397 70 236 78
253 70 397 98
286 422 237 83
285 452 315 104
285 438 238 422
287 483 172 402
274 41 178 423
482 301 126 421
228 424 185 546
239 424 228 186
424 176 52 185
245 186 240 88
239 186 245 503
166 425 213 46
279 425 288 380
213 425 279 100
212 59 280 75
458 203 434 426
280 59 246 100
427 207 415 289
290 427 289 128
292 428 291 135
234 428 292 144
453 428 234 77
240 60 252 88
166 46 207 429
252 60 241 102
254 430 293 103
189 430 254 102
293 430 251 82
275 41 293 82
181 404 187 431
293 41 274 103
531 172 483 296
294 432 296 115
163 432 294 116
298 433 269 129
297 433 298 64
269 433 297 83
224 434 203 50
299 434 224 56
426 434 299 435
235 549 258 435
426 435 258 98
205 436 351 54
266 464 300 436
351 436 300 105
126 225 465 421
301 437 211 126
485 437 301 117
238 438 225 118
327 99 302 465
421 465 302 177
266 439 303 84
205 66 260 439
303 439 260 106
173 47 264 440
304 191 68 453
264 47 246 107
208 194 263 85
190 194 208 515
551 133 244 410
442 216 81 283
283 419 281 442
268 442 281 108
209 443 282 89
242 443 209 63
282 443 242 108
218 74 278 119
204 444 305 90
244 444 420 124
305 444 244 133
308 491 331 387
306 445 308 140
307 445 518 91
43 446 26 27
511 446 171 170
26 446 309 25
277 447 204 90
310 447 277 96
420 447 310 448
288 448 310 380
420 448 72 124
312 449 311 101
149 449 312 526
311 449 149 489
167 450 313 53
165 450 169 77
313 450 165 110
296 432 295 531
462 314 451 163
196 451 314 111
285 422 286 452
315 452 551 410
246 59 262 107
68 291 428 453
521 59 212 112
265 112 212 75
129 269 476 454
470 522 11 12
316 455 496 120
248 468 496 455
540 456 317 122
156 456 540 121
317 456 156 539
319 457 318 44
400 457 319 177
318 457 179 114
203 458 179 92
397 458 426 98
179 458 183 114
321 459 320 115
400 177 302 459
320 459 302 99
322 460 320 99
294 460 322 116
320 460 294 115
327 461 322 99
323 461 285 104
322 461 323 116
324 462 323 104
314 462 324 111
462 163 116 323
259 463 326 44
325 463 259 105
326 463 325 117
300 464 325 105
205 439 266 436
325 464 485 117
303 437 485 84
211 437 303 106
438 285 461 327
328 466 175 123
260 466 328 106
175 466 352 51
551 467 255 133
297 467 286 83
255 467 297 64
305 119 278 90
132 223 407 222
332 469 331 130
330 469 332 139
357 387 331 469
248 470 14 15
248 455 522 470
470 12 13 14
336 471 335 113
409 471 336 500
335 471 334 137
338 472 337 65
158 472 338 101
542 156 121 541
340 492 317 539
271 407 18 19
317 492 339 122
342 474 157 138
341 474 342 148
155 474 341 355
497 243 550 475
328 118 211 106
123 237 422 238
454 476 175 51
237 476 269 83
175 476 237 123
166 429 226 57
87 232 79 276
276 79 521 477
343 53 313 110
289 53 343 128
346 478 345 142
361 125 344 478
345 478 344 500
348 479 353 113
292 479 348 144
347 505 537 513
318 480 273 44
349 480 318 114
273 480 349 481
183 481 349 114
481 250 93 273
326 482 319 44
301 482 326 117
482 421 177 319
296 483 321 115
399 30 31 217
400 459 321 401
152 309 446 511
222 484 370 132
350 484 222 473
340 127 198 492
466 260 66 352
464 266 84 485
290 486 256 95
333 486 290 128
510 495 343 110
311 487 158 101
495 333 128 343
218 488 265 74
454 488 218 129
197 488 454 51
487 311 489 219
298 119 255 64
218 119 298 129
353 490 336 113
345 490 353 142
336 490 345 500
308 445 307 491
354 491 307 91
331 491 354 130
350 131 198 127
329 131 350 473
339 359 200 109
531 171 446 43
159 393 160 136
24 543 160 23
340 494 356 127
518 494 340 539
356 494 306 140
158 487 333 495
487 219 486 333
357 120 496 132
473 271 493 329
255 119 305 133
324 497 475 111
315 497 324 104
243 497 315 410
337 498 358 65
220 498 541 121
358 498 220 141
339 109 360 122
515 208 261 499
382 416 388 146
291 68 206 125
362 139 409 500
291 125 361 135
508 362 501 229
344 501 362 500
501 206 86 229
272 502 155 493
393 159 502 272
157 474 155 502
160 543 363 136
309 543 24 25
363 543 309 152
354 504 364 130
538 504 354 91
364 504 377 137
537 505 365 536
165 77 234 513
505 377 504 365
451 295 432 163
366 395 368 145
196 111 475 367
157 507 369 138
159 136 363 507
369 507 363 152
508 229 441 316
330 508 316 120
362 508 330 139
364 509 332 130
334 509 364 137
332 509 409 139
513 537 472 510
370 387 357 132
308 387 370 140
105 259 93 351
356 484 350 127
370 484 356 140
360 512 540 122
80 512 360 134
220 512 80 141
371 519 379 154
517 377 505 347
373 479 292 135
353 479 373 142
361 514 373 135
361 478 346 514
373 514 346 142
358 147 249 65
374 403 358 141
522 441 190 515
506 516 405 164
376 516 256 520
405 516 376 143
335 517 348 113
377 517 335 137
348 517 347 144
159 507 157 502
365 504 538 542
513 234 144 347
379 519 378 151
371 193 372 519
378 519 372 146
174 520 219 489
376 520 174 143
374 528 372 193
80 528 374 141
310 96 270 380
339 492 198 359
79 262 59 521
381 134 360 109
358 403 383 147
414 161 71 375
455 316 441 522
368 523 383 145
405 523 368 164
383 523 257 147
386 524 385 148
384 524 386 153
385 524 200 359
199 525 385 359
341 525 199 355
385 525 341 148
338 526 312 101
249 526 338 65
527 174 489 149
257 527 249 147
174 527 257 143
249 527 149 526
382 528 80 134
357 469 330 120
372 528 382 146
418 270 417 150
382 134 381 416
200 529 381 109
388 416 384 153
342 530 389 148
389 530 379 151
196 395 366 408
95 256 516 506
171 408 366 170
390 530 342 138
379 530 390 154
389 532 386 148
391 532 389 151
386 532 391 153
378 533 391 151
388 533 378 146
391 533 388 153
369 534 390 138
534 511 170 392
390 534 392 154
392 535 371 154
366 535 392 170
45 535 366 145
536 337 472 537
472 158 495 510
445 306 494 518
538 91 518 539
512 220 121 540
498 337 536 541
541 536 365 542
329 493 155 355
71 161 394 544
92 179 457 400
398 168 55 547
55 214 49 547
406 216 180 548
253 98 258 549
72 57 226 550
452 286 467 551
40
0.002039 0.001624 0.001087
0.002032 0.001628 0.001093
0.002045 0.001620 0.001080
0.002039 0.001624 0.001087
0.001642 0.000982 0.001101
0.001652 0.000975 0.001095
0.001631 0.000990 0.001106
0.001642 0.000982 0.001101
0.001993 0.001650 0.001109
0.001984 0.001655 0.001110
0.001984 0.001655 0.001110
0.001890 0.001493 0.001110
0.001690 0.000946 0.001021
0.001690 0.000946 0.001010
0.001690 0.000946 0.001010
0.001738 0.001028 0.001010
0.001688 0.000948 0.001033
0.001690 0.000946 0.001021
0.001681 0.000953 0.001055
0.001685 0.000950 0.001045
0.001685 0.000950 0.001045
0.001688 0.000948 0.001033
0.002001 0.001646 0.001108
0.001993 0.001650 0.001109
0.001652 0.000975 0.001095
0.001661 0.000969 0.001087
0.001661 0.000969 0.001087
0.001669 0.000963 0.001078
0.001796 0.001330 0.001110
0.001702 0.001167 0.001110
0.001880 0.001276 0.001010
0.001928 0.001358 0.001010
0.001669 0.000963 0.001078
0.001676 0.000957 0.001067
0.001676 0.000957 0.001067
0.001681 0.000953 0.001055
0.001702 0.001167 0.001110
0.001609 0.001005 0.001110
0.001609 0.001005 0.001110
0.001620 0.000997 0.001109
0.001738 0.001028 0.001010
0.001785 0.001111 0.001010
0.001785 0.001111 0.001010
0.001833 0.001193 0.001010
0.002064 0.001609 0.001048
0.002061 0.001611 0.001057
0.001620 0.000997 0.001109
0.001631 0.000990 0.001106
0.002069 0.001606 0.001029
0.002067 0.001607 0.001039
0.002067 0.001607 0.001039
0.002064 0.001609 0.001048
0.001833 0.001193 0.001010
0.001880 0.001276 0.001010
0.001928 0.001358 0.001010
0.001976 0.001440 0.001010
0.002051 0.001617 0.001073
0.002045 0.001620 0.001080
0.002056 0.001614 0.001065
0.002051 0.001617 0.001073
0.002009 0.001641 0.001105
0.002001 0.001646 0.001108
0.002017 0.001636 0.001102
0.002009 0.001641 0.001105
0.001976 0.001440 0.001010
0.002023 0.001523 0.001010
0.002070 0.001606 0.001019
0.002069 0.001606 0.001029
0.002023 0.001523 0.001010
0.002071 0.001605 0.001010
0.002071 0.001605 0.001010
0.002070 0.001606 0.001019
0.002061 0.001611 0.001057
0.002056 0.001614 0.001065
0.001890 0.001493 0.001110
0.001796 0.001330 0.001110
0.002032 0.001628 0.001093
0.002025 0.001632 0.001098
0.002025 0.001632 0.001098
0.002017 0.001636 0.001102
