1199 1164
-0.000027 -0.002028 -0.000890 
-0.000017 -0.002011 -0.000889 
-0.000007 -0.001994 -0.000887 
0.000002 -0.001977 -0.000882 
0.000011 -0.001962 -0.000875 
0.000020 -0.001946 -0.000867 
0.000029 -0.001932 -0.000857 
0.000037 -0.001918 -0.000845 
0.000044 -0.001905 -0.000832 
0.000051 -0.001894 -0.000817 
0.000056 -0.001884 -0.000802 
0.000061 -0.001875 -0.000785 
0.000066 -0.001868 -0.000767 
0.000069 -0.001862 -0.000748 
0.000071 -0.001858 -0.000729 
0.000073 -0.001855 -0.000710 
0.000073 -0.001854 -0.000690 
0.000190 -0.001908 -0.000690 
0.000310 -0.001954 -0.000690 
0.000432 -0.001994 -0.000690 
0.000556 -0.002027 -0.000690 
0.000682 -0.002052 -0.000690 
0.000809 -0.002071 -0.000690 
0.000937 -0.002082 -0.000690 
0.001066 -0.002085 -0.000690 
0.001194 -0.002082 -0.000690 
0.001322 -0.002071 -0.000690 
0.001449 -0.002052 -0.000690 
0.001575 -0.002027 -0.000690 
0.001700 -0.001994 -0.000690 
0.001822 -0.001954 -0.000690 
0.001942 -0.001908 -0.000690 
0.002058 -0.001854 -0.000690 
0.002059 -0.001855 -0.000710 
0.002060 -0.001858 -0.000730 
0.002063 -0.001862 -0.000749 
0.002066 -0.001868 -0.000767 
0.002070 -0.001875 -0.000785 
0.002075 -0.001884 -0.000802 
0.002081 -0.001894 -0.000818 
0.002088 -0.001905 -0.000832 
0.002095 -0.001918 -0.000845 
0.002103 -0.001932 -0.000857 
0.002111 -0.001946 -0.000867 
0.002120 -0.001962 -0.000875 
0.002130 -0.001978 -0.000882 
0.002139 -0.001994 -0.000887 
0.002149 -0.002011 -0.000889 
0.002159 -0.002028 -0.000890 
0.001994 -0.002103 -0.000890 
0.001824 -0.002165 -0.000890 
0.001649 -0.002215 -0.000890 
0.001472 -0.002251 -0.000890 
0.001292 -0.002275 -0.000890 
0.001112 -0.002285 -0.000890 
0.000930 -0.002281 -0.000890 
0.000750 -0.002265 -0.000890 
0.000730 -0.002251 -0.000890 
0.000708 -0.002240 -0.000890 
0.000685 -0.002232 -0.000889 
0.000662 -0.002226 -0.000889 
0.000638 -0.002224 -0.000889 
0.000613 -0.002224 -0.000890 
0.000589 -0.002227 -0.000890 
0.000566 -0.002234 -0.000890 
0.000413 -0.002197 -0.000890 
0.000263 -0.002150 -0.000890 
0.000116 -0.002094 -0.000890 
0.000883 -0.002139 -0.000834 
0.000566 -0.002096 -0.000838 
0.001986 -0.002005 -0.000867 
0.001087 -0.002155 -0.000842 
0.000162 -0.001905 -0.000748 
0.001394 -0.002111 -0.000822 
0.000304 -0.002015 -0.000833 
0.001535 -0.002097 -0.000833 
0.001684 -0.002059 -0.000831 
0.000782 -0.002137 -0.000842 
0.001228 -0.002174 -0.000860 
0.001816 -0.001998 -0.000810 
0.000098 -0.001989 -0.000870 
0.001022 -0.002109 -0.000785 
0.001264 -0.002108 -0.000799 
0.001386 -0.002089 -0.000789 
0.000369 -0.002074 -0.000860 
0.001588 -0.002052 -0.000792 
0.001801 -0.002038 -0.000844 
0.001585 -0.002111 -0.000854 
0.000701 -0.002092 -0.000805 
0.000849 -0.002095 -0.000778 
0.001666 -0.002087 -0.000850 
0.001014 -0.002178 -0.000859 
0.000739 -0.002150 -0.000856 
0.001481 -0.002121 -0.000845 
0.001347 -0.002175 -0.000867 
0.001679 -0.002006 -0.000739 
0.001138 -0.002196 -0.000870 
0.000397 -0.002018 -0.000801 
0.001769 -0.002002 -0.000792 
0.000191 -0.001955 -0.000815 
0.000874 -0.002088 -0.000755 
0.000798 -0.002173 -0.000866 
0.000497 -0.002124 -0.000868 
0.001183 -0.002114 -0.000799 
0.001553 -0.002051 -0.000775 
0.001547 -0.002138 -0.000865 
0.000885 -0.002110 -0.000799 
0.001788 -0.002045 -0.000846 
0.001993 -0.001947 -0.000829 
0.000212 -0.002034 -0.000868 
0.001082 -0.002104 -0.000776 
0.001183 -0.002147 -0.000838 
0.001305 -0.002084 -0.000757 
0.000502 -0.002056 -0.000812 
0.000314 -0.002071 -0.000869 
0.001614 -0.002062 -0.000815 
0.001876 -0.002010 -0.000843 
0.001779 -0.002079 -0.000866 
0.000650 -0.002131 -0.000853 
0.000807 -0.002084 -0.000762 
0.001646 -0.002068 -0.000830 
0.001427 -0.002142 -0.000854 
0.001338 -0.002130 -0.000834 
0.001887 -0.001966 -0.000801 
0.000594 -0.002061 -0.000788 
0.000287 -0.001978 -0.000795 
0.000333 -0.001991 -0.000790 
0.000870 -0.002209 -0.000878 
0.001533 -0.002049 -0.000759 
0.001898 -0.002086 -0.000884 
0.001278 -0.002140 -0.000837 
0.000277 -0.002083 -0.000879 
0.000953 -0.002130 -0.000820 
0.001125 -0.002159 -0.000847 
0.001534 -0.002070 -0.000802 
0.000546 -0.002046 -0.000780 
0.000602 -0.002144 -0.000866 
0.000812 -0.002132 -0.000834 
0.001616 -0.002125 -0.000866 
0.001734 -0.002122 -0.000879 
0.001099 -0.002224 -0.000881 
0.001033 -0.002140 -0.000828 
0.000754 -0.002184 -0.000874 
0.001514 -0.002152 -0.000869 
0.001294 -0.002196 -0.000874 
0.001442 -0.002190 -0.000879 
0.001632 -0.002036 -0.000783 
0.001146 -0.002217 -0.000879 
0.001163 -0.002179 -0.000861 
0.001762 -0.002019 -0.000813 
0.001813 -0.001976 -0.000771 
0.000212 -0.001999 -0.000847 
0.000840 -0.002081 -0.000742 
0.000409 -0.002122 -0.000878 
0.000545 -0.002146 -0.000873 
0.001255 -0.002093 -0.000768 
0.001100 -0.002099 -0.000765 
0.001543 -0.002062 -0.000792 
0.001615 -0.002029 -0.000757 
0.001537 -0.002121 -0.000853 
0.000280 -0.002019 -0.000843 
0.000179 -0.002066 -0.000884 
0.001034 -0.002100 -0.000767 
0.001218 -0.002119 -0.000809 
0.001324 -0.002107 -0.000806 
0.001368 -0.002073 -0.000747 
0.000474 -0.002035 -0.000792 
0.000443 -0.002052 -0.000826 
0.000333 -0.002042 -0.000847 
0.001826 -0.002091 -0.000878 
0.000686 -0.002166 -0.000870 
0.001652 -0.002051 -0.000814 
0.000747 -0.002123 -0.000833 
0.000653 -0.002177 -0.000877 
0.001859 -0.001999 -0.000828 
0.000607 -0.002093 -0.000827 
0.000724 -0.002189 -0.000877 
0.001957 -0.001932 -0.000793 
0.000776 -0.002206 -0.000881 
0.000588 -0.002179 -0.000882 
0.000521 -0.002080 -0.000833 
0.001126 -0.002128 -0.000815 
0.001460 -0.002063 -0.000759 
0.001673 -0.002027 -0.000786 
0.001055 -0.002126 -0.000812 
0.000707 -0.002125 -0.000840 
0.001468 -0.002093 -0.000815 
0.001189 -0.002207 -0.000876 
0.001625 -0.002055 -0.000809 
0.000486 -0.002076 -0.000838 
0.000413 -0.001999 -0.000753 
0.000949 -0.002085 -0.000724 
0.000640 -0.002089 -0.000816 
0.001289 -0.002121 -0.000819 
0.001865 -0.001951 -0.000759 
0.000618 -0.002055 -0.000766 
0.000581 -0.002046 -0.000762 
0.000249 -0.001943 -0.000753 
0.000326 -0.001976 -0.000766 
0.000797 -0.002216 -0.000883 
0.001242 -0.002130 -0.000825 
0.000979 -0.002148 -0.000837 
0.000518 -0.002027 -0.000751 
0.000840 -0.002149 -0.000847 
0.001719 -0.002063 -0.000844 
0.001471 -0.002165 -0.000872 
0.001305 -0.002166 -0.000860 
0.001397 -0.002209 -0.000883 
0.000530 -0.002111 -0.000856 
0.000540 -0.002163 -0.000880 
0.000858 -0.002172 -0.000861 
0.000801 -0.002112 -0.000813 
0.000358 -0.002012 -0.000809 
0.000558 -0.002070 -0.000813 
0.000255 -0.001968 -0.000799 
0.000692 -0.002062 -0.000746 
0.001495 -0.002182 -0.000880 
0.000843 -0.002127 -0.000825 
0.000940 -0.002104 -0.000781 
0.001452 -0.002081 -0.000793 
0.000850 -0.002090 -0.000768 
0.001696 -0.002038 -0.000812 
0.001163 -0.002207 -0.000875 
0.001719 -0.002003 -0.000764 
0.000430 -0.002076 -0.000850 
0.001920 -0.001953 -0.000802 
0.001662 -0.002021 -0.000768 
0.000496 -0.002092 -0.000848 
0.000227 -0.001943 -0.000774 
0.000828 -0.002195 -0.000875 
0.001017 -0.002133 -0.000820 
0.000907 -0.002158 -0.000849 
0.000599 -0.002108 -0.000843 
0.000333 -0.002030 -0.000837 
0.001931 -0.001975 -0.000831 
0.000379 -0.002050 -0.000841 
0.000281 -0.001986 -0.000810 
0.001172 -0.002211 -0.000877 
0.000257 -0.001984 -0.000818 
0.001149 -0.002210 -0.000876 
0.000329 -0.002005 -0.000812 
0.001155 -0.002213 -0.000878 
0.001161 -0.002215 -0.000878 
0.001161 -0.002228 -0.000883 
0.001127 -0.002235 -0.000884 
0.001137 -0.002223 -0.000881 
0.001676 -0.002048 -0.000817 
0.001666 -0.002061 -0.000828 
0.001692 -0.002053 -0.000827 
0.000855 -0.002152 -0.000848 
0.000892 -0.002156 -0.000848 
0.000870 -0.002142 -0.000838 
0.000793 -0.002124 -0.000829 
0.000780 -0.002120 -0.000826 
0.000802 -0.002135 -0.000838 
0.000690 -0.002209 -0.000885 
0.000695 -0.002194 -0.000880 
0.000708 -0.002186 -0.000877 
0.001971 -0.001898 -0.000724 
0.000130 -0.001884 -0.000720 
0.000128 -0.001887 -0.000739 
0.000112 -0.001934 -0.000828 
0.000095 -0.001952 -0.000849 
0.000184 -0.001974 -0.000837 
0.000066 -0.001959 -0.000862 
0.001386 -0.002128 -0.000838 
0.001405 -0.002130 -0.000842 
0.001354 -0.002124 -0.000830 
0.000125 -0.001892 -0.000758 
0.000122 -0.001899 -0.000776 
0.001339 -0.002113 -0.000816 
0.001354 -0.002109 -0.000814 
0.001649 -0.002026 -0.000771 
0.001597 -0.002043 -0.000778 
0.001652 -0.002027 -0.000775 
0.001848 -0.002001 -0.000825 
0.001834 -0.001992 -0.000810 
0.001825 -0.002020 -0.000836 
0.000127 -0.002059 -0.000887 
0.000230 -0.002099 -0.000887 
0.000580 -0.002117 -0.000853 
0.000593 -0.002096 -0.000833 
0.000556 -0.002102 -0.000845 
0.002040 -0.001947 -0.000847 
0.002031 -0.001927 -0.000827 
0.002055 -0.002022 -0.000884 
0.002046 -0.002005 -0.000878 
0.002037 -0.001991 -0.000871 
0.001076 -0.002181 -0.000861 
0.001052 -0.002163 -0.000849 
0.001036 -0.002201 -0.000872 
0.000047 -0.001993 -0.000880 
0.000041 -0.001972 -0.000874 
0.000360 -0.002001 -0.000793 
0.000388 -0.002023 -0.000811 
0.000427 -0.002015 -0.000781 
0.000732 -0.002230 -0.000888 
0.000764 -0.002239 -0.000889 
0.001757 -0.001980 -0.000727 
0.001791 -0.001970 -0.000733 
0.001792 -0.001969 -0.000731 
0.000074 -0.002014 -0.000882 
0.000311 -0.002000 -0.000814 
0.000314 -0.001988 -0.000796 
0.000282 -0.001977 -0.000797 
0.002041 -0.001968 -0.000860 
0.001983 -0.002066 -0.000887 
0.001939 -0.002043 -0.000875 
0.002028 -0.001915 -0.000812 
0.001999 -0.001932 -0.000817 
0.000358 -0.002056 -0.000851 
0.000344 -0.002063 -0.000859 
0.000381 -0.002063 -0.000851 
0.000758 -0.002206 -0.000882 
0.000788 -0.002198 -0.000877 
0.000775 -0.002172 -0.000866 
0.000869 -0.002094 -0.000772 
0.000870 -0.002095 -0.000775 
0.000875 -0.002111 -0.000801 
0.001004 -0.002220 -0.000880 
0.000973 -0.002248 -0.000887 
0.001075 -0.002249 -0.000887 
0.000811 -0.002237 -0.000887 
0.000577 -0.002158 -0.000875 
0.000601 -0.002164 -0.000876 
0.000570 -0.002142 -0.000869 
0.000579 -0.002080 -0.000820 
0.000597 -0.002094 -0.000830 
0.000617 -0.002077 -0.000805 
0.001915 -0.001928 -0.000748 
0.001849 -0.001949 -0.000730 
0.001878 -0.001947 -0.000760 
0.002022 -0.001904 -0.000794 
0.000861 -0.002079 -0.000727 
0.000840 -0.002084 -0.000754 
0.000863 -0.002086 -0.000751 
0.001118 -0.002153 -0.000841 
0.001101 -0.002139 -0.000827 
0.001118 -0.002168 -0.000853 
0.000221 -0.001925 -0.000731 
0.000263 -0.001960 -0.000781 
0.000280 -0.001974 -0.000793 
0.000283 -0.001959 -0.000763 
0.001139 -0.002092 -0.000747 
0.001153 -0.002100 -0.000771 
0.001098 -0.002089 -0.000728 
0.001516 -0.002091 -0.000823 
0.001508 -0.002088 -0.000818 
0.001458 -0.002089 -0.000807 
0.000510 -0.002150 -0.000878 
0.000453 -0.002164 -0.000886 
0.000555 -0.002200 -0.000888 
0.000122 -0.001921 -0.000809 
0.001393 -0.002071 -0.000750 
0.001394 -0.002070 -0.000748 
0.001340 -0.002071 -0.000724 
0.001473 -0.002053 -0.000733 
0.001897 -0.002112 -0.000889 
0.001546 -0.002128 -0.000859 
0.001496 -0.002153 -0.000868 
0.001529 -0.002136 -0.000862 
0.000764 -0.002068 -0.000724 
0.000751 -0.002074 -0.000755 
0.000806 -0.002073 -0.000725 
0.000950 -0.002141 -0.000832 
0.001005 -0.002141 -0.000830 
0.000938 -0.002143 -0.000835 
0.001374 -0.002189 -0.000876 
0.001346 -0.002225 -0.000885 
0.001437 -0.002225 -0.000888 
0.001265 -0.002177 -0.000864 
0.001243 -0.002200 -0.000875 
0.001282 -0.002194 -0.000873 
0.001764 -0.002050 -0.000844 
0.001752 -0.002066 -0.000853 
0.001766 -0.002028 -0.000825 
0.001988 -0.001975 -0.000850 
0.000320 -0.002097 -0.000878 
0.000279 -0.002108 -0.000885 
0.000348 -0.002140 -0.000887 
0.000960 -0.002118 -0.000803 
0.001002 -0.002124 -0.000810 
0.000995 -0.002105 -0.000779 
0.001072 -0.002115 -0.000796 
0.001060 -0.002115 -0.000795 
0.001072 -0.002139 -0.000827 
0.001112 -0.002167 -0.000852 
0.001114 -0.002186 -0.000864 
0.001334 -0.002096 -0.000790 
0.001354 -0.002083 -0.000769 
0.001315 -0.002095 -0.000785 
0.001554 -0.002080 -0.000820 
0.001532 -0.002086 -0.000820 
0.001286 -0.002095 -0.000779 
0.001318 -0.002075 -0.000727 
0.001285 -0.002080 -0.000735 
0.000569 -0.002062 -0.000798 
0.000560 -0.002081 -0.000825 
0.000306 -0.002040 -0.000852 
0.000329 -0.002059 -0.000859 
0.000294 -0.002030 -0.000847 
0.001590 -0.002094 -0.000841 
0.001542 -0.002087 -0.000824 
0.001516 -0.002115 -0.000845 
0.001651 -0.002040 -0.000797 
0.001649 -0.002030 -0.000780 
0.001643 -0.002046 -0.000804 
0.001944 -0.001994 -0.000851 
0.001957 -0.001960 -0.000827 
0.001749 -0.002086 -0.000865 
0.001764 -0.002111 -0.000878 
0.001748 -0.002071 -0.000856 
0.001683 -0.002133 -0.000877 
0.001670 -0.002161 -0.000885 
0.001754 -0.002149 -0.000887 
0.001592 -0.002065 -0.000812 
0.001606 -0.002087 -0.000838 
0.001636 -0.002060 -0.000819 
0.000566 -0.002132 -0.000864 
0.000607 -0.002126 -0.000855 
0.000812 -0.002102 -0.000797 
0.000826 -0.002090 -0.000771 
0.000784 -0.002092 -0.000785 
0.000671 -0.002054 -0.000726 
0.000588 -0.002038 -0.000729 
0.000654 -0.002058 -0.000754 
0.000800 -0.002144 -0.000846 
0.000787 -0.002153 -0.000854 
0.001580 -0.002125 -0.000862 
0.001591 -0.002134 -0.000868 
0.001540 -0.002137 -0.000864 
0.001804 -0.002129 -0.000886 
0.001829 -0.002129 -0.000888 
0.001113 -0.002250 -0.000887 
0.001128 -0.002260 -0.000889 
0.001071 -0.002142 -0.000830 
0.000696 -0.002109 -0.000827 
0.000718 -0.002103 -0.000816 
0.000683 -0.002082 -0.000795 
0.000737 -0.002213 -0.000884 
0.000729 -0.002227 -0.000887 
0.001534 -0.002166 -0.000877 
0.001549 -0.002154 -0.000873 
0.001485 -0.002184 -0.000880 
0.001498 -0.002079 -0.000803 
0.001468 -0.002073 -0.000785 
0.001186 -0.002185 -0.000865 
0.001190 -0.002173 -0.000858 
0.001165 -0.002189 -0.000867 
0.001494 -0.002166 -0.000874 
0.001480 -0.002166 -0.000873 
0.001602 -0.002053 -0.000799 
0.001617 -0.002056 -0.000808 
0.001622 -0.002019 -0.000726 
0.001720 -0.001991 -0.000725 
0.001206 -0.002216 -0.000879 
0.001227 -0.002208 -0.000877 
0.001172 -0.002219 -0.000880 
0.001171 -0.002160 -0.000848 
0.001218 -0.002161 -0.000851 
0.000481 -0.002062 -0.000826 
0.000500 -0.002069 -0.000828 
0.000476 -0.002051 -0.000814 
0.000359 -0.001988 -0.000768 
0.000351 -0.002004 -0.000801 
0.001715 -0.002038 -0.000819 
0.001719 -0.002029 -0.000809 
0.001843 -0.001978 -0.000795 
0.001797 -0.001989 -0.000786 
0.001846 -0.001987 -0.000809 
0.000141 -0.001914 -0.000788 
0.000210 -0.001948 -0.000796 
0.000175 -0.002006 -0.000862 
0.000194 -0.002007 -0.000858 
0.000164 -0.002021 -0.000871 
0.000959 -0.002094 -0.000755 
0.001037 -0.002103 -0.000773 
0.001005 -0.002092 -0.000745 
0.000817 -0.002080 -0.000749 
0.000834 -0.002141 -0.000840 
0.000822 -0.002126 -0.000827 
0.000824 -0.002143 -0.000843 
0.000756 -0.002158 -0.000859 
0.000759 -0.002140 -0.000847 
0.000365 -0.002085 -0.000867 
0.000386 -0.002100 -0.000871 
0.000336 -0.002069 -0.000864 
0.000570 -0.002204 -0.000888 
0.000608 -0.002207 -0.000887 
0.001238 -0.002098 -0.000775 
0.001306 -0.002096 -0.000785 
0.001043 -0.002097 -0.000757 
0.001040 -0.002088 -0.000723 
0.001567 -0.002066 -0.000806 
0.001580 -0.002046 -0.000777 
0.001607 -0.002046 -0.000789 
0.001513 -0.002126 -0.000853 
0.001549 -0.002122 -0.000856 
0.001576 -0.002098 -0.000842 
0.000937 -0.002093 -0.000758 
0.000855 -0.002115 -0.000810 
0.000848 -0.002110 -0.000804 
0.001845 -0.002003 -0.000827 
0.001797 -0.002061 -0.000859 
0.001843 -0.002054 -0.000864 
0.001793 -0.002018 -0.000824 
0.001788 -0.001998 -0.000796 
0.001751 -0.002013 -0.000801 
0.002012 -0.001900 -0.000780 
0.001904 -0.001992 -0.000837 
0.001881 -0.001987 -0.000823 
0.000284 -0.001997 -0.000821 
0.000315 -0.002009 -0.000822 
0.000128 -0.002030 -0.000880 
0.000913 -0.002087 -0.000743 
0.001006 -0.002087 -0.000719 
0.001030 -0.002126 -0.000812 
0.001040 -0.002118 -0.000800 
0.001016 -0.002126 -0.000812 
0.001245 -0.002150 -0.000844 
0.001249 -0.002164 -0.000855 
0.001202 -0.002101 -0.000777 
0.001220 -0.002109 -0.000795 
0.001305 -0.002111 -0.000808 
0.001295 -0.002105 -0.000798 
0.001279 -0.002118 -0.000813 
0.001416 -0.002081 -0.000783 
0.001427 -0.002089 -0.000800 
0.000463 -0.002005 -0.000718 
0.000357 -0.001975 -0.000730 
0.000403 -0.002038 -0.000823 
0.000440 -0.002035 -0.000806 
0.000393 -0.002031 -0.000819 
0.000287 -0.002080 -0.000876 
0.000365 -0.002031 -0.000828 
0.001633 -0.002087 -0.000844 
0.001612 -0.002095 -0.000846 
0.001570 -0.002066 -0.000806 
0.001569 -0.002049 -0.000778 
0.001548 -0.002055 -0.000781 
0.001790 -0.002024 -0.000829 
0.001853 -0.002053 -0.000865 
0.001844 -0.002077 -0.000875 
0.001852 -0.002111 -0.000886 
0.001766 -0.002064 -0.000855 
0.001790 -0.002062 -0.000858 
0.000651 -0.002074 -0.000791 
0.000670 -0.002070 -0.000777 
0.000752 -0.002114 -0.000823 
0.000722 -0.002108 -0.000822 
0.000773 -0.002118 -0.000824 
0.000860 -0.002088 -0.000760 
0.000862 -0.002090 -0.000764 
0.001673 -0.002063 -0.000833 
0.001697 -0.002059 -0.000835 
0.001664 -0.002068 -0.000835 
0.001389 -0.002169 -0.000867 
0.001381 -0.002160 -0.000861 
0.001401 -0.002189 -0.000877 
0.001437 -0.002117 -0.000835 
0.001446 -0.002148 -0.000860 
0.001483 -0.002107 -0.000833 
0.001250 -0.002122 -0.000816 
0.001242 -0.002117 -0.000808 
0.001367 -0.002148 -0.000852 
0.002008 -0.001893 -0.000763 
0.001835 -0.001959 -0.000749 
0.000718 -0.002072 -0.000763 
0.000714 -0.002080 -0.000781 
0.000560 -0.002036 -0.000747 
0.000575 -0.002034 -0.000725 
0.000519 -0.002021 -0.000724 
0.000207 -0.001926 -0.000754 
0.000290 -0.001950 -0.000726 
0.000269 -0.001975 -0.000800 
0.000437 -0.002030 -0.000800 
0.000442 -0.002016 -0.000774 
0.000286 -0.001958 -0.000758 
0.000308 -0.001964 -0.000751 
0.000958 -0.002164 -0.000851 
0.001018 -0.002161 -0.000848 
0.000789 -0.002207 -0.000881 
0.000812 -0.002193 -0.000874 
0.001477 -0.002072 -0.000785 
0.001496 -0.002054 -0.000752 
0.001432 -0.002072 -0.000771 
0.001571 -0.002044 -0.000768 
0.001539 -0.002054 -0.000775 
0.001575 -0.002042 -0.000767 
0.001921 -0.002012 -0.000857 
0.001813 -0.002076 -0.000870 
0.001295 -0.002148 -0.000846 
0.001297 -0.002137 -0.000836 
0.001283 -0.002157 -0.000852 
0.001216 -0.002125 -0.000817 
0.000276 -0.002061 -0.000870 
0.000279 -0.002057 -0.000867 
0.000201 -0.002053 -0.000878 
0.000197 -0.002049 -0.000877 
0.000906 -0.002127 -0.000819 
0.000929 -0.002118 -0.000806 
0.000888 -0.002126 -0.000820 
0.001029 -0.002150 -0.000838 
0.001041 -0.002159 -0.000846 
0.001152 -0.002166 -0.000852 
0.001154 -0.002186 -0.000865 
0.001196 -0.002125 -0.000814 
0.001146 -0.002140 -0.000830 
0.001206 -0.002129 -0.000820 
0.001535 -0.002062 -0.000788 
0.001510 -0.002067 -0.000787 
0.001423 -0.002101 -0.000816 
0.000520 -0.002022 -0.000730 
0.000529 -0.002070 -0.000821 
0.000514 -0.002072 -0.000827 
0.000551 -0.002079 -0.000825 
0.000628 -0.002210 -0.000887 
0.000663 -0.002208 -0.000886 
0.000613 -0.002106 -0.000838 
0.000635 -0.002109 -0.000838 
0.000602 -0.002103 -0.000838 
0.000829 -0.002182 -0.000868 
0.000834 -0.002166 -0.000859 
0.000814 -0.002190 -0.000873 
0.000821 -0.002121 -0.000821 
0.001573 -0.002185 -0.000885 
0.001645 -0.002120 -0.000867 
0.001664 -0.002086 -0.000849 
0.001700 -0.002086 -0.000856 
0.001696 -0.002101 -0.000865 
0.001110 -0.002206 -0.000874 
0.000969 -0.002189 -0.000867 
0.001002 -0.002134 -0.000822 
0.001007 -0.002142 -0.000831 
0.001059 -0.002145 -0.000833 
0.000740 -0.002173 -0.000869 
0.000728 -0.002183 -0.000874 
0.000722 -0.002165 -0.000867 
0.001490 -0.002148 -0.000865 
0.001466 -0.002160 -0.000869 
0.001480 -0.002149 -0.000864 
0.001243 -0.002236 -0.000886 
0.001324 -0.002172 -0.000864 
0.001465 -0.002176 -0.000876 
0.001393 -0.002187 -0.000876 
0.001308 -0.002182 -0.000869 
0.001740 -0.002007 -0.000786 
0.001747 -0.001999 -0.000774 
0.001647 -0.002019 -0.000752 
0.001573 -0.002033 -0.000736 
0.001167 -0.002217 -0.000879 
0.001170 -0.002218 -0.000880 
0.001164 -0.002212 -0.000877 
0.001120 -0.002221 -0.000880 
0.001134 -0.002210 -0.000876 
0.001153 -0.002151 -0.000841 
0.001129 -0.002223 -0.000881 
0.001134 -0.002232 -0.000883 
0.001672 -0.002016 -0.000764 
0.001708 -0.002000 -0.000745 
0.001663 -0.002015 -0.000753 
0.001790 -0.001995 -0.000792 
0.000242 -0.002022 -0.000855 
0.000263 -0.002034 -0.000858 
0.000212 -0.001979 -0.000831 
0.000843 -0.002090 -0.000767 
0.000851 -0.002093 -0.000772 
0.000908 -0.002088 -0.000748 
0.000483 -0.002096 -0.000854 
0.000455 -0.002105 -0.000864 
0.000503 -0.002110 -0.000860 
0.000536 -0.002091 -0.000840 
0.000547 -0.002085 -0.000832 
0.000521 -0.002148 -0.000876 
0.000452 -0.002117 -0.000870 
0.001180 -0.002100 -0.000773 
0.001182 -0.002113 -0.000797 
0.001115 -0.002113 -0.000792 
0.001081 -0.002101 -0.000769 
0.001132 -0.002104 -0.000777 
0.001537 -0.002039 -0.000730 
0.001505 -0.002107 -0.000837 
0.000251 -0.001997 -0.000834 
0.000268 -0.002002 -0.000832 
0.001051 -0.002110 -0.000787 
0.001048 -0.002113 -0.000793 
0.001147 -0.002116 -0.000800 
0.001229 -0.002134 -0.000828 
0.001261 -0.002133 -0.000830 
0.001383 -0.002100 -0.000807 
0.001335 -0.002078 -0.000751 
0.001373 -0.002079 -0.000766 
0.000455 -0.002044 -0.000812 
0.000514 -0.002040 -0.000782 
0.000494 -0.002049 -0.000805 
0.000525 -0.002053 -0.000801 
0.000418 -0.002098 -0.000866 
0.000388 -0.002075 -0.000858 
0.000311 -0.002028 -0.000841 
0.000287 -0.002017 -0.000840 
0.001799 -0.002084 -0.000872 
0.000698 -0.002145 -0.000857 
0.000723 -0.002137 -0.000848 
0.000648 -0.002159 -0.000870 
0.000618 -0.002138 -0.000861 
0.000626 -0.002171 -0.000876 
0.001636 -0.002053 -0.000810 
0.001628 -0.002045 -0.000796 
0.001652 -0.002059 -0.000822 
0.000727 -0.002123 -0.000836 
0.000762 -0.002132 -0.000839 
0.000743 -0.002137 -0.000846 
0.000671 -0.002181 -0.000877 
0.000674 -0.002150 -0.000862 
0.000608 -0.002187 -0.000883 
0.001957 -0.001947 -0.000813 
0.001922 -0.001963 -0.000815 
0.001881 -0.001987 -0.000823 
0.000619 -0.002092 -0.000823 
0.000652 -0.002109 -0.000834 
0.000571 -0.002057 -0.000790 
0.000550 -0.002058 -0.000798 
0.000744 -0.002189 -0.000876 
0.001898 -0.001975 -0.000817 
0.000778 -0.002237 -0.000888 
0.000567 -0.002184 -0.000884 
0.000543 -0.002154 -0.000877 
0.000504 -0.002077 -0.000835 
0.000512 -0.002100 -0.000852 
0.000510 -0.002087 -0.000842 
0.001415 -0.002077 -0.000775 
0.001704 -0.002024 -0.000795 
0.001043 -0.002136 -0.000824 
0.000680 -0.002126 -0.000845 
0.001181 -0.002210 -0.000877 
0.001210 -0.002193 -0.000870 
0.000398 -0.002059 -0.000844 
0.000437 -0.002061 -0.000836 
0.000513 -0.002118 -0.000863 
0.000498 -0.002029 -0.000770 
0.000348 -0.001981 -0.000761 
0.000909 -0.002094 -0.000765 
0.000913 -0.002107 -0.000790 
0.000617 -0.002076 -0.000803 
0.001313 -0.002126 -0.000827 
0.001279 -0.002132 -0.000830 
0.001875 -0.001958 -0.000781 
0.001897 -0.001954 -0.000790 
0.000589 -0.002047 -0.000760 
0.000613 -0.002061 -0.000780 
0.000588 -0.002053 -0.000775 
0.000561 -0.002043 -0.000767 
0.000187 -0.001922 -0.000764 
0.000305 -0.001974 -0.000778 
0.000329 -0.001983 -0.000778 
0.000319 -0.001988 -0.000793 
0.000823 -0.002217 -0.000882 
0.000842 -0.002200 -0.000876 
0.000863 -0.002187 -0.000870 
0.001025 -0.002136 -0.000824 
0.000883 -0.002166 -0.000856 
0.000901 -0.002147 -0.000840 
0.000532 -0.002036 -0.000765 
0.000865 -0.002133 -0.000829 
0.000829 -0.002155 -0.000852 
0.001469 -0.002194 -0.000882 
0.001454 -0.002211 -0.000886 
0.001475 -0.002224 -0.000889 
0.001419 -0.002199 -0.000881 
0.000537 -0.002129 -0.000866 
0.000524 -0.002138 -0.000872 
0.000889 -0.002181 -0.000865 
0.000332 -0.002017 -0.000825 
0.000319 -0.002022 -0.000834 
0.000362 -0.002038 -0.000836 
0.000333 -0.002036 -0.000842 
0.000244 -0.001957 -0.000787 
0.000239 -0.001943 -0.000765 
0.000225 -0.001974 -0.000821 
0.001679 -0.002034 -0.000800 
0.001186 -0.002201 -0.000873 
0.001148 -0.002198 -0.000871 
0.001690 -0.002018 -0.000778 
0.000470 -0.002077 -0.000842 
0.001939 -0.001943 -0.000797 
0.001912 -0.001956 -0.000802 
0.001667 -0.002024 -0.000777 
0.000491 -0.002084 -0.000843 
0.000231 -0.001964 -0.000805 
0.000815 -0.002204 -0.000878 
0.000347 -0.002009 -0.000810 
0.000331 -0.001998 -0.000802 
0.000358 -0.002024 -0.000823 
0.000278 -0.001986 -0.000810 
0.000256 -0.001976 -0.000808 
0.000281 -0.002000 -0.000825 
0.001171 -0.002208 -0.000876 
0.001156 -0.002208 -0.000876 
0.001139 -0.002202 -0.000873 
0.001159 -0.002210 -0.000876 
0.001152 -0.002212 -0.000877 
0.001146 -0.002212 -0.000877 
0.001163 -0.002210 -0.000877 
0.001157 -0.002214 -0.000878 
0.001152 -0.002214 -0.000878 
0.001155 -0.002216 -0.000879 
0.001154 -0.002222 -0.000881 
0.001148 -0.002248 -0.000887 
0.001128 -0.002234 -0.000884 
0.001143 -0.002224 -0.000881 
0.001142 -0.002220 -0.000880 
0.001681 -0.002051 -0.000822 
0.000882 -0.002149 -0.000844 
0.000792 -0.002120 -0.000824 
0.000688 -0.002194 -0.000881 
0.001991 -0.001887 -0.000708 
0.000110 -0.001875 -0.000723 
0.000123 -0.001952 -0.000840 
0.000067 -0.001944 -0.000853 
0.001374 -0.002135 -0.000842 
0.000108 -0.001880 -0.000748 
0.000103 -0.001889 -0.000773 
0.001347 -0.002117 -0.000821 
0.001627 -0.002030 -0.000768 
0.001839 -0.002005 -0.000827 
0.000150 -0.002084 -0.000889 
0.000569 -0.002105 -0.000846 
0.002046 -0.001935 -0.000840 
0.002083 -0.002013 -0.000885 
0.002071 -0.001992 -0.000877 
0.001074 -0.002190 -0.000866 
0.000030 -0.001982 -0.000879 
0.000390 -0.002011 -0.000793 
0.000757 -0.002223 -0.000886 
0.001765 -0.001981 -0.000741 
0.000030 -0.002007 -0.000886 
0.000293 -0.001987 -0.000805 
0.002059 -0.001971 -0.000867 
0.001996 -0.002043 -0.000883 
0.002009 -0.001928 -0.000818 
0.000367 -0.002060 -0.000852 
0.000779 -0.002192 -0.000876 
0.000889 -0.002103 -0.000787 
0.001015 -0.002238 -0.000885 
0.000905 -0.002256 -0.000889 
0.000583 -0.002154 -0.000873 
0.000604 -0.002077 -0.000809 
0.001875 -0.001943 -0.000745 
0.002040 -0.001907 -0.000810 
0.000844 -0.002078 -0.000729 
0.001114 -0.002145 -0.000834 
0.000189 -0.001909 -0.000710 
0.000272 -0.001958 -0.000770 
0.001128 -0.002089 -0.000733 
0.001489 -0.002092 -0.000819 
0.000502 -0.002169 -0.000884 
0.000096 -0.001916 -0.000818 
0.001357 -0.002069 -0.000723 
0.001440 -0.002056 -0.000718 
0.001965 -0.002092 -0.000889 
0.001503 -0.002146 -0.000865 
0.000782 -0.002071 -0.000728 
0.000984 -0.002149 -0.000838 
0.001384 -0.002216 -0.000885 
0.001234 -0.002194 -0.000871 
0.001743 -0.002054 -0.000842 
0.002023 -0.001963 -0.000853 
0.000047 -0.001961 -0.000867 
0.000319 -0.002119 -0.000885 
0.000995 -0.002114 -0.000796 
0.001081 -0.002121 -0.000804 
0.001122 -0.002177 -0.000859 
0.001356 -0.002089 -0.000782 
0.001509 -0.002088 -0.000818 
0.001278 -0.002084 -0.000748 
0.000577 -0.002078 -0.000817 
0.000303 -0.002047 -0.000857 
0.001531 -0.002105 -0.000839 
0.001657 -0.002037 -0.000796 
0.001925 -0.001990 -0.000842 
0.001750 -0.002105 -0.000874 
0.001703 -0.002149 -0.000884 
0.001608 -0.002078 -0.000830 
0.000586 -0.002119 -0.000853 
0.000810 -0.002095 -0.000786 
0.000643 -0.002051 -0.000738 
0.000800 -0.002141 -0.000843 
0.001554 -0.002149 -0.000871 
0.001792 -0.002132 -0.000886 
0.001115 -0.002249 -0.000887 
0.001098 -0.002139 -0.000827 
0.000698 -0.002096 -0.000811 
0.000746 -0.002223 -0.000886 
0.001509 -0.002186 -0.000882 
0.001458 -0.002085 -0.000802 
0.001179 -0.002185 -0.000865 
0.001489 -0.002179 -0.000879 
0.001592 -0.002064 -0.000810 
0.001686 -0.002000 -0.000713 
0.001190 -0.002221 -0.000881 
0.001185 -0.002169 -0.000855 
0.000475 -0.002060 -0.000824 
0.000366 -0.001997 -0.000783 
0.001718 -0.002049 -0.000831 
0.001822 -0.001979 -0.000784 
0.000159 -0.001929 -0.000798 
0.000226 -0.002038 -0.000868 
0.001022 -0.002098 -0.000761 
0.000814 -0.002075 -0.000729 
0.000829 -0.002134 -0.000834 
0.000778 -0.002147 -0.000850 
0.000356 -0.002087 -0.000870 
0.000597 -0.002195 -0.000885 
0.001278 -0.002091 -0.000768 
0.001062 -0.002090 -0.000733 
0.001542 -0.002079 -0.000815 
0.001597 -0.002043 -0.000779 
0.001534 -0.002152 -0.000871 
0.001549 -0.002115 -0.000850 
0.000989 -0.002103 -0.000777 
0.000866 -0.002113 -0.000806 
0.001820 -0.002051 -0.000858 
0.001776 -0.002006 -0.000802 
0.002033 -0.001895 -0.000788 
0.001854 -0.002000 -0.000826 
0.000301 -0.001997 -0.000815 
0.000107 -0.002034 -0.000884 
0.000947 -0.002085 -0.000723 
0.001038 -0.002124 -0.000810 
0.001233 -0.002158 -0.000850 
0.001227 -0.002102 -0.000783 
0.001297 -0.002112 -0.000809 
0.001431 -0.002084 -0.000793 
0.000422 -0.001992 -0.000711 
0.000416 -0.002040 -0.000821 
0.000318 -0.002089 -0.000876 
0.000386 -0.002026 -0.000815 
0.001597 -0.002117 -0.000860 
0.001561 -0.002055 -0.000786 
0.001812 -0.002025 -0.000836 
0.001851 -0.002062 -0.000870 
0.001854 -0.002111 -0.000886 
0.001793 -0.002061 -0.000859 
0.000721 -0.002212 -0.000884 
0.000673 -0.002074 -0.000784 
0.000755 -0.002103 -0.000810 
0.000857 -0.002085 -0.000750 
0.001608 -0.002084 -0.000836 
0.001679 -0.002072 -0.000842 
0.001398 -0.002176 -0.000871 
0.001439 -0.002132 -0.000848 
0.001272 -0.002116 -0.000811 
0.001369 -0.002151 -0.000855 
0.001959 -0.001908 -0.000742 
0.001811 -0.001963 -0.000735 
0.000742 -0.002076 -0.000765 
0.000555 -0.002030 -0.000730 
0.000255 -0.001939 -0.000733 
0.000283 -0.001978 -0.000799 
0.000441 -0.002017 -0.000777 
0.000300 -0.001956 -0.000735 
0.000994 -0.002160 -0.000847 
0.000785 -0.002202 -0.000879 
0.001458 -0.002065 -0.000765 
0.001557 -0.002044 -0.000760 
0.001905 -0.002036 -0.000866 
0.001845 -0.002082 -0.000877 
0.001297 -0.002153 -0.000850 
0.001229 -0.002116 -0.000806 
0.000285 -0.002076 -0.000875 
0.000254 -0.002072 -0.000877 
0.000919 -0.002127 -0.000819 
0.001014 -0.002156 -0.000844 
0.001145 -0.002176 -0.000859 
0.001172 -0.002127 -0.000816 
0.001522 -0.002067 -0.000792 
0.001408 -0.002127 -0.000840 
0.000482 -0.002013 -0.000733 
0.000533 -0.002072 -0.000822 
0.000653 -0.002202 -0.000885 
0.000624 -0.002110 -0.000840 
0.000834 -0.002181 -0.000867 
0.000817 -0.002128 -0.000829 
0.001638 -0.002187 -0.000888 
0.001650 -0.002107 -0.000861 
0.001667 -0.002084 -0.000848 
0.001673 -0.002122 -0.000872 
0.001102 -0.002180 -0.000861 
0.000998 -0.002202 -0.000873 
0.000983 -0.002139 -0.000828 
0.001051 -0.002159 -0.000845 
0.000760 -0.002174 -0.000868 
0.000716 -0.002174 -0.000871 
0.001525 -0.002147 -0.000867 
0.001451 -0.002148 -0.000860 
0.001299 -0.002247 -0.000889 
0.001326 -0.002157 -0.000855 
0.001442 -0.002170 -0.000871 
0.001360 -0.002196 -0.000878 
0.001745 -0.002010 -0.000793 
0.001610 -0.002021 -0.000724 
0.001163 -0.002216 -0.000879 
0.001125 -0.002210 -0.000876 
0.001163 -0.002170 -0.000856 
0.001125 -0.002235 -0.000884 
0.001794 -0.002022 -0.000828 
0.001683 -0.002008 -0.000748 
0.001731 -0.001989 -0.000730 
0.001803 -0.001997 -0.000801 
0.000234 -0.002018 -0.000855 
0.000182 -0.001990 -0.000849 
0.000832 -0.002093 -0.000777 
0.000896 -0.002083 -0.000733 
0.000402 -0.002165 -0.000888 
0.000475 -0.002108 -0.000863 
0.000557 -0.002102 -0.000845 
0.000490 -0.002144 -0.000878 
0.001210 -0.002084 -0.000730 
0.001187 -0.002104 -0.000782 
0.001081 -0.002107 -0.000781 
0.001162 -0.002100 -0.000771 
0.001568 -0.002062 -0.000800 
0.001550 -0.002058 -0.000786 
0.001560 -0.002038 -0.000744 
0.001568 -0.002055 -0.000788 
0.001536 -0.002120 -0.000852 
0.001559 -0.002121 -0.000856 
0.000249 -0.002003 -0.000839 
0.000275 -0.002042 -0.000860 
0.000240 -0.002091 -0.000885 
0.000176 -0.002039 -0.000877 
0.001038 -0.002104 -0.000775 
0.001069 -0.002104 -0.000776 
0.001183 -0.002116 -0.000801 
0.001245 -0.002139 -0.000834 
0.001354 -0.002104 -0.000806 
0.001306 -0.002100 -0.000791 
0.001331 -0.002075 -0.000735 
0.001348 -0.002084 -0.000770 
0.000432 -0.002036 -0.000811 
0.000511 -0.002047 -0.000796 
0.000390 -0.002086 -0.000864 
0.000477 -0.002051 -0.000815 
0.000301 -0.002028 -0.000845 
0.000344 -0.002062 -0.000858 
0.001813 -0.002066 -0.000865 
0.001781 -0.002097 -0.000875 
0.000713 -0.002151 -0.000859 
0.000631 -0.002156 -0.000869 
0.001635 -0.002048 -0.000803 
0.001668 -0.002058 -0.000826 
0.000725 -0.002114 -0.000827 
0.000754 -0.002142 -0.000849 
0.000664 -0.002163 -0.000870 
0.000602 -0.002170 -0.000878 
0.001946 -0.001957 -0.000819 
0.001853 -0.001990 -0.000815 
0.000630 -0.002102 -0.000831 
0.000569 -0.002066 -0.000804 
0.000740 -0.002173 -0.000869 
0.000670 -0.002195 -0.000882 
0.002028 -0.001885 -0.000764 
0.001894 -0.001984 -0.000826 
0.000746 -0.002203 -0.000881 
0.000782 -0.002225 -0.000886 
0.000562 -0.002165 -0.000879 
0.000615 -0.002201 -0.000886 
0.000504 -0.002070 -0.000827 
0.000521 -0.002094 -0.000845 
0.001136 -0.002150 -0.000839 
0.001137 -0.002108 -0.000786 
0.001394 -0.002075 -0.000762 
0.001502 -0.002049 -0.000739 
0.001719 -0.002023 -0.000801 
0.001654 -0.002020 -0.000761 
0.001053 -0.002118 -0.000800 
0.001051 -0.002140 -0.000828 
0.000683 -0.002139 -0.000854 
0.000731 -0.002133 -0.000844 
0.001411 -0.002098 -0.000809 
0.001502 -0.002108 -0.000837 
0.001184 -0.002214 -0.000878 
0.001226 -0.002196 -0.000872 
0.001637 -0.002059 -0.000818 
0.001617 -0.002049 -0.000798 
0.000412 -0.002052 -0.000835 
0.000503 -0.002104 -0.000856 
0.000477 -0.002020 -0.000761 
0.000338 -0.001973 -0.000747 
0.000897 -0.002098 -0.000776 
0.001004 -0.002092 -0.000745 
0.000606 -0.002082 -0.000815 
0.000676 -0.002114 -0.000835 
0.001296 -0.002136 -0.000836 
0.001316 -0.002117 -0.000818 
0.001851 -0.001964 -0.000775 
0.001878 -0.001954 -0.000775 
0.000582 -0.002041 -0.000746 
0.000628 -0.002070 -0.000791 
0.000573 -0.002051 -0.000777 
0.000596 -0.002053 -0.000771 
0.000157 -0.001914 -0.000775 
0.000293 -0.001965 -0.000768 
0.000318 -0.001981 -0.000783 
0.000350 -0.001989 -0.000777 
0.000804 -0.002230 -0.000886 
0.000845 -0.002190 -0.000872 
0.001223 -0.002127 -0.000820 
0.001262 -0.002129 -0.000825 
0.001033 -0.002132 -0.000820 
0.000882 -0.002155 -0.000848 
0.000517 -0.002035 -0.000771 
0.000551 -0.002038 -0.000760 
0.000877 -0.002124 -0.000819 
0.000820 -0.002146 -0.000846 
0.001714 -0.002095 -0.000864 
0.001767 -0.002064 -0.000855 
0.001466 -0.002210 -0.000886 
0.001494 -0.002151 -0.000867 
0.001267 -0.002159 -0.000853 
0.001289 -0.002168 -0.000860 
0.001441 -0.002212 -0.000886 
0.001392 -0.002182 -0.000873 
0.000524 -0.002128 -0.000867 
0.000567 -0.002135 -0.000866 
0.000570 -0.002203 -0.000888 
0.000524 -0.002148 -0.000876 
0.000837 -0.002163 -0.000857 
0.000878 -0.002178 -0.000864 
0.000760 -0.002098 -0.000801 
0.000768 -0.002122 -0.000830 
0.000320 -0.002012 -0.000824 
0.000351 -0.002043 -0.000843 
0.000538 -0.002060 -0.000806 
0.000548 -0.002080 -0.000827 
0.000249 -0.001953 -0.000778 
0.000212 -0.001982 -0.000833 
0.000700 -0.002056 -0.000711 
0.000680 -0.002071 -0.000774 
0.001472 -0.002179 -0.000877 
0.001515 -0.002197 -0.000885 
0.000852 -0.002142 -0.000839 
0.000829 -0.002112 -0.000809 
0.000920 -0.002090 -0.000752 
0.000929 -0.002116 -0.000803 
0.001502 -0.002070 -0.000791 
0.001435 -0.002081 -0.000789 
0.000848 -0.002087 -0.000760 
0.000859 -0.002091 -0.000768 
0.001669 -0.002041 -0.000807 
0.001686 -0.002052 -0.000825 
0.001194 -0.002193 -0.000870 
0.001159 -0.002179 -0.000861 
0.001690 -0.002025 -0.000791 
0.001764 -0.001993 -0.000773 
0.000450 -0.002103 -0.000864 
0.000462 -0.002067 -0.000835 
0.001958 -0.001943 -0.000809 
0.001919 -0.001950 -0.000796 
0.001656 -0.002030 -0.000782 
0.001679 -0.002018 -0.000772 
0.000502 -0.002084 -0.000841 
0.000479 -0.002086 -0.000848 
0.000226 -0.001956 -0.000797 
0.000209 -0.001930 -0.000761 
0.000811 -0.002198 -0.000876 
0.000825 -0.002207 -0.000879 
0.000998 -0.002125 -0.000811 
0.001016 -0.002140 -0.000829 
0.000935 -0.002179 -0.000862 
0.000919 -0.002138 -0.000831 
0.000605 -0.002122 -0.000852 
0.000591 -0.002101 -0.000838 
0.000349 -0.002003 -0.000801 
0.000320 -0.002027 -0.000838 
0.001923 -0.001999 -0.000848 
0.001907 -0.001966 -0.000811 
0.000372 -0.002033 -0.000828 
0.000383 -0.002064 -0.000851 
0.000268 -0.001979 -0.000806 
0.000273 -0.002005 -0.000833 
0.001178 -0.002206 -0.000875 
0.001148 -0.002201 -0.000872 
0.000289 -0.001995 -0.000817 
0.000237 -0.001971 -0.000811 
0.001156 -0.002209 -0.000876 
0.001136 -0.002208 -0.000875 
0.000346 -0.002017 -0.000819 
0.000321 -0.001995 -0.000803 
0.001159 -0.002212 -0.000877 
0.001150 -0.002212 -0.000877 
0.001166 -0.002212 -0.000877 
0.001155 -0.002215 -0.000878 
0.001159 -0.002218 -0.000880 
0.001193 -0.002236 -0.000885 
0.001130 -0.002244 -0.000886 
0.001133 -0.002227 -0.000882 
0.001146 -0.002223 -0.000881 
0.001132 -0.002218 -0.000879 

-2 -2 -2 -2
-2 -2 -2 -2
-2 -2 -2 -2
-2 -2 -2 -2
-2 -2 -2 -2
-2 -2 -2 -2
-2 -2 -2 -2
-2 -2 -2 -2
-2 -2 -2 -2
638 171 256 944
-2 -2 -2 -2
-2 -2 -2 -2
259 816 32 31
34 816 259 35
32 816 34 33
261 817 16 15
260 817 261 73
16 817 260 17
264 818 263 81
262 818 264 100
263 818 262 9
265 819 8 7
263 819 265 81
8 819 263 9
-2 -2 -2 -2
266 74 271 123
-2 -2 -2 -2
269 821 14 13
261 821 269 73
14 821 261 15
12 822 269 13
270 822 12 11
269 822 270 73
-2 -2 -2 -2
-2 -2 -2 -2
-2 -2 -2 -2
-2 -2 -2 -2
-2 -2 -2 -2
496 147 273 159
-2 -2 -2 -2
-2 -2 -2 -2
-2 -2 -2 -2
280 826 68 67
279 826 280 162
68 826 279 1
-2 -2 -2 -2
-2 -2 -2 -2
-2 -2 -2 -2
310 109 42 41
-2 -2 -2 -2
42 109 284 43
287 829 48 47
286 829 287 71
48 829 286 49
288 830 46 45
287 830 288 71
46 830 287 47
-2 -2 -2 -2
289 92 291 141
-2 -2 -2 -2
4 832 293 5
292 832 4 3
293 832 292 81
-2 -2 -2 -2
294 98 577 191
-2 -2 -2 -2
298 893 58 57
-2 -2 -2 -2
-2 -2 -2 -2
-2 -2 -2 -2
455 224 300 31
-2 -2 -2 -2
2 836 292 3
302 836 2 1
292 836 302 81
-2 -2 -2 -2
-2 -2 -2 -2
-2 -2 -2 -2
306 838 44 43
288 838 306 71
44 838 288 45
308 839 286 71
307 839 308 130
286 839 307 49
-2 -2 -2 -2
40 178 310 41
-2 -2 -2 -2
-2 -2 -2 -2
-2 -2 -2 -2
-2 -2 -2 -2
-2 -2 -2 -2
-2 -2 -2 -2
-2 -2 -2 -2
-2 -2 -2 -2
317 90 501 107
-2 -2 -2 -2
322 844 321 55
320 844 322 141
321 844 320 128
56 845 323 57
321 845 56 55
323 845 321 128
-2 -2 -2 -2
-2 -2 -2 -2
-2 -2 -2 -2
-2 -2 -2 -2
-2 -2 -2 -2
-2 -2 -2 -2
-2 -2 -2 -2
330 195 332 178
567 195 330 31
-2 -2 -2 -2
40 39 333 178
-2 -2 -2 -2
-2 -2 -2 -2
-2 -2 -2 -2
335 101 515 23
-2 -2 -2 -2
-2 -2 -2 -2
-2 -2 -2 -2
18 852 340 19
260 852 18 17
340 852 260 73
-2 -2 -2 -2
-2 -2 -2 -2
-2 -2 -2 -2
492 111 345 25
-2 -2 -2 -2
-2 -2 -2 -2
-2 -2 -2 -2
-2 -2 -2 -2
-2 -2 -2 -2
352 856 351 65
350 856 352 210
351 856 350 154
10 857 353 11
262 857 10 9
353 857 262 100
356 166 355 27
-2 -2 -2 -2
-2 -2 -2 -2
355 859 28 27
357 859 355 183
28 859 357 29
50 860 358 51
307 860 50 49
358 860 307 130
-2 -2 -2 -2
-2 -2 -2 -2
-2 -2 -2 -2
-2 -2 -2 -2
362 120 335 23
569 120 362 216
-2 -2 -2 -2
-2 -2 -2 -2
-2 -2 -2 -2
370 208 369 53
-2 -2 -2 -2
369 208 368 145
-2 -2 -2 -2
-2 -2 -2 -2
-2 -2 -2 -2
-2 -2 -2 -2
-2 -2 -2 -2
-2 -2 -2 -2
306 867 377 71
284 867 306 43
377 867 284 109
6 868 265 7
293 868 6 5
265 868 293 81
380 869 379 67
378 869 380 154
379 869 378 132
-2 -2 -2 -2
-2 -2 -2 -2
-2 -2 -2 -2
-2 -2 -2 -2
384 185 386 182
-2 -2 -2 -2
-2 -2 -2 -2
-2 -2 -2 -2
-2 -2 -2 -2
-2 -2 -2 -2
-2 -2 -2 -2
-2 -2 -2 -2
-2 -2 -2 -2
-2 -2 -2 -2
347 76 538 135
396 113 395 27
394 113 396 156
-2 -2 -2 -2
-2 -2 -2 -2
-2 -2 -2 -2
-2 -2 -2 -2
-2 -2 -2 -2
-2 -2 -2 -2
-2 -2 -2 -2
-2 -2 -2 -2
-2 -2 -2 -2
538 76 402 116
-2 -2 -2 -2
-2 -2 -2 -2
-2 -2 -2 -2
409 235 377 109
-2 -2 -2 -2
377 235 408 71
-2 -2 -2 -2
-2 -2 -2 -2
-2 -2 -2 -2
415 882 414 51
413 882 415 140
414 882 413 139
-2 -2 -2 -2
453 116 418 189
-2 -2 -2 -2
-2 -2 -2 -2
-2 -2 -2 -2
-2 -2 -2 -2
-2 -2 -2 -2
-2 -2 -2 -2
-2 -2 -2 -2
426 886 425 196
424 886 426 216
425 886 424 21
-2 -2 -2 -2
-2 -2 -2 -2
253 78 427 138
-2 -2 -2 -2
-2 -2 -2 -2
-2 -2 -2 -2
-2 -2 -2 -2
432 51 544 170
415 51 432 140
-2 -2 -2 -2
-2 -2 -2 -2
322 55 434 141
-2 -2 -2 -2
386 72 337 182
-2 -2 -2 -2
-2 -2 -2 -2
437 89 547 193
-2 -2 -2 -2
441 893 440 944
58 893 441 59
-2 -2 -2 -2
-2 -2 -2 -2
-2 -2 -2 -2
497 144 442 139
-2 -2 -2 -2
-2 -2 -2 -2
347 135 445 187
-2 -2 -2 -2
-2 -2 -2 -2
-2 -2 -2 -2
-2 -2 -2 -2
-2 -2 -2 -2
442 144 450 217
-2 -2 -2 -2
-2 -2 -2 -2
-2 -2 -2 -2
30 899 455 31
454 899 30 29
455 899 454 96
-2 -2 -2 -2
-2 -2 -2 -2
-2 -2 -2 -2
520 112 447 79
-2 -2 -2 -2
-2 -2 -2 -2
-2 -2 -2 -2
-2 -2 -2 -2
-2 -2 -2 -2
-2 -2 -2 -2
-2 -2 -2 -2
-2 -2 -2 -2
-2 -2 -2 -2
-2 -2 -2 -2
374 150 466 205
-2 -2 -2 -2
-2 -2 -2 -2
-2 -2 -2 -2
472 906 353 100
471 906 472 229
353 906 471 11
-2 -2 -2 -2
473 81 598 110
-2 -2 -2 -2
-2 -2 -2 -2
-2 -2 -2 -2
-2 -2 -2 -2
-2 -2 -2 -2
-2 -2 -2 -2
-2 -2 -2 -2
-2 -2 -2 -2
-2 -2 -2 -2
-2 -2 -2 -2
-2 -2 -2 -2
-2 -2 -2 -2
427 78 483 102
-2 -2 -2 -2
-2 -2 -2 -2
-2 -2 -2 -2
489 913 64 63
-2 -2 -2 -2
-2 -2 -2 -2
-2 -2 -2 -2
-2 -2 -2 -2
523 83 394 156
-2 -2 -2 -2
-2 -2 -2 -2
-2 -2 -2 -2
-2 -2 -2 -2
-2 -2 -2 -2
-2 -2 -2 -2
-2 -2 -2 -2
-2 -2 -2 -2
-2 -2 -2 -2
-2 -2 -2 -2
-2 -2 -2 -2
-2 -2 -2 -2
-2 -2 -2 -2
-2 -2 -2 -2
-2 -2 -2 -2
476 219 381 82
-2 -2 -2 -2
-2 -2 -2 -2
-2 -2 -2 -2
-2 -2 -2 -2
-2 -2 -2 -2
-2 -2 -2 -2
503 87 542 117
-2 -2 -2 -2
-2 -2 -2 -2
-2 -2 -2 -2
-2 -2 -2 -2
509 924 38 37
333 924 509 178
38 924 333 39
-2 -2 -2 -2
-2 -2 -2 -2
-2 -2 -2 -2
-2 -2 -2 -2
-2 -2 -2 -2
-2 -2 -2 -2
302 927 514 81
279 927 302 1
514 927 279 162
24 192 516 25
515 192 24 23
-2 -2 -2 -2
-2 -2 -2 -2
-2 -2 -2 -2
-2 -2 -2 -2
-2 -2 -2 -2
-2 -2 -2 -2
-2 -2 -2 -2
-2 -2 -2 -2
-2 -2 -2 -2
-2 -2 -2 -2
-2 -2 -2 -2
-2 -2 -2 -2
-2 -2 -2 -2
-2 -2 -2 -2
-2 -2 -2 -2
-2 -2 -2 -2
530 934 20 19
529 934 530 191
20 934 529 21
-2 -2 -2 -2
-2 -2 -2 -2
-2 -2 -2 -2
-2 -2 -2 -2
-2 -2 -2 -2
485 115 378 154
294 213 531 98
-2 -2 -2 -2
-2 -2 -2 -2
-2 -2 -2 -2
-2 -2 -2 -2
-2 -2 -2 -2
-2 -2 -2 -2
-2 -2 -2 -2
-2 -2 -2 -2
-2 -2 -2 -2
-2 -2 -2 -2
-2 -2 -2 -2
-2 -2 -2 -2
-2 -2 -2 -2
-2 -2 -2 -2
-2 -2 -2 -2
544 51 358 130
-2 -2 -2 -2
-2 -2 -2 -2
-2 -2 -2 -2
-2 -2 -2 -2
441 944 60 59
-2 -2 -2 -2
60 944 256 61
-2 -2 -2 -2
-2 -2 -2 -2
-2 -2 -2 -2
-2 -2 -2 -2
-2 -2 -2 -2
-2 -2 -2 -2
-2 -2 -2 -2
-2 -2 -2 -2
-2 -2 -2 -2
-2 -2 -2 -2
536 116 402 139
418 116 536 121
-2 -2 -2 -2
-2 -2 -2 -2
-2 -2 -2 -2
-2 -2 -2 -2
-2 -2 -2 -2
-2 -2 -2 -2
-2 -2 -2 -2
560 94 562 187
-2 -2 -2 -2
-2 -2 -2 -2
-2 -2 -2 -2
524 83 563 194
-2 -2 -2 -2
266 123 557 122
-2 -2 -2 -2
259 954 566 35
330 954 259 31
566 954 330 178
-2 -2 -2 -2
567 31 300 151
-2 -2 -2 -2
-2 -2 -2 -2
-2 -2 -2 -2
-2 -2 -2 -2
-2 -2 -2 -2
570 21 613 203
-2 -2 -2 -2
340 198 579 19
573 198 340 73
-2 -2 -2 -2
-2 -2 -2 -2
575 126 341 215
-2 -2 -2 -2
-2 -2 -2 -2
-2 -2 -2 -2
576 167 577 98
-2 -2 -2 -2
-2 -2 -2 -2
-2 -2 -2 -2
-2 -2 -2 -2
580 202 365 232
-2 -2 -2 -2
-2 -2 -2 -2
582 102 314 893
-2 -2 -2 -2
-2 -2 -2 -2
-2 -2 -2 -2
585 183 584 129
-2 -2 -2 -2
-2 -2 -2 -2
-2 -2 -2 -2
590 966 308 71
542 966 590 117
308 966 542 130
-2 -2 -2 -2
-2 -2 -2 -2
542 170 544 130
-2 -2 -2 -2
-2 -2 -2 -2
-2 -2 -2 -2
523 164 563 83
-2 -2 -2 -2
-2 -2 -2 -2
-2 -2 -2 -2
-2 -2 -2 -2
378 115 596 132
-2 -2 -2 -2
-2 -2 -2 -2
596 110 598 132
-2 -2 -2 -2
-2 -2 -2 -2
-2 -2 -2 -2
-2 -2 -2 -2
-2 -2 -2 -2
580 92 603 202
-2 -2 -2 -2
-2 -2 -2 -2
337 97 605 1070
-2 -2 -2 -2
-2 -2 -2 -2
608 112 607 182
-2 -2 -2 -2
-2 -2 -2 -2
-2 -2 -2 -2
-2 -2 -2 -2
560 74 266 122
612 74 560 187
-2 -2 -2 -2
613 21 529 191
-2 -2 -2 -2
-2 -2 -2 -2
-2 -2 -2 -2
-2 -2 -2 -2
618 980 62 61
-2 -2 -2 -2
62 980 617 63
-2 -2 -2 -2
-2 -2 -2 -2
-2 -2 -2 -2
-2 -2 -2 -2
-2 -2 -2 -2
-2 -2 -2 -2
-2 -2 -2 -2
625 138 480 218
253 138 625 212
52 984 626 53
414 984 52 51
626 984 414 139
-2 -2 -2 -2
-2 -2 -2 -2
630 91 536 139
-2 -2 -2 -2
554 91 629 205
536 91 554 121
-2 -2 -2 -2
413 140 630 139
-2 -2 -2 -2
-2 -2 -2 -2
289 97 337 72
655 97 289 141
632 989 291 92
320 989 632 128
291 989 320 141
-2 -2 -2 -2
-2 -2 -2 -2
365 202 633 133
289 72 603 92
-2 -2 -2 -2
-2 -2 -2 -2
-2 -2 -2 -2
483 143 314 102
-2 -2 -2 -2
-2 -2 -2 -2
-2 -2 -2 -2
-2 -2 -2 -2
-2 -2 -2 -2
-2 -2 -2 -2
-2 -2 -2 -2
-2 -2 -2 -2
640 94 560 122
-2 -2 -2 -2
54 996 642 55
369 996 54 53
642 996 369 145
-2 -2 -2 -2
592 95 557 123
-2 -2 -2 -2
-2 -2 -2 -2
-2 -2 -2 -2
557 146 640 122
-2 -2 -2 -2
368 95 646 145
-2 -2 -2 -2
-2 -2 -2 -2
-2 -2 -2 -2
-2 -2 -2 -2
650 159 454 29
-2 -2 -2 -2
454 159 649 96
-2 -2 -2 -2
-2 -2 -2 -2
-2 -2 -2 -2
-2 -2 -2 -2
-2 -2 -2 -2
-2 -2 -2 -2
-2 -2 -2 -2
-2 -2 -2 -2
447 112 605 1153
-2 -2 -2 -2
-2 -2 -2 -2
-2 -2 -2 -2
-2 -2 -2 -2
506 87 503 80
374 87 506 150
-2 -2 -2 -2
-2 -2 -2 -2
455 96 659 224
-2 -2 -2 -2
-2 -2 -2 -2
-2 -2 -2 -2
506 80 662 150
-2 -2 -2 -2
662 80 468 151
-2 -2 -2 -2
-2 -2 -2 -2
473 110 663 152
-2 -2 -2 -2
473 152 264 81
-2 -2 -2 -2
-2 -2 -2 -2
-2 -2 -2 -2
421 90 666 120
-2 -2 -2 -2
-2 -2 -2 -2
-2 -2 -2 -2
66 1014 380 67
351 1014 66 65
380 1014 351 154
-2 -2 -2 -2
-2 -2 -2 -2
-2 -2 -2 -2
-2 -2 -2 -2
-2 -2 -2 -2
281 70 672 209
-2 -2 -2 -2
350 103 675 154
-2 -2 -2 -2
26 1018 396 27
345 1018 26 25
396 1018 345 156
-2 -2 -2 -2
-2 -2 -2 -2
-2 -2 -2 -2
-2 -2 -2 -2
678 111 384 182
-2 -2 -2 -2
-2 -2 -2 -2
345 104 523 156
-2 -2 -2 -2
-2 -2 -2 -2
-2 -2 -2 -2
-2 -2 -2 -2
-2 -2 -2 -2
610 1025 587 129
538 1025 610 135
681 129 650 29
-2 -2 -2 -2
650 129 587 159
-2 -2 -2 -2
496 1025 538 116
587 1025 496 159
-2 -2 -2 -2
-2 -2 -2 -2
-2 -2 -2 -2
402 76 497 139
-2 -2 -2 -2
-2 -2 -2 -2
-2 -2 -2 -2
-2 -2 -2 -2
663 161 683 152
596 1029 663 110
399 1029 596 115
663 1029 399 161
379 1030 280 67
598 1030 379 132
280 1030 598 162
-2 -2 -2 -2
514 162 598 81
-2 -2 -2 -2
-2 -2 -2 -2
-2 -2 -2 -2
-2 -2 -2 -2
-2 -2 -2 -2
-2 -2 -2 -2
685 111 492 82
-2 -2 -2 -2
607 104 687 182
523 104 607 164
689 1035 520 131
688 1035 689 201
520 1035 688 112
690 1036 271 74
389 1036 690 84
271 1036 389 165
394 1037 389 113
524 1037 394 83
389 1037 524 165
395 1038 356 27
691 1038 395 113
356 1038 691 166
389 1039 691 113
692 1039 389 84
691 1039 692 166
531 1040 576 98
693 1040 531 168
576 1040 693 167
696 1041 695 114
694 1041 696 136
695 1041 694 167
485 1042 698 85
697 1042 485 154
698 1042 697 225
695 1043 461 114
693 1043 695 167
461 1043 693 168
700 1044 699 75
399 1044 700 161
699 1044 399 169
485 1045 399 115
311 1045 485 85
399 1045 311 169
546 1046 542 87
701 1046 546 118
542 1046 701 170
410 1047 701 118
432 1047 410 140
701 1047 432 170
703 1048 638 93
702 1048 703 186
638 1048 702 171
706 1049 705 137
704 1049 706 980
705 1049 704 119
708 1050 405 147
707 1050 708 189
405 1050 707 172
554 1051 709 121
247 1051 554 1151
709 1051 247 172
437 1052 549 89
710 1052 437 186
549 1052 710 173
483 1053 712 93
711 1053 483 78
712 1053 711 173
714 1054 713 171
704 1054 714 119
713 1054 704 980
324 1055 706 137
715 1055 324 913
706 1055 715 980
717 1056 716 226
409 1056 717 235
716 1056 409 109
468 1057 718 124
503 1057 468 80
718 1057 503 117
720 1058 619 119
719 1058 720 193
619 1058 719 176
722 1059 721 136
327 1059 722 214
721 1059 327 125
483 1060 723 143
638 1060 483 93
723 1060 638 944
618 1061 713 980
256 1061 618 61
713 1061 256 171
36 1062 509 37
566 1062 36 35
509 1062 566 178
510 1063 718 117
724 1063 510 235
718 1063 724 124
723 1064 314 143
440 1064 723 944
314 1064 440 893
725 1065 298 57
582 1065 725 200
298 1065 582 893
727 1066 324 155
726 1066 727 210
324 1066 726 913
617 1067 489 63
715 1067 617 980
489 1067 715 913
461 1068 614 114
728 1068 461 190
614 1068 728 181
730 1069 672 181
729 1069 730 228
672 1069 729 209
-2 -2 -2 -2
608 1070 605 112
337 1070 608 182
345 1071 687 104
678 1071 345 111
687 1071 678 182
692 1072 355 166
731 1072 692 84
355 1072 731 183
681 1073 585 129
357 1073 681 29
585 1073 357 183
466 1074 732 222
647 1074 466 150
732 1074 647 224
649 1075 659 96
273 1075 649 159
659 1075 273 227
685 1076 384 111
517 1076 685 82
384 1076 517 185
603 1077 733 142
386 1077 603 72
733 1077 386 185
714 1078 734 119
702 1078 714 171
734 1078 702 186
712 1079 703 93
710 1079 712 173
703 1079 710 186
690 1080 528 84
612 1080 690 74
528 1080 612 187
497 1081 562 94
347 1081 497 76
562 1081 347 187
651 1082 735 238
456 1082 651 244
735 1082 456 188
371 1083 456 145
736 1083 371 79
456 1083 736 188
709 1084 418 121
707 1084 709 172
418 1084 707 189
496 1085 708 147
453 1085 496 116
708 1085 453 189
531 1086 738 168
737 1086 531 236
738 1086 737 225
739 1087 669 103
729 1087 739 209
669 1087 729 228
740 1088 577 167
613 1088 740 203
577 1088 613 191
579 1089 530 19
741 1089 579 199
530 1089 741 191
743 1090 317 107
742 1090 743 219
317 1090 742 101
492 1091 476 82
516 1091 492 25
476 1091 516 192
327 1092 744 125
719 1092 327 176
744 1092 719 193
734 1093 720 119
437 1093 734 186
720 1093 437 193
592 1094 746 131
745 1094 592 123
746 1094 745 194
271 1095 745 123
524 1095 271 165
745 1095 524 194
468 1096 567 151
747 1096 468 124
567 1096 747 195
748 1097 747 124
332 1097 748 178
747 1097 332 195
570 1098 425 21
749 1098 570 197
425 1098 749 196
744 1099 750 125
547 1099 744 193
750 1099 547 196
721 1100 752 136
751 1100 721 125
752 1100 751 197
750 1101 751 125
749 1101 750 196
751 1101 749 197
270 1102 753 73
471 1102 270 11
753 1102 471 229
754 1103 341 126
579 1103 754 199
341 1103 579 198
756 1104 754 126
755 1104 756 127
754 1104 755 199
294 1105 755 127
741 1105 294 191
755 1105 741 199
323 1106 725 57
757 1106 323 128
725 1106 757 200
759 1107 758 128
622 1107 759 211
758 1107 622 230
607 1108 563 164
688 1108 607 112
563 1108 688 201
746 1109 689 131
563 1109 746 194
689 1109 563 201
733 1110 760 142
517 1110 733 185
760 1110 517 231
250 1111 762 69
761 1111 250 211
762 1111 761 232
694 1112 740 167
763 1112 694 136
740 1112 763 203
752 1113 763 136
570 1113 752 197
763 1113 570 203
600 1114 764 69
501 1114 600 107
764 1114 501 218
427 1115 480 138
765 1115 427 102
480 1115 765 204
630 1116 629 91
410 1116 630 140
629 1116 410 205
546 1117 410 118
374 1117 546 87
410 1117 374 205
768 1118 767 53
766 1118 768 217
767 1118 766 146
497 1119 450 144
640 1119 497 94
450 1119 640 1140
520 1120 592 131
371 1120 520 79
592 1120 371 1121
646 1121 371 145
592 1121 646 95
-2 -2 -2 -2
767 1122 370 53
769 1122 767 146
370 1122 769 208
557 1123 769 146
368 1123 557 95
769 1123 368 208
771 1124 739 103
770 1124 771 155
739 1124 770 209
324 1125 770 155
281 1125 324 137
770 1125 281 209
64 1126 352 65
726 1126 64 913
352 1126 726 210
771 1127 727 155
350 1127 771 103
727 1127 350 210
765 1128 250 204
622 1128 765 102
250 1128 622 211
772 1129 759 128
761 1129 772 232
759 1129 761 211
569 1130 421 120
549 1130 569 89
421 1130 549 212
711 1131 549 173
253 1131 711 78
549 1131 253 212
774 1132 303 75
773 1132 774 234
303 1132 773 241
776 1133 775 234
311 1133 776 169
775 1133 311 236
696 1134 722 136
614 1134 696 114
722 1134 614 214
672 1135 614 181
327 1135 672 70
614 1135 327 214
778 1136 341 198
777 1136 778 229
341 1136 777 215
264 1137 779 100
683 1137 264 152
779 1137 683 239
22 1138 362 23
424 1138 22 21
362 1138 424 216
547 1139 426 196
569 1139 547 89
426 1139 569 216
-2 -2 -2 -2
766 1140 640 146
450 1140 766 217
626 1141 768 53
442 1141 626 139
768 1141 442 217
250 1142 480 204
764 1142 250 69
480 1142 764 218
421 1143 501 90
625 1143 421 212
501 1143 625 218
515 1144 476 192
742 1144 515 101
476 1144 742 219
600 1145 743 107
381 1145 600 133
743 1145 381 219
610 1146 445 135
584 1146 610 129
445 1146 584 187
731 1147 584 183
528 1147 731 84
584 1147 528 187
335 1148 552 101
666 1148 335 120
552 1148 666 1149
317 1149 666 90
552 1149 317 101
-2 -2 -2 -2
405 1150 780 184
247 1150 405 172
780 1150 247 222
-2 -2 -2 -2
466 1151 554 205
247 1151 466 222
736 1152 781 188
447 1152 736 79
781 1152 447 223
-2 -2 -2 -2
782 1153 605 97
447 1153 782 223
780 1154 783 184
732 1154 780 222
783 1154 732 224
662 1155 647 150
300 1155 662 151
647 1155 300 224
675 1156 697 154
669 1156 675 103
697 1156 669 225
461 1157 784 190
738 1157 461 168
784 1157 738 225
310 1158 716 109
785 1158 310 178
716 1158 785 226
748 1159 785 178
786 1159 748 124
785 1159 786 226
405 1160 273 147
787 1160 405 184
273 1160 787 227
783 1161 787 184
659 1161 783 224
787 1161 659 227
728 1162 730 181
788 1162 728 190
730 1162 788 228
784 1163 788 190
669 1163 784 225
788 1163 669 228
789 1164 472 100
777 1164 789 215
472 1164 777 229
573 1165 778 198
753 1165 573 73
778 1165 753 229
582 1166 622 102
790 1166 582 200
622 1166 790 230
757 1167 790 200
758 1167 757 128
790 1167 758 230
381 1168 517 82
633 1168 381 133
517 1168 633 231
603 1169 633 202
760 1169 603 142
633 1169 760 231
632 1170 772 128
580 1170 632 92
772 1170 580 232
600 1171 365 133
762 1171 600 69
365 1171 762 232
705 1172 281 137
619 1172 705 119
281 1172 619 1173
327 1173 619 176
281 1173 327 70
-2 -2 -2 -2
792 1174 294 127
791 1174 792 241
294 1174 791 213
699 1175 774 75
776 1175 699 169
774 1175 776 234
590 1176 510 117
408 1176 590 71
510 1176 408 235
786 1177 717 226
724 1177 786 124
717 1177 724 235
793 1178 531 213
775 1178 793 234
531 1178 775 236
698 1179 311 85
737 1179 698 225
311 1179 737 236
795 1180 575 215
794 1180 795 239
575 1180 794 126
700 1181 683 161
796 1181 700 75
683 1181 796 239
781 1182 735 188
797 1182 781 223
735 1182 797 238
799 1183 782 97
798 1183 799 240
782 1183 798 223
794 1184 303 126
796 1184 794 239
303 1184 796 75
789 1185 795 215
779 1185 789 100
795 1185 779 239
801 1186 798 240
800 1186 801 242
798 1186 800 223
655 1187 799 97
802 1187 655 148
799 1187 802 240
793 1188 773 234
791 1188 793 213
773 1188 791 241
756 1189 792 127
303 1189 756 126
792 1189 303 241
804 1190 800 242
803 1190 804 243
800 1190 803 223
802 1191 801 240
805 1191 802 148
801 1191 805 242
797 1192 651 238
803 1192 797 223
651 1192 803 243
805 1193 804 242
806 1193 805 148
804 1193 806 243
806 1194 651 243
807 1194 806 148
651 1194 807 244
642 1195 808 55
456 1195 642 145
808 1195 456 244
808 1196 434 55
809 1196 808 244
434 1196 809 141
809 1197 657 141
810 1197 809 244
657 1197 810 246
810 1198 811 246
807 1198 810 244
811 1198 807 148
655 1199 811 148
657 1199 655 141
811 1199 657 246
68
0.001942 -0.001908 -0.000690
0.001822 -0.001954 -0.000690
0.002060 -0.001858 -0.000730
0.002059 -0.001855 -0.000710
0.002059 -0.001855 -0.000710
0.002058 -0.001854 -0.000690
0.002058 -0.001854 -0.000690
0.001942 -0.001908 -0.000690
0.000073 -0.001855 -0.000710
0.000071 -0.001858 -0.000729
0.000073 -0.001854 -0.000690
0.000073 -0.001855 -0.000710
0.000037 -0.001918 -0.000845
0.000029 -0.001932 -0.000857
0.000044 -0.001905 -0.000832
0.000037 -0.001918 -0.000845
0.000069 -0.001862 -0.000748
0.000066 -0.001868 -0.000767
0.000071 -0.001858 -0.000729
0.000069 -0.001862 -0.000748
0.000066 -0.001868 -0.000767
0.000061 -0.001875 -0.000785
0.000061 -0.001875 -0.000785
0.000056 -0.001884 -0.000802
0.000116 -0.002094 -0.000890
0.000263 -0.002150 -0.000890
-0.000027 -0.002028 -0.000890
0.000116 -0.002094 -0.000890
0.002095 -0.001918 -0.000845
0.002088 -0.001905 -0.000832
0.002103 -0.001932 -0.000857
0.002095 -0.001918 -0.000845
0.002149 -0.002011 -0.000889
0.002139 -0.001994 -0.000887
0.002159 -0.002028 -0.000890
0.002149 -0.002011 -0.000889
0.002130 -0.001978 -0.000882
0.002120 -0.001962 -0.000875
0.002139 -0.001994 -0.000887
0.002130 -0.001978 -0.000882
0.000011 -0.001962 -0.000875
0.000002 -0.001977 -0.000882
0.000002 -0.001977 -0.000882
-0.000007 -0.001994 -0.000887
0.000730 -0.002251 -0.000890
0.000750 -0.002265 -0.000890
-0.000007 -0.001994 -0.000887
-0.000017 -0.002011 -0.000889
-0.000017 -0.002011 -0.000889
-0.000027 -0.002028 -0.000890
0.002111 -0.001946 -0.000867
0.002103 -0.001932 -0.000857
0.002120 -0.001962 -0.000875
0.002111 -0.001946 -0.000867
0.002088 -0.001905 -0.000832
0.002081 -0.001894 -0.000818
0.000750 -0.002265 -0.000890
0.000930 -0.002281 -0.000890
0.000930 -0.002281 -0.000890
0.001112 -0.002285 -0.000890
0.002081 -0.001894 -0.000818
0.002075 -0.001884 -0.000802
0.000310 -0.001954 -0.000690
0.000190 -0.001908 -0.000690
0.000190 -0.001908 -0.000690
0.000073 -0.001854 -0.000690
0.000056 -0.001884 -0.000802
0.000051 -0.001894 -0.000817
0.000051 -0.001894 -0.000817
0.000044 -0.001905 -0.000832
0.001449 -0.002052 -0.000690
0.001322 -0.002071 -0.000690
0.001575 -0.002027 -0.000690
0.001449 -0.002052 -0.000690
0.001824 -0.002165 -0.000890
0.001994 -0.002103 -0.000890
0.001994 -0.002103 -0.000890
0.002159 -0.002028 -0.000890
0.000029 -0.001932 -0.000857
0.000020 -0.001946 -0.000867
0.000020 -0.001946 -0.000867
0.000011 -0.001962 -0.000875
0.000708 -0.002240 -0.000890
0.000730 -0.002251 -0.000890
0.001822 -0.001954 -0.000690
0.001700 -0.001994 -0.000690
0.001700 -0.001994 -0.000690
0.001575 -0.002027 -0.000690
0.000589 -0.002227 -0.000890
0.000613 -0.002224 -0.000890
0.002070 -0.001875 -0.000785
0.002066 -0.001868 -0.000767
0.002075 -0.001884 -0.000802
0.002070 -0.001875 -0.000785
0.001066 -0.002085 -0.000690
0.000937 -0.002082 -0.000690
0.000937 -0.002082 -0.000690
0.000809 -0.002071 -0.000690
0.000432 -0.001994 -0.000690
0.000310 -0.001954 -0.000690
0.000556 -0.002027 -0.000690
0.000432 -0.001994 -0.000690
0.000685 -0.002232 -0.000889
0.000708 -0.002240 -0.000890
0.000662 -0.002226 -0.000889
0.000685 -0.002232 -0.000889
0.000638 -0.002224 -0.000889
0.000662 -0.002226 -0.000889
0.000613 -0.002224 -0.000890
0.000638 -0.002224 -0.000889
0.001472 -0.002251 -0.000890
0.001649 -0.002215 -0.000890
0.001649 -0.002215 -0.000890
0.001824 -0.002165 -0.000890
0.001112 -0.002285 -0.000890
0.001292 -0.002275 -0.000890
0.001292 -0.002275 -0.000890
0.001472 -0.002251 -0.000890
0.000263 -0.002150 -0.000890
0.000413 -0.002197 -0.000890
0.000413 -0.002197 -0.000890
0.000566 -0.002234 -0.000890
0.001322 -0.002071 -0.000690
0.001194 -0.002082 -0.000690
0.001194 -0.002082 -0.000690
0.001066 -0.002085 -0.000690
0.002066 -0.001868 -0.000767
0.002063 -0.001862 -0.000749
0.002063 -0.001862 -0.000749
0.002060 -0.001858 -0.000730
0.000566 -0.002234 -0.000890
0.000589 -0.002227 -0.000890
0.000809 -0.002071 -0.000690
0.000682 -0.002052 -0.000690
0.000682 -0.002052 -0.000690
0.000556 -0.002027 -0.000690
