256 192
0.000604 -0.000426 0.001110 
0.000664 -0.000469 0.001110 
0.000729 -0.000505 0.001110 
0.000796 -0.000535 0.001110 
0.000866 -0.000558 0.001110 
0.000937 -0.000574 0.001110 
0.001011 -0.000583 0.001110 
0.001084 -0.000585 0.001110 
0.001158 -0.000580 0.001110 
0.001230 -0.000567 0.001110 
0.001301 -0.000547 0.001110 
0.001370 -0.000521 0.001110 
0.001435 -0.000488 0.001110 
0.001498 -0.000449 0.001110 
0.001556 -0.000403 0.001110 
0.001609 -0.000352 0.001110 
0.001657 -0.000297 0.001110 
0.001699 -0.000237 0.001110 
0.001736 -0.000173 0.001110 
0.001766 -0.000105 0.001110 
0.001789 -0.000035 0.001110 
0.001805 0.000036 0.001110 
0.001814 0.000109 0.001110 
0.001816 0.000183 0.001110 
0.001810 0.000256 0.001110 
0.001798 0.000329 0.001110 
0.001778 0.000400 0.001110 
0.001752 0.000469 0.001110 
0.001718 0.000534 0.001110 
0.001679 0.000597 0.001110 
0.001634 0.000655 0.001110 
0.001583 0.000708 0.001110 
0.001527 0.000756 0.001110 
0.001467 0.000798 0.001110 
0.001403 0.000835 0.001110 
0.001336 0.000864 0.001110 
0.001266 0.000888 0.001110 
0.001194 0.000904 0.001110 
0.001121 0.000913 0.001110 
0.001048 0.000915 0.001110 
0.000974 0.000909 0.001110 
0.000902 0.000897 0.001110 
0.000831 0.000877 0.001110 
0.000762 0.000850 0.001110 
0.000696 0.000817 0.001110 
0.000634 0.000778 0.001110 
0.000576 0.000733 0.001110 
0.000523 0.000682 0.001110 
0.000475 0.000626 0.001110 
0.000432 0.000566 0.001110 
0.000396 0.000502 0.001110 
0.000366 0.000435 0.001110 
0.000343 0.000365 0.001110 
0.000327 0.000293 0.001110 
0.000318 0.000220 0.001110 
0.000316 0.000147 0.001110 
0.000321 0.000073 0.001110 
0.000334 0.000001 0.001110 
0.000354 -0.000070 0.001110 
0.000380 -0.000139 0.001110 
0.000413 -0.000205 0.001110 
0.000453 -0.000267 0.001110 
0.000498 -0.000325 0.001110 
0.000549 -0.000378 0.001110 
0.001604 0.000854 0.001110 
0.001669 0.000798 0.001110 
0.001729 0.000736 0.001110 
0.001781 0.000668 0.001110 
0.001827 0.000596 0.001110 
0.001866 0.000519 0.001110 
0.001897 0.000439 0.001110 
0.001920 0.000356 0.001110 
0.001934 0.000272 0.001110 
0.001941 0.000186 0.001110 
0.001938 0.000100 0.001110 
0.001928 0.000015 0.001110 
0.001909 -0.000069 0.001110 
0.001882 -0.000150 0.001110 
0.001847 -0.000229 0.001110 
0.001805 -0.000304 0.001110 
0.001756 -0.000374 0.001110 
0.001699 -0.000439 0.001110 
0.001637 -0.000498 0.001110 
0.001570 -0.000551 0.001110 
0.001497 -0.000597 0.001110 
0.001420 -0.000635 0.001110 
0.001340 -0.000666 0.001110 
0.001257 -0.000689 0.001110 
0.001173 -0.000704 0.001110 
0.001087 -0.000710 0.001110 
0.001001 -0.000708 0.001110 
0.000916 -0.000697 0.001110 
0.000832 -0.000678 0.001110 
0.000751 -0.000652 0.001110 
0.000672 -0.000617 0.001110 
0.000598 -0.000574 0.001110 
0.000527 -0.000525 0.001110 
0.000462 -0.000469 0.001110 
0.000403 -0.000407 0.001110 
0.000350 -0.000339 0.001110 
0.000304 -0.000266 0.001110 
0.000266 -0.000190 0.001110 
0.000235 -0.000110 0.001110 
0.000212 -0.000027 0.001110 
0.000197 0.000058 0.001110 
0.000191 0.000143 0.001110 
0.000193 0.000229 0.001110 
0.000204 0.000315 0.001110 
0.000223 0.000398 0.001110 
0.000250 0.000480 0.001110 
0.000284 0.000558 0.001110 
0.000327 0.000633 0.001110 
0.000376 0.000703 0.001110 
0.000432 0.000768 0.001110 
0.000494 0.000827 0.001110 
0.000562 0.000880 0.001110 
0.000635 0.000926 0.001110 
0.000711 0.000965 0.001110 
0.000792 0.000996 0.001110 
0.000874 0.001019 0.001110 
0.000959 0.001033 0.001110 
0.001045 0.001040 0.001110 
0.001130 0.001037 0.001110 
0.001216 0.001027 0.001110 
0.001299 0.001008 0.001110 
0.001381 0.000981 0.001110 
0.001459 0.000946 0.001110 
0.001534 0.000904 0.001110 
0.001856 0.000336 0.001110 
0.001872 0.000264 0.001110 
0.001874 0.000178 0.001110 
0.000744 0.000907 0.001110 
0.000811 0.000936 0.001110 
0.000895 0.000955 0.001110 
0.000401 -0.000296 0.001110 
0.000359 -0.000236 0.001110 
0.000324 -0.000157 0.001110 
0.001237 -0.000626 0.001110 
0.001165 -0.000642 0.001110 
0.001079 -0.000644 0.001110 
0.001861 0.000020 0.001110 
0.001849 -0.000052 0.001110 
0.001818 -0.000132 0.001110 
0.000769 -0.000587 0.001110 
0.000700 -0.000561 0.001110 
0.000628 -0.000515 0.001110 
0.001792 -0.000201 0.001110 
0.001746 -0.000273 0.001110 
0.001647 -0.000397 0.001110 
0.001596 -0.000451 0.001110 
0.001526 -0.000500 0.001110 
0.001876 0.000105 0.001110 
0.001628 0.000746 0.001110 
0.001681 0.000695 0.001110 
0.001731 0.000625 0.001110 
0.001210 0.000960 0.001110 
0.001283 0.000948 0.001110 
0.001363 0.000917 0.001110 
0.001431 0.000890 0.001110 
0.001504 0.000845 0.001110 
0.000605 0.000829 0.001110 
0.000666 0.000872 0.001110 
0.001466 -0.000542 0.001110 
0.001388 -0.000577 0.001110 
0.000270 0.000309 0.001110 
0.000283 0.000382 0.001110 
0.000314 0.000462 0.001110 
0.000340 0.000530 0.001110 
0.000386 0.000603 0.001110 
0.000504 -0.000417 0.001110 
0.000451 -0.000366 0.001110 
0.000921 -0.000631 0.001110 
0.000849 -0.000618 0.001110 
0.000294 -0.000090 0.001110 
0.000276 -0.000006 0.001110 
0.001321 -0.000607 0.001110 
0.000566 -0.000476 0.001110 
0.001566 0.000805 0.001110 
0.000259 0.000065 0.001110 
0.000257 0.000151 0.001110 
0.000967 0.000971 0.001110 
0.001052 0.000973 0.001110 
0.001006 -0.000646 0.001110 
0.000425 0.000665 0.001110 
0.000485 0.000727 0.001110 
0.000256 0.000225 0.001110 
0.000535 0.000780 0.001110 
0.001126 0.000975 0.001110 
0.001773 0.000565 0.001110 
0.001808 0.000487 0.001110 
0.001706 -0.000335 0.001110 
0.001837 0.000419 0.001110 
0.001842 0.000310 0.001110 
0.001896 0.000209 0.001110 
0.000772 0.000898 0.001110 
0.000860 0.000970 0.001110 
0.000404 -0.000266 0.001110 
0.000316 -0.000194 0.001110 
0.001211 -0.000611 0.001110 
0.001111 -0.000665 0.001110 
0.001838 0.000002 0.001110 
0.001850 -0.000112 0.001110 
0.000755 -0.000561 0.001110 
0.000642 -0.000550 0.001110 
0.001792 -0.000146 0.001110 
0.001781 -0.000259 0.001110 
0.001618 -0.000400 0.001110 
0.001564 -0.000500 0.001110 
0.001855 0.000155 0.001110 
0.001889 0.000047 0.001110 
0.001631 0.000716 0.001110 
0.001731 0.000663 0.001110 
0.001229 0.000937 0.001110 
0.001342 0.000949 0.001110 
0.001377 0.000891 0.001110 
0.001490 0.000880 0.001110 
0.000635 0.000826 0.001110 
0.000707 0.000914 0.001110 
0.001497 -0.000497 0.001110 
0.001425 -0.000585 0.001110 
0.000293 0.000328 0.001110 
0.000282 0.000441 0.001110 
0.000340 0.000476 0.001110 
0.000351 0.000589 0.001110 
0.000501 -0.000387 0.001110 
0.000401 -0.000333 0.001110 
0.000903 -0.000608 0.001110 
0.000790 -0.000619 0.001110 
0.000333 -0.000129 0.001110 
0.000261 -0.000041 0.001110 
0.001359 -0.000568 0.001110 
0.001272 -0.000640 0.001110 
0.000619 -0.000486 0.001110 
0.000511 -0.000454 0.001110 
0.001512 0.000816 0.001110 
0.001621 0.000783 0.001110 
0.000290 0.000020 0.001110 
0.000236 0.000120 0.001110 
0.000921 0.000941 0.001110 
0.001021 0.000995 0.001110 
0.001056 -0.000625 0.001110 
0.000948 -0.000658 0.001110 
0.000415 0.000611 0.001110 
0.000447 0.000720 0.001110 
0.000276 0.000174 0.001110 
0.000243 0.000283 0.001110 
0.000514 0.000730 0.001110 
0.000568 0.000830 0.001110 
0.001075 0.000954 0.001110 
0.001184 0.000987 0.001110 
0.001728 0.000596 0.001110 
0.001815 0.000524 0.001110 
0.001717 -0.000282 0.001110 
0.001684 -0.000390 0.001110 
0.001799 0.000458 0.001110 
0.001871 0.000371 0.001110 

130 193 26 25
129 193 130 73
26 193 129 27
131 194 130 25
74 194 131 75
130 194 74 73
133 195 44 43
132 195 133 119
44 195 132 45
134 196 133 43
120 196 134 121
133 196 120 119
136 197 62 61
135 197 136 101
62 197 135 63
137 198 136 61
102 198 137 103
136 198 102 101
139 199 10 9
138 199 139 89
10 199 138 11
140 200 139 9
90 200 140 91
139 200 90 89
142 201 22 21
141 201 142 77
22 201 141 23
143 202 142 21
78 202 143 79
142 202 78 77
145 203 4 3
144 203 145 95
4 203 144 5
146 204 145 3
96 204 146 97
145 204 96 95
147 205 20 19
143 205 147 79
20 205 143 21
148 206 147 19
80 206 148 81
147 206 80 79
150 207 16 15
149 207 150 83
16 207 149 17
151 208 150 15
84 208 151 85
150 208 84 83
152 209 24 23
131 209 152 75
24 209 131 25
76 210 141 77
152 210 76 75
141 210 152 23
154 211 32 31
153 211 154 67
32 211 153 33
155 212 154 31
68 212 155 69
154 212 68 67
157 213 38 37
156 213 157 125
38 213 156 39
158 214 157 37
126 214 158 127
157 214 126 125
159 215 36 35
158 215 159 127
36 215 158 37
160 216 159 35
128 216 160 65
159 216 128 127
162 217 46 45
161 217 162 117
46 217 161 47
118 218 132 119
162 218 118 117
132 218 162 45
163 219 14 13
151 219 163 85
14 219 151 15
164 220 163 13
86 220 164 87
163 220 86 85
166 221 54 53
165 221 166 109
54 221 165 55
167 222 166 53
110 222 167 111
166 222 110 109
168 223 52 51
167 223 168 111
52 223 167 53
169 224 168 51
112 224 169 113
168 224 112 111
171 225 64 63
170 225 171 99
64 225 170 1
135 226 171 63
100 226 135 101
171 226 100 99
173 227 6 5
172 227 173 93
6 227 172 7
144 228 173 5
94 228 144 95
173 228 94 93
174 229 60 59
137 229 174 103
60 229 137 61
175 230 174 59
104 230 175 105
174 230 104 103
176 231 12 11
164 231 176 87
12 231 164 13
88 232 138 89
176 232 88 87
138 232 176 11
177 233 2 1
146 233 177 97
2 233 146 3
98 234 170 99
177 234 98 97
170 234 177 1
178 235 34 33
160 235 178 65
34 235 160 35
66 236 153 67
178 236 66 65
153 236 178 33
179 237 58 57
175 237 179 105
58 237 175 59
180 238 179 57
106 238 180 107
179 238 106 105
181 239 42 41
134 239 181 121
42 239 134 43
182 240 181 41
122 240 182 123
181 240 122 121
183 241 8 7
140 241 183 91
8 241 140 9
92 242 172 93
183 242 92 91
172 242 183 7
184 243 50 49
169 243 184 113
50 243 169 51
185 244 184 49
114 244 185 115
184 244 114 113
186 245 56 55
180 245 186 107
56 245 180 57
108 246 165 109
186 246 108 107
165 246 186 55
187 247 48 47
185 247 187 115
48 247 185 49
116 248 161 117
187 248 116 115
161 248 187 47
188 249 40 39
182 249 188 123
40 249 182 41
124 250 156 125
188 250 124 123
156 250 188 39
189 251 30 29
155 251 189 69
30 251 155 31
190 252 189 29
70 252 190 71
189 252 70 69
191 253 18 17
148 253 191 81
18 253 148 19
82 254 149 83
191 254 82 81
149 254 191 17
192 255 28 27
190 255 192 71
28 255 190 29
129 256 192 27
72 256 129 73
192 256 72 71
128
0.001798 0.000329 0.001110
0.001810 0.000256 0.001110
0.001778 0.000400 0.001110
0.001798 0.000329 0.001110
0.001938 0.000100 0.001110
0.001941 0.000186 0.001110
0.001941 0.000186 0.001110
0.001934 0.000272 0.001110
0.000762 0.000850 0.001110
0.000831 0.000877 0.001110
0.000696 0.000817 0.001110
0.000762 0.000850 0.001110
0.000959 0.001033 0.001110
0.000874 0.001019 0.001110
0.000874 0.001019 0.001110
0.000792 0.000996 0.001110
0.000453 -0.000267 0.001110
0.000413 -0.000205 0.001110
0.000498 -0.000325 0.001110
0.000453 -0.000267 0.001110
0.000235 -0.000110 0.001110
0.000266 -0.000190 0.001110
0.000266 -0.000190 0.001110
0.000304 -0.000266 0.001110
0.001230 -0.000567 0.001110
0.001158 -0.000580 0.001110
0.001301 -0.000547 0.001110
0.001230 -0.000567 0.001110
0.001001 -0.000708 0.001110
0.001087 -0.000710 0.001110
0.001087 -0.000710 0.001110
0.001173 -0.000704 0.001110
0.001805 0.000036 0.001110
0.001789 -0.000035 0.001110
0.001814 0.000109 0.001110
0.001805 0.000036 0.001110
0.001847 -0.000229 0.001110
0.001882 -0.000150 0.001110
0.001882 -0.000150 0.001110
0.001909 -0.000069 0.001110
0.000796 -0.000535 0.001110
0.000729 -0.000505 0.001110
0.000866 -0.000558 0.001110
0.000796 -0.000535 0.001110
0.000527 -0.000525 0.001110
0.000598 -0.000574 0.001110
0.000598 -0.000574 0.001110
0.000672 -0.000617 0.001110
0.001766 -0.000105 0.001110
0.001736 -0.000173 0.001110
0.001789 -0.000035 0.001110
0.001766 -0.000105 0.001110
0.001756 -0.000374 0.001110
0.001805 -0.000304 0.001110
0.001805 -0.000304 0.001110
0.001847 -0.000229 0.001110
0.001609 -0.000352 0.001110
0.001556 -0.000403 0.001110
0.001657 -0.000297 0.001110
0.001609 -0.000352 0.001110
0.001497 -0.000597 0.001110
0.001570 -0.000551 0.001110
0.001570 -0.000551 0.001110
0.001637 -0.000498 0.001110
0.001816 0.000183 0.001110
0.001814 0.000109 0.001110
0.001810 0.000256 0.001110
0.001816 0.000183 0.001110
0.001909 -0.000069 0.001110
0.001928 0.000015 0.001110
0.001928 0.000015 0.001110
0.001938 0.000100 0.001110
0.001583 0.000708 0.001110
0.001634 0.000655 0.001110
0.001527 0.000756 0.001110
0.001583 0.000708 0.001110
0.001827 0.000596 0.001110
0.001781 0.000668 0.001110
0.001781 0.000668 0.001110
0.001729 0.000736 0.001110
0.001194 0.000904 0.001110
0.001266 0.000888 0.001110
0.001121 0.000913 0.001110
0.001194 0.000904 0.001110
0.001459 0.000946 0.001110
0.001381 0.000981 0.001110
0.001381 0.000981 0.001110
0.001299 0.001008 0.001110
0.001336 0.000864 0.001110
0.001403 0.000835 0.001110
0.001266 0.000888 0.001110
0.001336 0.000864 0.001110
0.001604 0.000854 0.001110
0.001534 0.000904 0.001110
0.001534 0.000904 0.001110
0.001459 0.000946 0.001110
0.000634 0.000778 0.001110
0.000696 0.000817 0.001110
0.000576 0.000733 0.001110
0.000634 0.000778 0.001110
0.000792 0.000996 0.001110
0.000711 0.000965 0.001110
0.000711 0.000965 0.001110
0.000635 0.000926 0.001110
0.001498 -0.000449 0.001110
0.001435 -0.000488 0.001110
0.001556 -0.000403 0.001110
0.001498 -0.000449 0.001110
0.001340 -0.000666 0.001110
0.001420 -0.000635 0.001110
0.001420 -0.000635 0.001110
0.001497 -0.000597 0.001110
0.000327 0.000293 0.001110
0.000343 0.000365 0.001110
0.000318 0.000220 0.001110
0.000327 0.000293 0.001110
0.000284 0.000558 0.001110
0.000250 0.000480 0.001110
0.000250 0.000480 0.001110
0.000223 0.000398 0.001110
0.000366 0.000435 0.001110
0.000396 0.000502 0.001110
0.000343 0.000365 0.001110
0.000366 0.000435 0.001110
0.000376 0.000703 0.001110
0.000327 0.000633 0.001110
0.000327 0.000633 0.001110
0.000284 0.000558 0.001110
0.000549 -0.000378 0.001110
0.000498 -0.000325 0.001110
0.000604 -0.000426 0.001110
0.000549 -0.000378 0.001110
0.000304 -0.000266 0.001110
0.000350 -0.000339 0.001110
0.000350 -0.000339 0.001110
0.000403 -0.000407 0.001110
0.000937 -0.000574 0.001110
0.000866 -0.000558 0.001110
0.001011 -0.000583 0.001110
0.000937 -0.000574 0.001110
0.000672 -0.000617 0.001110
0.000751 -0.000652 0.001110
0.000751 -0.000652 0.001110
0.000832 -0.000678 0.001110
0.000380 -0.000139 0.001110
0.000354 -0.000070 0.001110
0.000413 -0.000205 0.001110
0.000380 -0.000139 0.001110
0.000197 0.000058 0.001110
0.000212 -0.000027 0.001110
0.000212 -0.000027 0.001110
0.000235 -0.000110 0.001110
0.001370 -0.000521 0.001110
0.001301 -0.000547 0.001110
0.001435 -0.000488 0.001110
0.001370 -0.000521 0.001110
0.001173 -0.000704 0.001110
0.001257 -0.000689 0.001110
0.001257 -0.000689 0.001110
0.001340 -0.000666 0.001110
0.000664 -0.000469 0.001110
0.000604 -0.000426 0.001110
0.000729 -0.000505 0.001110
0.000664 -0.000469 0.001110
0.000403 -0.000407 0.001110
0.000462 -0.000469 0.001110
0.000462 -0.000469 0.001110
0.000527 -0.000525 0.001110
0.001467 0.000798 0.001110
0.001527 0.000756 0.001110
0.001403 0.000835 0.001110
0.001467 0.000798 0.001110
0.001729 0.000736 0.001110
0.001669 0.000798 0.001110
0.001669 0.000798 0.001110
0.001604 0.000854 0.001110
0.000334 0.000001 0.001110
0.000321 0.000073 0.001110
0.000354 -0.000070 0.001110
0.000334 0.000001 0.001110
0.000193 0.000229 0.001110
0.000191 0.000143 0.001110
0.000191 0.000143 0.001110
0.000197 0.000058 0.001110
0.000902 0.000897 0.001110
0.000974 0.000909 0.001110
0.000831 0.000877 0.001110
0.000902 0.000897 0.001110
0.001130 0.001037 0.001110
0.001045 0.001040 0.001110
0.001045 0.001040 0.001110
0.000959 0.001033 0.001110
0.001084 -0.000585 0.001110
0.001011 -0.000583 0.001110
0.001158 -0.000580 0.001110
0.001084 -0.000585 0.001110
0.000832 -0.000678 0.001110
0.000916 -0.000697 0.001110
0.000916 -0.000697 0.001110
0.001001 -0.000708 0.001110
0.000432 0.000566 0.001110
0.000475 0.000626 0.001110
0.000396 0.000502 0.001110
0.000432 0.000566 0.001110
0.000494 0.000827 0.001110
0.000432 0.000768 0.001110
0.000432 0.000768 0.001110
0.000376 0.000703 0.001110
0.000316 0.000147 0.001110
0.000318 0.000220 0.001110
0.000321 0.000073 0.001110
0.000316 0.000147 0.001110
0.000223 0.000398 0.001110
0.000204 0.000315 0.001110
0.000204 0.000315 0.001110
0.000193 0.000229 0.001110
0.000523 0.000682 0.001110
0.000576 0.000733 0.001110
0.000475 0.000626 0.001110
0.000523 0.000682 0.001110
0.000635 0.000926 0.001110
0.000562 0.000880 0.001110
0.000562 0.000880 0.001110
0.000494 0.000827 0.001110
0.001048 0.000915 0.001110
0.001121 0.000913 0.001110
0.000974 0.000909 0.001110
0.001048 0.000915 0.001110
0.001299 0.001008 0.001110
0.001216 0.001027 0.001110
0.001216 0.001027 0.001110
0.001130 0.001037 0.001110
0.001679 0.000597 0.001110
0.001718 0.000534 0.001110
0.001634 0.000655 0.001110
0.001679 0.000597 0.001110
0.001897 0.000439 0.001110
0.001866 0.000519 0.001110
0.001866 0.000519 0.001110
0.001827 0.000596 0.001110
0.001699 -0.000237 0.001110
0.001657 -0.000297 0.001110
0.001736 -0.000173 0.001110
0.001699 -0.000237 0.001110
0.001637 -0.000498 0.001110
0.001699 -0.000439 0.001110
0.001699 -0.000439 0.001110
0.001756 -0.000374 0.001110
0.001752 0.000469 0.001110
0.001778 0.000400 0.001110
0.001718 0.000534 0.001110
0.001752 0.000469 0.001110
0.001934 0.000272 0.001110
0.001920 0.000356 0.001110
0.001920 0.000356 0.001110
0.001897 0.000439 0.001110
