785 762
0.001430 0.001096 0.001010 
0.001431 0.001096 0.001019 
0.001432 0.001095 0.001029 
0.001434 0.001094 0.001039 
0.001438 0.001093 0.001048 
0.001441 0.001092 0.001057 
0.001446 0.001090 0.001065 
0.001452 0.001087 0.001073 
0.001458 0.001085 0.001080 
0.001464 0.001082 0.001087 
0.001472 0.001079 0.001093 
0.001479 0.001075 0.001098 
0.001487 0.001072 0.001102 
0.001496 0.001068 0.001105 
0.001504 0.001063 0.001108 
0.001513 0.001059 0.001109 
0.001522 0.001055 0.001110 
0.001616 0.001217 0.001110 
0.001710 0.001380 0.001110 
0.001804 0.001543 0.001110 
0.001898 0.001705 0.001110 
0.001889 0.001710 0.001109 
0.001881 0.001715 0.001108 
0.001872 0.001720 0.001105 
0.001864 0.001724 0.001102 
0.001857 0.001729 0.001098 
0.001849 0.001733 0.001093 
0.001843 0.001737 0.001087 
0.001836 0.001741 0.001080 
0.001831 0.001744 0.001073 
0.001826 0.001747 0.001065 
0.001821 0.001749 0.001057 
0.001818 0.001752 0.001048 
0.001815 0.001753 0.001039 
0.001813 0.001754 0.001029 
0.001811 0.001755 0.001019 
0.001811 0.001755 0.001010 
0.001763 0.001673 0.001010 
0.001716 0.001590 0.001010 
0.001668 0.001508 0.001010 
0.001621 0.001426 0.001010 
0.001573 0.001343 0.001010 
0.001525 0.001261 0.001010 
0.001478 0.001178 0.001010 
0.001576 0.001227 0.001101 
0.001771 0.001561 0.001102 
0.001638 0.001362 0.001094 
0.001701 0.001486 0.001089 
0.001506 0.001168 0.001081 
0.001565 0.001266 0.001083 
0.001528 0.001220 0.001073 
0.001705 0.001512 0.001080 
0.001635 0.001401 0.001075 
0.001489 0.001185 0.001044 
0.001480 0.001140 0.001071 
0.001729 0.001555 0.001080 
0.001670 0.001427 0.001091 
0.001680 0.001490 0.001068 
0.001625 0.001377 0.001079 
0.001599 0.001345 0.001072 
0.001551 0.001268 0.001068 
0.001533 0.001198 0.001088 
0.001641 0.001373 0.001092 
0.001667 0.001438 0.001084 
0.001504 0.001192 0.001064 
0.001674 0.001444 0.001088 
0.001483 0.001117 0.001086 
0.001592 0.001294 0.001091 
0.001779 0.001623 0.001089 
0.001557 0.001291 0.001058 
0.001611 0.001385 0.001057 
0.001618 0.001352 0.001085 
0.001517 0.001226 0.001054 
0.001462 0.001134 0.001050 
0.001709 0.001551 0.001061 
0.001654 0.001411 0.001086 
0.001696 0.001531 0.001058 
0.001641 0.001436 0.001057 
0.001635 0.001372 0.001089 
0.001623 0.001390 0.001070 
0.001570 0.001249 0.001093 
0.001634 0.001393 0.001079 
0.001635 0.001424 0.001059 
0.001659 0.001429 0.001083 
0.001540 0.001256 0.001062 
0.001736 0.001551 0.001088 
0.001730 0.001589 0.001059 
0.001560 0.001241 0.001090 
0.001753 0.001587 0.001085 
0.001510 0.001127 0.001098 
0.001711 0.001570 0.001044 
0.001636 0.001366 0.001092 
0.001586 0.001342 0.001057 
0.001559 0.001254 0.001083 
0.001583 0.001317 0.001072 
0.001662 0.001413 0.001091 
0.001628 0.001422 0.001049 
0.001676 0.001438 0.001091 
0.001609 0.001334 0.001086 
0.001578 0.001263 0.001093 
0.001606 0.001359 0.001071 
0.001489 0.001174 0.001058 
0.001747 0.001589 0.001079 
0.001640 0.001383 0.001088 
0.001615 0.001397 0.001052 
0.001668 0.001433 0.001088 
0.001528 0.001255 0.001042 
0.001677 0.001447 0.001088 
0.001561 0.001218 0.001097 
0.001778 0.001668 0.001062 
0.001628 0.001361 0.001088 
0.001660 0.001382 0.001099 
0.001586 0.001331 0.001065 
0.001680 0.001405 0.001102 
0.001682 0.001521 0.001043 
0.001570 0.001237 0.001096 
0.001673 0.001434 0.001090 
0.001755 0.001571 0.001092 
0.001771 0.001604 0.001090 
0.001571 0.001255 0.001091 
0.001571 0.001296 0.001072 
0.001675 0.001393 0.001102 
0.001608 0.001321 0.001090 
0.001745 0.001628 0.001045 
0.001682 0.001449 0.001090 
0.001742 0.001570 0.001084 
0.001799 0.001671 0.001083 
0.001642 0.001346 0.001100 
0.001586 0.001305 0.001081 
0.001676 0.001432 0.001093 
0.001598 0.001334 0.001077 
0.001762 0.001624 0.001074 
0.001678 0.001381 0.001106 
0.001689 0.001402 0.001105 
0.001563 0.001229 0.001096 
0.001748 0.001552 0.001094 
0.001689 0.001391 0.001107 
0.001622 0.001344 0.001091 
0.001808 0.001710 0.001070 
0.001682 0.001434 0.001095 
0.001761 0.001603 0.001083 
0.001686 0.001472 0.001084 
0.001784 0.001652 0.001080 
0.001763 0.001642 0.001063 
0.001801 0.001722 0.001048 
0.001818 0.001697 0.001086 
0.001792 0.001653 0.001085 
0.001759 0.001656 0.001039 
0.001824 0.001681 0.001095 
0.001784 0.001641 0.001084 
0.001835 0.001707 0.001093 
0.001845 0.001696 0.001101 
0.001796 0.001634 0.001095 
0.001834 0.001690 0.001098 
0.001799 0.001654 0.001090 
0.001809 0.001667 0.001092 
0.001835 0.001688 0.001099 
0.001794 0.001643 0.001090 
0.001859 0.001697 0.001105 
0.001852 0.001690 0.001104 
0.001808 0.001661 0.001093 
0.001448 0.001122 0.001031 
0.001450 0.001121 0.001038 
0.001463 0.001116 0.001067 
0.001457 0.001118 0.001056 
0.001494 0.001173 0.001065 
0.001493 0.001164 0.001070 
0.001509 0.001189 0.001072 
0.001745 0.001620 0.001055 
0.001732 0.001606 0.001045 
0.001743 0.001601 0.001068 
0.001862 0.001711 0.001104 
0.001855 0.001710 0.001101 
0.001852 0.001697 0.001103 
0.001555 0.001161 0.001106 
0.001617 0.001266 0.001107 
0.001535 0.001176 0.001096 
0.001544 0.001168 0.001102 
0.001572 0.001227 0.001100 
0.001800 0.001687 0.001076 
0.001796 0.001692 0.001068 
0.001785 0.001665 0.001073 
0.001725 0.001535 0.001087 
0.001720 0.001542 0.001079 
0.001699 0.001495 0.001084 
0.001678 0.001437 0.001092 
0.001678 0.001444 0.001090 
0.001678 0.001429 0.001095 
0.001709 0.001558 0.001054 
0.001722 0.001590 0.001043 
0.001706 0.001570 0.001027 
0.001471 0.001106 0.001082 
0.001489 0.001141 0.001080 
0.001473 0.001113 0.001080 
0.001758 0.001642 0.001056 
0.001748 0.001637 0.001040 
0.001752 0.001630 0.001056 
0.001489 0.001106 0.001094 
0.001499 0.001102 0.001100 
0.001687 0.001484 0.001079 
0.001685 0.001496 0.001070 
0.001673 0.001472 0.001072 
0.001704 0.001468 0.001097 
0.001725 0.001474 0.001104 
0.001734 0.001524 0.001096 
0.001617 0.001297 0.001102 
0.001665 0.001345 0.001107 
0.001475 0.001143 0.001062 
0.001848 0.001715 0.001097 
0.001842 0.001717 0.001094 
0.001840 0.001704 0.001097 
0.001833 0.001634 0.001107 
0.001757 0.001506 0.001107 
0.001529 0.001173 0.001094 
0.001518 0.001168 0.001090 
0.001518 0.001162 0.001092 
0.001555 0.001217 0.001095 
0.001747 0.001566 0.001089 
0.001737 0.001561 0.001084 
0.001749 0.001559 0.001092 
0.001832 0.001721 0.001086 
0.001543 0.001273 0.001051 
0.001545 0.001284 0.001042 
0.001521 0.001250 0.001029 
0.001613 0.001317 0.001095 
0.001627 0.001336 0.001097 
0.001604 0.001307 0.001093 
0.001795 0.001656 0.001086 
0.001792 0.001660 0.001082 
0.001796 0.001651 0.001089 
0.001570 0.001329 0.001038 
0.001568 0.001315 0.001052 
0.001465 0.001153 0.001027 
0.001496 0.001207 0.001029 
0.001508 0.001098 0.001104 
0.001524 0.001106 0.001107 
0.001633 0.001362 0.001092 
0.001631 0.001361 0.001091 
0.001642 0.001368 0.001094 
0.001509 0.001219 0.001045 
0.001502 0.001200 0.001053 
0.001512 0.001213 0.001057 
0.001516 0.001212 0.001063 
0.001513 0.001193 0.001074 
0.001500 0.001140 0.001088 
0.001501 0.001156 0.001082 
0.001687 0.001538 0.001025 
0.001700 0.001556 0.001036 
0.001728 0.001526 0.001092 
0.001758 0.001558 0.001098 
0.001641 0.001364 0.001095 
0.001648 0.001381 0.001093 
0.001647 0.001366 0.001098 
0.001678 0.001454 0.001086 
0.001657 0.001439 0.001075 
0.001673 0.001453 0.001083 
0.001453 0.001120 0.001048 
0.001526 0.001203 0.001081 
0.001470 0.001154 0.001042 
0.001480 0.001100 0.001090 
0.001816 0.001717 0.001074 
0.001813 0.001724 0.001066 
0.001808 0.001698 0.001076 
0.001648 0.001469 0.001031 
0.001642 0.001407 0.001079 
0.001646 0.001417 0.001077 
0.001636 0.001408 0.001072 
0.001688 0.001455 0.001092 
0.001691 0.001466 0.001090 
0.001702 0.001545 0.001054 
0.001708 0.001532 0.001072 
0.001712 0.001545 0.001068 
0.001624 0.001423 0.001040 
0.001635 0.001444 0.001036 
0.001621 0.001424 0.001025 
0.001678 0.001374 0.001106 
0.001696 0.001383 0.001109 
0.001634 0.001418 0.001062 
0.001629 0.001415 0.001058 
0.001635 0.001427 0.001058 
0.001611 0.001372 0.001068 
0.001601 0.001373 0.001052 
0.001615 0.001405 0.001042 
0.001596 0.001310 0.001087 
0.001591 0.001300 0.001087 
0.001553 0.001240 0.001085 
0.001545 0.001243 0.001077 
0.001545 0.001229 0.001083 
0.001587 0.001338 0.001063 
0.001592 0.001348 0.001061 
0.001595 0.001363 0.001052 
0.001581 0.001245 0.001099 
0.001582 0.001263 0.001095 
0.001587 0.001280 0.001092 
0.001526 0.001200 0.001082 
0.001643 0.001388 0.001088 
0.001647 0.001383 0.001093 
0.001660 0.001393 0.001096 
0.001628 0.001387 0.001076 
0.001629 0.001409 0.001064 
0.001622 0.001418 0.001039 
0.001615 0.001414 0.001026 
0.001650 0.001419 0.001080 
0.001647 0.001425 0.001073 
0.001547 0.001273 0.001058 
0.001538 0.001257 0.001058 
0.001557 0.001286 0.001061 
0.001496 0.001180 0.001062 
0.001486 0.001177 0.001047 
0.001668 0.001440 0.001085 
0.001652 0.001436 0.001072 
0.001675 0.001435 0.001092 
0.001678 0.001426 0.001096 
0.001620 0.001349 0.001088 
0.001628 0.001356 0.001091 
0.001623 0.001367 0.001082 
0.001558 0.001265 0.001077 
0.001563 0.001280 0.001073 
0.001551 0.001259 0.001073 
0.001811 0.001660 0.001095 
0.001816 0.001670 0.001094 
0.001802 0.001648 0.001094 
0.001809 0.001727 0.001058 
0.001811 0.001740 0.001048 
0.001561 0.001280 0.001071 
0.001569 0.001291 0.001073 
0.001600 0.001357 0.001065 
0.001606 0.001368 0.001064 
0.001605 0.001352 0.001074 
0.001607 0.001360 0.001071 
0.001620 0.001398 0.001060 
0.001614 0.001386 0.001060 
0.001624 0.001404 0.001060 
0.001613 0.001359 0.001077 
0.001606 0.001377 0.001057 
0.001601 0.001340 0.001077 
0.001595 0.001347 0.001066 
0.001523 0.001223 0.001065 
0.001534 0.001244 0.001064 
0.001513 0.001228 0.001043 
0.001519 0.001236 0.001046 
0.001485 0.001158 0.001064 
0.001708 0.001535 0.001071 
0.001719 0.001548 0.001075 
0.001735 0.001560 0.001083 
0.001727 0.001555 0.001078 
0.001675 0.001420 0.001096 
0.001674 0.001401 0.001101 
0.001682 0.001415 0.001101 
0.001666 0.001425 0.001089 
0.001658 0.001421 0.001086 
0.001658 0.001405 0.001092 
0.001673 0.001499 0.001050 
0.001664 0.001481 0.001053 
0.001655 0.001456 0.001062 
0.001681 0.001504 0.001059 
0.001644 0.001443 0.001056 
0.001665 0.001457 0.001073 
0.001691 0.001526 0.001054 
0.001646 0.001398 0.001086 
0.001632 0.001366 0.001089 
0.001628 0.001387 0.001077 
0.001615 0.001372 0.001073 
0.001604 0.001390 0.001037 
0.001568 0.001258 0.001088 
0.001563 0.001254 0.001086 
0.001564 0.001238 0.001093 
0.001566 0.001244 0.001092 
0.001560 0.001231 0.001093 
0.001630 0.001380 0.001082 
0.001638 0.001388 0.001085 
0.001643 0.001427 0.001068 
0.001650 0.001429 0.001074 
0.001645 0.001430 0.001068 
0.001677 0.001429 0.001095 
0.001669 0.001414 0.001094 
0.001540 0.001244 0.001071 
0.001763 0.001581 0.001093 
0.001761 0.001562 0.001098 
0.001776 0.001584 0.001099 
0.001734 0.001575 0.001073 
0.001719 0.001571 0.001057 
0.001802 0.001714 0.001060 
0.001786 0.001692 0.001054 
0.001565 0.001246 0.001090 
0.001572 0.001253 0.001093 
0.001554 0.001227 0.001091 
0.001822 0.001639 0.001104 
0.001875 0.001698 0.001108 
0.001764 0.001602 0.001087 
0.001762 0.001589 0.001090 
0.001769 0.001608 0.001087 
0.001704 0.001553 0.001049 
0.001697 0.001542 0.001048 
0.001640 0.001375 0.001091 
0.001626 0.001366 0.001085 
0.001579 0.001318 0.001066 
0.001570 0.001305 0.001065 
0.001583 0.001327 0.001066 
0.001574 0.001258 0.001092 
0.001577 0.001255 0.001095 
0.001567 0.001299 0.001065 
0.001578 0.001285 0.001084 
0.001581 0.001278 0.001089 
0.001665 0.001395 0.001098 
0.001669 0.001386 0.001102 
0.001668 0.001402 0.001098 
0.001669 0.001427 0.001090 
0.001634 0.001412 0.001067 
0.001627 0.001419 0.001051 
0.001674 0.001442 0.001088 
0.001679 0.001455 0.001087 
0.001672 0.001438 0.001088 
0.001669 0.001437 0.001087 
0.001671 0.001432 0.001090 
0.001593 0.001335 0.001072 
0.001576 0.001241 0.001098 
0.001578 0.001274 0.001089 
0.001484 0.001167 0.001055 
0.001751 0.001590 0.001082 
0.001747 0.001585 0.001080 
0.001733 0.001567 0.001077 
0.001739 0.001592 0.001068 
0.001637 0.001375 0.001089 
0.001634 0.001368 0.001090 
0.001629 0.001411 0.001062 
0.001666 0.001435 0.001085 
0.001535 0.001256 0.001054 
0.001678 0.001445 0.001090 
0.001684 0.001460 0.001088 
0.001676 0.001442 0.001089 
0.001675 0.001440 0.001090 
0.001572 0.001236 0.001098 
0.001576 0.001238 0.001099 
0.001555 0.001221 0.001094 
0.001569 0.001228 0.001099 
0.001807 0.001743 0.001035 
0.001796 0.001723 0.001036 
0.001748 0.001596 0.001076 
0.001611 0.001342 0.001084 
0.001615 0.001339 0.001088 
0.001639 0.001358 0.001096 
0.001684 0.001385 0.001106 
0.001700 0.001386 0.001109 
0.001593 0.001325 0.001078 
0.001584 0.001312 0.001075 
0.001595 0.001319 0.001082 
0.001677 0.001400 0.001102 
0.001707 0.001411 0.001108 
0.001571 0.001243 0.001095 
0.001675 0.001436 0.001090 
0.001670 0.001434 0.001088 
0.001749 0.001580 0.001085 
0.001743 0.001578 0.001081 
0.001738 0.001545 0.001091 
0.001763 0.001614 0.001080 
0.001768 0.001614 0.001084 
0.001770 0.001625 0.001080 
0.001755 0.001581 0.001088 
0.001577 0.001299 0.001076 
0.001576 0.001306 0.001071 
0.001689 0.001396 0.001106 
0.001650 0.001379 0.001096 
0.001631 0.001354 0.001093 
0.001602 0.001334 0.001081 
0.001592 0.001327 0.001075 
0.001772 0.001665 0.001055 
0.001769 0.001652 0.001063 
0.001736 0.001618 0.001037 
0.001691 0.001476 0.001086 
0.001827 0.001719 0.001083 
0.001770 0.001644 0.001070 
0.001781 0.001662 0.001070 
0.001654 0.001368 0.001100 
0.001630 0.001344 0.001096 
0.001606 0.001325 0.001088 
0.001675 0.001433 0.001092 
0.001675 0.001429 0.001093 
0.001784 0.001646 0.001082 
0.001788 0.001647 0.001085 
0.001789 0.001653 0.001083 
0.001780 0.001689 0.001045 
0.001669 0.001381 0.001103 
0.001676 0.001388 0.001104 
0.001684 0.001405 0.001103 
0.001686 0.001425 0.001100 
0.001685 0.001397 0.001105 
0.001567 0.001233 0.001096 
0.001751 0.001561 0.001093 
0.001681 0.001392 0.001105 
0.001615 0.001331 0.001091 
0.001820 0.001688 0.001091 
0.001828 0.001694 0.001093 
0.001827 0.001706 0.001089 
0.001774 0.001611 0.001089 
0.001777 0.001609 0.001093 
0.001785 0.001625 0.001092 
0.001791 0.001666 0.001078 
0.001762 0.001633 0.001068 
0.001772 0.001639 0.001075 
0.001778 0.001697 0.001022 
0.001741 0.001631 0.001026 
0.001808 0.001685 0.001083 
0.001772 0.001634 0.001078 
0.001781 0.001632 0.001086 
0.001789 0.001642 0.001087 
0.001788 0.001636 0.001090 
0.001794 0.001640 0.001092 
0.001870 0.001706 0.001107 
0.001811 0.001680 0.001088 
0.001803 0.001669 0.001087 
0.001830 0.001687 0.001097 
0.001834 0.001694 0.001097 
0.001849 0.001693 0.001103 
0.001840 0.001692 0.001100 
0.001844 0.001689 0.001102 
0.001787 0.001608 0.001098 
0.001815 0.001674 0.001092 
0.001813 0.001646 0.001100 
0.001840 0.001693 0.001099 
0.001792 0.001648 0.001087 
0.001833 0.001679 0.001100 
0.001804 0.001662 0.001090 
0.001805 0.001658 0.001092 
0.001798 0.001647 0.001092 
0.001835 0.001689 0.001098 
0.001834 0.001686 0.001099 
0.001796 0.001649 0.001090 
0.001856 0.001693 0.001105 
0.001878 0.001701 0.001108 
0.001809 0.001664 0.001092 
0.001442 0.001113 0.001029 
0.001456 0.001108 0.001065 
0.001503 0.001180 0.001071 
0.001743 0.001614 0.001056 
0.001856 0.001706 0.001103 
0.001603 0.001222 0.001109 
0.001558 0.001195 0.001102 
0.001790 0.001675 0.001072 
0.001713 0.001517 0.001085 
0.001680 0.001437 0.001094 
0.001717 0.001585 0.001036 
0.001477 0.001121 0.001079 
0.001746 0.001629 0.001047 
0.001490 0.001094 0.001098 
0.001682 0.001486 0.001073 
0.001722 0.001490 0.001099 
0.001632 0.001302 0.001106 
0.001470 0.001126 0.001069 
0.001843 0.001712 0.001096 
0.001793 0.001550 0.001109 
0.001524 0.001173 0.001092 
0.001549 0.001204 0.001096 
0.001748 0.001565 0.001090 
0.001838 0.001724 0.001089 
0.001532 0.001266 0.001032 
0.001616 0.001316 0.001097 
0.001797 0.001658 0.001087 
0.001561 0.001310 0.001044 
0.001481 0.001183 0.001021 
0.001512 0.001084 0.001107 
0.001632 0.001363 0.001091 
0.001505 0.001205 0.001054 
0.001524 0.001225 0.001065 
0.001508 0.001155 0.001088 
0.001697 0.001552 0.001032 
0.001745 0.001536 0.001098 
0.001654 0.001377 0.001098 
0.001663 0.001449 0.001076 
0.001450 0.001110 0.001054 
0.001522 0.001209 0.001074 
0.001461 0.001143 0.001033 
0.001475 0.001102 0.001087 
0.001813 0.001715 0.001072 
0.001666 0.001502 0.001023 
0.001644 0.001410 0.001079 
0.001682 0.001443 0.001092 
0.001706 0.001546 0.001060 
0.001628 0.001434 0.001030 
0.001682 0.001373 0.001108 
0.001630 0.001422 0.001054 
0.001608 0.001395 0.001039 
0.001605 0.001312 0.001092 
0.001547 0.001238 0.001081 
0.001594 0.001361 0.001052 
0.001592 0.001268 0.001098 
0.001532 0.001206 0.001084 
0.001653 0.001392 0.001093 
0.001634 0.001407 0.001070 
0.001621 0.001421 0.001032 
0.001647 0.001418 0.001078 
0.001542 0.001271 0.001051 
0.001492 0.001183 0.001053 
0.001656 0.001437 0.001076 
0.001677 0.001433 0.001093 
0.001501 0.001089 0.001103 
0.001495 0.001156 0.001077 
0.001622 0.001360 0.001085 
0.001558 0.001269 0.001075 
0.001810 0.001657 0.001095 
0.001813 0.001738 0.001054 
0.001564 0.001286 0.001071 
0.001599 0.001363 0.001058 
0.001607 0.001368 0.001065 
0.001618 0.001401 0.001054 
0.001613 0.001386 0.001059 
0.001604 0.001357 0.001069 
0.001526 0.001234 0.001061 
0.001513 0.001228 0.001042 
0.001446 0.001112 0.001042 
0.001494 0.001176 0.001062 
0.001717 0.001554 0.001069 
0.001737 0.001565 0.001082 
0.001677 0.001410 0.001100 
0.001661 0.001415 0.001090 
0.001654 0.001468 0.001048 
0.001688 0.001511 0.001063 
0.001653 0.001455 0.001059 
0.001672 0.001498 0.001050 
0.001654 0.001401 0.001090 
0.001623 0.001377 0.001077 
0.001610 0.001402 0.001033 
0.001627 0.001407 0.001062 
0.001563 0.001261 0.001084 
0.001565 0.001237 0.001094 
0.001628 0.001388 0.001076 
0.001645 0.001396 0.001086 
0.001641 0.001430 0.001063 
0.001643 0.001438 0.001059 
0.001676 0.001417 0.001098 
0.001652 0.001429 0.001076 
0.001512 0.001231 0.001033 
0.001537 0.001251 0.001062 
0.001770 0.001572 0.001099 
0.001724 0.001550 0.001079 
0.001721 0.001565 0.001065 
0.001792 0.001692 0.001063 
0.001567 0.001245 0.001092 
0.001546 0.001226 0.001086 
0.001843 0.001657 0.001107 
0.001768 0.001599 0.001090 
0.001490 0.001113 0.001092 
0.001543 0.001146 0.001106 
0.001699 0.001540 0.001055 
0.001714 0.001564 0.001056 
0.001644 0.001381 0.001091 
0.001624 0.001366 0.001083 
0.001579 0.001351 0.001026 
0.001573 0.001317 0.001059 
0.001573 0.001255 0.001092 
0.001551 0.001255 0.001076 
0.001558 0.001284 0.001064 
0.001585 0.001294 0.001085 
0.001668 0.001392 0.001100 
0.001669 0.001421 0.001093 
0.001630 0.001422 0.001053 
0.001633 0.001429 0.001051 
0.001674 0.001449 0.001085 
0.001670 0.001434 0.001088 
0.001593 0.001342 0.001067 
0.001604 0.001292 0.001098 
0.001580 0.001258 0.001095 
0.001579 0.001272 0.001090 
0.001615 0.001368 0.001075 
0.001609 0.001374 0.001064 
0.001487 0.001179 0.001049 
0.001484 0.001158 0.001063 
0.001755 0.001596 0.001082 
0.001730 0.001575 0.001070 
0.001636 0.001384 0.001085 
0.001639 0.001376 0.001090 
0.001621 0.001397 0.001062 
0.001626 0.001416 0.001052 
0.001669 0.001437 0.001086 
0.001664 0.001430 0.001086 
0.001524 0.001238 0.001053 
0.001542 0.001268 0.001054 
0.001679 0.001452 0.001088 
0.001676 0.001445 0.001088 
0.001565 0.001222 0.001098 
0.001552 0.001208 0.001096 
0.001805 0.001740 0.001030 
0.001742 0.001592 0.001072 
0.001633 0.001364 0.001091 
0.001615 0.001343 0.001087 
0.001639 0.001364 0.001094 
0.001687 0.001382 0.001107 
0.001578 0.001324 0.001061 
0.001591 0.001319 0.001079 
0.001672 0.001404 0.001099 
0.001727 0.001458 0.001107 
0.001699 0.001545 0.001049 
0.001649 0.001465 0.001040 
0.001558 0.001233 0.001091 
0.001575 0.001247 0.001096 
0.001674 0.001438 0.001089 
0.001670 0.001431 0.001090 
0.001747 0.001583 0.001082 
0.001732 0.001534 0.001091 
0.001767 0.001618 0.001081 
0.001760 0.001587 0.001090 
0.001576 0.001269 0.001090 
0.001562 0.001248 0.001088 
0.001578 0.001306 0.001074 
0.001572 0.001302 0.001069 
0.001699 0.001398 0.001108 
0.001652 0.001388 0.001094 
0.001629 0.001356 0.001091 
0.001596 0.001329 0.001078 
0.001765 0.001652 0.001058 
0.001734 0.001609 0.001044 
0.001692 0.001485 0.001083 
0.001676 0.001443 0.001089 
0.001750 0.001575 0.001087 
0.001736 0.001571 0.001079 
0.001824 0.001726 0.001077 
0.001773 0.001651 0.001068 
0.001648 0.001371 0.001097 
0.001634 0.001352 0.001095 
0.001600 0.001319 0.001086 
0.001572 0.001288 0.001077 
0.001676 0.001435 0.001092 
0.001674 0.001430 0.001092 
0.001591 0.001329 0.001073 
0.001604 0.001339 0.001080 
0.001787 0.001649 0.001083 
0.001779 0.001681 0.001052 
0.001670 0.001388 0.001102 
0.001667 0.001375 0.001103 
0.001682 0.001416 0.001100 
0.001686 0.001399 0.001105 
0.001570 0.001232 0.001098 
0.001567 0.001238 0.001095 
0.001758 0.001566 0.001095 
0.001745 0.001558 0.001091 
0.001681 0.001396 0.001104 
0.001680 0.001388 0.001105 
0.001612 0.001332 0.001089 
0.001620 0.001331 0.001094 
0.001825 0.001696 0.001091 
0.001810 0.001744 0.001041 
0.001693 0.001446 0.001098 
0.001676 0.001428 0.001094 
0.001754 0.001600 0.001079 
0.001769 0.001608 0.001087 
0.001677 0.001465 0.001080 
0.001686 0.001462 0.001088 
0.001779 0.001615 0.001091 
0.001789 0.001673 0.001073 
0.001755 0.001630 0.001060 
0.001769 0.001639 0.001071 
0.001807 0.001716 0.001064 
0.001757 0.001662 0.001018 
0.001829 0.001716 0.001086 
0.001807 0.001698 0.001076 
0.001791 0.001657 0.001083 
0.001774 0.001631 0.001081 
0.001784 0.001703 0.001034 
0.001740 0.001627 0.001033 
0.001790 0.001639 0.001090 
0.001868 0.001712 0.001105 
0.001776 0.001640 0.001078 
0.001785 0.001631 0.001089 
0.001853 0.001718 0.001099 
0.001807 0.001678 0.001086 
0.001831 0.001691 0.001096 
0.001844 0.001691 0.001102 
0.001777 0.001601 0.001095 
0.001815 0.001681 0.001090 
0.001808 0.001630 0.001101 
0.001838 0.001697 0.001098 
0.001790 0.001646 0.001087 
0.001819 0.001662 0.001098 
0.001801 0.001663 0.001087 
0.001805 0.001655 0.001093 
0.001838 0.001691 0.001099 
0.001833 0.001687 0.001098 
0.001796 0.001645 0.001091 
0.001795 0.001652 0.001088 
0.001852 0.001694 0.001104 
0.001879 0.001706 0.001108 
0.001869 0.001697 0.001107 
0.001836 0.001684 0.001100 
0.001812 0.001666 0.001093 
0.001806 0.001661 0.001091 

163 532 2 3
162 532 163 74
2 532 162 1
8 533 165 7
164 533 8 9
165 533 164 74
-2 -2 -2 -2
-2 -2 -2 -2
-2 -2 -2 -2
-2 -2 -2 -2
169 87 171 132
-2 -2 -2 -2
174 536 173 152
172 536 174 159
173 536 172 25
176 537 18 19
175 537 176 45
18 537 175 17
-2 -2 -2 -2
-2 -2 -2 -2
178 45 177 90
-2 -2 -2 -2
-2 -2 -2 -2
-2 -2 -2 -2
-2 -2 -2 -2
183 52 185 48
-2 -2 -2 -2
-2 -2 -2 -2
-2 -2 -2 -2
-2 -2 -2 -2
248 91 190 39
-2 -2 -2 -2
190 91 189 87
194 67 193 55
10 67 194 9
-2 -2 -2 -2
-2 -2 -2 -2
-2 -2 -2 -2
196 124 195 148
199 545 12 13
198 545 199 90
12 545 198 11
-2 -2 -2 -2
-2 -2 -2 -2
271 58 200 52
205 547 204 46
203 547 205 48
204 547 203 134
207 548 176 19
206 548 207 128
176 548 206 45
-2 -2 -2 -2
164 55 419 74
194 55 164 9
211 550 210 151
209 550 211 152
210 550 209 27
20 551 213 19
212 551 20 21
213 551 212 46
-2 -2 -2 -2
177 62 215 90
-2 -2 -2 -2
-2 -2 -2 -2
-2 -2 -2 -2
-2 -2 -2 -2
-2 -2 -2 -2
-2 -2 -2 -2
-2 -2 -2 -2
28 151 210 27
221 151 28 29
-2 -2 -2 -2
224 107 223 43
-2 -2 -2 -2
223 107 428 70
-2 -2 -2 -2
-2 -2 -2 -2
-2 -2 -2 -2
-2 -2 -2 -2
-2 -2 -2 -2
-2 -2 -2 -2
232 559 223 70
231 559 232 93
223 559 231 43
44 560 234 43
233 560 44 1
234 560 233 54
236 561 16 17
235 561 236 90
16 561 235 15
-2 -2 -2 -2
-2 -2 -2 -2
-2 -2 -2 -2
-2 -2 -2 -2
340 54 241 73
-2 -2 -2 -2
-2 -2 -2 -2
338 65 244 51
241 65 338 73
-2 -2 -2 -2
245 49 193 67
215 49 245 90
-2 -2 -2 -2
247 115 248 39
-2 -2 -2 -2
250 136 205 46
-2 -2 -2 -2
-2 -2 -2 -2
-2 -2 -2 -2
-2 -2 -2 -2
-2 -2 -2 -2
-2 -2 -2 -2
-2 -2 -2 -2
413 713 254 64
6 570 257 5
165 570 6 7
257 570 165 74
-2 -2 -2 -2
244 49 295 51
167 49 244 65
233 572 259 54
162 572 233 1
259 572 162 74
198 67 10 11
-2 -2 -2 -2
-2 -2 -2 -2
-2 -2 -2 -2
-2 -2 -2 -2
-2 -2 -2 -2
264 575 40 41
247 575 264 115
40 575 247 39
-2 -2 -2 -2
-2 -2 -2 -2
-2 -2 -2 -2
-2 -2 -2 -2
268 125 186 140
-2 -2 -2 -2
-2 -2 -2 -2
-2 -2 -2 -2
-2 -2 -2 -2
-2 -2 -2 -2
-2 -2 -2 -2
274 41 273 78
-2 -2 -2 -2
-2 -2 -2 -2
207 19 276 128
-2 -2 -2 -2
-2 -2 -2 -2
-2 -2 -2 -2
-2 -2 -2 -2
-2 -2 -2 -2
-2 -2 -2 -2
-2 -2 -2 -2
284 68 225 123
-2 -2 -2 -2
-2 -2 -2 -2
-2 -2 -2 -2
-2 -2 -2 -2
-2 -2 -2 -2
-2 -2 -2 -2
-2 -2 -2 -2
-2 -2 -2 -2
-2 -2 -2 -2
-2 -2 -2 -2
-2 -2 -2 -2
-2 -2 -2 -2
295 49 215 62
-2 -2 -2 -2
-2 -2 -2 -2
-2 -2 -2 -2
-2 -2 -2 -2
-2 -2 -2 -2
296 53 281 59
364 105 273 41
-2 -2 -2 -2
-2 -2 -2 -2
-2 -2 -2 -2
303 53 296 96
-2 -2 -2 -2
-2 -2 -2 -2
-2 -2 -2 -2
-2 -2 -2 -2
-2 -2 -2 -2
-2 -2 -2 -2
-2 -2 -2 -2
-2 -2 -2 -2
-2 -2 -2 -2
-2 -2 -2 -2
-2 -2 -2 -2
-2 -2 -2 -2
-2 -2 -2 -2
235 596 14 15
199 596 235 90
14 596 199 13
-2 -2 -2 -2
193 49 167 55
-2 -2 -2 -2
-2 -2 -2 -2
-2 -2 -2 -2
-2 -2 -2 -2
-2 -2 -2 -2
-2 -2 -2 -2
-2 -2 -2 -2
-2 -2 -2 -2
-2 -2 -2 -2
-2 -2 -2 -2
324 601 32 33
323 601 324 145
32 601 323 31
-2 -2 -2 -2
-2 -2 -2 -2
-2 -2 -2 -2
-2 -2 -2 -2
-2 -2 -2 -2
289 60 281 93
-2 -2 -2 -2
-2 -2 -2 -2
281 60 334 59
-2 -2 -2 -2
-2 -2 -2 -2
-2 -2 -2 -2
-2 -2 -2 -2
-2 -2 -2 -2
-2 -2 -2 -2
-2 -2 -2 -2
-2 -2 -2 -2
334 60 336 72
-2 -2 -2 -2
-2 -2 -2 -2
-2 -2 -2 -2
-2 -2 -2 -2
-2 -2 -2 -2
-2 -2 -2 -2
4 610 163 3
257 610 4 5
163 610 257 74
-2 -2 -2 -2
-2 -2 -2 -2
-2 -2 -2 -2
-2 -2 -2 -2
-2 -2 -2 -2
-2 -2 -2 -2
-2 -2 -2 -2
345 86 218 126
-2 -2 -2 -2
-2 -2 -2 -2
-2 -2 -2 -2
-2 -2 -2 -2
-2 -2 -2 -2
-2 -2 -2 -2
-2 -2 -2 -2
358 58 354 78
-2 -2 -2 -2
354 58 359 115
-2 -2 -2 -2
-2 -2 -2 -2
-2 -2 -2 -2
-2 -2 -2 -2
-2 -2 -2 -2
-2 -2 -2 -2
-2 -2 -2 -2
-2 -2 -2 -2
271 75 359 58
-2 -2 -2 -2
-2 -2 -2 -2
-2 -2 -2 -2
-2 -2 -2 -2
-2 -2 -2 -2
-2 -2 -2 -2
-2 -2 -2 -2
281 105 364 93
-2 -2 -2 -2
-2 -2 -2 -2
426 105 281 53
-2 -2 -2 -2
-2 -2 -2 -2
-2 -2 -2 -2
-2 -2 -2 -2
-2 -2 -2 -2
-2 -2 -2 -2
-2 -2 -2 -2
-2 -2 -2 -2
296 59 361 63
-2 -2 -2 -2
-2 -2 -2 -2
-2 -2 -2 -2
-2 -2 -2 -2
-2 -2 -2 -2
-2 -2 -2 -2
426 53 303 78
-2 -2 -2 -2
303 64 358 78
-2 -2 -2 -2
-2 -2 -2 -2
-2 -2 -2 -2
-2 -2 -2 -2
-2 -2 -2 -2
-2 -2 -2 -2
-2 -2 -2 -2
234 632 224 43
340 632 234 54
224 632 340 107
377 85 338 51
-2 -2 -2 -2
-2 -2 -2 -2
-2 -2 -2 -2
-2 -2 -2 -2
-2 -2 -2 -2
-2 -2 -2 -2
183 56 271 52
345 56 183 86
-2 -2 -2 -2
381 75 271 56
-2 -2 -2 -2
181 145 384 110
-2 -2 -2 -2
-2 -2 -2 -2
-2 -2 -2 -2
-2 -2 -2 -2
367 81 385 88
295 62 286 51
-2 -2 -2 -2
-2 -2 -2 -2
389 640 212 21
388 640 389 160
212 640 388 46
-2 -2 -2 -2
-2 -2 -2 -2
-2 -2 -2 -2
198 90 245 67
-2 -2 -2 -2
-2 -2 -2 -2
175 643 236 17
178 643 175 45
236 643 178 90
-2 -2 -2 -2
-2 -2 -2 -2
-2 -2 -2 -2
-2 -2 -2 -2
189 75 381 87
-2 -2 -2 -2
-2 -2 -2 -2
-2 -2 -2 -2
-2 -2 -2 -2
-2 -2 -2 -2
-2 -2 -2 -2
-2 -2 -2 -2
42 648 364 41
231 648 42 43
364 648 231 93
-2 -2 -2 -2
-2 -2 -2 -2
-2 -2 -2 -2
-2 -2 -2 -2
-2 -2 -2 -2
-2 -2 -2 -2
377 651 325 85
286 651 377 51
325 651 286 50
-2 -2 -2 -2
325 70 428 85
-2 -2 -2 -2
-2 -2 -2 -2
403 68 284 129
-2 -2 -2 -2
-2 -2 -2 -2
-2 -2 -2 -2
-2 -2 -2 -2
-2 -2 -2 -2
-2 -2 -2 -2
347 57 350 96
-2 -2 -2 -2
-2 -2 -2 -2
-2 -2 -2 -2
-2 -2 -2 -2
-2 -2 -2 -2
-2 -2 -2 -2
-2 -2 -2 -2
-2 -2 -2 -2
-2 -2 -2 -2
-2 -2 -2 -2
-2 -2 -2 -2
-2 -2 -2 -2
-2 -2 -2 -2
-2 -2 -2 -2
-2 -2 -2 -2
293 661 225 68
206 661 293 45
225 661 206 128
-2 -2 -2 -2
-2 -2 -2 -2
-2 -2 -2 -2
-2 -2 -2 -2
-2 -2 -2 -2
293 68 403 702
-2 -2 -2 -2
334 72 361 59
-2 -2 -2 -2
-2 -2 -2 -2
-2 -2 -2 -2
-2 -2 -2 -2
-2 -2 -2 -2
419 54 259 74
241 54 419 65
-2 -2 -2 -2
-2 -2 -2 -2
419 55 167 65
-2 -2 -2 -2
420 89 390 141
-2 -2 -2 -2
-2 -2 -2 -2
-2 -2 -2 -2
-2 -2 -2 -2
-2 -2 -2 -2
-2 -2 -2 -2
-2 -2 -2 -2
-2 -2 -2 -2
-2 -2 -2 -2
-2 -2 -2 -2
-2 -2 -2 -2
-2 -2 -2 -2
-2 -2 -2 -2
-2 -2 -2 -2
-2 -2 -2 -2
426 78 273 105
-2 -2 -2 -2
-2 -2 -2 -2
-2 -2 -2 -2
-2 -2 -2 -2
350 64 303 96
-2 -2 -2 -2
-2 -2 -2 -2
428 73 338 85
340 73 428 107
-2 -2 -2 -2
-2 -2 -2 -2
-2 -2 -2 -2
-2 -2 -2 -2
-2 -2 -2 -2
-2 -2 -2 -2
-2 -2 -2 -2
-2 -2 -2 -2
-2 -2 -2 -2
-2 -2 -2 -2
-2 -2 -2 -2
-2 -2 -2 -2
436 681 177 45
435 681 436 135
177 681 435 62
438 682 36 37
437 682 438 145
36 682 437 35
381 683 171 87
439 683 381 103
171 683 439 132
251 684 237 686
361 684 251 63
237 684 361 72
441 685 440 99
314 685 441 138
440 685 314 72
442 686 237 47
251 686 442 128
-2 -2 -2 -2
444 687 276 19
443 687 444 137
276 687 443 133
232 688 289 93
397 688 232 70
289 688 397 60
447 689 446 129
445 689 447 99
446 689 445 95
405 690 347 96
448 690 405 122
347 690 448 114
213 691 449 19
204 691 213 46
449 691 204 134
189 692 359 75
248 692 189 91
359 692 248 115
274 693 264 41
354 693 274 78
264 693 354 115
286 694 367 88
435 694 286 62
367 694 435 135
293 695 433 45
450 695 293 81
433 695 450 116
432 696 451 98
413 696 432 713
451 696 413 117
-2 -2 -2 -2
452 64 350 57
413 64 452 117
454 698 420 103
453 698 454 126
420 698 453 89
183 699 455 86
205 699 183 48
455 699 205 136
458 700 457 69
456 700 458 132
457 700 456 141
459 701 390 89
378 701 459 118
390 701 378 119
-2 -2 -2 -2
365 702 403 50
293 702 365 81
286 703 365 50
385 703 286 88
365 703 385 81
461 704 446 95
460 704 461 121
446 704 460 129
397 705 461 95
325 705 397 70
461 705 325 121
449 706 444 19
462 706 449 134
444 706 462 137
463 707 296 63
405 707 463 112
296 707 405 96
237 708 464 47
314 708 237 72
464 708 314 138
466 709 465 131
445 709 466 95
465 709 445 99
468 710 195 144
467 710 468 110
195 710 467 148
190 711 469 39
169 711 190 87
469 711 169 124
185 712 470 48
200 712 185 52
470 712 200 142
-2 -2 -2 -2
186 713 432 98
254 713 186 125
459 714 218 118
453 714 459 89
218 714 453 126
381 715 454 103
345 715 381 56
454 715 345 126
30 716 471 29
261 716 30 31
471 716 261 146
468 717 473 110
472 717 468 144
473 717 472 143
463 718 474 112
251 718 463 63
474 718 251 128
464 719 442 47
475 719 464 138
442 719 475 128
476 720 284 123
447 720 476 99
284 720 447 129
403 721 325 50
460 721 403 129
325 721 460 121
451 722 186 98
477 722 451 117
186 722 477 130
452 723 477 117
478 723 452 57
477 723 478 130
397 724 336 60
466 724 397 95
336 724 466 131
440 725 465 99
336 725 440 72
465 725 336 131
481 726 480 147
479 726 481 143
480 726 479 150
482 727 384 145
467 727 482 148
384 727 467 110
405 728 484 122
483 728 405 112
484 728 483 133
474 729 483 112
276 729 474 128
483 729 276 133
486 730 485 134
347 730 486 140
485 730 347 114
487 731 485 114
462 731 487 137
485 731 462 134
433 732 436 45
488 732 433 116
436 732 488 135
450 733 488 116
367 733 450 81
488 733 367 135
378 734 250 46
489 734 378 118
250 734 489 136
218 735 489 118
455 735 218 86
489 735 455 136
448 736 487 114
490 736 448 122
487 736 490 137
484 737 490 122
443 737 484 133
490 737 443 137
476 738 441 99
491 738 476 123
441 738 491 138
225 739 491 123
475 739 225 128
491 739 475 138
494 740 493 151
492 740 494 146
493 740 492 149
437 741 34 35
324 741 437 145
34 741 324 33
486 742 268 140
203 742 486 134
268 742 203 48
478 743 186 130
347 743 478 57
186 743 347 140
439 744 456 132
420 744 439 103
456 744 420 141
495 745 390 119
457 745 495 69
390 745 457 141
358 746 200 58
254 746 358 64
200 746 254 142
268 747 254 125
470 747 268 48
254 747 470 142
495 748 497 69
496 748 495 119
497 748 496 153
181 749 498 127
473 749 181 110
498 749 473 143
169 750 195 124
499 750 169 132
195 750 499 144
500 751 499 132
472 751 500 143
499 751 472 144
261 752 181 755
323 752 261 31
181 752 323 145
502 753 38 39
501 753 502 148
38 753 501 37
494 754 471 146
221 754 494 151
471 754 221 29
-2 -2 -2 -2
503 755 181 127
261 755 503 146
498 756 228 127
481 756 498 143
228 756 481 147
505 757 458 69
504 757 505 150
458 757 504 132
438 758 482 145
501 758 438 37
482 758 501 148
469 759 502 39
196 759 469 124
502 759 196 148
508 760 507 153
506 760 508 158
507 760 506 150
24 761 509 23
172 761 24 25
509 761 172 159
500 762 479 143
504 762 500 132
479 762 504 150
497 763 505 69
507 763 497 153
505 763 507 150
26 764 173 25
209 764 26 27
173 764 209 152
511 765 503 127
510 765 511 156
503 765 510 146
493 766 513 151
512 766 493 149
513 766 512 154
516 767 515 157
514 767 516 160
515 767 514 152
378 768 496 119
517 768 378 46
496 768 517 153
492 769 518 149
510 769 492 146
518 769 510 156
388 770 517 46
519 770 388 160
517 770 519 153
211 771 520 152
513 771 211 151
520 771 513 154
480 772 521 147
506 772 480 150
521 772 506 158
320 773 522 149
519 773 320 153
522 773 519 160
228 774 511 127
523 774 228 155
511 774 523 156
525 775 524 155
320 775 525 153
524 775 320 161
520 776 515 152
526 776 520 154
515 776 526 157
512 777 526 154
527 777 512 149
526 777 527 157
525 778 508 153
528 778 525 155
508 778 528 158
228 779 528 155
521 779 228 147
528 779 521 158
174 780 529 159
514 780 174 152
529 780 514 160
22 781 530 21
509 781 22 23
530 781 509 159
530 782 389 21
529 782 530 159
389 782 529 160
527 783 516 157
522 783 527 149
516 783 522 160
518 784 320 149
531 784 518 156
320 784 531 161
523 785 531 156
524 785 523 155
531 785 524 161
44
0.001431 0.001096 0.001019
0.001432 0.001095 0.001029
0.001430 0.001096 0.001010
0.001431 0.001096 0.001019
0.001446 0.001090 0.001065
0.001452 0.001087 0.001073
0.001452 0.001087 0.001073
0.001458 0.001085 0.001080
0.001616 0.001217 0.001110
0.001710 0.001380 0.001110
0.001522 0.001055 0.001110
0.001616 0.001217 0.001110
0.001458 0.001085 0.001080
0.001464 0.001082 0.001087
0.001479 0.001075 0.001098
0.001487 0.001072 0.001102
0.001472 0.001079 0.001093
0.001479 0.001075 0.001098
0.001710 0.001380 0.001110
0.001804 0.001543 0.001110
0.001804 0.001543 0.001110
0.001898 0.001705 0.001110
0.001849 0.001733 0.001093
0.001843 0.001737 0.001087
0.001843 0.001737 0.001087
0.001836 0.001741 0.001080
0.001525 0.001261 0.001010
0.001478 0.001178 0.001010
0.001478 0.001178 0.001010
0.001430 0.001096 0.001010
0.001513 0.001059 0.001109
0.001522 0.001055 0.001110
0.001504 0.001063 0.001108
0.001513 0.001059 0.001109
0.001438 0.001093 0.001048
0.001441 0.001092 0.001057
0.001441 0.001092 0.001057
0.001446 0.001090 0.001065
0.001464 0.001082 0.001087
0.001472 0.001079 0.001093
0.001668 0.001508 0.001010
0.001621 0.001426 0.001010
0.001716 0.001590 0.001010
0.001668 0.001508 0.001010
0.001496 0.001068 0.001105
0.001504 0.001063 0.001108
0.001487 0.001072 0.001102
0.001496 0.001068 0.001105
0.001821 0.001749 0.001057
0.001818 0.001752 0.001048
0.001826 0.001747 0.001065
0.001821 0.001749 0.001057
0.001432 0.001095 0.001029
0.001434 0.001094 0.001039
0.001434 0.001094 0.001039
0.001438 0.001093 0.001048
0.001621 0.001426 0.001010
0.001573 0.001343 0.001010
0.001573 0.001343 0.001010
0.001525 0.001261 0.001010
0.001811 0.001755 0.001019
0.001811 0.001755 0.001010
0.001813 0.001754 0.001029
0.001811 0.001755 0.001019
0.001836 0.001741 0.001080
0.001831 0.001744 0.001073
0.001831 0.001744 0.001073
0.001826 0.001747 0.001065
0.001815 0.001753 0.001039
0.001813 0.001754 0.001029
0.001818 0.001752 0.001048
0.001815 0.001753 0.001039
0.001763 0.001673 0.001010
0.001716 0.001590 0.001010
0.001811 0.001755 0.001010
0.001763 0.001673 0.001010
0.001881 0.001715 0.001108
0.001872 0.001720 0.001105
0.001872 0.001720 0.001105
0.001864 0.001724 0.001102
0.001864 0.001724 0.001102
0.001857 0.001729 0.001098
0.001857 0.001729 0.001098
0.001849 0.001733 0.001093
0.001898 0.001705 0.001110
0.001889 0.001710 0.001109
0.001889 0.001710 0.001109
0.001881 0.001715 0.001108
