779 726
0.004566 0.000780 -0.000599 
0.004566 0.000764 -0.000668 
0.004566 0.000741 -0.000734 
0.004566 0.000710 -0.000797 
0.004566 0.000672 -0.000856 
0.004566 0.000628 -0.000911 
0.004566 0.000577 -0.000960 
0.004566 0.000522 -0.001003 
0.004566 0.000462 -0.001040 
0.004566 0.000399 -0.001070 
0.004566 0.000332 -0.001093 
0.004566 0.000264 -0.001108 
0.004566 0.000194 -0.001115 
0.004566 0.000123 -0.001114 
0.004566 0.000054 -0.001106 
0.004566 -0.000015 -0.001089 
0.004566 -0.000081 -0.001065 
0.004471 -0.000081 -0.001065 
0.004376 -0.000081 -0.001065 
0.004282 -0.000081 -0.001065 
0.004187 -0.000081 -0.001065 
0.004092 -0.000081 -0.001065 
0.003998 -0.000081 -0.001065 
0.003903 -0.000081 -0.001065 
0.003808 -0.000081 -0.001065 
0.003714 -0.000081 -0.001065 
0.003619 -0.000081 -0.001065 
0.003524 -0.000081 -0.001065 
0.003429 -0.000081 -0.001065 
0.003335 -0.000081 -0.001065 
0.003240 -0.000081 -0.001065 
0.003145 -0.000081 -0.001065 
0.003051 -0.000081 -0.001065 
0.003058 -0.000022 -0.001087 
0.003065 0.000039 -0.001103 
0.003070 0.000101 -0.001112 
0.003072 0.000165 -0.001116 
0.003070 0.000228 -0.001113 
0.003066 0.000290 -0.001103 
0.003058 0.000351 -0.001087 
0.003051 0.000410 -0.001065 
0.003045 0.000452 -0.001046 
0.003039 0.000491 -0.001024 
0.003032 0.000529 -0.000999 
0.003025 0.000565 -0.000971 
0.003018 0.000599 -0.000940 
0.003011 0.000630 -0.000908 
0.003004 0.000659 -0.000873 
0.002997 0.000686 -0.000836 
0.002990 0.000709 -0.000797 
0.002984 0.000730 -0.000757 
0.002979 0.000748 -0.000715 
0.002974 0.000763 -0.000672 
0.002971 0.000775 -0.000628 
0.002968 0.000783 -0.000582 
0.002966 0.000788 -0.000537 
0.002966 0.000790 -0.000491 
0.002966 0.000788 -0.000445 
0.002968 0.000783 -0.000400 
0.002971 0.000775 -0.000354 
0.002974 0.000763 -0.000310 
0.002979 0.000748 -0.000267 
0.002984 0.000730 -0.000225 
0.002990 0.000709 -0.000184 
0.002997 0.000686 -0.000145 
0.003004 0.000659 -0.000108 
0.003011 0.000630 -0.000074 
0.003018 0.000599 -0.000041 
0.003025 0.000565 -0.000011 
0.003032 0.000529 0.000017 
0.003039 0.000491 0.000042 
0.003045 0.000452 0.000064 
0.003051 0.000410 0.000084 
0.003145 0.000410 0.000084 
0.003240 0.000410 0.000084 
0.003335 0.000410 0.000084 
0.003429 0.000410 0.000084 
0.003524 0.000410 0.000084 
0.003619 0.000410 0.000084 
0.003714 0.000410 0.000084 
0.003808 0.000410 0.000084 
0.003903 0.000410 0.000084 
0.003998 0.000410 0.000084 
0.004092 0.000410 0.000084 
0.004187 0.000410 0.000084 
0.004282 0.000410 0.000084 
0.004376 0.000410 0.000084 
0.004471 0.000410 0.000084 
0.004566 0.000410 0.000084 
0.004566 0.000458 0.000061 
0.004566 0.000503 0.000035 
0.004566 0.000546 0.000005 
0.004566 0.000586 -0.000029 
0.004566 0.000623 -0.000066 
0.004566 0.000657 -0.000106 
0.004566 0.000688 -0.000148 
0.004566 0.000714 -0.000193 
0.004566 0.000737 -0.000240 
0.004566 0.000756 -0.000289 
0.004566 0.000771 -0.000339 
0.004566 0.000782 -0.000391 
0.004566 0.000788 -0.000443 
0.004566 0.000790 -0.000495 
0.004566 0.000787 -0.000547 
0.003274 0.000057 -0.001106 
0.004387 0.000064 -0.001108 
0.003213 0.000565 -0.000011 
0.003788 0.000693 -0.000825 
0.004376 0.000546 0.000005 
0.003767 0.000788 -0.000447 
0.004211 0.000473 -0.001034 
0.003430 0.000466 -0.001038 
0.004166 0.000748 -0.000267 
0.003411 0.000745 -0.000258 
0.004177 0.000764 -0.000667 
0.003665 0.000312 -0.001098 
0.003361 0.000785 -0.000567 
0.003451 0.000209 -0.001114 
0.004371 0.000341 -0.001090 
0.003917 0.000677 -0.000133 
0.004042 0.000183 -0.001115 
0.003172 0.000790 -0.000503 
0.003357 0.000667 -0.000862 
0.004121 0.000623 -0.000066 
0.003190 0.000679 -0.000135 
0.003937 0.000081 -0.001110 
0.003497 0.000604 -0.000046 
0.003940 0.000416 -0.001063 
0.004366 0.000709 -0.000183 
0.003141 0.000679 -0.000846 
0.003635 0.000734 -0.000232 
0.003983 0.000598 -0.000941 
0.003292 0.000228 -0.001112 
0.003197 0.000757 -0.000690 
0.003587 0.000760 -0.000683 
0.003756 0.000133 -0.001115 
0.004371 0.000726 -0.000766 
0.003158 0.000441 -0.001052 
0.003609 0.000593 -0.000946 
0.004371 0.000584 -0.000954 
0.003719 0.000510 0.000030 
0.004366 0.000768 -0.000328 
0.003972 0.000786 -0.000558 
0.003505 0.000785 -0.000415 
0.004177 0.000670 -0.000859 
0.003948 0.000761 -0.000304 
0.003977 0.000726 -0.000766 
0.004436 0.000783 -0.000581 
0.003775 0.000509 -0.001012 
0.004172 0.000789 -0.000465 
0.003779 0.000769 -0.000649 
0.003366 0.000549 0.000002 
0.003497 0.000694 -0.000158 
0.003974 0.000558 -0.000005 
0.003187 0.000764 -0.000312 
0.003611 0.000787 -0.000552 
0.003636 0.000777 -0.000363 
0.004044 0.000348 -0.001088 
0.004278 0.000200 -0.001115 
0.003617 0.000080 -0.001110 
0.003281 0.000608 -0.000932 
0.003564 0.000347 -0.001089 
0.003389 0.000316 -0.001097 
0.003788 0.000737 -0.000240 
0.004121 0.000066 -0.001108 
0.003822 0.000273 -0.001106 
0.004277 0.000625 -0.000068 
0.003724 0.000605 -0.000934 
0.003554 0.000664 -0.000867 
0.003881 0.000204 -0.001114 
0.003358 0.000535 -0.000994 
0.003314 0.000385 -0.001076 
0.004328 0.000484 -0.001028 
0.003656 0.000630 -0.000073 
0.003477 0.000785 -0.000566 
0.003355 0.000781 -0.000387 
0.003871 0.000499 0.000037 
0.003817 0.000779 -0.000373 
0.003749 0.000401 -0.001069 
0.003368 0.000647 -0.000093 
0.003430 0.000731 -0.000755 
0.004159 0.000547 0.000004 
0.004229 0.000571 -0.000966 
0.003639 0.000482 -0.001029 
0.003584 0.000561 -0.000008 
0.004279 0.000534 0.000013 
0.003619 0.000258 -0.001109 
0.004112 0.000588 -0.000950 
0.004307 0.000666 -0.000864 
0.003265 0.000603 -0.000045 
0.003956 0.000322 -0.001096 
0.003692 0.000189 -0.001115 
0.003508 0.000063 -0.001107 
0.003304 0.000455 -0.001044 
0.003430 0.000789 -0.000468 
0.003856 0.000602 -0.000044 
0.004012 0.000539 -0.000992 
0.003931 0.000786 -0.000419 
0.003433 0.000767 -0.000656 
0.004220 0.000708 -0.000801 
0.004458 -0.000001 -0.001093 
0.004236 0.000060 -0.001107 
0.004332 0.000133 -0.001115 
0.004201 0.000130 -0.001115 
0.004463 0.000040 -0.001103 
0.004449 0.000138 -0.001115 
0.003377 -0.000009 -0.001091 
0.003241 -0.000012 -0.001090 
0.003181 -0.000011 -0.001091 
0.004036 -0.000013 -0.001090 
0.004131 -0.000013 -0.001090 
0.004357 -0.000018 -0.001088 
0.004436 0.000468 -0.001037 
0.004469 0.000526 -0.001001 
0.004339 0.000531 -0.000997 
0.003119 0.000746 -0.000260 
0.003114 0.000761 -0.000303 
0.003126 0.000529 0.000017 
0.003119 0.000565 -0.000011 
0.003140 0.000452 0.000065 
0.003227 0.000491 0.000042 
0.003112 0.000599 -0.000041 
0.003787 0.000559 -0.000006 
0.003821 0.000649 -0.000095 
0.003891 0.000633 -0.000077 
0.003311 0.000473 0.000053 
0.003406 0.000473 0.000053 
0.004076 0.000523 0.000022 
0.003977 0.000490 0.000043 
0.004075 0.000561 -0.000007 
0.004479 0.000763 -0.000673 
0.004505 0.000778 -0.000610 
0.004383 0.000758 -0.000687 
0.004469 0.000734 -0.000750 
0.003148 0.000527 -0.001000 
0.003122 0.000484 -0.001028 
0.003229 0.000521 -0.001004 
0.003111 0.000411 -0.001065 
0.004077 0.000747 -0.000717 
0.004075 0.000778 -0.000613 
0.003975 0.000765 -0.000665 
0.003489 0.000654 -0.000102 
0.003523 0.000652 -0.000100 
0.003423 0.000620 -0.000062 
0.004471 0.000525 0.000020 
0.004471 0.000566 -0.000012 
0.003939 0.000471 0.000054 
0.003827 0.000465 0.000058 
0.003111 0.000773 -0.000348 
0.004466 0.000684 -0.000143 
0.004466 0.000712 -0.000188 
0.003794 0.000560 -0.000006 
0.003680 0.000576 -0.000020 
0.004471 0.000458 0.000061 
0.004376 0.000481 0.000049 
0.003191 0.000731 -0.000225 
0.003305 0.000758 -0.000295 
0.003305 0.000709 -0.000183 
0.004466 0.000735 -0.000235 
0.004328 0.000474 0.000052 
0.004233 0.000474 0.000052 
0.003070 0.000788 -0.000543 
0.003069 0.000790 -0.000497 
0.004466 0.000763 -0.000308 
0.004366 0.000743 -0.000253 
0.004471 0.000789 -0.000511 
0.003110 0.000625 -0.000914 
0.003055 0.000647 -0.000889 
0.003697 0.000780 -0.000599 
0.003591 0.000776 -0.000623 
0.003697 0.000757 -0.000689 
0.003837 0.000770 -0.000335 
0.003902 0.000774 -0.000352 
0.003875 0.000744 -0.000256 
0.004373 0.000789 -0.000457 
0.004461 0.000785 -0.000417 
0.003074 0.000773 -0.000633 
0.003176 0.000781 -0.000594 
0.003077 0.000761 -0.000677 
0.004469 0.000631 -0.000907 
0.004469 0.000581 -0.000957 
0.003190 0.000338 -0.001091 
0.003179 0.000261 -0.001108 
0.003303 0.000308 -0.001099 
0.003257 0.000147 -0.001115 
0.003177 0.000192 -0.001115 
0.003184 0.000131 -0.001115 
0.003357 0.000162 -0.001116 
0.003372 0.000228 -0.001113 
0.003761 0.000322 -0.001096 
0.003703 0.000373 -0.001080 
0.003741 0.000296 -0.001102 
0.004155 0.000298 -0.001101 
0.004081 0.000261 -0.001108 
0.004161 0.000189 -0.001115 
0.004231 0.000345 -0.001089 
0.004325 0.000271 -0.001107 
0.004294 0.000380 -0.001077 
0.003169 0.000056 -0.001106 
0.003713 -0.000002 -0.001093 
0.003618 -0.000002 -0.001093 
0.004263 -0.000002 -0.001093 
0.004050 0.000446 -0.001049 
0.004127 0.000412 -0.001065 
0.004100 0.000496 -0.001021 
0.003298 0.000549 0.000002 
0.003368 0.000600 -0.000043 
0.003452 0.000572 -0.000017 
0.003484 0.000702 -0.000810 
0.003373 0.000712 -0.000793 
0.003441 0.000659 -0.000873 
0.003284 0.000709 -0.000799 
0.003320 0.000748 -0.000715 
0.004471 0.000605 -0.000047 
0.004420 0.000644 -0.000089 
0.004326 0.000589 -0.000032 
0.004466 0.000776 -0.000359 
0.003428 0.000790 -0.000492 
0.003419 0.000783 -0.000580 
0.003464 0.000790 -0.000505 
0.004469 0.000403 -0.001069 
0.004469 0.000337 -0.001092 
0.003153 0.000587 -0.000952 
0.003211 0.000637 -0.000900 
0.003563 -0.000010 -0.001091 
0.003563 0.000072 -0.001109 
0.003980 0.000670 -0.000859 
0.003883 0.000710 -0.000796 
0.003886 0.000649 -0.000886 
0.004220 0.000586 -0.000029 
0.004120 0.000581 -0.000025 
0.004190 0.000645 -0.000091 
0.003092 0.000713 -0.000190 
0.003098 0.000689 -0.000151 
0.003410 0.000695 -0.000160 
0.003473 0.000722 -0.000209 
0.004280 0.000526 -0.001001 
0.004200 0.000529 -0.000999 
0.004283 0.000457 -0.001043 
0.004174 0.000785 -0.000567 
0.004072 0.000789 -0.000512 
0.003782 0.000024 -0.001100 
0.003687 0.000107 -0.001113 
0.003683 0.000408 -0.001066 
0.003634 0.000386 -0.001075 
0.003158 0.000725 -0.000768 
0.003253 0.000665 -0.000866 
0.003278 0.000771 -0.000644 
0.003274 0.000787 -0.000554 
0.003420 0.000056 -0.001106 
0.003469 -0.000010 -0.001091 
0.003492 0.000307 -0.001099 
0.003404 0.000261 -0.001108 
0.003521 0.000275 -0.001106 
0.004469 0.000268 -0.001107 
0.004400 0.000200 -0.001115 
0.003729 0.000694 -0.000158 
0.003836 0.000711 -0.000188 
0.003658 0.000476 0.000051 
0.003777 0.000469 0.000056 
0.004030 0.000070 -0.001109 
0.004110 0.000133 -0.001115 
0.003975 0.000136 -0.001115 
0.004001 0.000299 -0.001101 
0.003994 0.000344 -0.001089 
0.003070 0.000789 -0.000451 
0.003213 0.000783 -0.000399 
0.003660 0.000686 -0.000836 
0.003681 0.000727 -0.000763 
0.003579 0.000716 -0.000785 
0.004223 0.000689 -0.000150 
0.004266 0.000730 -0.000224 
0.004320 0.000672 -0.000126 
0.004117 0.000682 -0.000140 
0.004032 0.000659 -0.000108 
0.004024 0.000715 -0.000195 
0.003105 0.000663 -0.000114 
0.003207 0.000634 -0.000078 
0.003973 -0.000013 -0.001090 
0.003878 -0.000013 -0.001090 
0.003852 0.000095 -0.001112 
0.003474 0.000537 0.000011 
0.003538 0.000585 -0.000028 
0.003623 0.000601 -0.000043 
0.003570 0.000617 -0.000060 
0.003741 0.000242 -0.001111 
0.003681 0.000251 -0.001110 
0.003893 0.000524 -0.001002 
0.003858 0.000464 -0.001040 
0.003976 0.000479 -0.001031 
0.004328 0.000540 0.000009 
0.003049 0.000685 -0.000837 
0.003080 0.000714 -0.000789 
0.003760 0.000776 -0.000360 
0.003701 0.000784 -0.000405 
0.003794 0.000783 -0.000400 
0.003542 0.000765 -0.000316 
0.003468 0.000775 -0.000354 
0.003571 0.000781 -0.000389 
0.003684 0.000543 -0.000988 
0.003715 0.000489 -0.001025 
0.003750 0.000559 -0.000976 
0.004045 0.000666 -0.000865 
0.004048 0.000593 -0.000946 
0.003150 0.000379 -0.001078 
0.003080 0.000741 -0.000734 
0.003784 0.000738 -0.000740 
0.003459 0.000617 -0.000922 
0.003356 0.000612 -0.000927 
0.003591 0.000303 -0.001100 
0.003636 0.000283 -0.001104 
0.003618 0.000349 -0.001088 
0.003959 0.000201 -0.001115 
0.003906 0.000145 -0.001115 
0.004469 0.000701 -0.000812 
0.004436 0.000669 -0.000860 
0.004339 0.000698 -0.000816 
0.003484 0.000565 -0.000971 
0.003394 0.000501 -0.001017 
0.003520 0.000532 -0.000996 
0.003354 0.000345 -0.001089 
0.003337 0.000270 -0.001107 
0.003546 0.000470 -0.001036 
0.003496 0.000407 -0.001067 
0.003601 0.000417 -0.001063 
0.003570 0.000638 -0.000899 
0.004352 0.000415 -0.001063 
0.003997 0.000569 -0.000967 
0.003879 0.000555 -0.000979 
0.003912 0.000584 -0.000027 
0.003922 0.000529 0.000017 
0.003863 0.000553 -0.000001 
0.003562 0.000671 -0.000125 
0.004305 0.000789 -0.000521 
0.004308 0.000775 -0.000628 
0.004266 0.000759 -0.000297 
0.003877 0.000751 -0.000706 
0.003877 0.000781 -0.000389 
0.003954 0.000780 -0.000381 
0.003307 0.000764 -0.000669 
0.003375 0.000775 -0.000626 
0.003291 0.000776 -0.000358 
0.003371 0.000771 -0.000341 
0.004263 0.000688 -0.000833 
0.004199 0.000689 -0.000830 
0.004242 0.000668 -0.000861 
0.004339 0.000627 -0.000911 
0.003946 0.000733 -0.000231 
0.004052 0.000756 -0.000287 
0.004051 0.000788 -0.000442 
0.004059 0.000779 -0.000373 
0.003875 0.000780 -0.000601 
0.004099 0.000717 -0.000784 
0.004077 0.000700 -0.000814 
0.004274 0.000747 -0.000717 
0.004269 0.000783 -0.000396 
0.004169 0.000777 -0.000364 
0.003667 0.000599 -0.000940 
0.003622 0.000539 -0.000991 
0.003853 0.000601 -0.000938 
0.003756 0.000652 -0.000882 
0.003629 0.000790 -0.000479 
0.003694 0.000789 -0.000521 
0.003772 0.000787 -0.000546 
0.003869 0.000790 -0.000503 
0.003232 0.000651 -0.000098 
0.003239 0.000584 -0.000027 
0.003507 0.000489 0.000044 
0.003567 0.000713 -0.000190 
0.003546 0.000741 -0.000249 
0.003633 0.000693 -0.000157 
0.004047 0.000592 -0.000035 
0.003968 0.000619 -0.000061 
0.003264 0.000788 -0.000445 
0.003546 0.000786 -0.000562 
0.003564 0.000790 -0.000505 
0.003497 0.000790 -0.000501 
0.003636 0.000759 -0.000296 
0.004158 0.000530 -0.000998 
0.004062 0.000564 -0.000972 
0.003899 0.000310 -0.001099 
0.003943 0.000358 -0.001085 
0.003863 0.000352 -0.001087 
0.003724 0.000161 -0.001116 
0.003787 0.000204 -0.001114 
0.003478 0.000108 -0.001113 
0.003293 0.000536 -0.000994 
0.003230 0.000453 -0.001045 
0.003298 0.000628 -0.000910 
0.003416 0.000392 -0.001073 
0.003555 0.000229 -0.001112 
0.003549 0.000144 -0.001115 
0.003618 0.000169 -0.001116 
0.003372 0.000426 -0.001058 
0.003736 0.000761 -0.000303 
0.003732 0.000734 -0.000234 
0.003851 0.000239 -0.001111 
0.003819 0.000169 -0.001116 
0.003818 0.000404 -0.001068 
0.003766 0.000456 -0.001044 
0.003628 0.000644 -0.000892 
0.003490 0.000760 -0.000680 
0.003535 0.000776 -0.000623 
0.003456 0.000778 -0.000612 
0.003922 0.000269 -0.001107 
0.003320 0.000572 -0.000964 
0.003309 0.000420 -0.001061 
0.003234 0.000409 -0.001066 
0.003367 0.000460 -0.001041 
0.003331 0.000496 -0.001021 
0.004263 0.000611 -0.000928 
0.004296 0.000567 -0.000969 
0.003642 0.000538 0.000011 
0.003602 0.000489 0.000044 
0.003393 0.000786 -0.000427 
0.003446 0.000789 -0.000454 
0.003430 0.000783 -0.000401 
0.003346 0.000790 -0.000484 
0.003808 0.000512 0.000029 
0.003849 0.000787 -0.000433 
0.003951 0.000790 -0.000488 
0.003306 0.000622 -0.000065 
0.003324 0.000569 -0.000014 
0.003301 0.000670 -0.000122 
0.003499 0.000735 -0.000747 
0.003435 0.000747 -0.000717 
0.004220 0.000537 0.000011 
0.004277 0.000584 -0.000027 
0.004158 0.000483 0.000047 
0.004170 0.000577 -0.000960 
0.004199 0.000613 -0.000926 
0.004145 0.000631 -0.000907 
0.003656 0.000223 -0.001113 
0.003655 0.000134 -0.001115 
0.004296 0.000717 -0.000783 
0.004199 0.000740 -0.000735 
0.003994 0.000407 -0.001067 
0.004503 -0.000037 -0.001082 
0.004257 0.000108 -0.001113 
0.004503 0.000100 -0.001112 
0.003307 -0.000042 -0.001081 
0.003119 -0.000042 -0.001081 
0.004086 -0.000036 -0.001083 
0.004436 0.000003 -0.001094 
0.004415 0.000509 -0.001013 
0.003071 0.000752 -0.000277 
0.003093 0.000541 0.000008 
0.003110 0.000438 0.000071 
0.003164 0.000491 0.000042 
0.003083 0.000588 -0.000031 
0.003812 0.000624 -0.000067 
0.003351 0.000453 0.000064 
0.004055 0.000519 0.000024 
0.004514 0.000769 -0.000649 
0.004444 0.000754 -0.000700 
0.003169 0.000518 -0.001006 
0.003110 0.000447 -0.001048 
0.004042 0.000765 -0.000666 
0.003458 0.000645 -0.000091 
0.004503 0.000546 0.000005 
0.003885 0.000448 0.000067 
0.003065 0.000770 -0.000335 
0.004499 0.000695 -0.000160 
0.003736 0.000597 -0.000039 
0.004440 0.000488 0.000044 
0.003281 0.000734 -0.000232 
0.004499 0.000728 -0.000221 
0.004281 0.000453 0.000064 
0.004503 0.000442 0.000069 
0.003035 0.000789 -0.000525 
0.004433 0.000748 -0.000265 
0.004501 0.000786 -0.000559 
0.003060 0.000624 -0.000915 
0.003660 0.000768 -0.000653 
0.003883 0.000763 -0.000311 
0.004437 0.000789 -0.000463 
0.003106 0.000782 -0.000590 
0.003041 0.000770 -0.000646 
0.004501 0.000614 -0.000926 
0.003223 0.000303 -0.001100 
0.003206 0.000154 -0.001116 
0.003336 0.000166 -0.001116 
0.003754 0.000348 -0.001088 
0.004135 0.000246 -0.001110 
0.004280 0.000338 -0.001091 
0.003186 0.000003 -0.001094 
0.004501 0.000544 -0.000988 
0.003144 0.000085 -0.001111 
0.003682 -0.000028 -0.001085 
0.004307 -0.000035 -0.001083 
0.004092 0.000452 -0.001046 
0.003278 0.000505 0.000034 
0.003427 0.000610 -0.000052 
0.003457 0.000692 -0.000827 
0.003327 0.000725 -0.000767 
0.004503 0.000599 -0.000041 
0.004406 0.000613 -0.000055 
0.004499 0.000784 -0.000404 
0.003438 0.000787 -0.000550 
0.004501 0.000380 -0.001078 
0.004174 0.000351 -0.001087 
0.003158 0.000617 -0.000922 
0.003581 0.000020 -0.001099 
0.003916 0.000677 -0.000848 
0.004179 0.000602 -0.000044 
0.003060 0.000704 -0.000175 
0.003442 0.000691 -0.000153 
0.004235 0.000501 -0.001018 
0.004107 0.000785 -0.000564 
0.003727 0.000043 -0.001104 
0.003697 0.000378 -0.001078 
0.003253 0.000709 -0.000798 
0.003242 0.000781 -0.000598 
0.003415 0.000011 -0.001096 
0.003469 0.000281 -0.001105 
0.004501 0.000290 -0.001103 
0.004405 0.000245 -0.001110 
0.003780 0.000688 -0.000148 
0.003715 0.000453 0.000064 
0.004036 0.000106 -0.001113 
0.004024 0.000299 -0.001101 
0.003035 0.000789 -0.000464 
0.003131 0.000783 -0.000399 
0.003641 0.000711 -0.000795 
0.003115 0.000556 -0.000978 
0.004269 0.000701 -0.000170 
0.004058 0.000687 -0.000147 
0.003069 0.000671 -0.000124 
0.003141 0.000633 -0.000077 
0.003918 -0.000036 -0.001083 
0.003837 0.000035 -0.001102 
0.003488 0.000568 -0.000013 
0.003574 0.000603 -0.000045 
0.003728 0.000274 -0.001106 
0.003909 0.000489 -0.001025 
0.004499 0.000770 -0.000335 
0.004344 0.000499 0.000038 
0.003043 0.000666 -0.000864 
0.003046 0.000703 -0.000809 
0.003752 0.000781 -0.000388 
0.003522 0.000774 -0.000351 
0.003715 0.000530 -0.000998 
0.004024 0.000644 -0.000891 
0.003142 0.000228 -0.001113 
0.003105 0.000378 -0.001078 
0.003107 0.000726 -0.000766 
0.003046 0.000752 -0.000704 
0.003721 0.000741 -0.000732 
0.003420 0.000629 -0.000909 
0.003613 0.000309 -0.001099 
0.003950 0.000159 -0.001116 
0.004501 0.000715 -0.000787 
0.004415 0.000690 -0.000830 
0.003466 0.000533 -0.000996 
0.003325 0.000308 -0.001099 
0.003548 0.000431 -0.001056 
0.003500 0.000606 -0.000933 
0.004307 0.000418 -0.001062 
0.003923 0.000550 -0.000983 
0.003899 0.000556 -0.000003 
0.003531 0.000649 -0.000096 
0.004255 0.000785 -0.000570 
0.004300 0.000745 -0.000258 
0.003848 0.000735 -0.000747 
0.003887 0.000777 -0.000365 
0.003330 0.000770 -0.000648 
0.003322 0.000768 -0.000326 
0.004235 0.000682 -0.000842 
0.004415 0.000643 -0.000893 
0.004007 0.000736 -0.000237 
0.004022 0.000783 -0.000400 
0.003909 0.000767 -0.000658 
0.004125 0.000702 -0.000809 
0.004322 0.000762 -0.000675 
0.004235 0.000774 -0.000352 
0.003654 0.000559 -0.000976 
0.003832 0.000635 -0.000903 
0.004095 0.000772 -0.000341 
0.004308 0.000789 -0.000457 
0.003675 0.000789 -0.000468 
0.003839 0.000787 -0.000550 
0.003226 0.000624 -0.000067 
0.003465 0.000504 0.000034 
0.003522 0.000726 -0.000215 
0.003589 0.000692 -0.000156 
0.004016 0.000624 -0.000067 
0.004081 0.000566 -0.000012 
0.003146 0.000730 -0.000225 
0.003260 0.000782 -0.000395 
0.003722 0.000786 -0.000562 
0.003536 0.000789 -0.000523 
0.003568 0.000755 -0.000285 
0.003588 0.000789 -0.000458 
0.004106 0.000532 -0.000996 
0.003905 0.000346 -0.001089 
0.004157 0.000155 -0.001116 
0.004392 0.000156 -0.001116 
0.003751 0.000204 -0.001115 
0.003427 0.000099 -0.001112 
0.003249 0.000504 -0.001016 
0.003261 0.000647 -0.000889 
0.003469 0.000366 -0.001082 
0.003574 0.000181 -0.001116 
0.003379 0.000387 -0.001075 
0.003373 0.000256 -0.001109 
0.003700 0.000752 -0.000276 
0.003886 0.000730 -0.000224 
0.004007 0.000011 -0.001096 
0.004214 0.000012 -0.001097 
0.003818 0.000206 -0.001114 
0.003814 0.000443 -0.001050 
0.004176 0.000675 -0.000130 
0.004402 0.000667 -0.000119 
0.003827 0.000572 -0.000965 
0.003681 0.000661 -0.000871 
0.003622 0.000627 -0.000911 
0.003492 0.000772 -0.000638 
0.003889 0.000273 -0.001106 
0.003862 0.000132 -0.001115 
0.003334 0.000609 -0.000931 
0.003266 0.000430 -0.001057 
0.003364 0.000486 -0.001027 
0.003193 0.000375 -0.001079 
0.004415 0.000427 -0.001058 
0.004299 0.000603 -0.000937 
0.003698 0.000708 -0.000182 
0.003634 0.000501 0.000036 
0.003557 0.000780 -0.000602 
0.003427 0.000787 -0.000432 
0.003301 0.000790 -0.000498 
0.003420 0.000776 -0.000360 
0.003948 0.000496 0.000039 
0.003803 0.000482 0.000048 
0.003770 0.000769 -0.000332 
0.003890 0.000790 -0.000475 
0.003822 0.000364 -0.001083 
0.003719 0.000450 -0.001047 
0.003332 0.000595 -0.000037 
0.003323 0.000691 -0.000153 
0.003518 0.000719 -0.000780 
0.003350 0.000752 -0.000706 
0.004239 0.000569 -0.000014 
0.004106 0.000469 0.000055 
0.004299 0.000537 -0.000993 
0.004170 0.000605 -0.000934 
0.003560 0.000513 -0.001010 
0.003630 0.000390 -0.001074 
0.003648 0.000572 -0.000017 
0.003544 0.000463 0.000058 
0.004206 0.000498 0.000038 
0.004310 0.000572 -0.000016 
0.003539 0.000278 -0.001105 
0.003643 0.000176 -0.001116 
0.004171 0.000548 -0.000984 
0.004089 0.000667 -0.000863 
0.004256 0.000735 -0.000746 
0.004235 0.000632 -0.000906 
0.003275 0.000648 -0.000095 
0.003287 0.000567 -0.000013 
0.003963 0.000246 -0.001110 
0.003981 0.000372 -0.001080 
0.003660 0.000257 -0.001109 
0.003689 0.000134 -0.001115 
0.003519 -0.000034 -0.001083 
0.003529 0.000108 -0.001113 
0.003350 0.000436 -0.001054 
0.003314 0.000535 -0.000994 
0.003391 0.000789 -0.000467 
0.003460 0.000790 -0.000479 
0.003921 0.000613 -0.000055 
0.003816 0.000541 0.000008 
0.004009 0.000441 -0.001051 
0.004036 0.000576 -0.000962 
0.003840 0.000784 -0.000407 
0.004025 0.000790 -0.000481 
0.003478 0.000749 -0.000713 
0.003416 0.000779 -0.000608 
0.004299 0.000701 -0.000811 
0.004125 0.000735 -0.000746 

16 538 18 17
201 538 16 15
18 538 201 19
204 539 203 159
202 539 204 165
203 539 202 106
206 106 14 13
-2 -2 -2 -2
14 106 201 15
30 105 209 31
207 105 30 29
-2 -2 -2 -2
34 542 209 35
32 542 34 33
209 542 32 31
211 543 22 21
210 543 211 165
22 543 210 23
201 106 20 19
-2 -2 -2 -2
-2 -2 -2 -2
215 545 214 140
213 545 215 173
214 545 213 9
217 546 62 61
216 546 217 155
62 546 216 63
219 547 70 69
218 547 219 107
70 547 218 71
220 548 72 71
74 548 220 75
72 548 74 73
220 549 221 75
218 549 220 71
221 549 218 107
222 550 68 67
219 550 222 107
68 550 219 69
225 196 224 120
-2 -2 -2 -2
224 196 223 174
76 552 227 77
226 552 76 75
227 552 226 152
-2 -2 -2 -2
-2 -2 -2 -2
229 154 228 83
232 554 2 1
231 554 232 148
2 554 231 3
234 555 233 137
231 555 234 3
233 555 231 148
-2 -2 -2 -2
235 138 237 161
-2 -2 -2 -2
42 138 235 43
238 138 42 41
-2 -2 -2 -2
241 558 240 143
239 558 241 147
240 558 239 115
-2 -2 -2 -2
-2 -2 -2 -2
-2 -2 -2 -2
92 560 246 93
245 560 92 91
246 560 245 109
248 177 82 81
-2 -2 -2 -2
82 177 247 83
60 562 217 61
249 562 60 59
217 562 249 155
96 563 251 97
250 563 96 95
251 563 250 129
-2 -2 -2 -2
223 141 253 174
-2 -2 -2 -2
255 565 254 87
245 565 255 109
254 565 245 91
-2 -2 -2 -2
256 114 258 125
257 114 256 155
251 567 98 97
259 567 251 129
98 567 259 99
261 568 86 85
260 568 261 186
86 568 260 87
88 569 90 89
254 569 88 87
90 569 254 91
56 570 263 57
262 570 56 55
263 570 262 122
265 571 259 129
264 571 265 142
259 571 264 99
104 148 232 1
266 148 104 103
-2 -2 -2 -2
46 573 268 47
267 573 46 45
268 573 267 130
-2 -2 -2 -2
269 135 271 151
270 135 269 156
-2 -2 -2 -2
272 146 274 164
-2 -2 -2 -2
276 576 266 103
275 576 276 142
266 576 275 148
262 577 278 122
277 577 262 55
278 577 277 134
279 578 54 53
277 578 279 134
54 578 277 55
6 579 281 7
280 579 6 5
281 579 280 140
284 580 283 133
282 580 284 172
283 580 282 39
-2 -2 -2 -2
288 133 286 105
-2 -2 -2 -2
289 133 288 118
-2 -2 -2 -2
-2 -2 -2 -2
-2 -2 -2 -2
-2 -2 -2 -2
-2 -2 -2 -2
295 584 294 121
293 584 295 159
294 584 293 158
298 585 297 119
296 585 298 111
297 585 296 159
-2 -2 -2 -2
36 35 209 105
-2 -2 -2 -2
281 587 8 7
214 587 281 140
8 587 214 9
36 105 286 37
-2 -2 -2 -2
-2 -2 -2 -2
26 589 301 27
300 589 26 25
301 589 300 160
20 106 302 21
-2 -2 -2 -2
-2 -2 -2 -2
305 591 304 111
303 591 305 197
304 591 303 158
306 592 221 107
226 592 306 152
221 592 226 75
-2 -2 -2 -2
307 127 308 152
242 127 307 180
-2 -2 -2 -2
309 123 311 169
312 123 309 181
-2 -2 -2 -2
312 181 313 134
-2 -2 -2 -2
94 596 314 95
246 596 94 93
314 596 246 109
316 597 314 109
315 597 316 167
314 597 315 95
102 598 276 103
317 598 102 101
276 598 317 142
-2 -2 -2 -2
-2 -2 -2 -2
319 175 318 117
10 600 322 11
321 600 10 9
322 600 321 119
293 601 304 158
296 601 293 159
304 601 296 111
267 602 324 130
323 602 267 45
324 602 323 161
326 603 301 160
325 603 326 193
301 603 325 27
329 604 328 108
327 604 329 132
328 604 327 147
-2 -2 -2 -2
330 124 332 167
331 124 330 182
64 606 334 65
333 606 64 63
334 606 333 125
-2 -2 -2 -2
335 153 242 180
336 153 335 114
-2 -2 -2 -2
337 111 339 173
338 111 337 183
240 609 341 143
340 609 240 115
341 609 340 150
343 610 342 136
300 610 343 160
342 610 300 25
-2 -2 -2 -2
344 116 290 179
-2 -2 -2 -2
-2 -2 -2 -2
312 130 347 123
346 130 312 134
349 613 348 117
278 613 349 122
348 613 278 134
351 614 207 29
350 614 351 193
207 614 350 105
-2 -2 -2 -2
-2 -2 -2 -2
353 118 352 163
12 616 355 13
322 616 12 11
355 616 322 119
297 617 355 119
356 617 297 159
355 617 356 13
224 618 358 120
357 618 224 174
358 618 357 164
80 141 360 81
359 141 80 79
-2 -2 -2 -2
-2 -2 -2 -2
361 121 363 126
362 121 361 165
-2 -2 -2 -2
364 158 365 191
294 158 364 121
58 622 366 59
263 622 58 57
366 622 263 122
367 623 366 122
249 623 367 155
366 623 249 59
370 624 369 135
368 624 370 169
369 624 368 108
44 625 323 45
235 625 44 43
323 625 235 161
373 626 372 129
371 626 373 167
372 626 371 113
376 627 375 120
374 627 376 113
375 627 374 124
66 628 377 67
334 628 66 65
377 628 334 125
222 629 378 107
377 629 222 67
378 629 377 125
24 630 380 25
379 630 24 23
380 630 379 126
380 631 342 25
381 631 380 126
342 631 381 136
383 632 308 127
382 632 383 185
308 632 382 152
385 633 383 127
384 633 385 174
383 633 384 185
387 634 290 116
386 634 387 192
290 634 386 166
390 635 389 128
388 635 390 197
389 635 388 149
100 636 317 101
264 636 100 99
317 636 264 142
255 637 391 109
260 637 255 87
391 637 260 186
48 638 392 49
268 638 48 47
392 638 268 130
50 639 393 51
392 639 50 49
393 639 392 130
396 640 395 110
394 640 396 178
395 640 394 157
399 641 398 144
397 641 399 157
398 641 397 114
402 642 401 149
400 642 402 168
401 642 400 184
404 643 327 132
403 643 404 188
327 643 403 147
38 644 283 39
286 644 38 37
283 644 286 133
40 645 238 41
405 645 40 39
238 645 405 138
393 646 406 51
346 646 393 130
406 646 346 134
52 647 279 53
406 647 52 51
279 647 406 134
369 648 271 135
407 648 369 108
271 648 407 151
409 649 311 123
408 649 409 171
311 649 408 169
412 650 411 116
410 650 412 162
411 650 410 187
363 651 414 126
413 651 363 121
414 651 413 170
4 652 415 5
234 652 4 3
415 652 234 137
417 653 415 137
416 653 417 189
415 653 416 5
420 654 419 112
418 654 420 139
419 654 418 171
422 655 284 133
421 655 422 163
284 655 421 172
425 656 424 162
423 656 425 184
424 656 423 112
408 657 426 169
418 657 408 171
426 657 418 139
298 658 339 111
427 658 298 119
339 658 427 173
429 659 428 132
388 659 429 149
428 659 388 197
432 660 431 177
430 660 432 196
431 660 430 154
242 661 385 127
433 661 242 153
385 661 433 174
435 662 340 115
434 662 435 148
340 662 434 150
372 663 265 129
436 663 372 113
265 663 436 142
328 664 407 108
437 664 328 147
407 664 437 151
272 665 439 146
438 665 272 178
439 665 438 198
348 666 441 117
440 666 348 134
441 666 440 199
257 667 443 114
442 667 257 155
443 667 442 176
446 668 445 145
444 668 446 189
445 668 444 200
280 669 447 140
416 669 280 5
447 669 416 189
376 670 449 113
448 670 376 120
449 670 448 146
439 671 451 146
450 671 439 198
451 671 450 150
452 672 241 143
437 672 452 151
241 672 437 147
445 673 454 145
453 673 445 200
454 673 453 147
455 674 435 115
233 674 455 137
435 674 233 148
457 675 436 113
456 675 457 150
436 675 456 142
459 676 458 139
400 676 459 184
458 676 400 168
461 677 329 108
460 677 461 168
329 677 460 132
449 678 457 113
451 678 449 146
457 678 451 150
275 679 434 148
456 679 275 142
434 679 456 150
395 680 463 110
462 680 395 157
463 680 462 156
465 681 452 143
464 681 465 110
452 681 464 151
378 682 467 107
466 682 378 125
467 682 466 190
382 683 227 152
468 683 382 185
227 683 468 77
470 684 336 114
469 684 470 131
336 684 469 153
471 685 469 131
433 685 471 174
469 685 433 153
375 686 473 120
472 686 375 124
473 686 472 154
331 687 472 124
228 687 331 182
472 687 228 154
333 688 256 125
216 688 333 63
256 688 216 155
474 689 367 122
442 689 474 176
367 689 442 155
464 690 269 151
463 690 464 110
269 690 463 156
477 691 476 144
475 691 477 175
476 691 475 156
470 692 478 131
397 692 470 114
478 692 397 157
476 693 399 144
462 693 476 156
399 693 462 157
480 694 479 188
305 694 480 197
479 694 305 111
483 695 482 128
481 695 483 166
482 695 481 191
362 696 295 121
204 696 362 165
295 696 204 159
206 697 203 106
356 697 206 13
203 697 356 159
485 698 484 136
386 698 485 166
484 698 386 192
288 699 486 118
350 699 288 105
486 699 350 193
488 700 237 138
487 700 488 194
237 700 487 161
347 701 489 123
324 701 347 130
489 701 324 161
490 702 424 112
352 702 490 163
424 702 352 162
493 703 492 160
491 703 493 187
492 703 491 118
494 704 490 112
421 704 494 172
490 704 421 163
289 705 422 133
353 705 289 118
422 705 353 163
478 706 496 131
495 706 478 157
496 706 495 164
448 707 274 146
358 707 448 120
274 707 358 164
379 708 361 126
210 708 379 23
361 708 210 165
302 709 211 21
202 709 302 106
211 709 202 165
498 710 485 136
497 710 498 170
485 710 497 166
500 711 389 149
499 711 500 179
389 711 499 128
374 712 332 124
371 712 374 113
332 712 371 167
250 713 373 129
315 713 250 95
373 713 315 167
429 714 402 149
460 714 429 132
402 714 460 168
368 715 461 108
501 715 368 169
461 715 501 168
458 716 426 139
501 716 458 168
426 716 501 169
504 717 503 175
502 717 504 199
503 717 502 135
505 718 497 170
481 718 505 191
497 718 481 166
381 719 498 136
414 719 381 126
498 719 414 170
489 720 409 123
506 720 489 161
409 720 506 171
508 721 488 138
507 721 508 172
488 721 507 194
510 722 419 171
509 722 510 194
419 722 509 112
405 723 508 138
282 723 405 39
508 723 282 172
321 724 427 119
213 724 321 9
427 724 213 173
447 725 512 140
511 725 447 189
512 725 511 183
496 726 471 131
357 726 496 164
471 726 357 174
514 727 359 79
513 727 514 185
359 727 513 141
270 728 503 135
475 728 270 156
503 728 475 175
517 729 516 144
515 729 517 176
516 729 515 195
349 730 474 122
518 730 349 117
474 730 518 176
398 731 517 144
443 731 398 114
517 731 443 176
229 732 431 154
247 732 229 83
431 732 247 177
360 733 248 81
519 733 360 141
248 733 519 177
495 734 272 164
394 734 495 157
272 734 394 178
521 735 465 143
520 735 521 198
465 735 520 110
483 736 290 166
499 736 483 128
290 736 499 179
401 737 500 149
344 737 401 184
500 737 344 179
523 738 307 152
522 738 523 190
307 738 522 180
258 739 524 125
335 739 258 114
524 739 335 180
370 740 309 169
525 740 370 135
309 740 525 181
526 741 313 181
440 741 526 199
313 741 440 134
528 742 330 167
527 742 528 186
330 742 527 182
84 743 529 85
228 743 84 83
529 743 228 182
215 744 337 173
512 744 215 140
337 744 512 183
532 745 531 145
530 745 532 188
531 745 530 183
420 746 459 139
423 746 420 112
459 746 423 184
412 747 425 162
344 747 412 116
425 747 344 184
253 748 384 174
513 748 253 141
384 748 513 185
78 749 514 79
468 749 78 77
514 749 468 185
529 750 261 85
527 750 529 182
261 750 527 186
316 751 528 167
391 751 316 109
528 751 391 186
352 752 410 162
491 752 352 118
410 752 491 187
534 753 493 160
533 753 534 192
493 753 533 187
338 754 479 111
530 754 338 183
479 754 530 188
454 755 532 145
403 755 454 147
532 755 403 188
536 756 455 115
535 756 536 200
455 756 535 137
531 757 446 145
511 757 531 183
446 757 511 189
524 758 466 125
522 758 524 180
466 758 522 190
306 759 523 152
467 759 306 107
523 759 467 190
413 760 505 170
364 760 413 121
505 760 364 191
537 761 365 158
482 761 537 128
365 761 482 191
411 762 387 116
533 762 411 187
387 762 533 192
343 763 534 160
484 763 343 136
534 763 484 192
28 764 351 29
325 764 28 27
351 764 325 193
492 765 326 160
486 765 492 118
326 765 486 193
494 766 507 172
509 766 494 112
507 766 509 194
506 767 510 171
487 767 506 161
510 767 487 194
518 768 515 176
318 768 518 117
515 768 318 195
477 769 318 175
516 769 477 144
318 769 516 195
473 770 225 120
430 770 473 154
225 770 430 196
519 771 432 177
223 771 519 141
432 771 223 196
537 772 390 128
303 772 537 158
390 772 303 197
404 773 480 188
428 773 404 132
480 773 428 197
396 774 438 178
520 774 396 110
438 774 520 198
341 775 521 143
450 775 341 150
521 775 450 198
525 776 526 181
502 776 525 135
526 776 502 199
319 777 504 175
441 777 319 117
504 777 441 199
417 778 444 189
535 778 417 137
444 778 535 200
239 779 536 115
453 779 239 147
536 779 453 200
104
0.004471 -0.000081 -0.001065
0.004566 -0.000081 -0.001065
0.004566 -0.000081 -0.001065
0.004566 -0.000015 -0.001089
0.004566 -0.000015 -0.001089
0.004566 0.000054 -0.001106
0.004376 -0.000081 -0.001065
0.004471 -0.000081 -0.001065
0.004566 0.000123 -0.001114
0.004566 0.000194 -0.001115
0.004566 0.000054 -0.001106
0.004566 0.000123 -0.001114
0.003240 -0.000081 -0.001065
0.003335 -0.000081 -0.001065
0.003335 -0.000081 -0.001065
0.003429 -0.000081 -0.001065
0.003065 0.000039 -0.001103
0.003058 -0.000022 -0.001087
0.003058 -0.000022 -0.001087
0.003051 -0.000081 -0.001065
0.003051 -0.000081 -0.001065
0.003145 -0.000081 -0.001065
0.003145 -0.000081 -0.001065
0.003240 -0.000081 -0.001065
0.004092 -0.000081 -0.001065
0.004187 -0.000081 -0.001065
0.003998 -0.000081 -0.001065
0.004092 -0.000081 -0.001065
0.004282 -0.000081 -0.001065
0.004376 -0.000081 -0.001065
0.002979 0.000748 -0.000267
0.002974 0.000763 -0.000310
0.002984 0.000730 -0.000225
0.002979 0.000748 -0.000267
0.003032 0.000529 0.000017
0.003025 0.000565 -0.000011
0.003039 0.000491 0.000042
0.003032 0.000529 0.000017
0.003045 0.000452 0.000064
0.003039 0.000491 0.000042
0.003240 0.000410 0.000084
0.003145 0.000410 0.000084
0.003145 0.000410 0.000084
0.003051 0.000410 0.000084
0.003051 0.000410 0.000084
0.003045 0.000452 0.000064
0.003018 0.000599 -0.000041
0.003011 0.000630 -0.000074
0.003025 0.000565 -0.000011
0.003018 0.000599 -0.000041
0.003429 0.000410 0.000084
0.003335 0.000410 0.000084
0.003335 0.000410 0.000084
0.003240 0.000410 0.000084
0.004566 0.000764 -0.000668
0.004566 0.000780 -0.000599
0.004566 0.000741 -0.000734
0.004566 0.000764 -0.000668
0.003039 0.000491 -0.001024
0.003045 0.000452 -0.001046
0.003045 0.000452 -0.001046
0.003051 0.000410 -0.001065
0.004566 0.000586 -0.000029
0.004566 0.000546 0.000005
0.004566 0.000546 0.000005
0.004566 0.000503 0.000035
0.003903 0.000410 0.000084
0.003808 0.000410 0.000084
0.003998 0.000410 0.000084
0.003903 0.000410 0.000084
0.002974 0.000763 -0.000310
0.002971 0.000775 -0.000354
0.002971 0.000775 -0.000354
0.002968 0.000783 -0.000400
0.004566 0.000714 -0.000193
0.004566 0.000688 -0.000148
0.004566 0.000688 -0.000148
0.004566 0.000657 -0.000106
0.004566 0.000737 -0.000240
0.004566 0.000714 -0.000193
0.004566 0.000756 -0.000289
0.004566 0.000737 -0.000240
0.004282 0.000410 0.000084
0.004187 0.000410 0.000084
0.004376 0.000410 0.000084
0.004282 0.000410 0.000084
0.004566 0.000458 0.000061
0.004566 0.000410 0.000084
0.004566 0.000410 0.000084
0.004471 0.000410 0.000084
0.004471 0.000410 0.000084
0.004376 0.000410 0.000084
0.004566 0.000503 0.000035
0.004566 0.000458 0.000061
0.002966 0.000790 -0.000491
0.002966 0.000788 -0.000537
0.002966 0.000788 -0.000537
0.002968 0.000783 -0.000582
0.004566 0.000780 -0.000599
0.004566 0.000787 -0.000547
0.004566 0.000787 -0.000547
0.004566 0.000790 -0.000495
0.003011 0.000630 -0.000908
0.003018 0.000599 -0.000940
0.003018 0.000599 -0.000940
0.003025 0.000565 -0.000971
0.002971 0.000775 -0.000628
0.002974 0.000763 -0.000672
0.002968 0.000783 -0.000582
0.002971 0.000775 -0.000628
0.004566 0.000577 -0.000960
0.004566 0.000628 -0.000911
0.004566 0.000628 -0.000911
0.004566 0.000672 -0.000856
0.003070 0.000101 -0.001112
0.003065 0.000039 -0.001103
0.004566 0.000522 -0.001003
0.004566 0.000577 -0.000960
0.004566 0.000462 -0.001040
0.004566 0.000522 -0.001003
0.003072 0.000165 -0.001116
0.003070 0.000101 -0.001112
0.003619 -0.000081 -0.001065
0.003714 -0.000081 -0.001065
0.003714 -0.000081 -0.001065
0.003808 -0.000081 -0.001065
0.004187 -0.000081 -0.001065
0.004282 -0.000081 -0.001065
0.004566 0.000657 -0.000106
0.004566 0.000623 -0.000066
0.004566 0.000623 -0.000066
0.004566 0.000586 -0.000029
0.004566 0.000790 -0.000495
0.004566 0.000788 -0.000443
0.004566 0.000788 -0.000443
0.004566 0.000782 -0.000391
0.004566 0.000332 -0.001093
0.004566 0.000399 -0.001070
0.004566 0.000399 -0.001070
0.004566 0.000462 -0.001040
0.002997 0.000686 -0.000145
0.002990 0.000709 -0.000184
0.002990 0.000709 -0.000184
0.002984 0.000730 -0.000225
0.004566 0.000194 -0.001115
0.004566 0.000264 -0.001108
0.004566 0.000264 -0.001108
0.004566 0.000332 -0.001093
0.003808 0.000410 0.000084
0.003714 0.000410 0.000084
0.003714 0.000410 0.000084
0.003619 0.000410 0.000084
0.002968 0.000783 -0.000400
0.002966 0.000788 -0.000445
0.002966 0.000788 -0.000445
0.002966 0.000790 -0.000491
0.003025 0.000565 -0.000971
0.003032 0.000529 -0.000999
0.003032 0.000529 -0.000999
0.003039 0.000491 -0.001024
0.003011 0.000630 -0.000074
0.003004 0.000659 -0.000108
0.003004 0.000659 -0.000108
0.002997 0.000686 -0.000145
0.003808 -0.000081 -0.001065
0.003903 -0.000081 -0.001065
0.003903 -0.000081 -0.001065
0.003998 -0.000081 -0.001065
0.004566 0.000782 -0.000391
0.004566 0.000771 -0.000339
0.004566 0.000771 -0.000339
0.004566 0.000756 -0.000289
0.002997 0.000686 -0.000836
0.003004 0.000659 -0.000873
0.003004 0.000659 -0.000873
0.003011 0.000630 -0.000908
0.002984 0.000730 -0.000757
0.002990 0.000709 -0.000797
0.002990 0.000709 -0.000797
0.002997 0.000686 -0.000836
0.003066 0.000290 -0.001103
0.003070 0.000228 -0.001113
0.003070 0.000228 -0.001113
0.003072 0.000165 -0.001116
0.003051 0.000410 -0.001065
0.003058 0.000351 -0.001087
0.003058 0.000351 -0.001087
0.003066 0.000290 -0.001103
0.002974 0.000763 -0.000672
0.002979 0.000748 -0.000715
0.002979 0.000748 -0.000715
0.002984 0.000730 -0.000757
0.004566 0.000672 -0.000856
0.004566 0.000710 -0.000797
0.004566 0.000710 -0.000797
0.004566 0.000741 -0.000734
0.004187 0.000410 0.000084
0.004092 0.000410 0.000084
0.004092 0.000410 0.000084
0.003998 0.000410 0.000084
0.003619 0.000410 0.000084
0.003524 0.000410 0.000084
0.003524 0.000410 0.000084
0.003429 0.000410 0.000084
0.003429 -0.000081 -0.001065
0.003524 -0.000081 -0.001065
0.003524 -0.000081 -0.001065
0.003619 -0.000081 -0.001065
