863 816
0.000341 0.001121 0.000610 
0.000272 0.001241 0.000610 
0.000202 0.001360 0.000610 
0.000133 0.001480 0.000610 
0.000064 0.001600 0.000610 
0.000026 0.001572 0.000610 
-0.000011 0.001544 0.000610 
-0.000089 0.001487 0.000610 
-0.000171 0.001435 0.000610 
-0.000256 0.001388 0.000610 
-0.000344 0.001347 0.000610 
-0.000435 0.001312 0.000610 
-0.000527 0.001283 0.000610 
-0.000621 0.001259 0.000610 
-0.000717 0.001242 0.000610 
-0.000813 0.001231 0.000610 
-0.000910 0.001227 0.000610 
-0.001007 0.001228 0.000610 
-0.001104 0.001236 0.000610 
-0.001200 0.001250 0.000610 
-0.001295 0.001270 0.000610 
-0.001388 0.001297 0.000610 
-0.001480 0.001329 0.000610 
-0.001624 0.001376 0.000610 
-0.001773 0.001404 0.000610 
-0.001924 0.001415 0.000610 
-0.002076 0.001407 0.000610 
-0.002225 0.001380 0.000610 
-0.002370 0.001336 0.000610 
-0.002509 0.001275 0.000610 
-0.002639 0.001197 0.000610 
-0.002759 0.001104 0.000610 
-0.002867 0.000997 0.000610 
-0.002961 0.000878 0.000610 
-0.003040 0.000748 0.000610 
-0.003102 0.000610 0.000610 
-0.003147 0.000465 0.000610 
-0.003175 0.000316 0.000610 
-0.003184 0.000165 0.000610 
-0.003175 0.000013 0.000610 
-0.003147 -0.000136 0.000610 
-0.003102 -0.000281 0.000610 
-0.003040 -0.000419 0.000610 
-0.002961 -0.000548 0.000610 
-0.002867 -0.000668 0.000610 
-0.002759 -0.000774 0.000610 
-0.002639 -0.000867 0.000610 
-0.002509 -0.000945 0.000610 
-0.002370 -0.001007 0.000610 
-0.002225 -0.001051 0.000610 
-0.002076 -0.001077 0.000610 
-0.001924 -0.001085 0.000610 
-0.001773 -0.001075 0.000610 
-0.001624 -0.001046 0.000610 
-0.001480 -0.001000 0.000610 
-0.001388 -0.000967 0.000610 
-0.001295 -0.000941 0.000610 
-0.001200 -0.000921 0.000610 
-0.001104 -0.000907 0.000610 
-0.001007 -0.000899 0.000610 
-0.000910 -0.000897 0.000610 
-0.000813 -0.000902 0.000610 
-0.000717 -0.000913 0.000610 
-0.000621 -0.000930 0.000610 
-0.000527 -0.000953 0.000610 
-0.000435 -0.000983 0.000610 
-0.000344 -0.001018 0.000610 
-0.000256 -0.001059 0.000610 
-0.000171 -0.001105 0.000610 
-0.000089 -0.001157 0.000610 
-0.000011 -0.001215 0.000610 
0.000026 -0.001243 0.000610 
0.000064 -0.001270 0.000610 
0.000133 -0.001150 0.000610 
0.000202 -0.001031 0.000610 
0.000272 -0.000911 0.000610 
0.000341 -0.000791 0.000610 
0.000236 -0.000702 0.000610 
0.000141 -0.000600 0.000610 
0.000060 -0.000489 0.000610 
-0.000009 -0.000369 0.000610 
-0.000063 -0.000242 0.000610 
-0.000102 -0.000109 0.000610 
-0.000126 0.000027 0.000610 
-0.000134 0.000165 0.000610 
-0.000126 0.000303 0.000610 
-0.000102 0.000439 0.000610 
-0.000063 0.000571 0.000610 
-0.000009 0.000699 0.000610 
0.000060 0.000819 0.000610 
0.000141 0.000930 0.000610 
0.000236 0.001031 0.000610 
-0.001924 0.000164 0.000610 
-0.001104 0.000165 0.000610 
-0.001610 0.000717 0.000610 
-0.002554 0.000164 0.000610 
-0.001610 -0.000389 0.000610 
-0.002378 -0.000259 0.000610 
-0.002397 0.000572 0.000610 
-0.000918 0.000706 0.000610 
-0.001199 -0.000388 0.000610 
-0.000627 -0.000213 0.000610 
-0.000413 0.000863 0.000610 
-0.002781 0.000365 0.000610 
-0.000603 0.000302 0.000610 
-0.002836 -0.000049 0.000610 
-0.002383 0.000958 0.000610 
-0.000101 -0.000819 0.000610 
-0.002265 -0.000647 0.000610 
-0.001861 0.001014 0.000610 
-0.000498 -0.000633 0.000610 
-0.000206 0.001023 0.000610 
-0.001860 -0.000755 0.000610 
-0.002012 0.000707 0.000610 
-0.000781 -0.000573 0.000610 
-0.000814 0.000973 0.000610 
0.000013 0.001192 0.000610 
-0.001206 0.000827 0.000610 
-0.002469 -0.000568 0.000610 
-0.000408 -0.000347 0.000610 
-0.002582 0.000786 0.000610 
-0.000208 0.001248 0.000610 
-0.001516 0.000180 0.000610 
-0.000404 0.000074 0.000610 
-0.000563 0.001041 0.000610 
-0.002833 0.000719 0.000610 
0.000003 -0.001055 0.000610 
-0.002958 -0.000252 0.000610 
-0.002014 -0.000318 0.000610 
-0.000506 0.000571 0.000610 
-0.000216 -0.000559 0.000610 
-0.002229 0.001182 0.000610 
-0.002922 0.000573 0.000610 
-0.001326 0.000560 0.000610 
-0.002836 0.000161 0.000610 
-0.000256 0.000640 0.000610 
-0.002437 -0.000766 0.000610 
0.000139 -0.000841 0.000610 
-0.001938 0.001233 0.000610 
-0.001452 0.000994 0.000610 
-0.001452 -0.000665 0.000610 
-0.002239 0.000164 0.000610 
-0.000353 0.000370 0.000610 
-0.000401 0.001126 0.000610 
-0.000300 -0.000721 0.000610 
-0.001767 0.000440 0.000610 
-0.001055 -0.000643 0.000610 
-0.002653 -0.000223 0.000610 
-0.001078 0.001025 0.000610 
-0.001698 -0.000861 0.000610 
-0.002596 0.001008 0.000610 
-0.000216 0.000831 0.000610 
-0.001312 -0.000112 0.000610 
-0.002058 0.000973 0.000610 
-0.002429 -0.000056 0.000610 
-0.000612 0.000907 0.000610 
-0.001002 -0.000162 0.000610 
-0.002154 0.000461 0.000610 
-0.001661 0.001196 0.000610 
-0.002184 -0.000883 0.000610 
-0.002866 -0.000446 0.000610 
-0.001823 -0.000162 0.000610 
-0.000663 0.000017 0.000610 
-0.002470 0.000407 0.000610 
-0.001923 0.000855 0.000610 
-0.001062 0.000457 0.000610 
-0.002163 -0.000145 0.000610 
-0.000990 -0.000481 0.000610 
-0.002248 0.000692 0.000610 
-0.003035 0.000326 0.000610 
-0.000837 0.000247 0.000610 
-0.001902 -0.000544 0.000610 
-0.002647 0.000549 0.000610 
-0.001726 0.000889 0.000610 
-0.000804 0.000474 0.000610 
-0.002278 -0.000403 0.000610 
-0.001278 -0.000786 0.000610 
-0.000597 -0.000431 0.000610 
-0.001719 0.000164 0.000610 
-0.002988 -0.000040 0.000610 
-0.001114 0.000663 0.000610 
-0.000421 -0.000114 0.000610 
-0.001701 -0.000552 0.000610 
-0.002735 -0.000519 0.000610 
-0.002679 0.000291 0.000610 
-0.000866 0.000051 0.000610 
-0.001253 0.001137 0.000610 
-0.001959 -0.000905 0.000610 
-0.001239 -0.000587 0.000610 
-0.001806 0.000683 0.000610 
-0.002182 -0.000303 0.000610 
-0.001144 -0.000097 0.000610 
-0.001411 0.000781 0.000610 
-0.002019 -0.000708 0.000610 
-0.002692 -0.000022 0.000610 
-0.000680 0.000758 0.000610 
-0.001348 0.000059 0.000610 
-0.002145 -0.000471 0.000610 
-0.001548 -0.000026 0.000610 
-0.000790 -0.000111 0.000610 
-0.001285 0.000282 0.000610 
-0.001424 -0.000488 0.000610 
-0.001561 0.000346 0.000610 
-0.000890 -0.000296 0.000610 
-0.001794 -0.000378 0.000610 
-0.001390 -0.000300 0.000610 
0.000096 0.001452 0.000610 
0.000047 -0.001112 0.000610 
-0.001070 0.000573 0.000610 
-0.001132 0.000626 0.000610 
-0.001212 0.000472 0.000610 
-0.001195 0.001003 0.000610 
-0.001113 0.000899 0.000610 
-0.001163 0.001094 0.000610 
0.000001 0.001368 0.000610 
-0.000079 0.001313 0.000610 
-0.000373 0.000992 0.000610 
-0.000520 0.001151 0.000610 
-0.000500 0.001018 0.000610 
-0.000238 0.001182 0.000610 
-0.000261 0.001281 0.000610 
-0.000373 0.001236 0.000610 
0.000177 0.001156 0.000610 
0.000077 0.001061 0.000610 
-0.000677 0.001152 0.000610 
-0.000566 0.001207 0.000610 
-0.001175 0.001181 0.000610 
-0.001086 0.001143 0.000610 
-0.000305 0.001052 0.000610 
-0.000161 0.001148 0.000610 
-0.000786 0.000353 0.000610 
-0.000934 0.000493 0.000610 
-0.000950 0.000352 0.000610 
-0.001379 0.001222 0.000610 
-0.001466 0.001161 0.000610 
-0.001365 0.001054 0.000610 
-0.000864 -0.000758 0.000610 
-0.001071 -0.000826 0.000610 
0.000113 -0.001004 0.000610 
-0.000024 -0.001127 0.000610 
0.000038 -0.000932 0.000610 
0.000150 -0.000949 0.000610 
-0.001583 0.000539 0.000610 
-0.001688 0.000579 0.000610 
-0.001662 0.000401 0.000610 
-0.000243 0.000268 0.000610 
-0.000228 0.000405 0.000610 
-0.000983 -0.000046 0.000610 
-0.001090 -0.000140 0.000610 
-0.000935 -0.000068 0.000610 
-0.000437 -0.000879 0.000610 
-0.000250 -0.000916 0.000610 
-0.000895 0.000147 0.000610 
-0.000764 0.000016 0.000610 
-0.000750 0.000131 0.000610 
-0.000537 -0.000047 0.000610 
-0.000374 -0.000033 0.000610 
-0.000535 0.000082 0.000610 
-0.000891 -0.000646 0.000610 
-0.000852 -0.000732 0.000610 
-0.000221 -0.000801 0.000610 
-0.000226 -0.000914 0.000610 
-0.000046 -0.000579 0.000610 
-0.000112 -0.000464 0.000610 
0.000108 0.001276 0.000610 
0.000023 -0.000857 0.000610 
0.000047 -0.000781 0.000610 
-0.000007 -0.000689 0.000610 
-0.000029 -0.000923 0.000610 
-0.002056 -0.000548 0.000610 
-0.001945 -0.000639 0.000610 
-0.002027 -0.000488 0.000610 
-0.002578 0.000914 0.000610 
-0.002653 0.000960 0.000610 
-0.002740 0.000883 0.000610 
-0.002156 0.000833 0.000610 
-0.002136 0.000660 0.000610 
-0.002022 0.000834 0.000610 
-0.002689 -0.000114 0.000610 
-0.002491 -0.000182 0.000610 
-0.002573 -0.000036 0.000610 
-0.002766 0.000637 0.000610 
-0.002595 0.000660 0.000610 
-0.002704 0.000755 0.000610 
-0.002391 0.000705 0.000610 
-0.002507 0.000663 0.000610 
-0.002298 0.000622 0.000610 
-0.002885 0.000412 0.000610 
-0.002898 0.000336 0.000610 
-0.002839 0.000491 0.000610 
-0.003036 0.000489 0.000610 
-0.003059 0.000413 0.000610 
-0.002312 -0.000492 0.000610 
-0.002393 -0.000470 0.000610 
-0.002370 -0.000627 0.000610 
-0.002518 -0.000287 0.000610 
-0.002376 -0.000146 0.000610 
-0.002857 -0.000173 0.000610 
-0.002739 -0.000128 0.000610 
-0.002891 -0.000158 0.000610 
-0.002922 0.000064 0.000610 
-0.002914 -0.000071 0.000610 
-0.002824 0.000048 0.000610 
-0.001563 -0.000899 0.000610 
-0.001762 -0.000961 0.000610 
-0.001694 0.001042 0.000610 
-0.001589 0.000942 0.000610 
-0.001557 0.001095 0.000610 
-0.001379 -0.000893 0.000610 
-0.001286 -0.000863 0.000610 
-0.002031 0.001110 0.000610 
-0.001953 0.000983 0.000610 
-0.001894 0.001132 0.000610 
-0.001568 -0.000765 0.000610 
-0.001468 -0.000824 0.000610 
-0.000607 -0.000773 0.000610 
-0.000516 -0.000817 0.000610 
-0.001244 -0.000011 0.000610 
-0.001356 -0.000024 0.000610 
-0.001224 -0.000125 0.000610 
-0.001423 0.000271 0.000610 
-0.001555 0.000257 0.000610 
-0.001401 0.000214 0.000610 
-0.001807 0.001200 0.000610 
-0.001753 0.001288 0.000610 
-0.001834 0.001306 0.000610 
-0.002806 0.000542 0.000610 
-0.002877 0.000645 0.000610 
-0.003096 0.000090 0.000610 
-0.003015 0.000167 0.000610 
-0.001898 -0.000343 0.000610 
-0.001779 -0.000272 0.000610 
-0.001936 -0.000212 0.000610 
-0.001469 -0.000163 0.000610 
-0.001579 -0.000207 0.000610 
-0.001500 -0.000344 0.000610 
-0.002283 -0.000283 0.000610 
-0.002146 -0.000219 0.000610 
-0.002289 -0.000175 0.000610 
-0.002302 -0.000805 0.000610 
-0.002369 -0.000885 0.000610 
-0.002297 -0.000922 0.000610 
-0.002340 0.000443 0.000610 
-0.002263 0.000530 0.000610 
-0.002453 0.000488 0.000610 
-0.002023 0.000285 0.000610 
-0.002180 0.000285 0.000610 
-0.002082 0.000164 0.000610 
-0.001286 0.001193 0.000610 
-0.000743 0.000616 0.000610 
-0.000798 0.000755 0.000610 
-0.000877 0.000573 0.000610 
-0.001114 -0.000534 0.000610 
-0.001124 -0.000653 0.000610 
-0.000978 -0.000625 0.000610 
-0.001365 -0.000725 0.000610 
-0.000623 0.000167 0.000610 
-0.000499 0.000197 0.000610 
-0.000749 -0.000743 0.000610 
-0.000037 0.000881 0.000610 
-0.000113 0.000765 0.000610 
-0.000646 0.000525 0.000610 
-0.000679 0.000396 0.000610 
-0.000555 0.000437 0.000610 
-0.002633 0.000361 0.000610 
-0.002567 0.000317 0.000610 
-0.002545 0.000489 0.000610 
-0.003076 0.000237 0.000610 
-0.000478 0.000336 0.000610 
-0.000430 0.000471 0.000610 
-0.000376 0.000222 0.000610 
-0.002801 -0.000508 0.000610 
-0.002665 -0.000403 0.000610 
-0.002764 -0.000336 0.000610 
-0.002991 -0.000140 0.000610 
-0.002511 0.001078 0.000610 
-0.002377 0.001147 0.000610 
-0.002306 0.001070 0.000610 
-0.002300 0.001259 0.000610 
-0.000140 -0.000982 0.000610 
-0.000612 -0.000327 0.000610 
-0.000491 -0.000414 0.000610 
-0.000502 -0.000261 0.000610 
-0.001842 -0.000670 0.000610 
-0.001804 -0.000528 0.000610 
-0.001894 -0.000657 0.000610 
-0.002105 -0.000971 0.000610 
-0.002233 0.000956 0.000610 
-0.002162 0.001083 0.000610 
-0.002041 0.001303 0.000610 
-0.000732 -0.000368 0.000610 
-0.000770 -0.000272 0.000610 
-0.000316 -0.000456 0.000610 
-0.000209 -0.000365 0.000610 
-0.000049 0.000990 0.000610 
-0.000207 0.000927 0.000610 
-0.000313 0.000836 0.000610 
-0.000307 0.000941 0.000610 
-0.001820 -0.000891 0.000610 
-0.001876 -0.000984 0.000610 
-0.001999 -0.000802 0.000610 
-0.001889 -0.000806 0.000610 
-0.001942 -0.000726 0.000610 
-0.001824 0.000872 0.000610 
-0.001784 0.000976 0.000610 
-0.001894 0.000935 0.000610 
-0.001708 0.000700 0.000610 
-0.001787 0.000562 0.000610 
-0.000840 -0.000203 0.000610 
-0.000720 -0.000180 0.000610 
-0.000639 -0.000603 0.000610 
-0.000862 0.001100 0.000610 
-0.000765 0.001124 0.000610 
-0.000694 0.001045 0.000610 
-0.000074 0.001111 0.000610 
-0.000098 0.001216 0.000610 
-0.000994 0.000879 0.000610 
-0.001071 0.000791 0.000610 
-0.000858 0.000842 0.000610 
-0.000945 0.001003 0.000610 
-0.002447 -0.000666 0.000610 
-0.002327 -0.000714 0.000610 
-0.002678 -0.000661 0.000610 
-0.002560 -0.000687 0.000610 
-0.002602 -0.000545 0.000610 
-0.000242 -0.000232 0.000610 
-0.000357 -0.000596 0.000610 
-0.000421 -0.000490 0.000610 
-0.002856 0.000882 0.000610 
-0.002491 0.000978 0.000610 
-0.002473 0.000889 0.000610 
-0.000178 0.001313 0.000610 
-0.001319 0.000171 0.000610 
-0.001430 0.000135 0.000610 
-0.001449 0.000018 0.000610 
-0.001414 -0.000088 0.000610 
-0.000252 0.000124 0.000610 
-0.000246 -0.000012 0.000610 
-0.000299 -0.000119 0.000610 
-0.000713 0.000940 0.000610 
-0.000605 0.000967 0.000610 
-0.002723 0.000465 0.000610 
-0.002937 0.000758 0.000610 
-0.000070 -0.001054 0.000610 
-0.002877 -0.000536 0.000610 
-0.002966 -0.000445 0.000610 
-0.002999 -0.000325 0.000610 
-0.003038 -0.000200 0.000610 
-0.002184 -0.000556 0.000610 
-0.002133 -0.000680 0.000610 
-0.001977 -0.000101 0.000610 
-0.002048 -0.000211 0.000610 
-0.000754 0.000838 0.000610 
-0.000381 0.000605 0.000610 
-0.000333 0.000740 0.000610 
-0.000458 0.000706 0.000610 
-0.000131 -0.000676 0.000610 
-0.000283 -0.000704 0.000610 
-0.002162 0.001288 0.000610 
-0.002084 0.001211 0.000610 
-0.002984 0.000646 0.000610 
-0.001311 0.000813 0.000610 
-0.001387 0.000643 0.000610 
-0.001255 0.000685 0.000610 
-0.001016 0.000685 0.000610 
-0.000991 0.000590 0.000610 
-0.002761 0.000230 0.000610 
-0.002731 0.000337 0.000610 
-0.002840 0.000301 0.000610 
-0.002765 -0.000034 0.000610 
-0.002742 0.000073 0.000610 
-0.000132 0.000669 0.000610 
-0.000179 0.000539 0.000610 
-0.000304 0.000505 0.000610 
-0.002538 -0.000817 0.000610 
0.000193 -0.000829 0.000610 
-0.001752 0.001129 0.000610 
-0.001431 0.000887 0.000610 
-0.001332 0.000919 0.000610 
-0.001694 -0.000712 0.000610 
-0.001777 -0.000806 0.000610 
-0.001331 -0.000537 0.000610 
-0.001438 -0.000576 0.000610 
-0.001345 -0.000626 0.000610 
-0.002301 -0.000059 0.000610 
-0.002348 0.000275 0.000610 
-0.002500 0.000263 0.000610 
-0.002397 0.000164 0.000610 
-0.000459 0.001207 0.000610 
-0.000403 -0.000735 0.000610 
-0.001822 0.000164 0.000610 
-0.001743 0.000302 0.000610 
-0.001846 0.000302 0.000610 
-0.001944 0.000423 0.000610 
-0.001919 0.000553 0.000610 
-0.002069 0.000544 0.000610 
-0.001312 -0.000438 0.000610 
-0.001219 -0.000488 0.000610 
-0.000885 -0.000527 0.000610 
-0.002555 -0.000410 0.000610 
-0.002431 -0.000391 0.000610 
-0.002793 -0.000595 0.000610 
-0.000981 0.001118 0.000610 
-0.001589 -0.000613 0.000610 
-0.002608 0.001046 0.000610 
-0.000236 0.000736 0.000610 
-0.001167 -0.000187 0.000610 
-0.001072 -0.000233 0.000610 
-0.001407 -0.000394 0.000610 
-0.001517 -0.000438 0.000610 
-0.001985 0.000920 0.000610 
-0.002319 0.000853 0.000610 
-0.002515 0.000060 0.000610 
-0.002357 0.000060 0.000610 
-0.000511 0.000874 0.000610 
-0.000547 0.000773 0.000610 
-0.000648 0.000806 0.000610 
-0.000720 0.000274 0.000610 
-0.000835 -0.000434 0.000610 
-0.000677 -0.000507 0.000610 
-0.002193 0.000585 0.000610 
-0.001570 0.001262 0.000610 
-0.002217 -0.000757 0.000610 
-0.002102 -0.000795 0.000610 
-0.002901 -0.000348 0.000610 
-0.001885 0.000023 0.000610 
-0.002046 0.000011 0.000610 
-0.001760 -0.000003 0.000610 
-0.000523 -0.000167 0.000610 
-0.000639 -0.000111 0.000610 
-0.000830 -0.000031 0.000610 
-0.000731 -0.000067 0.000610 
-0.001766 0.000786 0.000610 
-0.001668 0.000803 0.000610 
-0.001957 0.000777 0.000610 
-0.001196 0.000350 0.000610 
-0.001320 0.000388 0.000610 
-0.002195 0.000040 0.000610 
-0.001095 -0.000434 0.000610 
-0.001045 -0.000342 0.000610 
-0.000940 -0.000388 0.000610 
-0.002952 0.000271 0.000610 
-0.000997 0.000093 0.000610 
-0.000971 0.000214 0.000610 
-0.001075 0.000294 0.000610 
-0.002075 -0.000395 0.000610 
-0.001966 -0.000437 0.000610 
-0.001848 -0.000461 0.000610 
-0.002527 0.000574 0.000610 
-0.001531 0.000855 0.000610 
-0.001864 0.000769 0.000610 
-0.000595 0.000638 0.000610 
-0.002319 -0.000369 0.000610 
-0.002240 -0.000343 0.000610 
-0.001163 -0.000752 0.000610 
-0.001183 -0.000843 0.000610 
-0.000550 -0.000509 0.000610 
-0.001640 0.000278 0.000610 
-0.001592 0.000174 0.000610 
-0.001633 0.000069 0.000610 
-0.001682 -0.000100 0.000610 
-0.003078 -0.000061 0.000610 
-0.001134 0.000699 0.000610 
-0.000397 -0.000203 0.000610 
-0.001760 -0.000460 0.000610 
-0.001668 -0.000475 0.000610 
-0.001702 -0.000385 0.000610 
-0.001575 -0.000524 0.000610 
-0.002641 0.000253 0.000610 
-0.002712 0.000164 0.000610 
-0.000906 -0.000130 0.000610 
-0.001117 0.000046 0.000610 
-0.001995 -0.000985 0.000610 
-0.002053 -0.000889 0.000610 
-0.001258 -0.000686 0.000610 
-0.001882 0.000668 0.000610 
-0.002107 -0.000300 0.000610 
-0.002164 -0.000385 0.000610 
-0.002218 -0.000449 0.000610 
-0.001265 -0.000222 0.000610 
-0.001216 0.000113 0.000610 
-0.001510 0.000749 0.000610 
-0.001486 0.000611 0.000610 
-0.002615 0.000091 0.000610 
-0.001529 0.000077 0.000610 
-0.001194 0.000225 0.000610 
-0.001689 -0.000238 0.000610 
-0.000945 -0.000228 0.000610 
-0.001458 0.000436 0.000610 
-0.001295 -0.000344 0.000610 
-0.001362 -0.000203 0.000610 
0.000085 0.001502 0.000610 
0.000085 -0.001172 0.000610 
-0.001160 0.000526 0.000610 
-0.001184 0.000999 0.000610 
-0.000056 0.001389 0.000610 
-0.000449 0.001030 0.000610 
-0.000290 0.001223 0.000610 
0.000163 0.001083 0.000610 
-0.000658 0.001152 0.000610 
-0.001145 0.001136 0.000610 
-0.000234 0.001135 0.000610 
-0.000872 0.000390 0.000610 
-0.001403 0.001146 0.000610 
-0.000963 -0.000769 0.000610 
0.000069 -0.001104 0.000610 
0.000115 -0.000947 0.000610 
-0.001644 0.000506 0.000610 
-0.000199 0.000325 0.000610 
-0.001025 -0.000066 0.000610 
-0.000350 -0.000849 0.000610 
-0.000804 0.000099 0.000610 
-0.000486 -0.000006 0.000610 
-0.000890 -0.000729 0.000610 
-0.000253 -0.000883 0.000610 
-0.000030 -0.000511 0.000610 
0.000185 0.001224 0.000610 
0.000068 0.001365 0.000610 
0.000053 -0.000737 0.000610 
0.000068 -0.000863 0.000610 
-0.002027 -0.000573 0.000610 
-0.002711 0.000926 0.000610 
-0.002125 0.000771 0.000610 
-0.002603 -0.000123 0.000610 
-0.002674 0.000694 0.000610 
-0.002400 0.000702 0.000610 
-0.002908 0.000458 0.000610 
-0.002995 0.000447 0.000610 
-0.002356 -0.000561 0.000610 
-0.002487 -0.000199 0.000610 
-0.002791 -0.000248 0.000610 
-0.002893 0.000022 0.000610 
-0.001637 -0.000983 0.000610 
-0.001613 0.001026 0.000610 
-0.001351 -0.000908 0.000610 
-0.001970 0.001071 0.000610 
-0.001532 -0.000831 0.000610 
-0.000580 -0.000832 0.000610 
-0.001276 -0.000031 0.000610 
-0.001472 0.000269 0.000610 
-0.001785 0.001274 0.000610 
-0.002811 0.000615 0.000610 
-0.003021 0.000115 0.000610 
-0.001859 -0.000262 0.000610 
-0.001516 -0.000238 0.000610 
-0.002240 -0.000208 0.000610 
-0.002337 -0.000877 0.000610 
-0.002341 0.000467 0.000610 
-0.002095 0.000245 0.000610 
-0.001226 0.001206 0.000610 
-0.000784 0.000637 0.000610 
-0.001072 -0.000604 0.000610 
-0.001403 -0.000817 0.000610 
-0.000551 0.000147 0.000610 
-0.000802 -0.000793 0.000610 
-0.000030 0.000821 0.000610 
-0.000627 0.000453 0.000610 
-0.002582 0.000400 0.000610 
-0.003115 0.000320 0.000610 
-0.000487 0.000414 0.000610 
-0.000449 0.000250 0.000610 
-0.002755 -0.000428 0.000610 
-0.002907 -0.000133 0.000610 
-0.002466 0.001167 0.000610 
-0.002328 0.001159 0.000610 
-0.000204 -0.000979 0.000610 
-0.000518 -0.000333 0.000610 
-0.001829 -0.000610 0.000610 
-0.002201 -0.000988 0.000610 
-0.002233 0.001037 0.000610 
-0.001936 0.001352 0.000610 
-0.000705 -0.000329 0.000610 
-0.000208 -0.000425 0.000610 
-0.000090 0.000930 0.000610 
-0.000270 0.000901 0.000610 
-0.001815 -0.000947 0.000610 
-0.001946 -0.000781 0.000610 
-0.001830 0.000936 0.000610 
-0.001728 0.000613 0.000610 
-0.000777 -0.000219 0.000610 
-0.000665 -0.000706 0.000610 
-0.000813 0.001146 0.000610 
-0.000716 0.001102 0.000610 
-0.000015 0.001054 0.000610 
-0.000140 0.001170 0.000610 
-0.001059 0.000856 0.000610 
-0.000933 0.000906 0.000610 
-0.002382 -0.000669 0.000610 
-0.002614 -0.000632 0.000610 
-0.000172 -0.000278 0.000610 
-0.000354 -0.000514 0.000610 
-0.002771 0.000848 0.000610 
-0.002541 0.000941 0.000610 
-0.000235 0.001333 0.000610 
-0.000120 0.001290 0.000610 
-0.001392 0.000192 0.000610 
-0.001411 -0.000027 0.000610 
-0.000208 0.000046 0.000610 
-0.000307 -0.000056 0.000610 
-0.000326 0.000998 0.000610 
-0.000673 0.000991 0.000610 
-0.002809 0.000466 0.000610 
-0.002916 0.000840 0.000610 
-0.000060 -0.001110 0.000610 
-0.000084 -0.000990 0.000610 
-0.002935 -0.000521 0.000610 
-0.003045 -0.000271 0.000610 
-0.002118 -0.000601 0.000610 
-0.001989 -0.000180 0.000610 
-0.000805 0.000815 0.000610 
-0.000391 0.000684 0.000610 
-0.000060 -0.000649 0.000610 
-0.000211 -0.000735 0.000610 
-0.002226 0.001311 0.000610 
-0.002098 0.001265 0.000610 
-0.003038 0.000593 0.000610 
-0.002931 0.000696 0.000610 
-0.001328 0.000710 0.000610 
-0.001048 0.000631 0.000610 
-0.002777 0.000289 0.000610 
-0.002782 0.000028 0.000610 
-0.000125 0.000593 0.000610 
-0.000372 0.000527 0.000610 
-0.002484 -0.000883 0.000610 
-0.002517 -0.000728 0.000610 
0.000183 -0.000755 0.000610 
0.000210 -0.000895 0.000610 
-0.001818 0.001165 0.000610 
-0.002091 0.001131 0.000610 
-0.001358 0.000873 0.000610 
-0.001743 0.001049 0.000610 
-0.001772 -0.000728 0.000610 
-0.001372 -0.000580 0.000610 
-0.002321 -0.000124 0.000610 
-0.002415 0.000233 0.000610 
-0.000237 0.000483 0.000610 
-0.000288 0.000206 0.000610 
-0.000512 0.001187 0.000610 
-0.000417 0.001251 0.000610 
-0.000451 -0.000803 0.000610 
-0.000347 -0.000679 0.000610 
-0.001804 0.000256 0.000610 
-0.001973 0.000508 0.000610 
-0.001287 -0.000488 0.000610 
-0.000930 -0.000595 0.000610 
-0.002503 -0.000368 0.000610 
-0.002819 -0.000555 0.000610 
-0.001025 0.001157 0.000610 
-0.000933 0.001074 0.000610 
-0.001832 -0.000828 0.000610 
-0.001616 -0.000696 0.000610 
-0.002673 0.001037 0.000610 
-0.002540 0.001044 0.000610 
-0.000160 0.000723 0.000610 
-0.000294 0.000771 0.000610 
-0.001113 -0.000189 0.000610 
-0.001475 -0.000392 0.000610 
-0.001942 0.000949 0.000610 
-0.002231 0.000872 0.000610 
-0.002730 -0.000093 0.000610 
-0.002423 0.000095 0.000610 
-0.000541 0.000942 0.000610 
-0.000569 0.000817 0.000610 
-0.000695 0.000187 0.000610 
-0.000748 -0.000437 0.000610 
-0.002130 0.000595 0.000610 
-0.001937 0.000337 0.000610 
-0.001637 0.001313 0.000610 
-0.001531 0.001173 0.000610 
-0.002284 -0.000766 0.000610 
-0.002151 -0.000745 0.000610 
-0.002957 -0.000377 0.000610 
-0.002848 -0.000302 0.000610 
-0.001966 -0.000017 0.000610 
-0.001818 0.000060 0.000610 
-0.000585 -0.000121 0.000610 
-0.000774 -0.000023 0.000610 
-0.002691 0.000395 0.000610 
-0.002275 0.000317 0.000610 
-0.001714 0.000763 0.000610 
-0.001986 0.000838 0.000610 
-0.000730 0.000340 0.000610 
-0.001242 0.000403 0.000610 
-0.002283 0.000009 0.000610 
-0.002108 0.000070 0.000610 
-0.001143 -0.000485 0.000610 
-0.001026 -0.000388 0.000610 
-0.002252 0.000578 0.000610 
-0.002398 0.000837 0.000610 
-0.002898 0.000329 0.000610 
-0.003010 0.000220 0.000610 
-0.000955 0.000151 0.000610 
-0.000991 0.000292 0.000610 
-0.002029 -0.000463 0.000610 
-0.001903 -0.000413 0.000610 
-0.002543 0.000633 0.000610 
-0.002508 0.000516 0.000610 
-0.001596 0.000867 0.000610 
-0.001818 0.000809 0.000610 
-0.000934 0.000552 0.000610 
-0.000668 0.000600 0.000610 
-0.002354 -0.000417 0.000610 
-0.002279 -0.000327 0.000610 
-0.001142 -0.000808 0.000610 
-0.001226 -0.000877 0.000610 
-0.000488 -0.000469 0.000610 
-0.000617 -0.000549 0.000610 
-0.001596 0.000236 0.000610 
-0.001690 -0.000003 0.000610 
-0.003029 -0.000130 0.000610 
-0.003116 0.000014 0.000610 
-0.001182 0.000659 0.000610 
-0.001080 0.000732 0.000610 
-0.000313 -0.000185 0.000610 
-0.000474 -0.000213 0.000610 
-0.001714 -0.000435 0.000610 
-0.001534 -0.000571 0.000610 
-0.002607 -0.000453 0.000610 
-0.002743 -0.000683 0.000610 
-0.002586 0.000290 0.000610 
-0.002704 0.000216 0.000610 
-0.000910 -0.000070 0.000610 
-0.001037 0.000032 0.000610 
-0.001314 0.000985 0.000610 
-0.001351 0.001237 0.000610 
-0.001936 -0.001022 0.000610 
-0.002053 -0.000949 0.000610 
-0.001182 -0.000697 0.000610 
-0.001323 -0.000679 0.000610 
-0.001863 0.000594 0.000610 
-0.001905 0.000736 0.000610 
-0.002105 -0.000242 0.000610 
-0.002211 -0.000398 0.000610 
-0.001221 -0.000185 0.000610 
-0.001192 0.000061 0.000610 
-0.001461 0.000668 0.000610 
-0.001491 0.000831 0.000610 
-0.001907 -0.000677 0.000610 
-0.002050 -0.000828 0.000610 
-0.002700 0.000116 0.000610 
-0.002568 0.000046 0.000610 
-0.000703 0.000861 0.000610 
-0.000533 0.000706 0.000610 
-0.001469 0.000077 0.000610 
-0.001243 0.000170 0.000610 
-0.002241 -0.000501 0.000610 
-0.002113 -0.000361 0.000610 
-0.001646 -0.000177 0.000610 
-0.001584 0.000110 0.000610 
-0.000689 -0.000111 0.000610 
-0.000897 -0.000187 0.000610 
-0.001403 0.000370 0.000610 
-0.001157 0.000292 0.000610 
-0.001587 -0.000479 0.000610 
-0.001338 -0.000392 0.000610 
-0.001681 0.000322 0.000610 
-0.001510 0.000528 0.000610 
-0.000887 -0.000450 0.000610 
-0.001024 -0.000268 0.000610 
-0.001725 -0.000302 0.000610 
-0.001806 -0.000481 0.000610 
-0.001415 -0.000151 0.000610 
-0.001307 -0.000260 0.000610 

6 592 4 5
207 592 6 7
4 592 207 3
72 593 208 71
74 593 72 73
208 593 74 75
211 166 210 134
-2 -2 -2 -2
-2 -2 -2 -2
-2 -2 -2 -2
212 149 214 187
213 149 212 118
216 596 8 9
215 596 216 117
8 596 215 7
219 144 218 600
217 144 219 103
-2 -2 -2 -2
222 598 221 11
220 598 222 144
221 598 220 122
92 599 224 91
223 599 92 1
224 599 223 117
14 600 226 13
225 600 14 15
-2 -2 -2 -2
228 601 214 149
227 601 228 19
214 601 227 187
-2 -2 -2 -2
-2 -2 -2 -2
229 112 220 144
233 175 232 166
231 175 233 171
-2 -2 -2 -2
236 604 235 140
234 604 236 187
235 604 234 23
60 605 238 59
237 605 60 61
-2 -2 -2 -2
208 127 240 71
242 127 208 75
-2 -2 -2 -2
-2 -2 -2 -2
-2 -2 -2 -2
-2 -2 -2 -2
245 608 244 146
243 608 245 203
244 608 243 95
247 609 86 87
246 609 247 143
86 609 246 85
-2 -2 -2 -2
-2 -2 -2 -2
249 157 248 192
252 611 66 67
-2 -2 -2 -2
66 611 251 65
255 186 254 163
253 186 255 171
-2 -2 -2 -2
-2 -2 -2 -2
256 124 258 163
257 124 256 182
-2 -2 -2 -2
259 605 237 115
-2 -2 -2 -2
-2 -2 -2 -2
261 611 252 108
-2 -2 -2 -2
264 616 80 81
263 616 264 131
80 616 263 79
265 617 2 3
223 617 265 117
2 617 223 1
207 618 265 3
215 618 207 7
265 618 215 117
268 108 267 79
-2 -2 -2 -2
-2 -2 -2 -2
269 138 267 108
242 138 269 127
-2 -2 -2 -2
-2 -2 -2 -2
-2 -2 -2 -2
271 172 270 194
275 121 274 33
-2 -2 -2 -2
-2 -2 -2 -2
-2 -2 -2 -2
276 114 278 154
277 114 276 169
281 148 280 155
279 148 281 195
-2 -2 -2 -2
284 173 283 121
327 173 284 126
-2 -2 -2 -2
-2 -2 -2 -2
285 99 287 169
286 99 285 121
-2 -2 -2 -2
-2 -2 -2 -2
-2 -2 -2 -2
-2 -2 -2 -2
288 133 291 170
-2 -2 -2 -2
-2 -2 -2 -2
293 119 295 109
-2 -2 -2 -2
-2 -2 -2 -2
280 98 297 155
296 98 280 148
-2 -2 -2 -2
-2 -2 -2 -2
299 106 298 148
-2 -2 -2 -2
301 106 303 135
298 106 301 180
54 150 305 53
304 150 54 55
-2 -2 -2 -2
308 634 307 140
306 634 308 159
307 634 306 174
310 635 56 57
309 635 310 177
56 635 309 55
313 154 312 110
311 154 313 139
-2 -2 -2 -2
315 637 304 55
314 637 315 141
304 637 314 150
317 638 64 65
316 638 317 111
64 638 316 63
-2 -2 -2 -2
318 153 320 192
319 153 318 197
-2 -2 -2 -2
-2 -2 -2 -2
322 123 321 203
-2 -2 -2 -2
324 159 325 139
-2 -2 -2 -2
-2 -2 -2 -2
327 126 328 133
-2 -2 -2 -2
330 643 301 135
329 643 330 39
301 643 329 180
-2 -2 -2 -2
331 162 333 129
332 162 331 205
336 645 335 97
334 645 336 206
335 645 334 199
-2 -2 -2 -2
337 167 339 98
338 167 337 191
-2 -2 -2 -2
340 137 341 160
-2 -2 -2 -2
-2 -2 -2 -2
343 99 345 164
344 99 343 158
348 649 347 142
346 649 348 93
347 649 346 158
20 650 227 19
349 650 20 21
227 650 349 187
-2 -2 -2 -2
350 100 352 175
351 100 350 196
355 652 354 605
353 652 355 168
354 652 353 189
315 653 356 141
309 653 315 55
356 653 309 177
358 654 258 124
357 654 358 105
258 654 357 163
62 655 237 61
359 655 62 63
237 655 359 115
90 656 361 89
360 656 90 91
361 656 360 152
364 657 363 105
362 657 364 130
363 657 362 175
-2 -2 -2 -2
365 164 367 173
-2 -2 -2 -2
38 170 291 37
368 170 38 39
-2 -2 -2 -2
364 660 370 130
369 660 364 105
370 660 369 143
358 661 369 105
371 661 358 124
369 661 371 143
374 184 373 148
372 184 374 161
-2 -2 -2 -2
-2 -2 -2 -2
375 128 298 180
-2 -2 -2 -2
30 664 377 29
376 664 30 31
377 664 376 107
377 665 379 29
378 665 377 107
379 665 378 132
68 666 252 67
380 666 68 69
252 666 380 108
-2 -2 -2 -2
381 120 383 102
382 120 381 178
-2 -2 -2 -2
-2 -2 -2 -2
385 172 384 183
50 160 341 49
387 160 50 51
-2 -2 -2 -2
378 670 389 132
388 670 378 107
389 670 388 154
26 139 325 25
390 139 26 27
-2 -2 -2 -2
392 672 381 102
391 672 392 204
381 672 391 178
394 673 264 81
393 673 394 120
264 673 393 131
396 674 395 112
360 674 396 152
395 674 360 91
398 675 396 112
397 675 398 103
396 675 397 152
305 676 400 53
399 676 305 150
400 676 399 188
403 677 402 113
401 677 403 194
402 677 401 188
406 678 405 110
404 678 406 165
405 678 404 174
244 679 408 146
407 679 244 95
408 679 407 190
410 680 392 102
409 680 410 200
392 680 409 204
316 681 359 63
411 681 316 111
359 681 411 115
16 682 413 15
412 682 16 17
413 682 412 116
413 683 225 15
414 683 413 116
225 683 414 600
395 684 415 112
224 684 395 91
415 684 224 117
415 685 220 112
416 685 415 117
220 685 416 122
418 686 213 118
417 686 418 100
213 686 417 149
420 687 419 116
417 687 420 149
419 687 417 100
295 688 422 109
421 688 295 119
422 688 421 137
425 689 424 119
423 689 425 184
424 689 423 47
82 690 394 81
426 690 82 83
394 690 426 120
428 691 393 120
427 691 428 111
393 691 427 131
275 692 284 121
429 692 275 33
284 692 429 126
431 693 274 121
430 693 431 107
274 693 430 151
10 694 432 9
221 694 10 11
432 694 221 122
216 695 416 117
432 695 216 9
416 695 432 122
434 696 321 123
433 696 434 197
321 696 433 201
319 697 436 153
435 697 319 197
436 697 435 199
84 698 438 83
437 698 84 85
438 698 437 124
257 699 438 124
439 699 257 182
438 699 439 83
229 700 398 112
217 700 229 144
398 700 217 103
414 701 441 600
440 701 414 116
441 701 440 156
442 702 288 104
327 702 442 173
288 702 327 133
34 703 429 33
443 703 34 35
429 703 443 126
70 704 444 69
240 704 70 71
444 704 240 127
380 705 269 108
444 705 380 69
269 705 444 127
44 706 446 43
445 706 44 45
446 706 445 161
42 707 448 41
447 707 42 43
448 707 447 128
450 708 449 109
270 708 450 194
449 708 270 198
333 709 452 129
451 709 333 162
452 709 451 167
351 710 419 100
453 710 351 196
419 710 453 116
456 711 455 103
454 711 456 130
455 711 454 136
268 712 457 108
263 712 268 79
457 712 263 131
457 713 261 108
458 713 457 131
261 713 458 611
28 714 459 27
379 714 28 29
459 714 379 132
459 715 390 27
460 715 459 132
390 715 460 139
36 716 461 35
291 716 36 37
461 716 291 133
443 717 328 126
461 717 443 35
328 717 461 133
464 718 463 134
462 718 464 118
463 718 462 193
466 719 210 166
465 719 466 100
210 719 465 181
469 720 468 104
467 720 469 135
468 720 467 185
303 721 471 135
470 721 303 106
471 721 470 195
88 722 473 87
472 722 88 89
473 722 472 136
370 723 454 130
474 723 370 143
454 723 474 136
48 724 475 47
341 724 48 49
475 724 341 137
424 725 421 119
475 725 424 47
421 725 475 137
78 726 476 77
267 726 78 79
476 726 267 138
76 727 242 75
476 727 76 77
242 727 476 138
477 728 313 110
324 728 477 159
313 728 324 139
389 729 460 132
311 729 389 154
460 729 311 139
479 730 462 118
478 730 479 140
462 730 478 193
405 731 477 110
306 731 405 174
477 731 306 159
481 732 384 113
480 732 481 150
384 732 480 183
484 733 483 141
482 733 484 189
483 733 482 202
339 734 297 98
485 734 339 167
297 734 485 155
488 735 487 96
486 735 488 142
487 735 486 164
473 736 247 87
474 736 473 136
247 736 474 143
437 737 371 124
246 737 437 85
371 737 246 143
226 738 489 13
218 738 226 600
489 738 218 144
12 739 222 11
489 739 12 13
222 739 489 144
317 740 490 111
251 740 317 65
490 740 251 611
427 741 458 131
490 741 427 111
458 741 490 611
493 742 492 146
491 742 493 93
492 742 491 179
496 743 495 114
494 743 496 158
495 743 494 146
498 744 482 189
497 744 498 101
482 744 497 202
259 745 355 605
499 745 259 115
355 745 499 168
501 746 500 119
296 746 501 98
500 746 296 148
445 747 372 161
502 747 445 45
372 747 502 184
18 748 503 17
228 748 18 19
503 748 228 149
412 749 420 116
503 749 412 17
420 749 503 149
402 750 481 113
399 750 402 188
481 750 399 150
504 751 314 141
480 751 504 183
314 751 480 150
32 752 505 31
274 752 32 33
505 752 274 151
376 753 430 107
505 753 376 31
430 753 505 151
472 754 506 136
361 754 472 89
506 754 361 152
455 755 397 103
506 755 455 136
397 755 506 152
249 756 508 157
507 756 249 192
508 756 507 101
510 757 336 97
509 757 510 202
336 757 509 206
312 758 406 110
511 758 312 154
406 758 511 165
388 759 276 154
512 759 388 107
276 759 512 169
299 760 470 106
279 760 299 148
470 760 279 195
488 761 514 142
513 761 488 96
514 761 513 155
219 762 515 103
441 762 219 600
515 762 441 156
517 763 515 156
516 763 517 196
515 763 516 103
357 764 255 163
518 764 357 105
255 764 518 171
520 765 519 115
391 765 520 178
519 765 391 204
277 766 496 114
521 766 277 169
496 766 521 158
493 767 346 93
494 767 493 146
346 767 494 158
24 768 522 23
325 768 24 25
522 768 325 159
235 769 308 140
522 769 235 23
308 769 522 159
422 770 523 109
340 770 422 137
523 770 340 160
523 771 450 109
524 771 523 160
450 771 524 194
447 772 525 128
446 772 447 43
525 772 446 161
298 773 374 148
525 773 298 128
374 773 525 161
527 774 526 93
451 774 527 167
526 774 451 162
526 775 491 93
528 775 526 162
491 775 528 179
530 776 256 163
529 776 530 102
256 776 529 182
254 777 532 163
531 777 254 186
532 777 531 200
468 778 442 104
365 778 468 185
442 778 365 173
347 779 486 142
343 779 347 158
486 779 343 164
534 780 407 95
533 780 534 174
407 780 533 190
278 781 511 154
535 781 278 114
511 781 535 165
363 782 518 105
231 782 363 175
518 782 231 171
537 783 211 134
536 783 537 201
211 783 536 166
514 784 538 142
485 784 514 155
538 784 485 167
348 785 527 93
538 785 348 142
527 785 538 167
498 786 539 101
353 786 498 189
539 786 353 168
541 787 539 168
540 787 541 204
539 787 540 101
344 788 287 99
521 788 344 158
287 788 521 169
431 789 512 107
285 789 431 121
512 789 285 169
469 790 542 135
288 790 469 104
542 790 288 170
330 791 368 39
542 791 330 135
368 791 542 170
544 792 253 171
543 792 544 94
253 792 543 186
545 793 233 166
544 793 545 94
233 793 544 171
547 794 270 172
546 794 547 129
270 794 546 198
547 795 331 129
548 795 547 172
331 795 548 205
286 796 549 99
283 796 286 121
549 796 283 173
345 797 367 164
549 797 345 99
367 797 549 173
550 798 534 95
307 798 550 140
534 798 307 174
551 799 404 165
533 799 551 190
404 799 533 174
466 800 352 100
232 800 466 166
352 800 232 175
362 801 350 175
552 801 362 130
350 801 552 196
501 802 553 98
293 802 501 119
553 802 293 176
553 803 337 98
554 803 553 176
337 803 554 191
238 804 556 59
555 804 238 605
556 804 555 177
58 805 310 57
556 805 58 59
310 805 556 177
428 806 557 111
382 806 428 120
557 806 382 178
411 807 520 115
557 807 411 111
520 807 557 178
322 808 559 123
558 808 322 203
559 808 558 179
561 809 528 162
560 809 561 199
528 809 560 179
448 810 562 41
375 810 448 128
562 810 375 180
40 811 329 39
562 811 40 41
329 811 562 180
464 812 563 118
210 812 464 134
563 812 210 181
418 813 465 100
563 813 418 118
465 813 563 181
426 814 564 120
439 814 426 83
564 814 439 182
383 815 529 102
564 815 383 120
529 815 564 182
567 816 566 97
565 816 567 205
566 816 565 183
483 817 504 141
568 817 483 202
504 817 568 183
500 818 425 119
373 818 500 148
425 818 373 184
46 819 502 45
423 819 46 47
502 819 423 184
487 820 569 96
365 820 487 164
569 820 365 185
570 821 467 135
569 821 570 96
467 821 569 185
248 822 531 186
571 822 248 157
531 822 571 200
543 823 248 186
572 823 543 94
248 823 572 192
479 824 236 140
212 824 479 118
236 824 212 187
22 825 349 21
234 825 22 23
349 825 234 187
52 826 573 51
400 826 52 53
573 826 400 188
387 827 574 160
573 827 387 51
574 827 573 188
555 828 575 177
354 828 555 605
575 828 354 189
356 829 484 141
575 829 356 177
484 829 575 189
495 830 576 114
408 830 495 146
576 830 408 190
535 831 551 165
576 831 535 114
551 831 576 190
452 832 577 129
338 832 452 167
577 832 338 191
579 833 554 176
578 833 579 198
554 833 578 191
580 834 320 153
507 834 580 101
320 834 507 192
572 835 318 192
581 835 572 94
318 835 581 197
583 836 582 95
463 836 583 134
582 836 463 193
550 837 478 140
582 837 550 95
478 837 582 193
384 838 403 113
271 838 384 172
403 838 271 194
574 839 524 160
401 839 574 188
524 839 401 194
570 840 584 96
471 840 570 135
584 840 471 195
513 841 281 155
584 841 513 96
281 841 584 195
440 842 517 156
453 842 440 116
517 842 453 196
456 843 552 130
516 843 456 103
552 843 516 196
434 844 435 197
585 844 434 123
435 844 585 199
581 845 433 197
586 845 581 94
433 845 586 201
293 846 579 176
449 846 293 109
579 846 449 198
577 847 546 129
578 847 577 191
546 847 578 198
587 848 561 162
335 848 587 97
561 848 335 199
559 849 585 123
560 849 559 179
585 849 560 199
530 850 410 102
532 850 530 163
410 850 532 200
571 851 409 200
588 851 571 157
409 851 588 204
537 852 321 201
589 852 537 134
321 852 589 203
545 853 586 94
536 853 545 166
586 853 536 201
566 854 510 97
568 854 566 183
510 854 568 202
497 855 509 202
590 855 497 101
509 855 590 206
492 856 245 146
558 856 492 179
245 856 558 203
583 857 589 134
243 857 583 95
589 857 243 203
499 858 541 168
519 858 499 115
541 858 519 204
508 859 588 157
540 859 508 101
588 859 540 204
587 860 567 97
332 860 587 162
567 860 332 205
385 861 548 172
565 861 385 183
548 861 565 205
436 862 591 153
334 862 436 199
591 862 334 206
580 863 590 101
591 863 580 153
590 863 591 206
92
0.000133 0.001480 0.000610
0.000064 0.001600 0.000610
0.000064 0.001600 0.000610
0.000026 0.001572 0.000610
0.000026 0.001572 0.000610
-0.000011 0.001544 0.000610
0.000202 0.001360 0.000610
0.000133 0.001480 0.000610
-0.000011 -0.001215 0.000610
0.000026 -0.001243 0.000610
0.000026 -0.001243 0.000610
0.000064 -0.001270 0.000610
0.000064 -0.001270 0.000610
0.000133 -0.001150 0.000610
0.000133 -0.001150 0.000610
0.000202 -0.001031 0.000610
-0.000089 0.001487 0.000610
-0.000171 0.001435 0.000610
-0.000011 0.001544 0.000610
-0.000089 0.001487 0.000610
0.000141 0.000930 0.000610
0.000236 0.001031 0.000610
0.000236 0.001031 0.000610
0.000341 0.001121 0.000610
-0.000527 0.001283 0.000610
-0.000621 0.001259 0.000610
-0.000621 0.001259 0.000610
-0.000717 0.001242 0.000610
-0.001104 -0.000907 0.000610
-0.001007 -0.000899 0.000610
-0.001007 -0.000899 0.000610
-0.000910 -0.000897 0.000610
-0.000126 0.000303 0.000610
-0.000102 0.000439 0.000610
-0.000134 0.000165 0.000610
-0.000126 0.000303 0.000610
-0.000435 -0.000983 0.000610
-0.000344 -0.001018 0.000610
-0.000527 -0.000953 0.000610
-0.000435 -0.000983 0.000610
0.000060 -0.000489 0.000610
-0.000009 -0.000369 0.000610
0.000141 -0.000600 0.000610
0.000060 -0.000489 0.000610
0.000272 0.001241 0.000610
0.000202 0.001360 0.000610
0.000341 0.001121 0.000610
0.000272 0.001241 0.000610
-0.001773 -0.001075 0.000610
-0.001624 -0.001046 0.000610
-0.001624 -0.001046 0.000610
-0.001480 -0.001000 0.000610
-0.001388 -0.000967 0.000610
-0.001295 -0.000941 0.000610
-0.001480 -0.001000 0.000610
-0.001388 -0.000967 0.000610
-0.000621 -0.000930 0.000610
-0.000527 -0.000953 0.000610
-0.000717 -0.000913 0.000610
-0.000621 -0.000930 0.000610
-0.001104 0.001236 0.000610
-0.001200 0.001250 0.000610
-0.001200 0.001250 0.000610
-0.001295 0.001270 0.000610
-0.000910 -0.000897 0.000610
-0.000813 -0.000902 0.000610
-0.000813 -0.000902 0.000610
-0.000717 -0.000913 0.000610
-0.000009 0.000699 0.000610
0.000060 0.000819 0.000610
0.000060 0.000819 0.000610
0.000141 0.000930 0.000610
-0.003147 0.000465 0.000610
-0.003175 0.000316 0.000610
-0.003175 0.000316 0.000610
-0.003184 0.000165 0.000610
-0.002370 0.001336 0.000610
-0.002509 0.001275 0.000610
-0.002509 0.001275 0.000610
-0.002639 0.001197 0.000610
-0.000344 -0.001018 0.000610
-0.000256 -0.001059 0.000610
-0.000256 -0.001059 0.000610
-0.000171 -0.001105 0.000610
-0.002370 -0.001007 0.000610
-0.002225 -0.001051 0.000610
-0.002225 -0.001051 0.000610
-0.002076 -0.001077 0.000610
-0.001773 0.001404 0.000610
-0.001924 0.001415 0.000610
-0.001924 0.001415 0.000610
-0.002076 0.001407 0.000610
-0.000717 0.001242 0.000610
-0.000813 0.001231 0.000610
-0.000813 0.001231 0.000610
-0.000910 0.001227 0.000610
-0.000009 -0.000369 0.000610
-0.000063 -0.000242 0.000610
-0.000063 -0.000242 0.000610
-0.000102 -0.000109 0.000610
-0.000171 0.001435 0.000610
-0.000256 0.001388 0.000610
-0.000256 0.001388 0.000610
-0.000344 0.001347 0.000610
-0.000102 -0.000109 0.000610
-0.000126 0.000027 0.000610
-0.000126 0.000027 0.000610
-0.000134 0.000165 0.000610
-0.002867 0.000997 0.000610
-0.002961 0.000878 0.000610
-0.002961 0.000878 0.000610
-0.003040 0.000748 0.000610
-0.000171 -0.001105 0.000610
-0.000089 -0.001157 0.000610
-0.000089 -0.001157 0.000610
-0.000011 -0.001215 0.000610
-0.003040 -0.000419 0.000610
-0.002961 -0.000548 0.000610
-0.002961 -0.000548 0.000610
-0.002867 -0.000668 0.000610
-0.003147 -0.000136 0.000610
-0.003102 -0.000281 0.000610
-0.003102 -0.000281 0.000610
-0.003040 -0.000419 0.000610
-0.002076 0.001407 0.000610
-0.002225 0.001380 0.000610
-0.002225 0.001380 0.000610
-0.002370 0.001336 0.000610
-0.003040 0.000748 0.000610
-0.003102 0.000610 0.000610
-0.003102 0.000610 0.000610
-0.003147 0.000465 0.000610
-0.000102 0.000439 0.000610
-0.000063 0.000571 0.000610
-0.000063 0.000571 0.000610
-0.000009 0.000699 0.000610
-0.002639 -0.000867 0.000610
-0.002509 -0.000945 0.000610
-0.002509 -0.000945 0.000610
-0.002370 -0.001007 0.000610
0.000341 -0.000791 0.000610
0.000236 -0.000702 0.000610
0.000236 -0.000702 0.000610
0.000141 -0.000600 0.000610
0.000202 -0.001031 0.000610
0.000272 -0.000911 0.000610
0.000272 -0.000911 0.000610
0.000341 -0.000791 0.000610
-0.000344 0.001347 0.000610
-0.000435 0.001312 0.000610
-0.000435 0.001312 0.000610
-0.000527 0.001283 0.000610
-0.000910 0.001227 0.000610
-0.001007 0.001228 0.000610
-0.001007 0.001228 0.000610
-0.001104 0.001236 0.000610
-0.002639 0.001197 0.000610
-0.002759 0.001104 0.000610
-0.002759 0.001104 0.000610
-0.002867 0.000997 0.000610
-0.001480 0.001329 0.000610
-0.001624 0.001376 0.000610
-0.001624 0.001376 0.000610
-0.001773 0.001404 0.000610
-0.001295 -0.000941 0.000610
-0.001200 -0.000921 0.000610
-0.001200 -0.000921 0.000610
-0.001104 -0.000907 0.000610
-0.003184 0.000165 0.000610
-0.003175 0.000013 0.000610
-0.003175 0.000013 0.000610
-0.003147 -0.000136 0.000610
-0.002867 -0.000668 0.000610
-0.002759 -0.000774 0.000610
-0.002759 -0.000774 0.000610
-0.002639 -0.000867 0.000610
-0.001295 0.001270 0.000610
-0.001388 0.001297 0.000610
-0.001388 0.001297 0.000610
-0.001480 0.001329 0.000610
-0.002076 -0.001077 0.000610
-0.001924 -0.001085 0.000610
-0.001924 -0.001085 0.000610
-0.001773 -0.001075 0.000610
