247 198
0.002418 0.002208 -0.000890 
0.002409 0.002191 -0.000889 
0.002399 0.002174 -0.000887 
0.002389 0.002157 -0.000882 
0.002380 0.002141 -0.000875 
0.002371 0.002126 -0.000867 
0.002363 0.002111 -0.000857 
0.002355 0.002098 -0.000845 
0.002348 0.002085 -0.000832 
0.002341 0.002074 -0.000818 
0.002335 0.002063 -0.000802 
0.002330 0.002055 -0.000785 
0.002326 0.002047 -0.000767 
0.002323 0.002042 -0.000749 
0.002320 0.002037 -0.000730 
0.002319 0.002035 -0.000710 
0.002318 0.002034 -0.000690 
0.002318 0.002034 -0.000590 
0.002318 0.002034 -0.000490 
0.002318 0.002034 -0.000390 
0.002318 0.002034 -0.000290 
0.002318 0.002034 -0.000190 
0.002318 0.002034 -0.000090 
0.002318 0.002034 0.000010 
0.002318 0.002034 0.000110 
0.002317 0.002032 0.000159 
0.002313 0.002026 0.000207 
0.002307 0.002015 0.000255 
0.002299 0.002001 0.000301 
0.002289 0.001983 0.000345 
0.002276 0.001961 0.000387 
0.002261 0.001935 0.000427 
0.002245 0.001907 0.000463 
0.002227 0.001875 0.000496 
0.002207 0.001841 0.000525 
0.002186 0.001804 0.000551 
0.002164 0.001766 0.000571 
0.002141 0.001726 0.000588 
0.002117 0.001685 0.000600 
0.002092 0.001642 0.000607 
0.002068 0.001600 0.000610 
0.001998 0.001480 0.000610 
0.001929 0.001360 0.000610 
0.001860 0.001241 0.000610 
0.001791 0.001121 0.000610 
0.001781 0.001104 0.000611 
0.001771 0.001087 0.000613 
0.001762 0.001070 0.000618 
0.001753 0.001054 0.000625 
0.001744 0.001039 0.000633 
0.001735 0.001024 0.000643 
0.001727 0.001010 0.000655 
0.001720 0.000998 0.000668 
0.001713 0.000986 0.000682 
0.001707 0.000976 0.000698 
0.001702 0.000967 0.000715 
0.001698 0.000959 0.000733 
0.001695 0.000954 0.000751 
0.001692 0.000949 0.000770 
0.001691 0.000947 0.000790 
0.001690 0.000946 0.000810 
0.001690 0.000946 0.000910 
0.001690 0.000946 0.001010 
0.001738 0.001028 0.001010 
0.001785 0.001111 0.001010 
0.001833 0.001193 0.001010 
0.001880 0.001276 0.001010 
0.001928 0.001358 0.001010 
0.001976 0.001440 0.001010 
0.002023 0.001523 0.001010 
0.002071 0.001605 0.001010 
0.002115 0.001682 0.001005 
0.002159 0.001757 0.000992 
0.002201 0.001832 0.000971 
0.002243 0.001904 0.000941 
0.002283 0.001973 0.000903 
0.002321 0.002038 0.000858 
0.002356 0.002100 0.000805 
0.002389 0.002156 0.000746 
0.002419 0.002208 0.000681 
0.002445 0.002253 0.000610 
0.002468 0.002293 0.000534 
0.002486 0.002325 0.000454 
0.002501 0.002351 0.000371 
0.002512 0.002370 0.000285 
0.002519 0.002381 0.000198 
0.002521 0.002385 0.000110 
0.002521 0.002385 -0.000015 
0.002521 0.002385 -0.000140 
0.002521 0.002385 -0.000265 
0.002521 0.002385 -0.000390 
0.002521 0.002385 -0.000515 
0.002521 0.002385 -0.000640 
0.002521 0.002385 -0.000765 
0.002521 0.002385 -0.000890 
0.002470 0.002296 -0.000890 
0.002420 0.002209 0.000010 
0.002022 0.001520 0.000810 
0.001803 0.001142 0.000777 
0.002420 0.002209 -0.000565 
0.002420 0.002209 -0.000215 
0.002400 0.002176 0.000331 
0.002332 0.002059 0.000567 
0.002113 0.001679 0.000801 
0.002225 0.001872 0.000733 
0.001914 0.001334 0.000821 
0.002409 0.002192 -0.000726 
0.002400 0.002175 -0.000720 
0.002391 0.002160 -0.000711 
0.002384 0.002147 -0.000699 
0.002419 0.002208 -0.000728 
0.002470 0.002296 -0.000765 
0.002470 0.002297 -0.000603 
0.001785 0.001111 0.000726 
0.001794 0.001126 0.000717 
0.001772 0.001087 0.000754 
0.001778 0.001098 0.000739 
0.002377 0.002136 -0.000684 
0.002373 0.002128 -0.000666 
0.001804 0.001143 0.000711 
0.001813 0.001160 0.000710 
0.001764 0.001074 0.000790 
0.001767 0.001079 0.000771 
0.001763 0.001072 0.000810 
0.001738 0.001028 0.000910 
0.002338 0.002068 0.000359 
0.002350 0.002088 0.000316 
0.002259 0.001932 0.000561 
0.002289 0.001983 0.000515 
0.002410 0.002192 0.000170 
0.002359 0.002105 0.000220 
0.002369 0.002122 0.000060 
0.002253 0.001922 0.000580 
0.002155 0.001751 0.000685 
0.002279 0.001965 0.000665 
0.002162 0.001763 0.000785 
0.002145 0.001734 0.000683 
0.002184 0.001802 0.000870 
0.002136 0.001718 0.000897 
0.002357 0.002101 0.000269 
0.002366 0.002117 0.000449 
0.002422 0.002214 0.000470 
0.002389 0.002156 0.000588 
0.002304 0.002010 0.000477 
0.002327 0.002048 0.000712 
0.002268 0.001947 0.000778 
0.002090 0.001639 0.000705 
0.002067 0.001599 0.000805 
0.002045 0.001560 0.000710 
0.002092 0.001642 0.000905 
0.002046 0.001563 0.000910 
0.002460 0.002280 0.000220 
0.002470 0.002297 0.000060 
0.001999 0.001480 0.000910 
0.001810 0.001155 0.000910 
0.001897 0.001305 0.000915 
0.001946 0.001390 0.000914 
0.001967 0.001425 0.000815 
0.001875 0.001266 0.000721 
0.002370 0.002123 -0.000648 
0.002369 0.002122 -0.000628 
0.002369 0.002122 -0.000428 
0.002369 0.002122 -0.000528 
0.002470 0.002297 -0.000478 
0.002369 0.002122 -0.000153 
0.002420 0.002209 -0.000103 
0.002369 0.002122 -0.000040 
0.002420 0.002209 -0.000390 
0.002369 0.002122 -0.000253 
0.002456 0.002273 0.000308 
0.002470 0.002297 -0.000065 
0.002115 0.001682 0.000700 
0.001979 0.001447 0.000711 
0.001847 0.001217 0.000903 
0.001862 0.001244 0.000827 
0.002470 0.002297 -0.000303 
0.002470 0.002297 -0.000178 
0.002443 0.002250 0.000392 
0.002361 0.002108 0.000656 
0.002234 0.001888 0.000868 
0.001935 0.001370 0.000728 
0.002399 0.002175 -0.000776 
0.002377 0.002135 -0.000752 
0.002387 0.002154 -0.000766 
0.002453 0.002267 -0.000699 
0.002412 0.002197 -0.000781 
0.001774 0.001092 0.000692 
0.001754 0.001057 0.000725 
0.001764 0.001073 0.000707 
0.002360 0.002106 -0.000712 
0.002367 0.002119 -0.000733 
0.001799 0.001135 0.000677 
0.001787 0.001113 0.000682 
0.001742 0.001035 0.000771 
0.001747 0.001044 0.000747 
0.001739 0.001031 0.000796 
0.001722 0.001001 0.000943 
0.002325 0.002046 0.000340 
0.002262 0.001936 0.000519 
0.002379 0.002140 0.000150 
0.002212 0.001851 0.000709 
0.002256 0.001926 0.000604 
0.002160 0.001759 0.000706 
0.002160 0.001760 0.000846 
0.002338 0.002068 0.000280 
0.002344 0.002079 0.000216 
0.002392 0.002163 0.000502 
0.002285 0.001976 0.000473 
0.002336 0.002065 0.000428 
0.002291 0.001987 0.000718 
0.002067 0.001599 0.000740 
0.002068 0.001601 0.000873 
0.002447 0.002257 0.000150 
0.002023 0.001522 0.000943 
0.001770 0.001085 0.000876 
0.001924 0.001351 0.000946 
0.001971 0.001432 0.000880 
0.001852 0.001226 0.000676 
0.002352 0.002093 -0.000662 
0.002352 0.002092 -0.000449 
0.002487 0.002326 -0.000532 
0.002386 0.002151 -0.000099 
0.002386 0.002151 -0.000357 
0.002352 0.002092 0.000010 
0.002352 0.002092 -0.000199 
0.002487 0.002326 -0.000807 
0.002355 0.002098 -0.000688 
0.002478 0.002311 0.000242 
0.002487 0.002326 -0.000007 
0.002099 0.001654 0.000671 
0.002006 0.001493 0.000676 
0.001834 0.001195 0.000943 
0.001869 0.001256 0.000882 
0.002352 0.002092 -0.000582 
0.002453 0.002268 -0.000390 
0.002453 0.002268 -0.000115 
0.002487 0.002326 -0.000249 
0.002444 0.002253 0.000465 
0.002467 0.002291 0.000357 
0.002348 0.002085 0.000725 
0.002389 0.002157 0.000642 
0.002114 0.001681 0.000936 
0.002131 0.001710 0.000658 
0.002207 0.001842 0.000900 
0.002261 0.001935 0.000843 
0.001960 0.001414 0.000752 
0.001890 0.001292 0.000743 

4 182 108 5
107 182 4 3
108 182 107 100
8 183 110 9
109 183 8 7
110 183 109 100
6 184 109 7
108 184 6 5
109 184 108 100
113 185 112 93
111 185 113 100
112 185 111 1
2 186 107 3
111 186 2 1
107 186 111 100
115 187 50 49
114 187 115 99
50 187 114 51
117 188 54 53
116 188 117 99
54 188 116 55
114 189 52 51
117 189 114 99
52 189 117 53
12 190 119 13
118 190 12 11
119 190 118 100
10 191 118 11
110 191 10 9
118 191 110 100
121 192 46 45
120 192 121 99
46 192 120 47
120 193 48 47
115 193 120 99
48 193 115 49
123 194 58 57
122 194 123 99
58 194 122 59
116 195 56 55
123 195 116 99
56 195 123 57
122 196 60 59
124 196 122 99
60 196 124 61
64 197 125 65
62 197 64 63
125 197 62 61
127 198 30 29
126 198 127 102
30 198 126 31
129 199 34 33
133 199 129 103
34 199 133 35
132 200 131 25
130 200 132 97
131 200 130 102
36 201 134 37
133 201 36 35
-2 -2 -2 -2
-2 -2 -2 -2
135 201 133 103
-2 -2 -2 -2
-2 -2 -2 -2
136 104 134 201
-2 -2 -2 -2
136 204 139 104
138 204 136 201
139 204 138 73
28 205 127 29
140 205 28 27
127 205 140 102
26 206 140 27
131 206 26 25
140 206 131 102
143 207 142 81
141 207 143 103
142 207 141 102
32 208 129 33
144 208 32 31
129 208 144 103
126 209 144 31
141 209 126 102
144 209 141 103
146 210 145 77
135 210 146 201
145 210 135 103
149 211 148 98
147 211 149 41
148 211 147 104
148 212 151 98
150 212 148 104
151 212 150 71
153 213 130 97
152 213 153 87
130 213 152 102
70 214 151 71
154 214 70 69
151 214 154 98
125 215 155 65
124 215 125 61
155 215 124 99
68 216 157 69
156 216 68 67
157 216 156 106
157 217 154 69
158 217 157 106
154 217 158 98
44 218 121 45
159 218 44 43
121 218 159 99
16 219 161 17
160 219 16 15
161 219 160 100
163 220 20 19
162 220 163 100
20 220 162 21
92 221 113 93
164 221 92 91
113 221 164 100
167 222 166 97
165 222 167 23
166 222 165 101
162 223 169 21
168 223 162 100
169 223 168 101
24 224 132 25
167 224 24 23
132 224 167 97
169 225 22 21
165 225 169 101
22 225 165 23
94 226 96 95
112 226 94 93
96 226 112 1
14 227 160 15
119 227 14 13
160 227 119 100
170 228 86 85
152 228 170 102
86 228 152 87
88 229 171 89
153 229 88 87
171 229 153 97
40 230 147 41
172 230 40 39
147 230 172 104
42 231 173 43
149 231 42 41
173 231 149 98
66 232 174 67
155 232 66 65
174 232 155 99
174 233 156 67
175 233 174 99
156 233 175 106
18 234 163 19
161 234 18 17
163 234 161 100
176 235 164 91
168 235 176 101
164 235 168 100
171 236 177 89
166 236 171 97
177 236 166 101
90 237 176 91
177 237 90 89
176 237 177 101
82 238 178 83
142 238 82 81
178 238 142 102
84 239 170 85
178 239 84 83
170 239 178 102
78 240 179 79
145 240 78 77
179 240 145 103
80 241 143 81
179 241 80 79
143 241 179 103
72 242 139 73
150 242 72 71
139 242 150 104
38 243 172 39
134 243 38 37
172 243 134 104
74 244 180 75
138 244 74 73
180 244 138 201
76 245 146 77
180 245 76 75
146 245 180 201
173 246 181 43
158 246 173 98
181 246 158 106
159 106 175 99
181 106 159 43
-2 -2 -2 -2
96
0.002380 0.002141 -0.000875
0.002389 0.002157 -0.000882
0.002389 0.002157 -0.000882
0.002399 0.002174 -0.000887
0.002348 0.002085 -0.000832
0.002355 0.002098 -0.000845
0.002355 0.002098 -0.000845
0.002363 0.002111 -0.000857
0.002363 0.002111 -0.000857
0.002371 0.002126 -0.000867
0.002371 0.002126 -0.000867
0.002380 0.002141 -0.000875
0.002399 0.002174 -0.000887
0.002409 0.002191 -0.000889
0.002409 0.002191 -0.000889
0.002418 0.002208 -0.000890
0.001744 0.001039 0.000633
0.001753 0.001054 0.000625
0.001735 0.001024 0.000643
0.001744 0.001039 0.000633
0.001713 0.000986 0.000682
0.001720 0.000998 0.000668
0.001707 0.000976 0.000698
0.001713 0.000986 0.000682
0.001727 0.001010 0.000655
0.001735 0.001024 0.000643
0.001720 0.000998 0.000668
0.001727 0.001010 0.000655
0.002326 0.002047 -0.000767
0.002330 0.002055 -0.000785
0.002330 0.002055 -0.000785
0.002335 0.002063 -0.000802
0.002335 0.002063 -0.000802
0.002341 0.002074 -0.000818
0.002341 0.002074 -0.000818
0.002348 0.002085 -0.000832
0.001781 0.001104 0.000611
0.001791 0.001121 0.000610
0.001771 0.001087 0.000613
0.001781 0.001104 0.000611
0.001762 0.001070 0.000618
0.001771 0.001087 0.000613
0.001753 0.001054 0.000625
0.001762 0.001070 0.000618
0.001695 0.000954 0.000751
0.001698 0.000959 0.000733
0.001692 0.000949 0.000770
0.001695 0.000954 0.000751
0.001702 0.000967 0.000715
0.001707 0.000976 0.000698
0.001698 0.000959 0.000733
0.001702 0.000967 0.000715
0.001691 0.000947 0.000790
0.001692 0.000949 0.000770
0.001690 0.000946 0.000810
0.001691 0.000947 0.000790
0.001785 0.001111 0.001010
0.001738 0.001028 0.001010
0.001738 0.001028 0.001010
0.001690 0.000946 0.001010
0.001690 0.000946 0.001010
0.001690 0.000946 0.000910
0.001690 0.000946 0.000910
0.001690 0.000946 0.000810
0.002289 0.001983 0.000345
0.002299 0.002001 0.000301
0.002276 0.001961 0.000387
0.002289 0.001983 0.000345
0.002227 0.001875 0.000496
0.002245 0.001907 0.000463
0.002207 0.001841 0.000525
0.002227 0.001875 0.000496
0.002164 0.001766 0.000571
0.002186 0.001804 0.000551
0.002186 0.001804 0.000551
0.002207 0.001841 0.000525
0.002299 0.002001 0.000301
0.002307 0.002015 0.000255
0.002307 0.002015 0.000255
0.002313 0.002026 0.000207
0.002313 0.002026 0.000207
0.002317 0.002032 0.000159
0.002317 0.002032 0.000159
0.002318 0.002034 0.000110
0.002245 0.001907 0.000463
0.002261 0.001935 0.000427
0.002261 0.001935 0.000427
0.002276 0.001961 0.000387
0.002071 0.001605 0.001010
0.002023 0.001523 0.001010
0.002023 0.001523 0.001010
0.001976 0.001440 0.001010
0.001976 0.001440 0.001010
0.001928 0.001358 0.001010
0.001928 0.001358 0.001010
0.001880 0.001276 0.001010
0.001791 0.001121 0.000610
0.001860 0.001241 0.000610
0.001860 0.001241 0.000610
0.001929 0.001360 0.000610
0.002318 0.002034 -0.000690
0.002319 0.002035 -0.000710
0.002319 0.002035 -0.000710
0.002320 0.002037 -0.000730
0.002318 0.002034 -0.000390
0.002318 0.002034 -0.000490
0.002318 0.002034 -0.000290
0.002318 0.002034 -0.000390
0.002521 0.002385 -0.000640
0.002521 0.002385 -0.000515
0.002521 0.002385 -0.000515
0.002521 0.002385 -0.000390
0.002318 0.002034 0.000110
0.002318 0.002034 0.000010
0.002318 0.002034 0.000010
0.002318 0.002034 -0.000090
0.002318 0.002034 -0.000190
0.002318 0.002034 -0.000290
0.002318 0.002034 -0.000090
0.002318 0.002034 -0.000190
0.002470 0.002296 -0.000890
0.002521 0.002385 -0.000890
0.002521 0.002385 -0.000890
0.002521 0.002385 -0.000765
0.002521 0.002385 -0.000765
0.002521 0.002385 -0.000640
0.002418 0.002208 -0.000890
0.002470 0.002296 -0.000890
0.002320 0.002037 -0.000730
0.002323 0.002042 -0.000749
0.002323 0.002042 -0.000749
0.002326 0.002047 -0.000767
0.002519 0.002381 0.000198
0.002512 0.002370 0.000285
0.002521 0.002385 0.000110
0.002519 0.002381 0.000198
0.002521 0.002385 -0.000140
0.002521 0.002385 -0.000015
0.002521 0.002385 -0.000015
0.002521 0.002385 0.000110
0.002068 0.001600 0.000610
0.002092 0.001642 0.000607
0.002092 0.001642 0.000607
0.002117 0.001685 0.000600
0.001929 0.001360 0.000610
0.001998 0.001480 0.000610
0.001998 0.001480 0.000610
0.002068 0.001600 0.000610
0.001880 0.001276 0.001010
0.001833 0.001193 0.001010
0.001833 0.001193 0.001010
0.001785 0.001111 0.001010
0.002318 0.002034 -0.000490
0.002318 0.002034 -0.000590
0.002318 0.002034 -0.000590
0.002318 0.002034 -0.000690
0.002521 0.002385 -0.000390
0.002521 0.002385 -0.000265
0.002521 0.002385 -0.000265
0.002521 0.002385 -0.000140
0.002486 0.002325 0.000454
0.002468 0.002293 0.000534
0.002468 0.002293 0.000534
0.002445 0.002253 0.000610
0.002512 0.002370 0.000285
0.002501 0.002351 0.000371
0.002501 0.002351 0.000371
0.002486 0.002325 0.000454
0.002389 0.002156 0.000746
0.002356 0.002100 0.000805
0.002356 0.002100 0.000805
0.002321 0.002038 0.000858
0.002445 0.002253 0.000610
0.002419 0.002208 0.000681
0.002419 0.002208 0.000681
0.002389 0.002156 0.000746
0.002159 0.001757 0.000992
0.002115 0.001682 0.001005
0.002115 0.001682 0.001005
0.002071 0.001605 0.001010
0.002117 0.001685 0.000600
0.002141 0.001726 0.000588
0.002141 0.001726 0.000588
0.002164 0.001766 0.000571
0.002243 0.001904 0.000941
0.002201 0.001832 0.000971
0.002201 0.001832 0.000971
0.002159 0.001757 0.000992
0.002321 0.002038 0.000858
0.002283 0.001973 0.000903
0.002283 0.001973 0.000903
0.002243 0.001904 0.000941
