305 276
-0.000011 -0.001215 0.000610 
-0.000089 -0.001157 0.000610 
-0.000171 -0.001105 0.000610 
-0.000256 -0.001059 0.000610 
-0.000344 -0.001018 0.000610 
-0.000435 -0.000983 0.000610 
-0.000527 -0.000953 0.000610 
-0.000621 -0.000930 0.000610 
-0.000717 -0.000913 0.000610 
-0.000813 -0.000902 0.000610 
-0.000910 -0.000897 0.000610 
-0.001007 -0.000899 0.000610 
-0.001104 -0.000907 0.000610 
-0.001200 -0.000921 0.000610 
-0.001295 -0.000941 0.000610 
-0.001388 -0.000967 0.000610 
-0.001480 -0.001000 0.000610 
-0.001462 -0.001045 0.000607 
-0.001444 -0.001091 0.000600 
-0.001427 -0.001135 0.000588 
-0.001410 -0.001178 0.000572 
-0.001394 -0.001219 0.000551 
-0.001379 -0.001258 0.000525 
-0.001364 -0.001295 0.000496 
-0.001351 -0.001329 0.000463 
-0.001339 -0.001360 0.000427 
-0.001328 -0.001387 0.000387 
-0.001319 -0.001410 0.000345 
-0.001312 -0.001430 0.000301 
-0.001306 -0.001445 0.000255 
-0.001301 -0.001456 0.000207 
-0.001299 -0.001463 0.000159 
-0.001298 -0.001465 0.000110 
-0.001175 -0.001426 0.000110 
-0.001047 -0.001403 0.000110 
-0.000918 -0.001397 0.000110 
-0.000789 -0.001408 0.000110 
-0.000663 -0.001434 0.000110 
-0.000541 -0.001478 0.000110 
-0.000426 -0.001536 0.000110 
-0.000319 -0.001609 0.000110 
-0.000317 -0.001607 0.000159 
-0.000313 -0.001601 0.000207 
-0.000306 -0.001592 0.000255 
-0.000295 -0.001579 0.000301 
-0.000282 -0.001562 0.000345 
-0.000267 -0.001542 0.000387 
-0.000249 -0.001519 0.000427 
-0.000229 -0.001493 0.000463 
-0.000206 -0.001465 0.000496 
-0.000182 -0.001434 0.000525 
-0.000156 -0.001400 0.000551 
-0.000129 -0.001365 0.000572 
-0.000100 -0.001329 0.000588 
-0.000071 -0.001292 0.000600 
-0.000041 -0.001253 0.000607 
-0.000779 -0.001325 0.000386 
-0.000509 -0.001400 0.000387 
-0.000812 -0.001156 0.000541 
-0.000451 -0.001275 0.000524 
-0.000668 -0.001098 0.000578 
-0.000583 -0.001118 0.000578 
-0.000788 -0.001398 0.000207 
-0.000784 -0.001370 0.000300 
-0.001058 -0.001321 0.000386 
-0.000537 -0.001469 0.000207 
-0.000526 -0.001443 0.000301 
-0.000776 -0.001263 0.000462 
-0.001122 -0.001185 0.000528 
-0.000490 -0.001340 0.000463 
-0.000963 -0.001072 0.000578 
-0.001060 -0.001019 0.000596 
-0.000674 -0.001114 0.000572 
-0.000702 -0.001045 0.000593 
-0.000716 -0.000982 0.000605 
-0.000542 -0.001178 0.000559 
-0.000289 -0.001257 0.000572 
-0.000216 -0.001189 0.000601 
-0.000548 -0.001081 0.000593 
-0.000532 -0.001023 0.000605 
-0.001049 -0.001394 0.000207 
-0.001052 -0.001366 0.000300 
-0.001071 -0.001262 0.000460 
-0.001202 -0.001117 0.000571 
-0.001279 -0.001054 0.000596 
-0.000800 -0.001064 0.000583 
-0.000894 -0.000981 0.000603 
-0.000419 -0.001162 0.000583 
-0.000365 -0.001098 0.000603 
-0.001048 -0.001401 0.000158 
-0.001175 -0.001424 0.000158 
-0.001177 -0.001417 0.000207 
-0.000789 -0.001405 0.000158 
-0.000918 -0.001395 0.000158 
-0.000918 -0.001388 0.000207 
-0.001050 -0.001382 0.000254 
-0.001178 -0.001406 0.000252 
-0.001184 -0.001390 0.000301 
-0.000786 -0.001386 0.000254 
-0.000916 -0.001376 0.000252 
-0.000918 -0.001359 0.000300 
-0.001055 -0.001345 0.000344 
-0.001186 -0.001371 0.000341 
-0.001195 -0.001345 0.000387 
-0.000782 -0.001349 0.000344 
-0.000916 -0.001340 0.000341 
-0.000919 -0.001314 0.000386 
-0.000540 -0.001475 0.000159 
-0.000662 -0.001432 0.000158 
-0.000660 -0.001425 0.000207 
-0.000533 -0.001458 0.000255 
-0.000656 -0.001415 0.000252 
-0.000653 -0.001398 0.000301 
-0.000518 -0.001423 0.000345 
-0.000645 -0.001380 0.000341 
-0.000642 -0.001353 0.000387 
-0.000424 -0.001534 0.000158 
-0.000421 -0.001528 0.000207 
-0.000413 -0.001519 0.000252 
-0.000406 -0.001503 0.000301 
-0.000394 -0.001488 0.000342 
-0.000383 -0.001463 0.000387 
-0.001065 -0.001293 0.000425 
-0.001201 -0.001321 0.000421 
-0.001213 -0.001287 0.000462 
-0.000778 -0.001295 0.000426 
-0.000917 -0.001288 0.000421 
-0.000924 -0.001253 0.000461 
-0.001097 -0.001226 0.000496 
-0.001234 -0.001256 0.000493 
-0.001264 -0.001225 0.000522 
-0.000797 -0.001212 0.000504 
-0.000946 -0.001214 0.000496 
-0.000985 -0.001173 0.000527 
-0.000500 -0.001372 0.000427 
-0.000634 -0.001329 0.000422 
-0.000631 -0.001292 0.000462 
-0.000472 -0.001309 0.000496 
-0.000613 -0.001266 0.000490 
-0.000637 -0.001216 0.000522 
-0.000367 -0.001443 0.000422 
-0.000354 -0.001408 0.000463 
-0.000335 -0.001384 0.000491 
-0.000312 -0.001346 0.000525 
-0.001187 -0.001169 0.000545 
-0.001257 -0.001187 0.000544 
-0.001305 -0.001132 0.000575 
-0.000887 -0.001113 0.000561 
-0.001027 -0.001144 0.000546 
-0.001092 -0.001105 0.000569 
-0.001181 -0.001061 0.000589 
-0.001326 -0.001115 0.000583 
-0.001353 -0.001056 0.000600 
-0.001005 -0.001044 0.000588 
-0.001146 -0.001064 0.000586 
-0.001161 -0.001018 0.000599 
-0.001265 -0.000986 0.000607 
-0.001357 -0.001022 0.000606 
-0.001063 -0.000954 0.000607 
-0.001149 -0.000991 0.000604 
-0.000730 -0.001104 0.000572 
-0.000826 -0.001111 0.000563 
-0.000718 -0.001146 0.000553 
-0.000892 -0.001076 0.000577 
-0.000684 -0.001072 0.000586 
-0.000709 -0.001082 0.000581 
-0.000671 -0.001106 0.000575 
-0.000743 -0.001058 0.000587 
-0.000866 -0.001022 0.000594 
-0.000940 -0.001035 0.000590 
-0.000963 -0.000993 0.000600 
-0.000709 -0.001014 0.000600 
-0.000778 -0.001023 0.000596 
-0.000805 -0.000979 0.000604 
-0.000902 -0.000939 0.000608 
-0.000992 -0.000951 0.000607 
-0.000716 -0.000948 0.000608 
-0.000806 -0.000947 0.000608 
-0.000497 -0.001227 0.000542 
-0.000631 -0.001172 0.000549 
-0.000638 -0.001137 0.000565 
-0.000562 -0.001148 0.000569 
-0.000623 -0.001123 0.000573 
-0.000625 -0.001108 0.000578 
-0.000480 -0.001170 0.000571 
-0.000500 -0.001137 0.000581 
-0.000483 -0.001121 0.000587 
-0.000566 -0.001100 0.000586 
-0.000371 -0.001267 0.000550 
-0.000415 -0.001216 0.000563 
-0.000354 -0.001209 0.000577 
-0.000392 -0.001130 0.000594 
-0.000456 -0.001089 0.000598 
-0.000447 -0.001058 0.000604 
-0.000540 -0.001052 0.000600 
-0.000253 -0.001223 0.000589 
-0.000317 -0.001176 0.000592 
-0.000289 -0.001141 0.000602 
-0.000355 -0.001058 0.000608 
-0.000438 -0.001020 0.000608 
-0.000529 -0.000988 0.000608 
-0.000193 -0.001147 0.000607 
-0.000268 -0.001102 0.000608 
-0.000289 -0.001319 0.000546 
-0.000207 -0.001308 0.000572 
-0.000180 -0.001274 0.000587 
-0.000142 -0.001238 0.000600 
-0.000113 -0.001202 0.000607 
-0.000608 -0.001090 0.000586 
-0.000624 -0.001061 0.000593 
-0.000617 -0.001034 0.000599 
-0.000623 -0.001000 0.000605 
-0.000621 -0.000968 0.000608 
-0.001133 -0.001416 0.000142 
-0.001217 -0.001433 0.000174 
-0.000875 -0.001398 0.000142 
-0.000961 -0.001393 0.000174 
-0.001135 -0.001400 0.000238 
-0.001223 -0.001412 0.000269 
-0.000874 -0.001382 0.000238 
-0.000962 -0.001371 0.000269 
-0.001142 -0.001367 0.000329 
-0.001234 -0.001374 0.000358 
-0.000872 -0.001348 0.000329 
-0.000963 -0.001332 0.000357 
-0.000621 -0.001446 0.000142 
-0.000703 -0.001420 0.000174 
-0.000616 -0.001431 0.000238 
-0.000698 -0.001398 0.000269 
-0.000605 -0.001399 0.000329 
-0.000690 -0.001359 0.000358 
-0.000388 -0.001558 0.000142 
-0.000461 -0.001511 0.000175 
-0.000379 -0.001545 0.000238 
-0.000450 -0.001492 0.000269 
-0.000360 -0.001516 0.000329 
-0.000432 -0.001457 0.000358 
-0.001154 -0.001318 0.000411 
-0.001252 -0.001321 0.000437 
-0.000871 -0.001297 0.000411 
-0.000969 -0.001276 0.000436 
-0.001180 -0.001256 0.000482 
-0.001288 -0.001259 0.000504 
-0.000885 -0.001229 0.000485 
-0.001009 -0.001203 0.000507 
-0.000592 -0.001350 0.000412 
-0.000681 -0.001304 0.000437 
-0.000572 -0.001287 0.000483 
-0.000680 -0.001231 0.000505 
-0.000333 -0.001474 0.000412 
-0.000407 -0.001406 0.000438 
-0.000298 -0.001417 0.000484 
-0.000372 -0.001344 0.000504 
-0.001241 -0.001194 0.000538 
-0.001323 -0.001185 0.000555 
-0.000963 -0.001143 0.000545 
-0.001092 -0.001135 0.000554 
-0.001289 -0.001117 0.000579 
-0.001368 -0.001100 0.000592 
-0.001078 -0.001070 0.000581 
-0.001184 -0.001060 0.000590 
-0.001337 -0.001023 0.000605 
-0.001407 -0.001009 0.000608 
-0.001143 -0.000989 0.000604 
-0.001222 -0.000964 0.000608 
-0.000786 -0.001128 0.000557 
-0.000874 -0.001103 0.000566 
-0.000687 -0.001087 0.000581 
-0.000733 -0.001085 0.000579 
-0.000907 -0.001045 0.000587 
-0.000972 -0.001024 0.000593 
-0.000753 -0.001030 0.000595 
-0.000817 -0.001008 0.000598 
-0.000952 -0.000961 0.000605 
-0.001028 -0.000937 0.000608 
-0.000776 -0.000957 0.000607 
-0.000840 -0.000929 0.000609 
-0.000588 -0.001205 0.000537 
-0.000670 -0.001140 0.000561 
-0.000608 -0.001136 0.000569 
-0.000640 -0.001112 0.000575 
-0.000514 -0.001151 0.000574 
-0.000516 -0.001119 0.000585 
-0.000427 -0.001236 0.000552 
-0.000416 -0.001198 0.000571 
-0.000444 -0.001113 0.000593 
-0.000481 -0.001066 0.000601 
-0.000308 -0.001202 0.000586 
-0.000333 -0.001148 0.000596 
-0.000413 -0.001045 0.000607 
-0.000467 -0.000996 0.000609 
-0.000250 -0.001130 0.000606 
-0.000293 -0.001072 0.000609 
-0.000252 -0.001353 0.000541 
-0.000289 -0.001296 0.000556 
-0.000163 -0.001303 0.000583 
-0.000192 -0.001245 0.000593 
-0.000099 -0.001230 0.000605 
-0.000132 -0.001168 0.000608 
-0.000600 -0.001099 0.000583 
-0.000639 -0.001074 0.000588 
-0.000594 -0.001049 0.000597 
-0.000650 -0.001015 0.000601 
-0.000591 -0.000985 0.000607 
-0.000653 -0.000948 0.000609 

34 214 91 33
90 214 34 35
91 214 90 81
91 215 32 33
92 215 91 81
32 215 92 31
36 216 94 35
93 216 36 37
94 216 93 63
94 217 90 35
95 217 94 63
90 217 95 81
92 218 97 31
96 218 92 81
97 218 96 82
97 219 30 31
98 219 97 82
30 219 98 29
95 220 100 81
99 220 95 63
100 220 99 64
100 221 96 81
101 221 100 64
96 221 101 82
98 222 103 29
102 222 98 82
103 222 102 65
103 223 28 29
104 223 103 65
28 223 104 27
101 224 106 82
105 224 101 64
106 224 105 57
106 225 102 82
107 225 106 57
102 225 107 65
38 226 109 37
108 226 38 39
109 226 108 66
109 227 93 37
110 227 109 66
93 227 110 63
110 228 112 63
111 228 110 66
112 228 111 67
112 229 99 63
113 229 112 67
99 229 113 64
113 230 115 64
114 230 113 67
115 230 114 58
115 231 105 64
116 231 115 58
105 231 116 57
40 232 117 39
42 232 40 41
117 232 42 43
117 233 108 39
118 233 117 43
108 233 118 66
118 234 119 66
44 234 118 43
119 234 44 45
119 235 111 66
120 235 119 45
111 235 120 67
120 236 121 67
46 236 120 45
121 236 46 47
121 237 114 67
122 237 121 47
114 237 122 58
104 238 124 27
123 238 104 65
124 238 123 83
124 239 26 27
125 239 124 83
26 239 125 25
107 240 127 65
126 240 107 57
127 240 126 68
127 241 123 65
128 241 127 68
123 241 128 83
125 242 130 25
129 242 125 83
130 242 129 69
130 243 24 25
131 243 130 69
24 243 131 23
128 244 133 83
132 244 128 68
133 244 132 59
133 245 129 83
134 245 133 59
129 245 134 69
116 246 136 57
135 246 116 58
136 246 135 70
136 247 126 57
137 247 136 70
126 247 137 68
137 248 139 68
138 248 137 70
139 248 138 60
139 249 132 68
140 249 139 60
132 249 140 59
122 250 141 58
48 250 122 47
141 250 48 49
141 251 135 58
142 251 141 49
135 251 142 70
142 252 143 70
50 252 142 49
143 252 50 51
143 253 138 70
144 253 143 51
138 253 144 60
-2 -2 -2 -2
146 23 131 69
-2 -2 -2 -2
146 255 22 23
147 255 146 84
22 255 147 21
-2 -2 -2 -2
148 69 134 59
150 69 148 71
-2 -2 -2 -2
-2 -2 -2 -2
146 69 150 84
-2 -2 -2 -2
151 85 147 84
-2 -2 -2 -2
147 85 20 21
-2 -2 -2 -2
20 85 158 19
150 72 151 84
154 72 150 71
-2 -2 -2 -2
-2 -2 -2 -2
160 85 151 72
-2 -2 -2 -2
-2 -2 -2 -2
14 15 158 85
-2 -2 -2 -2
158 263 18 19
16 263 158 15
18 263 16 17
-2 -2 -2 -2
159 13 160 72
-2 -2 -2 -2
-2 -2 -2 -2
14 85 160 13
-2 -2 -2 -2
-2 -2 -2 -2
-2 -2 -2 -2
162 59 161 86
162 267 148 59
164 267 162 86
148 267 164 71
167 268 166 73
165 268 167 61
166 268 165 74
166 269 161 73
168 269 166 74
161 269 168 86
164 270 170 71
169 270 164 86
170 270 169 87
170 271 154 71
171 271 170 87
154 271 171 72
168 272 173 86
172 272 168 74
173 272 172 75
173 273 169 86
174 273 173 75
169 273 174 87
171 274 176 72
175 274 171 87
176 274 175 11
176 275 159 72
12 275 176 11
159 275 12 13
174 276 178 87
177 276 174 75
178 276 177 9
178 277 175 87
10 277 178 9
175 277 10 11
140 278 180 59
179 278 140 60
180 278 179 76
180 279 161 59
181 279 180 76
161 279 181 73
181 280 183 73
182 280 181 76
183 280 182 62
183 281 167 73
184 281 183 62
167 281 184 61
182 282 186 62
185 282 182 76
186 282 185 88
186 283 188 62
187 283 186 88
188 283 187 79
179 284 190 76
189 284 179 60
190 284 189 77
190 285 185 76
191 285 190 77
185 285 191 88
187 286 193 79
192 286 187 88
193 286 192 89
193 287 195 79
194 287 193 89
195 287 194 80
191 288 197 88
196 288 191 77
197 288 196 78
197 289 192 88
198 289 197 78
192 289 198 89
194 290 200 80
199 290 194 89
200 290 199 5
200 291 201 80
6 291 200 5
201 291 6 7
198 292 203 89
202 292 198 78
203 292 202 3
203 293 199 89
4 293 203 3
199 293 4 5
144 294 204 60
52 294 144 51
204 294 52 53
204 295 189 60
205 295 204 53
189 295 205 77
205 296 206 77
54 296 205 53
206 296 54 55
206 297 196 77
207 297 206 55
196 297 207 78
207 298 208 78
56 298 207 55
208 298 56 1
208 299 202 78
2 299 208 1
202 299 2 3
184 300 209 61
188 300 184 62
209 300 188 79
209 301 165 61
210 301 209 79
165 301 210 74
210 302 211 74
195 302 210 79
211 302 195 80
211 303 172 74
212 303 211 80
172 303 212 75
212 304 213 75
201 304 212 80
213 304 201 7
213 305 177 75
8 305 213 7
177 305 8 9
56
-0.001298 -0.001465 0.000110
-0.001175 -0.001426 0.000110
-0.001175 -0.001426 0.000110
-0.001047 -0.001403 0.000110
-0.001299 -0.001463 0.000159
-0.001298 -0.001465 0.000110
-0.001301 -0.001456 0.000207
-0.001299 -0.001463 0.000159
-0.001047 -0.001403 0.000110
-0.000918 -0.001397 0.000110
-0.000918 -0.001397 0.000110
-0.000789 -0.001408 0.000110
-0.001306 -0.001445 0.000255
-0.001301 -0.001456 0.000207
-0.001312 -0.001430 0.000301
-0.001306 -0.001445 0.000255
-0.001319 -0.001410 0.000345
-0.001312 -0.001430 0.000301
-0.001328 -0.001387 0.000387
-0.001319 -0.001410 0.000345
-0.000789 -0.001408 0.000110
-0.000663 -0.001434 0.000110
-0.000663 -0.001434 0.000110
-0.000541 -0.001478 0.000110
-0.000541 -0.001478 0.000110
-0.000426 -0.001536 0.000110
-0.000426 -0.001536 0.000110
-0.000319 -0.001609 0.000110
-0.000319 -0.001609 0.000110
-0.000317 -0.001607 0.000159
-0.000317 -0.001607 0.000159
-0.000313 -0.001601 0.000207
-0.000313 -0.001601 0.000207
-0.000306 -0.001592 0.000255
-0.000306 -0.001592 0.000255
-0.000295 -0.001579 0.000301
-0.000295 -0.001579 0.000301
-0.000282 -0.001562 0.000345
-0.000282 -0.001562 0.000345
-0.000267 -0.001542 0.000387
-0.001339 -0.001360 0.000427
-0.001328 -0.001387 0.000387
-0.001351 -0.001329 0.000463
-0.001339 -0.001360 0.000427
-0.001364 -0.001295 0.000496
-0.001351 -0.001329 0.000463
-0.001379 -0.001258 0.000525
-0.001364 -0.001295 0.000496
-0.000267 -0.001542 0.000387
-0.000249 -0.001519 0.000427
-0.000249 -0.001519 0.000427
-0.000229 -0.001493 0.000463
-0.000229 -0.001493 0.000463
-0.000206 -0.001465 0.000496
-0.000206 -0.001465 0.000496
-0.000182 -0.001434 0.000525
-0.001394 -0.001219 0.000551
-0.001379 -0.001258 0.000525
-0.001410 -0.001178 0.000572
-0.001394 -0.001219 0.000551
-0.001427 -0.001135 0.000588
-0.001410 -0.001178 0.000572
-0.001444 -0.001091 0.000600
-0.001427 -0.001135 0.000588
-0.001200 -0.000921 0.000610
-0.001295 -0.000941 0.000610
-0.001462 -0.001045 0.000607
-0.001444 -0.001091 0.000600
-0.001295 -0.000941 0.000610
-0.001388 -0.000967 0.000610
-0.001388 -0.000967 0.000610
-0.001480 -0.001000 0.000610
-0.001480 -0.001000 0.000610
-0.001462 -0.001045 0.000607
-0.001104 -0.000907 0.000610
-0.001200 -0.000921 0.000610
-0.000910 -0.000897 0.000610
-0.001007 -0.000899 0.000610
-0.001007 -0.000899 0.000610
-0.001104 -0.000907 0.000610
-0.000717 -0.000913 0.000610
-0.000813 -0.000902 0.000610
-0.000813 -0.000902 0.000610
-0.000910 -0.000897 0.000610
-0.000344 -0.001018 0.000610
-0.000435 -0.000983 0.000610
-0.000435 -0.000983 0.000610
-0.000527 -0.000953 0.000610
-0.000171 -0.001105 0.000610
-0.000256 -0.001059 0.000610
-0.000256 -0.001059 0.000610
-0.000344 -0.001018 0.000610
-0.000182 -0.001434 0.000525
-0.000156 -0.001400 0.000551
-0.000156 -0.001400 0.000551
-0.000129 -0.001365 0.000572
-0.000129 -0.001365 0.000572
-0.000100 -0.001329 0.000588
-0.000100 -0.001329 0.000588
-0.000071 -0.001292 0.000600
-0.000071 -0.001292 0.000600
-0.000041 -0.001253 0.000607
-0.000041 -0.001253 0.000607
-0.000011 -0.001215 0.000610
-0.000011 -0.001215 0.000610
-0.000089 -0.001157 0.000610
-0.000089 -0.001157 0.000610
-0.000171 -0.001105 0.000610
-0.000527 -0.000953 0.000610
-0.000621 -0.000930 0.000610
-0.000621 -0.000930 0.000610
-0.000717 -0.000913 0.000610
