0.386852 0.800000 1.158419
0.430755 0.800000 1.169403


0.343394 0.800000 1.145787
0.386852 0.800000 1.158419


-0.017765 0.800000 -0.961673
-0.053516 0.800000 -0.933925


-0.121755 0.800000 0.874484
-0.088196 0.800000 0.904848


0.134921 0.800000 1.058624
0.175240 0.800000 1.079178


0.095405 0.800000 1.036564
0.134921 0.800000 1.058624


-0.121755 0.800000 -0.874484
-0.154145 0.800000 -0.842875


-0.421428 0.800000 -0.427081
-0.439151 0.815507 -0.376956


1.758306 0.800000 -0.565676
1.729274 0.800000 -0.616923


1.697764 0.800000 0.666684
1.729274 0.800000 0.616923


0.519648 0.800000 1.186368
0.564511 0.800000 1.192326


0.817621 0.800000 1.194222
0.876077 0.800000 1.187012


0.430755 0.800000 -1.169403
0.386852 0.800000 -1.158419


0.817621 0.800000 -1.194222
0.758881 0.800000 -1.198555


0.758881 0.800000 -1.198555
0.700000 0.800000 -1.200000


0.134921 0.800000 -1.058624
0.095405 0.800000 -1.036564


-0.297011 0.800000 -0.667809
-0.321483 0.800000 -0.629739


-0.321483 0.800000 -0.629739
-0.344503 0.800000 -0.590774


-0.496902 0.866039 0.055357
-0.493246 0.862840 0.110525


1.729274 0.800000 -0.616923
1.697764 0.800000 -0.666684


0.300443 0.800000 1.131526
0.343394 0.800000 1.145787


1.589141 0.800000 0.805871
1.627613 0.800000 0.761272


0.991576 0.800000 -1.164038
0.934108 0.800000 -1.176942


1.048342 0.800000 -1.148328
0.991576 0.800000 -1.164038


-0.439151 0.815507 -0.376956
-0.454634 0.829055 -0.325538


1.864038 0.800000 -0.291576
1.848328 0.800000 -0.348342


1.900000 0.800000 -0.000000
1.898555 0.800000 -0.058881


1.627613 0.800000 0.761272
1.663849 0.800000 0.714839


1.663849 0.800000 0.714839
1.697764 0.800000 0.666684


0.934108 0.800000 -1.176942
0.876077 0.800000 -1.187012


0.876077 0.800000 -1.187012
0.817621 0.800000 -1.194222


0.095405 0.800000 -1.036564
0.056749 0.800000 -1.013030


0.056749 0.800000 -1.013030
0.019008 0.800000 -0.988054


-0.185320 0.800000 -0.810069
-0.215235 0.800000 -0.776109


0.876077 0.800000 1.187012
0.934108 0.800000 1.176942


0.175240 0.800000 -1.079178
0.134921 0.800000 -1.058624


0.700000 0.800000 -1.200000
0.654751 0.800000 -1.199146


1.894222 0.800000 -0.117621
1.887012 0.800000 -0.176077


1.887012 0.800000 -0.176077
1.876942 0.800000 -0.234108


-0.344503 0.800000 -0.590774
-0.366036 0.800000 -0.550968


-0.088196 0.800000 0.904848
-0.053516 0.800000 0.933925


1.829853 0.800000 0.404268
1.848328 0.800000 0.348342


-0.321483 0.800000 0.629739
-0.297011 0.800000 0.667809


1.589141 0.800000 -0.805871
1.548528 0.800000 -0.848528


-0.478683 0.850098 0.219535
-0.467827 0.840599 0.273005


-0.467827 0.840599 0.273005
-0.454634 0.829055 0.325538


0.300443 0.800000 -1.131526
0.258060 0.800000 -1.115655


0.343394 0.800000 -1.145787
0.300443 0.800000 -1.131526


1.894222 0.800000 0.117621
1.898555 0.800000 0.058881


1.627613 0.800000 -0.761272
1.589141 0.800000 -0.805871


-0.243849 0.800000 -0.741046
-0.271121 0.800000 -0.704929


-0.271121 0.800000 -0.704929
-0.297011 0.800000 -0.667809


1.758306 0.800000 0.565676
1.784787 0.800000 0.513066


-0.439151 0.815507 0.376956
-0.421428 0.800000 0.427081


-0.404526 0.800000 0.469064
-0.386054 0.800000 0.510379


1.898555 0.800000 0.058881
1.900000 0.800000 -0.000000


1.808655 0.800000 -0.459220
1.784787 0.800000 -0.513066


1.784787 0.800000 -0.513066
1.758306 0.800000 -0.565676


1.829853 0.800000 -0.404268
1.808655 0.800000 -0.459220


1.548528 0.800000 -0.848528
1.505871 0.800000 -0.889141


1.505871 0.800000 -0.889141
1.461272 0.800000 -0.927613


1.876942 0.800000 -0.234108
1.864038 0.800000 -0.291576


0.991576 0.800000 1.164038
1.048342 0.800000 1.148328


0.475042 0.800000 1.178724
0.519648 0.800000 1.186368


0.430755 0.800000 1.169403
0.475042 0.800000 1.178724


1.104268 0.800000 -1.129853
1.048342 0.800000 -1.148328


1.876942 0.800000 0.234108
1.887012 0.800000 0.176077


0.475042 0.800000 -1.178724
0.430755 0.800000 -1.169403


0.519648 0.800000 -1.186368
0.475042 0.800000 -1.178724


-0.454634 0.829055 0.325538
-0.439151 0.815507 0.376956


-0.386054 0.800000 -0.510379
-0.404526 0.800000 -0.469064


-0.404526 0.800000 -0.469064
-0.421428 0.800000 -0.427081


-0.366036 0.800000 -0.550968
-0.386054 0.800000 -0.510379


-0.344503 0.800000 0.590774
-0.321483 0.800000 0.629739


1.848328 0.800000 0.348342
1.864038 0.800000 0.291576


1.697764 0.800000 -0.666684
1.663849 0.800000 -0.714839


1.663849 0.800000 -0.714839
1.627613 0.800000 -0.761272


-0.297011 0.800000 0.667809
-0.271121 0.800000 0.704929


-0.271121 0.800000 0.704929
-0.243849 0.800000 0.741046


0.386852 0.800000 -1.158419
0.343394 0.800000 -1.145787


-0.243849 0.800000 0.741046
-0.215235 0.800000 0.776109


-0.421428 0.800000 0.427081
-0.404526 0.800000 0.469064


0.258060 0.800000 -1.115655
0.216306 0.800000 -1.098198


0.216306 0.800000 -1.098198
0.175240 0.800000 -1.079178


0.609567 0.800000 1.196587
0.654751 0.800000 1.199146


0.564511 0.800000 1.192326
0.609567 0.800000 1.196587


-0.493246 0.862840 0.110525
-0.487166 0.857520 0.165313


-0.487166 0.857520 0.165313
-0.478683 0.850098 0.219535


-0.498122 0.867107 0.000000
-0.496902 0.866039 0.055357


0.654751 0.800000 -1.199146
0.609567 0.800000 -1.196587


1.898555 0.800000 -0.058881
1.894222 0.800000 -0.117621


0.056749 0.800000 1.013030
0.095405 0.800000 1.036564


-0.386054 0.800000 0.510379
-0.366036 0.800000 0.550968


-0.366036 0.800000 0.550968
-0.344503 0.800000 0.590774


1.808655 0.800000 0.459220
1.829853 0.800000 0.404268


1.784787 0.800000 0.513066
1.808655 0.800000 0.459220


-0.053516 0.800000 -0.933925
-0.088196 0.800000 -0.904848


-0.088196 0.800000 -0.904848
-0.121755 0.800000 -0.874484


1.729274 0.800000 0.616923
1.758306 0.800000 0.565676


-0.493246 0.862840 -0.110525
-0.496902 0.866039 -0.055357


-0.496902 0.866039 -0.055357
-0.498122 0.867107 0.000000


-0.454634 0.829055 -0.325538
-0.467827 0.840599 -0.273005


-0.154145 0.800000 -0.842875
-0.185320 0.800000 -0.810069


1.316923 0.800000 1.029274
1.366684 0.800000 0.997764


1.265676 0.800000 1.058306
1.316923 0.800000 1.029274


-0.478683 0.850098 -0.219535
-0.487166 0.857520 -0.165313


-0.487166 0.857520 -0.165313
-0.493246 0.862840 -0.110525


-0.185320 0.800000 0.810069
-0.154145 0.800000 0.842875


-0.154145 0.800000 0.842875
-0.121755 0.800000 0.874484


-0.215235 0.800000 0.776109
-0.185320 0.800000 0.810069


1.159220 0.800000 -1.108655
1.104268 0.800000 -1.129853


1.548528 0.800000 0.848528
1.589141 0.800000 0.805871


1.265676 0.800000 -1.058306
1.213066 0.800000 -1.084787


1.213066 0.800000 -1.084787
1.159220 0.800000 -1.108655


1.213066 0.800000 1.084787
1.265676 0.800000 1.058306


-0.215235 0.800000 -0.776109
-0.243849 0.800000 -0.741046


1.366684 0.800000 0.997764
1.414839 0.800000 0.963849


1.414839 0.800000 0.963849
1.461272 0.800000 0.927613


1.848328 0.800000 -0.348342
1.829853 0.800000 -0.404268


1.159220 0.800000 1.108655
1.213066 0.800000 1.084787


0.258060 0.800000 1.115655
0.300443 0.800000 1.131526


0.175240 0.800000 1.079178
0.216306 0.800000 1.098198


0.216306 0.800000 1.098198
0.258060 0.800000 1.115655


0.019008 0.800000 0.988054
0.056749 0.800000 1.013030


-0.053516 0.800000 0.933925
-0.017765 0.800000 0.961673


-0.017765 0.800000 0.961673
0.019008 0.800000 0.988054


1.316923 0.800000 -1.029274
1.265676 0.800000 -1.058306


1.864038 0.800000 0.291576
1.876942 0.800000 0.234108


1.461272 0.800000 -0.927613
1.414839 0.800000 -0.963849


0.019008 0.800000 -0.988054
-0.017765 0.800000 -0.961673


0.934108 0.800000 1.176942
0.991576 0.800000 1.164038


1.461272 0.800000 0.927613
1.505871 0.800000 0.889141


1.505871 0.800000 0.889141
1.548528 0.800000 0.848528


1.366684 0.800000 -0.997764
1.316923 0.800000 -1.029274


1.104268 0.800000 1.129853
1.159220 0.800000 1.108655


0.609567 0.800000 -1.196587
0.564511 0.800000 -1.192326


0.564511 0.800000 -1.192326
0.519648 0.800000 -1.186368


0.700000 0.800000 1.200000
0.758881 0.800000 1.198555


0.758881 0.800000 1.198555
0.817621 0.800000 1.194222


0.654751 0.800000 1.199146
0.700000 0.800000 1.200000


1.048342 0.800000 1.148328
1.104268 0.800000 1.129853


1.887012 0.800000 0.176077
1.894222 0.800000 0.117621


1.414839 0.800000 -0.963849
1.366684 0.800000 -0.997764


-0.467827 0.840599 -0.273005
-0.478683 0.850098 -0.219535


