-0.182780 -0.842683 0.286568 111 3.371005 -1.185973 
-0.155280 -0.845676 0.276923 66 3.427677 -1.241140 
-0.142235 -0.800000 0.270661 12 3.141593 -1.282323 
-0.169638 -0.800000 0.279661 11 3.141593 -1.224629 
-0.182780 -0.842683 0.286568 111 3.371005 -1.185973


-0.162729 -0.822123 0.277740 1 3.276716 -1.236132


-0.248110 -0.800000 0.315904 8 3.141593 -1.051545 
-0.272731 -0.800000 0.330933 7 3.141593 -0.993851 
-0.284169 -0.826840 0.339479 69 3.235764 -0.963233 
-0.260325 -0.831329 0.324266 70 3.261364 -1.018778 
-0.248110 -0.800000 0.315904 8 3.141593 -1.051545


-0.266585 -0.814556 0.327247 2 3.196140 -1.007513


-0.194551 -0.885280 0.297366 114 3.554711 -1.132008 
-0.204877 -0.927683 0.312139 56 3.698909 -1.066931 
-0.177329 -0.936398 0.302842 55 3.797256 -1.106899 
-0.167008 -0.891201 0.287625 71 3.641428 -1.180377 
-0.194551 -0.885280 0.297366 114 3.554711 -1.132008


-0.186235 -0.910315 0.299282 3 3.676361 -1.123077


-0.306766 -0.822073 0.355782 105 3.213422 -0.908261 
-0.316885 -0.844182 0.365771 75 3.280125 -0.876428 
-0.294872 -0.853770 0.349801 102 3.321961 -0.927959 
-0.284169 -0.826840 0.339479 69 3.235764 -0.963233 
-0.306766 -0.822073 0.355782 105 3.213422 -0.908261


-0.300918 -0.836746 0.352385 4 3.263104 -0.919388


-0.383201 -0.817830 0.429314 64 3.188089 -0.696284 
-0.370221 -0.812508 0.414173 100 3.175364 -0.736440 
-0.380690 -0.800000 0.425839 2 3.141593 -0.705378 
-0.398749 -0.800000 0.448330 1 3.141593 -0.647683 
-0.383201 -0.817830 0.429314 64 3.188089 -0.696284


-0.383455 -0.807589 0.429213 5 3.161382 -0.696549


-0.355741 -0.823651 0.399445 73 3.207978 -0.776954 
-0.346373 -0.812335 0.389620 103 3.177189 -0.804898 
-0.360058 -0.808509 0.403177 72 3.165220 -0.766538 
-0.370221 -0.812508 0.414173 100 3.175364 -0.736440 
-0.355741 -0.823651 0.399445 73 3.207978 -0.776954


-0.358229 -0.814256 0.401476 6 3.181366 -0.771271


-0.380690 -0.800000 0.425839 2 3.141593 -0.705378 
-0.370221 -0.812508 0.414173 100 3.175364 -0.736440 
-0.360058 -0.808509 0.403177 72 3.165220 -0.766538 
-0.361364 -0.800000 0.404427 3 3.141593 -0.763072 
-0.380690 -0.800000 0.425839 2 3.141593 -0.705378


-0.368214 -0.805256 0.411783 7 3.155866 -0.742909


-0.316885 -0.844182 0.365771 75 3.280125 -0.876428 
-0.306766 -0.822073 0.355782 105 3.213422 -0.908261 
-0.327779 -0.817142 0.372817 74 3.193841 -0.854688 
-0.337297 -0.834079 0.382483 101 3.242288 -0.825718 
-0.316885 -0.844182 0.365771 75 3.280125 -0.876428


-0.322400 -0.829389 0.368956 8 3.232498 -0.866533


-0.346373 -0.812335 0.389620 103 3.177189 -0.804898 
-0.355741 -0.823651 0.399445 73 3.207978 -0.776954 
-0.337297 -0.834079 0.382483 101 3.242288 -0.825718 
-0.327779 -0.817142 0.372817 74 3.193841 -0.854688 
-0.346373 -0.812335 0.389620 103 3.177189 -0.804898


-0.341982 -0.821813 0.385895 9 3.205291 -0.815707


-0.347084 -0.851172 0.393750 62 3.287972 -0.793055 
-0.337297 -0.834079 0.382483 101 3.242288 -0.825718 
-0.355741 -0.823651 0.399445 73 3.207978 -0.776954 
-0.365955 -0.834913 0.411093 63 3.236707 -0.744785 
-0.347084 -0.851172 0.393750 62 3.287972 -0.793055


-0.351741 -0.835976 0.396470 10 3.243519 -0.785333


-0.271493 -0.862735 0.334842 76 3.368681 -0.979673 
-0.294872 -0.853770 0.349801 102 3.321961 -0.927959 
-0.304809 -0.880934 0.362003 60 3.401129 -0.888288 
-0.281592 -0.894306 0.347741 59 3.464755 -0.934865 
-0.271493 -0.862735 0.334842 76 3.368681 -0.979673


-0.288481 -0.873010 0.348194 11 3.389471 -0.933341


-0.284169 -0.826840 0.339479 69 3.235764 -0.963233 
-0.294872 -0.853770 0.349801 102 3.321961 -0.927959 
-0.271493 -0.862735 0.334842 76 3.368681 -0.979673 
-0.260325 -0.831329 0.324266 70 3.261364 -1.018778 
-0.284169 -0.826840 0.339479 69 3.235764 -0.963233


-0.277981 -0.843710 0.336701 12 3.297558 -0.973035


-0.304809 -0.880934 0.362003 60 3.401129 -0.888288 
-0.294872 -0.853770 0.349801 102 3.321961 -0.927959 
-0.316885 -0.844182 0.365771 75 3.280125 -0.876428 
-0.326672 -0.866535 0.377363 61 3.342520 -0.840947 
-0.304809 -0.880934 0.362003 60 3.401129 -0.888288


-0.311078 -0.861408 0.363400 13 3.336492 -0.883871


-0.360058 -0.808509 0.403177 72 3.165220 -0.766538 
-0.346373 -0.812335 0.389620 103 3.177189 -0.804898 
-0.340834 -0.800000 0.384165 4 3.141593 -0.820767 
-0.361364 -0.800000 0.404427 3 3.141593 -0.763072 
-0.360058 -0.808509 0.403177 72 3.165220 -0.766538


-0.352284 -0.805213 0.395220 14 3.156389 -0.788874


-0.355741 -0.823651 0.399445 73 3.207978 -0.776954 
-0.370221 -0.812508 0.414173 100 3.175364 -0.736440 
-0.383201 -0.817830 0.429314 64 3.188089 -0.696284 
-0.365955 -0.834913 0.411093 63 3.236707 -0.744785 
-0.355741 -0.823651 0.399445 73 3.207978 -0.776954


-0.368986 -0.822238 0.413318 15 3.201787 -0.738750


-0.346373 -0.812335 0.389620 103 3.177189 -0.804898 
-0.327779 -0.817142 0.372817 74 3.193841 -0.854688 
-0.319170 -0.800000 0.365121 5 3.141593 -0.878461 
-0.340834 -0.800000 0.384165 4 3.141593 -0.820767 
-0.346373 -0.812335 0.389620 103 3.177189 -0.804898


-0.333714 -0.807373 0.377736 16 3.163683 -0.839828


-0.246903 -0.871008 0.321051 120 3.421629 -1.031164 
-0.271493 -0.862735 0.334842 76 3.368681 -0.979673 
-0.281592 -0.894306 0.347741 59 3.464755 -0.934865 
-0.257124 -0.906590 0.334638 58 3.534575 -0.980408 
-0.246903 -0.871008 0.321051 120 3.421629 -1.031164


-0.264582 -0.883756 0.334090 17 3.448171 -0.982380


-0.327779 -0.817142 0.372817 74 3.193841 -0.854688 
-0.306766 -0.822073 0.355782 105 3.213422 -0.908261 
-0.296444 -0.800000 0.347357 6 3.141593 -0.936156 
-0.319170 -0.800000 0.365121 5 3.141593 -0.878461 
-0.327779 -0.817142 0.372817 74 3.193841 -0.854688


-0.312748 -0.809810 0.360010 18 3.172950 -0.894635


-0.316885 -0.844182 0.365771 75 3.280125 -0.876428 
-0.337297 -0.834079 0.382483 101 3.242288 -0.825718 
-0.347084 -0.851172 0.393750 62 3.287972 -0.793055 
-0.326672 -0.866535 0.377363 61 3.342520 -0.840947 
-0.316885 -0.844182 0.365771 75 3.280125 -0.876428


-0.332230 -0.849028 0.379568 19 3.288108 -0.834355


-0.296444 -0.800000 0.347357 6 3.141593 -0.936156 
-0.306766 -0.822073 0.355782 105 3.213422 -0.908261 
-0.284169 -0.826840 0.339479 69 3.235764 -0.963233 
-0.272731 -0.800000 0.330933 7 3.141593 -0.993851 
-0.296444 -0.800000 0.347357 6 3.141593 -0.936156


-0.290260 -0.812238 0.343061 20 3.183730 -0.950794


-0.221219 -0.878537 0.308532 77 3.482731 -1.082080 
-0.246903 -0.871008 0.321051 120 3.421629 -1.031164 
-0.257124 -0.906590 0.334638 58 3.534575 -0.980408 
-0.231514 -0.917732 0.322753 57 3.612040 -1.024577 
-0.221219 -0.878537 0.308532 77 3.482731 -1.082080


-0.239501 -0.893588 0.321187 21 3.514111 -1.030636


-0.246903 -0.871008 0.321051 120 3.421629 -1.031164 
-0.235403 -0.835487 0.310312 78 3.291217 -1.074552 
-0.260325 -0.831329 0.324266 70 3.261364 -1.018778 
-0.271493 -0.862735 0.334842 76 3.368681 -0.979673 
-0.246903 -0.871008 0.321051 120 3.421629 -1.031164


-0.253812 -0.850195 0.322145 22 3.336839 -1.026922


-0.235403 -0.835487 0.310312 78 3.291217 -1.074552 
-0.209521 -0.839280 0.297719 91 3.326918 -1.130350 
-0.196478 -0.800000 0.290225 10 3.141593 -1.166934 
-0.222664 -0.800000 0.302320 9 3.141593 -1.109240 
-0.235403 -0.835487 0.310312 78 3.291217 -1.074552


-0.216284 -0.818715 0.299588 23 3.227907 -1.121664


0.361743 -0.818323 0.405317 79 6.232576 -0.760612 
0.375460 -0.812040 0.420023 106 6.251129 -0.720757 
0.380686 -0.800000 0.425842 32 6.283185 -0.705369 
0.361361 -0.800000 0.404430 31 6.283185 -0.763065 
0.361743 -0.818323 0.405317 79 6.232576 -0.760612


0.369975 -0.807594 0.413755 24 6.262662 -0.737567


0.383201 -0.817830 0.429314 34 6.236689 -0.696284 
0.375460 -0.812040 0.420023 106 6.251129 -0.720757 
0.361743 -0.818323 0.405317 79 6.232576 -0.760612 
0.365955 -0.834913 0.411093 35 6.188071 -0.744785 
0.383201 -0.817830 0.429314 34 6.236689 -0.696284


0.371757 -0.820786 0.416287 25 6.227331 -0.730747


0.380686 -0.800000 0.425842 32 6.283185 -0.705369 
0.375460 -0.812040 0.420023 106 6.251129 -0.720757 
0.383201 -0.817830 0.429314 34 6.236689 -0.696284 
0.398745 -0.800000 0.448333 33 6.283185 -0.647674 
0.380686 -0.800000 0.425842 32 6.283185 -0.705369


0.384714 -0.807471 0.430720 26 6.263767 -0.692625


0.347084 -0.851172 0.393750 36 6.136806 -0.793055 
0.343344 -0.826088 0.387461 107 6.207348 -0.811148 
0.321659 -0.834702 0.368777 89 6.175717 -0.867085 
0.326672 -0.866535 0.377363 37 6.082258 -0.840947 
0.347084 -0.851172 0.393750 36 6.136806 -0.793055


0.334990 -0.844664 0.381507 27 6.150637 -0.828599


0.321659 -0.834702 0.368777 89 6.175717 -0.867085 
0.343344 -0.826088 0.387461 107 6.207348 -0.811148 
0.340833 -0.800000 0.384168 30 6.283185 -0.820760 
0.319171 -0.800000 0.365123 29 6.283185 -0.878455 
0.321659 -0.834702 0.368777 89 6.175717 -0.867085


0.331551 -0.815211 0.376045 28 6.237338 -0.844909


-0.010257 -0.853930 0.253023 93 4.524450 -1.460782 
0.000000 -0.800000 0.250000 17 6.283185 -1.570796 
-0.028830 -0.800000 0.250832 16 3.141593 -1.513102 
-0.039872 -0.853213 0.254441 65 4.069345 -1.437414 
-0.010257 -0.853930 0.253023 93 4.524450 -1.460782


-0.019778 -0.826837 0.251113 29 4.077294 -1.504071


0.107486 -0.852004 0.264467 82 5.832566 -1.329655 
0.114369 -0.800000 0.263256 21 6.283185 -1.340016 
0.086111 -0.800000 0.257471 20 6.283185 -1.397711 
0.078413 -0.853197 0.259061 109 5.687088 -1.380134 
0.107486 -0.852004 0.264467 82 5.832566 -1.329655


0.096773 -0.826349 0.260162 30 6.017355 -1.368835


0.136111 -0.850358 0.271525 88 5.928824 -1.276303 
0.164166 -0.848294 0.280194 97 5.997081 -1.221492 
0.169649 -0.800000 0.279661 23 6.283185 -1.224626 
0.142246 -0.800000 0.270661 22 6.283185 -1.282321 
0.136111 -0.850358 0.271525 88 5.928824 -1.276303


0.153297 -0.824704 0.274721 31 6.123409 -1.255025


-0.109765 -0.900451 0.272652 90 3.882716 -1.268638 
-0.098429 -0.850359 0.262378 113 3.614499 -1.347825 
-0.127127 -0.848240 0.268843 92 3.504272 -1.295384 
-0.138706 -0.896268 0.279369 116 3.748309 -1.226346 
-0.109765 -0.900451 0.272652 90 3.882716 -1.268638


-0.118716 -0.873960 0.269962 32 3.698752 -1.287272


-0.069304 -0.852020 0.257566 84 3.785484 -1.396605 
-0.039872 -0.853213 0.254441 65 4.069345 -1.437414 
-0.028830 -0.800000 0.250832 16 3.141593 -1.513102 
-0.057563 -0.800000 0.253325 15 3.141593 -1.455407 
-0.069304 -0.852020 0.257566 84 3.785484 -1.396605


-0.048985 -0.826358 0.253104 33 3.635244 -1.459313


0.204877 -0.927683 0.312139 42 5.725869 -1.066931 
0.212022 -0.885843 0.305391 94 5.898479 -1.095635 
0.185092 -0.891384 0.294599 86 5.824572 -1.145221 
0.177329 -0.936398 0.302842 43 5.627522 -1.106899 
0.204877 -0.927683 0.312139 42 5.725869 -1.066931


0.195113 -0.910487 0.303095 34 5.767934 -1.105769


0.237718 -0.880059 0.317472 85 5.958336 -1.045262 
0.212022 -0.885843 0.305391 94 5.898479 -1.095635 
0.204877 -0.927683 0.312139 42 5.725869 -1.066931 
0.231514 -0.917732 0.322753 41 5.812738 -1.024577 
0.237718 -0.880059 0.317472 85 5.958336 -1.045262


0.221815 -0.902960 0.313884 35 5.848609 -1.059748


0.257124 -0.906590 0.334638 40 5.890203 -0.980408 
0.261320 -0.874846 0.330346 68 6.004237 -0.996010 
0.237718 -0.880059 0.317472 85 5.958336 -1.045262 
0.231514 -0.917732 0.322753 41 5.812738 -1.024577 
0.257124 -0.906590 0.334638 40 5.890203 -0.980408


0.247178 -0.894906 0.325858 36 5.916584 -1.012735


0.279713 -0.871711 0.341811 104 6.032218 -0.955111 
0.261320 -0.874846 0.330346 68 6.004237 -0.996010 
0.257124 -0.906590 0.334638 40 5.890203 -0.980408 
0.281592 -0.894306 0.347741 39 5.960023 -0.934865 
0.279713 -0.871711 0.341811 104 6.032218 -0.955111


0.270135 -0.886927 0.338332 37 5.971859 -0.967265


0.218104 -0.843318 0.302167 87 6.087125 -1.109925 
0.243813 -0.841071 0.315410 108 6.116298 -1.053542 
0.248117 -0.800000 0.315906 26 6.283185 -1.051540 
0.222673 -0.800000 0.302321 25 6.283185 -1.109235 
0.218104 -0.843318 0.302167 87 6.087125 -1.109925


0.233485 -0.821125 0.308368 38 6.192953 -1.082777


0.248117 -0.800000 0.315906 26 6.283185 -1.051540 
0.243813 -0.841071 0.315410 108 6.116298 -1.053542 
0.268891 -0.840500 0.330408 81 6.133689 -0.995781 
0.272736 -0.800000 0.330935 27 6.283185 -0.993845 
0.248117 -0.800000 0.315906 26 6.283185 -1.051540


0.258716 -0.820419 0.322625 39 6.204425 -1.025068


0.268891 -0.840500 0.330408 81 6.133689 -0.995781 
0.261320 -0.874846 0.330346 68 6.004237 -0.996010 
0.279713 -0.871711 0.341811 104 6.032218 -0.955111 
0.295111 -0.845694 0.348974 80 6.129567 -0.930721 
0.268891 -0.840500 0.330408 81 6.133689 -0.995781


0.276511 -0.858241 0.337508 40 6.075591 -0.970173


0.295111 -0.845694 0.348974 80 6.129567 -0.930721 
0.279713 -0.871711 0.341811 104 6.032218 -0.955111 
0.281592 -0.894306 0.347741 39 5.960023 -0.934865 
0.304809 -0.880934 0.362003 38 6.023649 -0.888288 
0.295111 -0.845694 0.348974 80 6.129567 -0.930721


0.290583 -0.873231 0.349751 41 6.036311 -0.928124


0.268891 -0.840500 0.330408 81 6.133689 -0.995781 
0.295111 -0.845694 0.348974 80 6.129567 -0.930721 
0.296446 -0.800000 0.347359 28 6.283185 -0.936150 
0.272736 -0.800000 0.330935 27 6.283185 -0.993845 
0.268891 -0.840500 0.330408 81 6.133689 -0.995781


0.283695 -0.821579 0.338841 42 6.207267 -0.965472


0.142246 -0.800000 0.270661 22 6.283185 -1.282321 
0.114369 -0.800000 0.263256 21 6.283185 -1.340016 
0.107486 -0.852004 0.264467 82 5.832566 -1.329655 
0.136111 -0.850358 0.271525 88 5.928824 -1.276303 
0.142246 -0.800000 0.270661 22 6.283185 -1.282321


0.125273 -0.825636 0.266627 43 6.081335 -1.312185


0.321659 -0.834702 0.368777 89 6.175717 -0.867085 
0.295111 -0.845694 0.348974 80 6.129567 -0.930721 
0.304809 -0.880934 0.362003 38 6.023649 -0.888288 
0.326672 -0.866535 0.377363 37 6.082258 -0.840947 
0.321659 -0.834702 0.368777 89 6.175717 -0.867085


0.312432 -0.857034 0.363822 44 6.102625 -0.882541


0.086111 -0.800000 0.257471 20 6.283185 -1.397711 
0.057567 -0.800000 0.253325 19 6.283185 -1.455406 
0.049014 -0.853920 0.255338 83 5.450156 -1.424539 
0.078413 -0.853197 0.259061 109 5.687088 -1.380134 
0.086111 -0.800000 0.257471 20 6.283185 -1.397711


0.067905 -0.826830 0.255360 45 5.906898 -1.424245


0.340833 -0.800000 0.384168 30 6.283185 -0.820760 
0.343344 -0.826088 0.387461 107 6.207348 -0.811148 
0.361743 -0.818323 0.405317 79 6.232576 -0.760612 
0.361361 -0.800000 0.404430 31 6.283185 -0.763065 
0.340833 -0.800000 0.384168 30 6.283185 -0.820760


0.352044 -0.811110 0.395118 46 6.251637 -0.789163


0.361743 -0.818323 0.405317 79 6.232576 -0.760612 
0.343344 -0.826088 0.387461 107 6.207348 -0.811148 
0.347084 -0.851172 0.393750 36 6.136806 -0.793055 
0.365955 -0.834913 0.411093 35 6.188071 -0.744785 
0.361743 -0.818323 0.405317 79 6.232576 -0.760612


0.354763 -0.832645 0.399176 47 6.191424 -0.777707


0.321659 -0.834702 0.368777 89 6.175717 -0.867085 
0.319171 -0.800000 0.365123 29 6.283185 -0.878455 
0.296446 -0.800000 0.347359 28 6.283185 -0.936150 
0.295111 -0.845694 0.348974 80 6.129567 -0.930721 
0.321659 -0.834702 0.368777 89 6.175717 -0.867085


0.308506 -0.820126 0.357038 48 6.218041 -0.904189


-0.138706 -0.896268 0.279369 116 3.748309 -1.226346 
-0.127127 -0.848240 0.268843 92 3.504272 -1.295384 
-0.155280 -0.845676 0.276923 66 3.427677 -1.241140 
-0.167008 -0.891201 0.287625 71 3.641428 -1.180377 
-0.138706 -0.896268 0.279369 116 3.748309 -1.226346


-0.147275 -0.870463 0.277406 49 3.587850 -1.238170


-0.109765 -0.900451 0.272652 90 3.882716 -1.268638 
-0.138706 -0.896268 0.279369 116 3.748309 -1.226346 
-0.148994 -0.943839 0.294905 54 3.909388 -1.143741 
-0.119997 -0.949972 0.288363 53 4.037570 -1.176519 
-0.109765 -0.900451 0.272652 90 3.882716 -1.268638


-0.129600 -0.922855 0.282977 50 3.900279 -1.205579


0.039900 -0.907482 0.263322 119 5.067844 -1.339440 
0.049014 -0.853920 0.255338 83 5.450156 -1.424539 
0.019415 -0.854166 0.253322 112 5.056558 -1.455461 
0.009766 -0.907962 0.261893 99 4.802598 -1.352255 
0.039900 -0.907482 0.263322 119 5.067844 -1.339440


0.029582 -0.881042 0.257499 51 5.062379 -1.397384


-0.209521 -0.839280 0.297719 91 3.326918 -1.130350 
-0.221219 -0.878537 0.308532 77 3.482731 -1.082080 
-0.194551 -0.885280 0.297366 114 3.554711 -1.132008 
-0.182780 -0.842683 0.286568 111 3.371005 -1.185973 
-0.209521 -0.839280 0.297719 91 3.326918 -1.130350


-0.202301 -0.861531 0.296912 52 3.436859 -1.134150


-0.155280 -0.845676 0.276923 66 3.427677 -1.241140 
-0.127127 -0.848240 0.268843 92 3.504272 -1.295384 
-0.114360 -0.800000 0.263256 13 3.141593 -1.340018 
-0.142235 -0.800000 0.270661 12 3.141593 -1.282323 
-0.155280 -0.845676 0.276923 66 3.427677 -1.241140


-0.134971 -0.823517 0.269136 53 3.314102 -1.293238


-0.127127 -0.848240 0.268843 92 3.504272 -1.295384 
-0.098429 -0.850359 0.262378 113 3.614499 -1.347825 
-0.086104 -0.800000 0.257471 14 3.141593 -1.397713 
-0.114360 -0.800000 0.263256 13 3.141593 -1.340018 
-0.127127 -0.848240 0.268843 92 3.504272 -1.295384


-0.106690 -0.824693 0.262140 54 3.369031 -1.349985


-0.010257 -0.853930 0.253023 93 4.524450 -1.460782 
0.019415 -0.854166 0.253322 112 5.056558 -1.455461 
0.028832 -0.800000 0.250832 18 6.283185 -1.513101 
0.000000 -0.800000 0.250000 17 6.283185 -1.570796 
-0.010257 -0.853930 0.253023 93 4.524450 -1.460782


0.009516 -0.827076 0.250824 55 5.050353 -1.513365


0.028832 -0.800000 0.250832 18 6.283185 -1.513101 
0.019415 -0.854166 0.253322 112 5.056558 -1.455461 
0.049014 -0.853920 0.255338 83 5.450156 -1.424539 
0.057567 -0.800000 0.253325 19 6.283185 -1.455406 
0.028832 -0.800000 0.250832 18 6.283185 -1.513101


0.038782 -0.827074 0.252242 56 5.673731 -1.476060


-0.090467 -0.954772 0.283244 52 4.183429 -1.204088 
-0.080312 -0.903728 0.267516 110 4.053546 -1.305318 
-0.109765 -0.900451 0.272652 90 3.882716 -1.268638 
-0.119997 -0.949972 0.288363 53 4.037570 -1.176519 
-0.090467 -0.954772 0.283244 52 4.183429 -1.204088


-0.100326 -0.927473 0.277046 57 4.045603 -1.240382


-0.086104 -0.800000 0.257471 14 3.141593 -1.397713 
-0.098429 -0.850359 0.262378 113 3.614499 -1.347825 
-0.069304 -0.852020 0.257566 84 3.785484 -1.396605 
-0.057563 -0.800000 0.253325 15 3.141593 -1.455407 
-0.086104 -0.800000 0.257471 14 3.141593 -1.397713


-0.077992 -0.825642 0.256786 58 3.459232 -1.405851


0.237718 -0.880059 0.317472 85 5.958336 -1.045262 
0.243813 -0.841071 0.315410 108 6.116298 -1.053542 
0.218104 -0.843318 0.302167 87 6.087125 -1.109925 
0.212022 -0.885843 0.305391 94 5.898479 -1.095635 
0.237718 -0.880059 0.317472 85 5.958336 -1.045262


0.228205 -0.862653 0.309549 59 6.015242 -1.077765


0.099487 -0.903703 0.271097 67 5.477040 -1.279269 
0.069853 -0.906058 0.266397 95 5.294807 -1.313992 
0.060536 -0.958215 0.279571 47 5.077821 -1.225154 
0.090467 -0.954772 0.283244 46 5.241349 -1.204088 
0.099487 -0.903703 0.271097 67 5.477040 -1.279269


0.080239 -0.930937 0.274167 60 5.262171 -1.258616


-0.204877 -0.927683 0.312139 56 3.698909 -1.066931 
-0.194551 -0.885280 0.297366 114 3.554711 -1.132008 
-0.221219 -0.878537 0.308532 77 3.482731 -1.082080 
-0.231514 -0.917732 0.322753 57 3.612040 -1.024577 
-0.204877 -0.927683 0.312139 56 3.698909 -1.066931


-0.213348 -0.902456 0.309562 61 3.589298 -1.077709


0.185092 -0.891384 0.294599 86 5.824572 -1.145221 
0.212022 -0.885843 0.305391 94 5.898479 -1.095635 
0.218104 -0.843318 0.302167 87 6.087125 -1.109925 
0.191534 -0.845886 0.290425 117 6.048046 -1.165917 
0.185092 -0.891384 0.294599 86 5.824572 -1.145221


0.201976 -0.866703 0.297500 62 5.964210 -1.131380


-0.182780 -0.842683 0.286568 111 3.371005 -1.185973 
-0.169638 -0.800000 0.279661 11 3.141593 -1.224629 
-0.196478 -0.800000 0.290225 10 3.141593 -1.166934 
-0.209521 -0.839280 0.297719 91 3.326918 -1.130350 
-0.182780 -0.842683 0.286568 111 3.371005 -1.185973


-0.189866 -0.820519 0.287907 63 3.249247 -1.178899


-0.248110 -0.800000 0.315904 8 3.141593 -1.051545 
-0.260325 -0.831329 0.324266 70 3.261364 -1.018778 
-0.235403 -0.835487 0.310312 78 3.291217 -1.074552 
-0.222664 -0.800000 0.302320 9 3.141593 -1.109240 
-0.248110 -0.800000 0.315904 8 3.141593 -1.051545


-0.241889 -0.816722 0.312724 64 3.210615 -1.064510


0.157246 -0.896306 0.285243 115 5.733661 -1.193091 
0.128663 -0.900439 0.277393 96 5.620367 -1.238252 
0.119997 -0.949972 0.288363 45 5.387208 -1.176519 
0.148994 -0.943839 0.294905 44 5.515390 -1.143741 
0.157246 -0.896306 0.285243 115 5.733661 -1.193091


0.138965 -0.922851 0.285676 65 5.559257 -1.190750


0.185092 -0.891384 0.294599 86 5.824572 -1.145221 
0.157246 -0.896306 0.285243 115 5.733661 -1.193091 
0.148994 -0.943839 0.294905 44 5.515390 -1.143741 
0.177329 -0.936398 0.302842 43 5.627522 -1.106899 
0.185092 -0.891384 0.294599 86 5.824572 -1.145221


0.167433 -0.917169 0.293669 66 5.672596 -1.149750


-0.235403 -0.835487 0.310312 78 3.291217 -1.074552 
-0.246903 -0.871008 0.321051 120 3.421629 -1.031164 
-0.221219 -0.878537 0.308532 77 3.482731 -1.082080 
-0.209521 -0.839280 0.297719 91 3.326918 -1.130350 
-0.235403 -0.835487 0.310312 78 3.291217 -1.074552


-0.228548 -0.856148 0.308850 67 3.382496 -1.080726


0.099487 -0.903703 0.271097 67 5.477040 -1.279269 
0.107486 -0.852004 0.264467 82 5.832566 -1.329655 
0.078413 -0.853197 0.259061 109 5.687088 -1.380134 
0.069853 -0.906058 0.266397 95 5.294807 -1.313992 
0.099487 -0.903703 0.271097 67 5.477040 -1.279269


0.088976 -0.878888 0.264346 68 5.557811 -1.330671


-0.148994 -0.943839 0.294905 54 3.909388 -1.143741 
-0.138706 -0.896268 0.279369 116 3.748309 -1.226346 
-0.167008 -0.891201 0.287625 71 3.641428 -1.180377 
-0.177329 -0.936398 0.302842 55 3.797256 -1.106899 
-0.148994 -0.943839 0.294905 54 3.909388 -1.143741


-0.158279 -0.917126 0.290403 69 3.778661 -1.166029


-0.167008 -0.891201 0.287625 71 3.641428 -1.180377 
-0.155280 -0.845676 0.276923 66 3.427677 -1.241140 
-0.182780 -0.842683 0.286568 111 3.371005 -1.185973 
-0.194551 -0.885280 0.297366 114 3.554711 -1.132008 
-0.167008 -0.891201 0.287625 71 3.641428 -1.180377


-0.175174 -0.866312 0.286409 70 3.503472 -1.186820


0.128663 -0.900439 0.277393 96 5.620367 -1.238252 
0.099487 -0.903703 0.271097 67 5.477040 -1.279269 
0.090467 -0.954772 0.283244 46 5.241349 -1.204088 
0.119997 -0.949972 0.288363 45 5.387208 -1.176519 
0.128663 -0.900439 0.277393 96 5.620367 -1.238252


0.109854 -0.927454 0.279163 71 5.423758 -1.227570


0.069853 -0.906058 0.266397 95 5.294807 -1.313992 
0.078413 -0.853197 0.259061 109 5.687088 -1.380134 
0.049014 -0.853920 0.255338 83 5.450156 -1.424539 
0.039900 -0.907482 0.263322 119 5.067844 -1.339440 
0.069853 -0.906058 0.266397 95 5.294807 -1.313992


0.059410 -0.880320 0.260082 72 5.349243 -1.369635


0.237718 -0.880059 0.317472 85 5.958336 -1.045262 
0.261320 -0.874846 0.330346 68 6.004237 -0.996010 
0.268891 -0.840500 0.330408 81 6.133689 -0.995781 
0.243813 -0.841071 0.315410 108 6.116298 -1.053542 
0.237718 -0.880059 0.317472 85 5.958336 -1.045262


0.253214 -0.859184 0.322940 73 6.053575 -1.023856


0.009766 -0.907962 0.261893 99 4.802598 -1.352255 
0.019415 -0.854166 0.253322 112 5.056558 -1.455461 
-0.010257 -0.853930 0.253023 93 4.524450 -1.460782 
-0.020408 -0.907494 0.262118 118 4.524768 -1.350182 
0.009766 -0.907962 0.261893 99 4.802598 -1.352255


-0.000372 -0.881048 0.256613 74 4.707802 -1.407979


0.185092 -0.891384 0.294599 86 5.824572 -1.145221 
0.191534 -0.845886 0.290425 117 6.048046 -1.165917 
0.164166 -0.848294 0.280194 97 5.997081 -1.221492 
0.157246 -0.896306 0.285243 115 5.733661 -1.193091 
0.185092 -0.891384 0.294599 86 5.824572 -1.145221


0.174783 -0.870578 0.286891 75 5.899405 -1.184252


0.128663 -0.900439 0.277393 96 5.620367 -1.238252 
0.136111 -0.850358 0.271525 88 5.928824 -1.276303 
0.107486 -0.852004 0.264467 82 5.832566 -1.329655 
0.099487 -0.903703 0.271097 67 5.477040 -1.279269 
0.128663 -0.900439 0.277393 96 5.620367 -1.238252


0.118148 -0.876763 0.270262 76 5.707007 -1.285136


0.157246 -0.896306 0.285243 115 5.733661 -1.193091 
0.164166 -0.848294 0.280194 97 5.997081 -1.221492 
0.136111 -0.850358 0.271525 88 5.928824 -1.276303 
0.128663 -0.900439 0.277393 96 5.620367 -1.238252 
0.157246 -0.896306 0.285243 115 5.733661 -1.193091


0.146794 -0.873974 0.277793 77 5.816400 -1.235807


0.196488 -0.800000 0.290226 24 6.283185 -1.166930 
0.191534 -0.845886 0.290425 117 6.048046 -1.165917 
0.218104 -0.843318 0.302167 87 6.087125 -1.109925 
0.222673 -0.800000 0.302321 25 6.283185 -1.109235 
0.196488 -0.800000 0.290226 24 6.283185 -1.166930


0.207496 -0.822333 0.295636 78 6.175968 -1.140226


0.164166 -0.848294 0.280194 97 5.997081 -1.221492 
0.191534 -0.845886 0.290425 117 6.048046 -1.165917 
0.196488 -0.800000 0.290226 24 6.283185 -1.166930 
0.169649 -0.800000 0.279661 23 6.283185 -1.224626 
0.164166 -0.848294 0.280194 97 5.997081 -1.221492


0.180739 -0.823581 0.284406 79 6.153446 -1.197656


-0.050481 -0.906081 0.263997 98 4.268229 -1.333620 
-0.080312 -0.903728 0.267516 110 4.053546 -1.305318 
-0.090467 -0.954772 0.283244 52 4.183429 -1.204088 
-0.060536 -0.958215 0.279571 51 4.346957 -1.225154 
-0.050481 -0.906081 0.263997 98 4.268229 -1.333620


-0.070587 -0.930956 0.272645 80 4.218017 -1.268685


-0.080312 -0.903728 0.267516 110 4.053546 -1.305318 
-0.069304 -0.852020 0.257566 84 3.785484 -1.396605 
-0.098429 -0.850359 0.262378 113 3.614499 -1.347825 
-0.109765 -0.900451 0.272652 90 3.882716 -1.268638 
-0.080312 -0.903728 0.267516 110 4.053546 -1.305318


-0.089619 -0.876782 0.264127 81 3.850001 -1.332522


0.009766 -0.907962 0.261893 99 4.802598 -1.352255 
-0.020408 -0.907494 0.262118 118 4.524768 -1.350182 
-0.030335 -0.960287 0.277361 50 4.525346 -1.238447 
-0.000000 -0.960979 0.276623 49 4.712389 -1.243000 
0.009766 -0.907962 0.261893 99 4.802598 -1.352255


-0.010265 -0.934452 0.268526 82 4.636189 -1.297728


-0.030335 -0.960287 0.277361 50 4.525346 -1.238447 
-0.020408 -0.907494 0.262118 118 4.524768 -1.350182 
-0.050481 -0.906081 0.263997 98 4.268229 -1.333620 
-0.060536 -0.958215 0.279571 51 4.346957 -1.225154 
-0.030335 -0.960287 0.277361 50 4.525346 -1.238447


-0.040521 -0.933286 0.269799 83 4.417252 -1.288440


-0.050481 -0.906081 0.263997 98 4.268229 -1.333620 
-0.039872 -0.853213 0.254441 65 4.069345 -1.437414 
-0.069304 -0.852020 0.257566 84 3.785484 -1.396605 
-0.080312 -0.903728 0.267516 110 4.053546 -1.305318 
-0.050481 -0.906081 0.263997 98 4.268229 -1.333620


-0.060108 -0.878912 0.259939 84 4.061440 -1.371077


0.030335 -0.960287 0.277361 48 4.899432 -1.238447 
0.039900 -0.907482 0.263322 119 5.067844 -1.339440 
0.009766 -0.907962 0.261893 99 4.802598 -1.352255 
-0.000000 -0.960979 0.276623 49 4.712389 -1.243000 
0.030335 -0.960287 0.277361 48 4.899432 -1.238447


0.020040 -0.934448 0.268832 85 4.860357 -1.295465


0.069853 -0.906058 0.266397 95 5.294807 -1.313992 
0.039900 -0.907482 0.263322 119 5.067844 -1.339440 
0.030335 -0.960287 0.277361 48 4.899432 -1.238447 
0.060536 -0.958215 0.279571 47 5.077821 -1.225154 
0.069853 -0.906058 0.266397 95 5.294807 -1.313992


0.050255 -0.933274 0.270717 86 5.072984 -1.281928


-0.020408 -0.907494 0.262118 118 4.524768 -1.350182 
-0.010257 -0.853930 0.253023 93 4.524450 -1.460782 
-0.039872 -0.853213 0.254441 65 4.069345 -1.437414 
-0.050481 -0.906081 0.263997 98 4.268229 -1.333620 
-0.020408 -0.907494 0.262118 118 4.524768 -1.350182


-0.030314 -0.880337 0.257428 87 4.351574 -1.398209


