120 87
-0.398749 -0.800000 0.448330 
-0.380690 -0.800000 0.425839 
-0.361364 -0.800000 0.404427 
-0.340834 -0.800000 0.384165 
-0.319170 -0.800000 0.365121 
-0.296444 -0.800000 0.347357 
-0.272731 -0.800000 0.330933 
-0.248110 -0.800000 0.315904 
-0.222664 -0.800000 0.302320 
-0.196478 -0.800000 0.290225 
-0.169638 -0.800000 0.279661 
-0.142235 -0.800000 0.270661 
-0.114360 -0.800000 0.263256 
-0.086104 -0.800000 0.257471 
-0.057563 -0.800000 0.253325 
-0.028830 -0.800000 0.250832 
0.000000 -0.800000 0.250000 
0.028832 -0.800000 0.250832 
0.057567 -0.800000 0.253325 
0.086111 -0.800000 0.257471 
0.114369 -0.800000 0.263256 
0.142246 -0.800000 0.270661 
0.169649 -0.800000 0.279661 
0.196488 -0.800000 0.290226 
0.222673 -0.800000 0.302321 
0.248117 -0.800000 0.315906 
0.272736 -0.800000 0.330935 
0.296446 -0.800000 0.347359 
0.319171 -0.800000 0.365123 
0.340833 -0.800000 0.384168 
0.361361 -0.800000 0.404430 
0.380686 -0.800000 0.425842 
0.398745 -0.800000 0.448333 
0.383201 -0.817830 0.429314 
0.365955 -0.834913 0.411093 
0.347084 -0.851172 0.393750 
0.326672 -0.866535 0.377363 
0.304809 -0.880934 0.362003 
0.281592 -0.894306 0.347741 
0.257124 -0.906590 0.334638 
0.231514 -0.917732 0.322753 
0.204877 -0.927683 0.312139 
0.177329 -0.936398 0.302842 
0.148994 -0.943839 0.294905 
0.119997 -0.949972 0.288363 
0.090467 -0.954772 0.283244 
0.060536 -0.958215 0.279571 
0.030335 -0.960287 0.277361 
-0.000000 -0.960979 0.276623 
-0.030335 -0.960287 0.277361 
-0.060536 -0.958215 0.279571 
-0.090467 -0.954772 0.283244 
-0.119997 -0.949972 0.288363 
-0.148994 -0.943839 0.294905 
-0.177329 -0.936398 0.302842 
-0.204877 -0.927683 0.312139 
-0.231514 -0.917732 0.322753 
-0.257124 -0.906590 0.334638 
-0.281592 -0.894306 0.347741 
-0.304809 -0.880934 0.362003 
-0.326672 -0.866535 0.377363 
-0.347084 -0.851172 0.393750 
-0.365955 -0.834913 0.411093 
-0.383201 -0.817830 0.429314 
-0.039872 -0.853213 0.254441 
-0.155280 -0.845676 0.276923 
0.099487 -0.903703 0.271097 
0.261320 -0.874846 0.330346 
-0.284169 -0.826840 0.339479 
-0.260325 -0.831329 0.324266 
-0.167008 -0.891201 0.287625 
-0.360058 -0.808509 0.403177 
-0.355741 -0.823651 0.399445 
-0.327779 -0.817142 0.372817 
-0.316885 -0.844182 0.365771 
-0.271493 -0.862735 0.334842 
-0.221219 -0.878537 0.308532 
-0.235403 -0.835487 0.310312 
0.361743 -0.818323 0.405317 
0.295111 -0.845694 0.348974 
0.268891 -0.840500 0.330408 
0.107486 -0.852004 0.264467 
0.049014 -0.853920 0.255338 
-0.069304 -0.852020 0.257566 
0.237718 -0.880059 0.317472 
0.185092 -0.891384 0.294599 
0.218104 -0.843318 0.302167 
0.136111 -0.850358 0.271525 
0.321659 -0.834702 0.368777 
-0.109765 -0.900451 0.272652 
-0.209521 -0.839280 0.297719 
-0.127127 -0.848240 0.268843 
-0.010257 -0.853930 0.253023 
0.212022 -0.885843 0.305391 
0.069853 -0.906058 0.266397 
0.128663 -0.900439 0.277393 
0.164166 -0.848294 0.280194 
-0.050481 -0.906081 0.263997 
0.009766 -0.907962 0.261893 
-0.370221 -0.812508 0.414173 
-0.337297 -0.834079 0.382483 
-0.294872 -0.853770 0.349801 
-0.346373 -0.812335 0.389620 
0.279713 -0.871711 0.341811 
-0.306766 -0.822073 0.355782 
0.375460 -0.812040 0.420023 
0.343344 -0.826088 0.387461 
0.243813 -0.841071 0.315410 
0.078413 -0.853197 0.259061 
-0.080312 -0.903728 0.267516 
-0.182780 -0.842683 0.286568 
0.019415 -0.854166 0.253322 
-0.098429 -0.850359 0.262378 
-0.194551 -0.885280 0.297366 
0.157246 -0.896306 0.285243 
-0.138706 -0.896268 0.279369 
0.191534 -0.845886 0.290425 
-0.020408 -0.907494 0.262118 
0.039900 -0.907482 0.263322 
-0.246903 -0.871008 0.321051 

111 66 12 11
8 7 69 70
114 56 55 71
105 75 102 69
64 100 2 1
73 103 72 100
2 100 72 3
75 105 74 101
103 73 101 74
62 101 73 63
76 102 60 59
69 102 76 70
60 102 75 61
72 103 4 3
73 100 64 63
103 74 5 4
120 76 59 58
74 105 6 5
75 101 62 61
6 105 69 7
77 120 58 57
120 78 70 76
78 91 10 9
79 106 32 31
34 106 79 35
32 106 34 33
36 107 89 37
89 107 30 29
93 17 16 65
82 21 20 109
88 97 23 22
90 113 92 116
84 65 16 15
42 94 86 43
85 94 42 41
40 68 85 41
104 68 40 39
87 108 26 25
26 108 81 27
81 68 104 80
80 104 39 38
81 80 28 27
22 21 82 88
89 80 38 37
20 19 83 109
30 107 79 31
79 107 36 35
89 29 28 80
116 92 66 71
90 116 54 53
119 83 112 99
91 77 114 111
66 92 13 12
92 113 14 13
93 112 18 17
18 112 83 19
52 110 90 53
14 113 84 15
85 108 87 94
67 95 47 46
56 114 77 57
86 94 87 117
111 11 10 91
8 70 78 9
115 96 45 44
86 115 44 43
78 120 77 91
67 82 109 95
54 116 71 55
71 66 111 114
96 67 46 45
95 109 83 119
85 68 81 108
99 112 93 118
86 117 97 115
96 88 82 67
115 97 88 96
24 117 87 25
97 117 24 23
98 110 52 51
110 84 113 90
99 118 50 49
50 118 98 51
98 65 84 110
48 119 99 49
95 119 48 47
118 93 65 98
64
-0.142235 -0.800000 0.270661
-0.169638 -0.800000 0.279661
-0.248110 -0.800000 0.315904
-0.272731 -0.800000 0.330933
-0.204877 -0.927683 0.312139
-0.177329 -0.936398 0.302842
-0.380690 -0.800000 0.425839
-0.398749 -0.800000 0.448330
-0.398749 -0.800000 0.448330
-0.383201 -0.817830 0.429314
-0.361364 -0.800000 0.404427
-0.380690 -0.800000 0.425839
-0.365955 -0.834913 0.411093
-0.347084 -0.851172 0.393750
-0.304809 -0.880934 0.362003
-0.281592 -0.894306 0.347741
-0.326672 -0.866535 0.377363
-0.304809 -0.880934 0.362003
-0.340834 -0.800000 0.384165
-0.361364 -0.800000 0.404427
-0.383201 -0.817830 0.429314
-0.365955 -0.834913 0.411093
-0.319170 -0.800000 0.365121
-0.340834 -0.800000 0.384165
-0.281592 -0.894306 0.347741
-0.257124 -0.906590 0.334638
-0.296444 -0.800000 0.347357
-0.319170 -0.800000 0.365121
-0.347084 -0.851172 0.393750
-0.326672 -0.866535 0.377363
-0.272731 -0.800000 0.330933
-0.296444 -0.800000 0.347357
-0.257124 -0.906590 0.334638
-0.231514 -0.917732 0.322753
-0.196478 -0.800000 0.290225
-0.222664 -0.800000 0.302320
0.380686 -0.800000 0.425842
0.361361 -0.800000 0.404430
0.365955 -0.834913 0.411093
0.383201 -0.817830 0.429314
0.383201 -0.817830 0.429314
0.398745 -0.800000 0.448333
0.398745 -0.800000 0.448333
0.380686 -0.800000 0.425842
0.326672 -0.866535 0.377363
0.347084 -0.851172 0.393750
0.340833 -0.800000 0.384168
0.319171 -0.800000 0.365123
0.000000 -0.800000 0.250000
-0.028830 -0.800000 0.250832
0.114369 -0.800000 0.263256
0.086111 -0.800000 0.257471
0.169649 -0.800000 0.279661
0.142246 -0.800000 0.270661
-0.028830 -0.800000 0.250832
-0.057563 -0.800000 0.253325
0.177329 -0.936398 0.302842
0.204877 -0.927683 0.312139
0.204877 -0.927683 0.312139
0.231514 -0.917732 0.322753
0.231514 -0.917732 0.322753
0.257124 -0.906590 0.334638
0.257124 -0.906590 0.334638
0.281592 -0.894306 0.347741
0.248117 -0.800000 0.315906
0.222673 -0.800000 0.302321
0.272736 -0.800000 0.330935
0.248117 -0.800000 0.315906
0.281592 -0.894306 0.347741
0.304809 -0.880934 0.362003
0.296446 -0.800000 0.347359
0.272736 -0.800000 0.330935
0.142246 -0.800000 0.270661
0.114369 -0.800000 0.263256
0.304809 -0.880934 0.362003
0.326672 -0.866535 0.377363
0.086111 -0.800000 0.257471
0.057567 -0.800000 0.253325
0.361361 -0.800000 0.404430
0.340833 -0.800000 0.384168
0.347084 -0.851172 0.393750
0.365955 -0.834913 0.411093
0.319171 -0.800000 0.365123
0.296446 -0.800000 0.347359
-0.148994 -0.943839 0.294905
-0.119997 -0.949972 0.288363
-0.114360 -0.800000 0.263256
-0.142235 -0.800000 0.270661
-0.086104 -0.800000 0.257471
-0.114360 -0.800000 0.263256
0.028832 -0.800000 0.250832
0.000000 -0.800000 0.250000
0.057567 -0.800000 0.253325
0.028832 -0.800000 0.250832
-0.119997 -0.949972 0.288363
-0.090467 -0.954772 0.283244
-0.057563 -0.800000 0.253325
-0.086104 -0.800000 0.257471
0.060536 -0.958215 0.279571
0.090467 -0.954772 0.283244
-0.231514 -0.917732 0.322753
-0.204877 -0.927683 0.312139
-0.169638 -0.800000 0.279661
-0.196478 -0.800000 0.290225
-0.222664 -0.800000 0.302320
-0.248110 -0.800000 0.315904
0.119997 -0.949972 0.288363
0.148994 -0.943839 0.294905
0.148994 -0.943839 0.294905
0.177329 -0.936398 0.302842
-0.177329 -0.936398 0.302842
-0.148994 -0.943839 0.294905
0.090467 -0.954772 0.283244
0.119997 -0.949972 0.288363
0.222673 -0.800000 0.302321
0.196488 -0.800000 0.290226
0.196488 -0.800000 0.290226
0.169649 -0.800000 0.279661
-0.090467 -0.954772 0.283244
-0.060536 -0.958215 0.279571
-0.030335 -0.960287 0.277361
-0.000000 -0.960979 0.276623
-0.060536 -0.958215 0.279571
-0.030335 -0.960287 0.277361
-0.000000 -0.960979 0.276623
0.030335 -0.960287 0.277361
0.030335 -0.960287 0.277361
0.060536 -0.958215 0.279571
