1032 983
0.500000 0.000000 0.000000 
0.492359 0.066491 0.000000 
0.483254 0.132743 0.000000 
0.471225 0.198518 0.000000 
0.455429 0.263577 0.000000 
0.436114 0.327682 0.000000 
0.413658 0.390617 0.000000 
0.388854 0.452787 0.000000 
0.362357 0.514692 0.000000 
0.332876 0.574994 0.000000 
0.298687 0.631943 0.000000 
0.258581 0.684271 0.000000 
0.213198 0.732425 0.000000 
0.163592 0.777241 0.000000 
0.110821 0.819552 0.000000 
0.055938 0.860193 0.000000 
0.000000 0.900000 0.000000 
0.000000 0.895666 -0.088215 
0.000000 0.882707 -0.175581 
0.000000 0.861246 -0.261256 
0.000000 0.831492 -0.344415 
0.000000 0.793729 -0.424257 
0.000000 0.748323 -0.500013 
0.000000 0.695709 -0.570954 
0.000000 0.636396 -0.636396 
0.000000 0.570954 -0.695709 
0.000000 0.500013 -0.748323 
0.000000 0.424257 -0.793729 
0.000000 0.344415 -0.831492 
0.000000 0.261256 -0.861246 
0.000000 0.175581 -0.882707 
0.000000 0.088215 -0.895666 
0.000000 0.000000 -0.900000 
0.000000 -0.088215 -0.895666 
0.000000 -0.175581 -0.882707 
0.000000 -0.261256 -0.861246 
0.000000 -0.344415 -0.831492 
0.000000 -0.424257 -0.793729 
0.000000 -0.500013 -0.748323 
0.000000 -0.570954 -0.695709 
0.000000 -0.636396 -0.636396 
0.000000 -0.695709 -0.570954 
0.000000 -0.748323 -0.500013 
0.000000 -0.793729 -0.424257 
0.000000 -0.831492 -0.344415 
0.000000 -0.861246 -0.261256 
0.000000 -0.882707 -0.175581 
0.000000 -0.895666 -0.088215 
0.000000 -0.900000 -0.000000 
0.000000 -0.895666 0.088215 
0.000000 -0.882707 0.175581 
0.000000 -0.861246 0.261256 
0.000000 -0.831492 0.344415 
0.000000 -0.793729 0.424257 
0.000000 -0.748323 0.500013 
0.000000 -0.695709 0.570954 
0.000000 -0.636396 0.636396 
0.000000 -0.570954 0.695709 
0.000000 -0.500013 0.748323 
0.000000 -0.424257 0.793729 
0.000000 -0.344415 0.831492 
0.000000 -0.261256 0.861246 
0.000000 -0.175581 0.882707 
0.000000 -0.088215 0.895666 
0.000000 -0.000000 0.900000 
0.000000 0.088215 0.895666 
0.000000 0.175581 0.882707 
0.000000 0.261256 0.861246 
0.000000 0.344415 0.831492 
0.000000 0.424257 0.793729 
0.000000 0.500013 0.748323 
0.000000 0.570954 0.695709 
0.000000 0.636396 0.636396 
0.000000 0.695709 0.570954 
0.000000 0.748323 0.500013 
0.000000 0.793729 0.424257 
0.000000 0.831492 0.344415 
0.000000 0.861246 0.261256 
0.000000 0.882707 0.175581 
0.000000 0.895666 0.088215 
0.000000 0.900000 0.000000 
0.055938 0.860193 0.000000 
0.110821 0.819552 0.000000 
0.163592 0.777241 0.000000 
0.213198 0.732425 0.000000 
0.258581 0.684271 0.000000 
0.298687 0.631943 0.000000 
0.332876 0.574994 0.000000 
0.362357 0.514692 0.000000 
0.388854 0.452787 0.000000 
0.413658 0.390617 0.000000 
0.436114 0.327682 0.000000 
0.455429 0.263577 0.000000 
0.471225 0.198518 0.000000 
0.483254 0.132743 0.000000 
0.492359 0.066491 0.000000 
0.449843 -0.050862 0.278818 
0.424413 -0.165924 0.321324 
0.440249 -0.263118 0.173050 
0.408327 -0.381552 0.134046 
0.454557 0.266065 -0.019249 
0.432547 -0.311920 0.131093 
0.452639 -0.272255 0.027545 
0.475696 -0.175182 0.020687 
0.453011 -0.154881 -0.223989 
0.471762 -0.091854 -0.173117 
0.455604 -0.024916 -0.261750 
0.455992 -0.146015 0.216944 
0.470310 0.093901 -0.179729 
0.488323 0.044313 -0.087279 
0.480704 0.122931 -0.083277 
0.476074 0.165276 -0.055731 
0.445220 0.197157 0.224739 
0.496475 -0.029488 0.010992 
0.428004 -0.285465 0.205126 
0.427366 -0.351175 0.039025 
0.432162 -0.338735 -0.022521 
0.468608 -0.160249 -0.136508 
0.435851 -0.206726 0.255270 
0.403144 -0.003132 -0.417540 
0.428624 0.038980 -0.347571 
0.451252 0.137544 -0.242199 
0.437115 0.241694 -0.216730 
0.466512 0.170452 -0.138614 
0.420429 0.318470 0.193374 
0.469869 0.201014 -0.039237 
0.377694 -0.362617 0.313798 
0.442742 0.258808 0.165151 
0.393896 0.316885 0.305960 
0.379928 0.175002 0.440781 
0.420090 -0.043238 0.370989 
0.383696 -0.069472 0.460031 
0.427101 -0.203106 0.290048 
0.412581 -0.233894 0.316356 
0.412989 -0.271331 0.283430 
0.407390 -0.349762 0.207744 
0.432179 -0.326295 -0.093521 
0.454091 -0.242623 -0.114878 
0.378911 0.014665 -0.476438 
0.380033 0.069586 -0.468866 
0.411224 0.201404 -0.342069 
0.415165 0.282746 -0.263738 
0.426286 0.294987 -0.199994 
0.438592 0.288105 -0.139473 
0.447311 0.286395 -0.057040 
0.378369 -0.307403 0.365974 
0.331679 0.415007 0.401189 
0.329849 0.348386 0.464451 
0.365213 -0.032062 0.507307 
0.308351 -0.219818 0.576730 
0.397255 -0.215605 0.374603 
0.377605 -0.336721 0.341730 
0.378492 -0.385802 0.281624 
0.365898 -0.479594 0.163753 
0.367102 -0.497517 0.080948 
0.370260 -0.496663 0.013825 
0.385181 -0.460724 -0.029619 
0.403643 -0.391280 -0.142139 
0.399826 -0.272179 -0.327512 
0.408675 -0.196706 -0.352332 
0.383704 -0.100447 -0.454254 
0.353874 -0.012694 -0.532946 
0.345583 -0.041703 -0.548695 
0.352059 0.151460 -0.515122 
0.364633 0.255602 -0.440887 
0.366734 0.355725 -0.358295 
0.360358 0.450175 -0.258475 
0.387506 0.402115 -0.215153 
0.399027 0.403539 -0.142112 
0.310166 0.596548 0.146679 
0.287532 0.512053 0.396754 
0.256541 0.447601 0.520700 
0.252635 0.251688 0.643656 
0.153069 0.211562 0.757025 
0.311007 0.049926 0.610932 
0.276137 -0.194859 0.633551 
0.375478 -0.176412 0.451513 
0.367282 -0.267270 0.426884 
0.321978 -0.427554 0.413252 
0.321604 -0.493942 0.332226 
0.323809 -0.541377 0.238114 
0.331164 -0.576957 0.037494 
0.338878 -0.561112 -0.052515 
0.373060 -0.453990 -0.185411 
0.353485 -0.287427 -0.449953 
0.178299 0.728158 0.233184 
0.328651 -0.062487 -0.579416 
0.331964 0.046002 -0.574855 
0.289047 0.199284 -0.614169 
0.307815 0.310410 -0.534440 
0.312814 0.413179 -0.448816 
0.323059 0.453543 -0.381633 
0.298837 0.523509 -0.353570 
0.305489 0.561893 -0.265996 
0.316590 0.596529 -0.093485 
0.226442 0.702865 0.152634 
0.226609 0.655606 0.295385 
0.176913 0.668277 0.373966 
0.218052 0.511015 0.518038 
0.127500 0.423988 0.686196 
0.218700 0.150114 0.711359 
0.184490 -0.129397 0.748003 
0.127214 -0.400224 0.700582 
0.332871 -0.240002 0.522521 
0.296086 -0.434013 0.464543 
0.220521 -0.617334 0.380573 
0.176962 -0.746400 0.171070 
0.225681 -0.708586 0.127821 
0.230708 -0.714841 -0.005936 
0.274108 -0.664718 -0.030575 
0.299192 -0.581413 -0.245705 
0.294635 -0.461112 -0.440686 
0.320293 -0.317151 -0.506423 
0.283093 -0.277652 -0.591877 
0.273069 -0.205737 -0.634193 
0.275299 -0.114160 -0.654020 
0.267266 0.057745 -0.671434 
0.247079 0.228268 -0.658926 
0.204851 0.329834 -0.662907 
0.221697 0.427948 -0.584033 
0.236617 0.515997 -0.485765 
0.266408 0.541430 -0.403014 
0.221794 0.674921 -0.261866 
0.287278 0.634291 -0.133178 
0.214808 0.720572 -0.122169 
0.064337 0.751228 0.406414 
0.064265 0.657514 0.545235 
0.065254 0.534623 0.665250 
0.068858 -0.339954 -0.779962 
0.226013 -0.429921 0.577159 
0.174202 -0.631965 0.436674 
0.122739 -0.779603 0.221083 
0.125018 -0.805711 0.067870 
0.180682 -0.762013 0.026948 
0.133078 -0.766119 -0.237917 
0.194089 -0.706504 -0.253015 
0.206411 -0.386209 -0.629992 
0.229293 -0.308060 -0.646702 
0.249653 -0.249971 -0.647930 
0.164531 -0.127236 -0.765950 
0.168826 0.014032 -0.772661 
0.148613 0.340917 -0.712316 
0.141699 0.446056 -0.658449 
0.131215 0.605561 -0.528403 
0.450846 0.035150 -0.277730 
0.408986 -0.200701 0.349152 
0.440328 -0.146178 0.278665 
0.424603 -0.275863 0.233018 
0.444391 -0.196358 0.229023 
0.453605 -0.233562 0.135849 
0.435518 -0.256151 0.207237 
0.406389 -0.398382 0.094148 
0.431569 -0.330043 0.086631 
0.464678 0.190513 -0.124291 
0.477436 -0.141555 0.088832 
0.471924 -0.123532 -0.151147 
0.487114 -0.059726 -0.088360 
0.452709 -0.119781 -0.245759 
0.496910 -0.027437 0.003295 
0.477268 0.119425 -0.118205 
0.470182 -0.117305 0.166134 
0.466280 0.125916 0.181248 
0.479585 0.039233 -0.150007 
0.476530 0.101219 -0.139070 
0.488106 0.070082 -0.070603 
0.485763 0.104255 -0.051119 
0.483599 0.127290 -0.028884 
0.477150 0.116778 0.121710 
0.431815 0.196520 0.278069 
0.444514 -0.168302 0.249882 
0.462775 -0.184626 0.145866 
0.441355 -0.096738 0.296031 
0.453700 -0.188313 0.193287 
0.420747 -0.347461 0.132075 
0.430912 -0.297854 0.170379 
0.402245 -0.416393 0.053424 
0.464694 -0.226148 0.023852 
0.440105 -0.313716 0.032316 
0.462571 -0.200145 -0.125274 
0.467589 -0.209797 -0.047111 
0.482869 -0.120022 -0.062226 
0.444375 -0.230513 -0.194690 
0.431529 -0.142829 -0.310021 
0.431637 -0.178282 -0.290711 
0.470689 0.054283 0.193558 
0.428312 -0.107283 -0.333828 
0.413252 -0.037253 -0.389904 
0.483179 -0.021328 -0.131502 
0.442063 0.007641 -0.309090 
0.417016 0.017331 -0.381361 
0.436832 0.063138 -0.319317 
0.453064 0.067403 -0.263655 
0.460599 0.095108 -0.224670 
0.458978 0.142064 -0.206035 
0.425228 0.225442 -0.279853 
0.472971 0.150519 -0.116195 
0.466558 0.159843 -0.150437 
0.454125 0.255018 -0.083451 
0.471190 0.172995 -0.097710 
0.355851 0.437706 -0.296862 
0.474493 0.182124 -0.012953 
0.427887 0.351386 -0.018183 
0.456062 0.196388 0.172286 
0.446045 0.272401 0.116436 
0.372384 0.191613 -0.453107 
0.433784 0.258916 0.212073 
0.430851 0.303407 0.160661 
0.432436 -0.134729 0.310724 
0.398749 0.185662 0.386211 
0.393703 -0.430554 0.095221 
0.441635 0.071414 0.302224 
0.421595 -0.132499 0.344824 
0.414521 -0.093869 0.376838 
0.402663 -0.053195 0.415367 
0.379976 -0.125252 0.457292 
0.435020 -0.187063 0.273055 
0.424139 -0.192900 0.306794 
0.421132 -0.251512 0.272281 
0.418485 -0.317146 0.205356 
0.414162 -0.288558 0.261318 
0.408417 -0.365945 0.171602 
0.468923 -0.013548 0.208661 
0.385517 -0.460219 0.024397 
0.390640 -0.444686 0.057913 
0.378682 -0.476115 0.032264 
0.444783 -0.298689 -0.031965 
0.419416 -0.375129 -0.012032 
0.395434 -0.436534 0.012358 
0.403984 0.186085 -0.371431 
0.443842 -0.284787 -0.104812 
0.450150 -0.191095 -0.207872 
0.419470 -0.207845 0.312342 
0.392092 0.033002 -0.443674 
0.467353 0.200328 -0.080912 
0.368023 0.051005 -0.499370 
0.410412 0.129051 -0.377613 
0.424644 0.161878 -0.322663 
0.431627 0.234588 -0.247558 
0.439336 0.180825 -0.261318 
0.418352 0.214712 -0.311321 
0.442068 0.245795 -0.187537 
0.420911 0.290552 -0.231129 
0.379061 0.291063 -0.377032 
0.453305 0.236503 -0.132875 
0.432145 0.294405 -0.169136 
0.462737 0.227797 -0.059529 
0.446095 0.274818 -0.110167 
0.365617 0.030410 0.506500 
0.282080 0.437996 -0.487164 
0.456983 0.254983 -0.038161 
0.403866 0.386384 0.153438 
0.422583 0.361080 0.063932 
0.278373 0.332869 0.569867 
0.407892 0.320704 0.248195 
0.366981 0.454042 0.219536 
0.361775 0.299394 0.420238 
0.377825 0.379073 0.293201 
0.345719 0.427996 0.345430 
0.372295 0.237361 0.431144 
0.378652 0.308992 0.363755 
0.348265 0.358690 0.410071 
0.342339 0.287985 0.476511 
0.422277 0.131161 0.343339 
0.359310 0.160010 0.496236 
0.386255 -0.011680 0.458935 
0.406410 0.062560 0.404492 
0.384731 0.111467 0.449134 
0.336617 -0.183191 0.537565 
0.412453 -0.253632 0.301199 
0.363187 -0.093408 0.504272 
0.028567 0.257654 0.841196 
0.413934 -0.215155 0.325155 
0.427232 0.331376 0.123722 
0.391105 -0.304144 0.327997 
0.403238 -0.253532 0.331472 
0.393827 -0.248633 0.363809 
0.392217 -0.349217 0.275156 
0.403054 -0.297480 0.293333 
0.381401 -0.439291 0.169176 
0.394708 -0.385677 0.208634 
0.379627 -0.406349 0.245914 
0.380926 -0.462961 0.091288 
0.366615 -0.490486 0.120873 
0.368010 -0.500091 0.043701 
0.419985 -0.364920 -0.080916 
0.376439 -0.482404 -0.009504 
0.401652 0.109519 -0.406808 
0.415471 -0.352056 -0.157915 
0.395852 -0.432928 -0.048874 
0.423152 -0.254080 -0.262227 
0.436444 -0.270653 -0.182937 
0.405729 -0.334728 -0.238544 
0.344691 -0.179688 -0.522016 
0.407281 -0.124145 -0.387692 
0.402832 -0.088322 -0.408905 
0.409420 -0.159471 -0.368592 
0.365902 -0.000075 -0.506771 
0.388320 -0.019310 -0.453673 
0.379405 -0.065376 -0.470977 
0.345278 -0.020085 -0.550527 
0.391425 0.089880 -0.437387 
0.415269 0.073299 -0.379366 
0.366854 0.109584 -0.492579 
0.343441 0.068461 -0.550340 
0.381000 0.210894 -0.421928 
0.362804 0.172193 -0.483983 
0.385431 0.306957 -0.344042 
0.395881 0.245158 -0.360071 
0.372278 0.274027 -0.408869 
0.382455 0.395013 -0.251391 
0.397040 0.332771 -0.276650 
0.372240 0.371248 -0.323305 
0.408114 0.347089 -0.208618 
0.414991 0.380484 -0.071354 
0.420683 0.343664 -0.142120 
0.393123 0.404834 -0.178347 
0.429341 0.344455 -0.047323 
0.437163 0.314262 -0.080814 
0.406087 0.396286 -0.105632 
0.454739 0.266001 -0.007147 
0.383398 0.463323 -0.049533 
0.343155 0.535526 0.146311 
0.370301 0.491279 0.073595 
0.333214 0.500604 0.281579 
0.308915 0.576923 0.216788 
0.311644 0.466255 0.396332 
0.296581 0.534350 0.343112 
0.280726 0.443139 0.484912 
0.277963 0.490916 0.441873 
0.289762 0.264716 0.587849 
0.307243 0.339289 0.517662 
0.266640 0.394660 0.547201 
0.240778 0.327844 0.623263 
0.312910 -0.089768 0.603244 
0.339783 0.074223 0.556879 
0.311315 -0.156743 0.592076 
0.341468 -0.058960 0.555376 
0.313060 -0.021260 0.609271 
0.356017 -0.205704 0.486851 
0.273693 -0.261364 0.612511 
0.402276 -0.179837 0.379251 
0.234952 0.362480 -0.611003 
0.371217 -0.224251 0.440902 
0.364574 -0.307159 0.406819 
0.365004 -0.465511 0.205346 
0.383476 -0.238654 0.399988 
0.343776 -0.446379 0.327971 
0.362017 -0.374518 0.354147 
0.344336 -0.382968 0.398639 
0.345680 -0.493107 0.243793 
0.362861 -0.426989 0.285375 
0.322651 -0.520139 0.285738 
0.348195 -0.523163 0.152554 
0.353311 -0.518935 -0.127168 
0.328941 -0.575826 0.086246 
0.382766 -0.352147 -0.307453 
0.357013 -0.526139 -0.015986 
0.334433 -0.571988 -0.009776 
0.371435 -0.488234 -0.076244 
0.345376 -0.542926 -0.092177 
0.392306 -0.310857 -0.317553 
0.384116 -0.415249 -0.207566 
0.362879 -0.488373 -0.158776 
0.346359 -0.105810 -0.538406 
0.376678 -0.282545 -0.390423 
0.356010 0.033126 -0.527499 
0.360073 -0.250647 -0.455293 
0.366107 -0.177763 -0.474076 
0.386009 -0.208067 -0.409892 
0.346216 -0.141685 -0.530395 
0.365258 -0.105501 -0.497148 
0.342425 -0.215589 -0.513156 
0.346290 -0.070884 -0.544248 
0.079364 0.250160 0.805170 
0.344889 0.015176 -0.551469 
0.322220 0.021308 -0.593824 
0.331620 -0.029902 -0.576556 
0.310080 0.151919 -0.595377 
0.356128 0.236758 -0.472262 
0.328219 0.263386 -0.520740 
0.335517 0.196466 -0.535093 
0.303904 0.221839 -0.583354 
0.334638 0.367606 -0.437824 
0.346833 0.302176 -0.456845 
0.318292 0.329903 -0.502295 
0.346324 0.404955 -0.370358 
0.318661 0.432860 -0.415952 
0.335481 0.505752 -0.263089 
0.365238 0.458668 -0.218991 
0.327226 0.473454 -0.344208 
0.374686 0.466145 -0.139619 
0.182083 -0.049314 0.759652 
0.301842 0.544784 -0.310876 
0.348716 0.535602 -0.094537 
0.316905 0.243180 -0.552100 
0.209954 0.404509 -0.614348 
0.247191 0.465109 -0.519414 
0.310515 0.611885 -0.047921 
0.271323 0.652096 0.149058 
0.306817 0.615186 0.073907 
0.115698 -0.037879 -0.814924 
0.268604 0.607704 0.287492 
0.343742 -0.416981 0.364721 
0.227809 0.681370 0.225931 
0.223587 0.625840 0.360295 
0.263417 0.581535 0.349656 
0.178181 0.700895 0.305767 
0.250283 0.489651 0.491488 
0.217621 0.554211 0.472195 
0.175190 0.630423 0.437395 
0.184437 0.407365 0.640607 
0.299427 0.193635 0.600397 
0.222628 0.459718 0.558160 
0.206680 0.235264 0.700228 
0.125295 0.319257 0.742631 
0.306558 0.121342 0.608024 
0.328535 0.210136 0.543798 
0.234571 -0.089973 0.705118 
0.275360 0.020677 0.663509 
0.227017 0.067609 0.715473 
0.182641 -0.352216 0.674310 
0.233787 -0.237118 0.670993 
0.185080 -0.207210 0.729738 
0.297179 -0.592095 0.227104 
0.323752 -0.387581 0.446863 
0.348671 -0.302650 0.452007 
0.329430 -0.293734 0.501694 
0.260860 -0.564639 0.381781 
0.294917 -0.476111 0.423828 
0.327099 -0.569433 0.136561 
0.262341 -0.623227 0.271614 
0.294711 -0.544620 0.331780 
0.221231 -0.649701 0.320622 
0.265923 -0.658278 0.151756 
0.223884 -0.695411 0.193539 
0.295847 0.126231 -0.623437 
0.301028 -0.617720 0.115714 
0.228136 -0.714974 0.060351 
0.320213 -0.500665 -0.326414 
0.306310 -0.620373 0.005607 
0.270927 -0.668774 0.029136 
0.315292 -0.598262 -0.096352 
0.278517 -0.653691 -0.089399 
0.299410 -0.169808 -0.607594 
0.290959 -0.611952 -0.197507 
0.332873 -0.452843 -0.354343 
0.350065 -0.478319 -0.252963 
0.309302 -0.543398 -0.289477 
0.344598 -0.323392 -0.447673 
0.358500 -0.362011 -0.377684 
0.315330 -0.408073 -0.447884 
0.317128 -0.246917 -0.550028 
0.297114 -0.266538 -0.575526 
0.302043 -0.127195 -0.613900 
0.323138 -0.175684 -0.565965 
0.298167 -0.208789 -0.597267 
0.293777 0.020109 -0.638741 
0.309142 -0.045071 -0.614297 
0.279651 -0.066392 -0.654945 
0.272569 0.175070 -0.643985 
0.315875 0.083504 -0.599213 
0.281339 0.096037 -0.649022 
0.296019 0.290525 -0.565585 
0.259124 0.317364 -0.605507 
0.266357 0.249195 -0.627338 
0.248402 0.383214 -0.580853 
0.285433 0.357227 -0.543788 
0.221119 0.343206 -0.638186 
0.258664 0.478199 -0.489306 
0.272449 0.421130 -0.517896 
0.234645 0.448458 -0.551418 
0.296763 0.499464 -0.391735 
0.267816 0.513405 -0.435511 
0.248441 0.516873 -0.465859 
0.268667 0.617499 -0.265605 
0.265099 0.570914 -0.362992 
0.315066 0.579841 -0.177309 
0.318044 0.585846 -0.135738 
0.344274 0.523005 -0.179389 
0.310420 0.572962 -0.220456 
0.282866 0.647245 -0.094223 
0.232209 0.711298 -0.053487 
0.176256 0.750038 0.157373 
0.221690 0.719952 0.076903 
0.123465 0.772856 0.241734 
0.222459 -0.675770 0.257805 
0.123533 0.709804 0.389658 
0.175822 -0.727973 0.240745 
0.064163 0.707877 0.478166 
0.123767 0.566325 0.578476 
0.064681 0.599970 0.607558 
0.125621 0.502041 0.633220 
0.175344 0.536694 0.548180 
0.122818 0.621261 0.520187 
0.122032 -0.005205 0.810879 
0.168073 0.119621 0.764126 
0.040902 0.202453 0.847127 
0.128412 -0.327926 0.736165 
0.128340 -0.171996 0.787390 
0.065503 -0.132080 0.842986 
0.243687 -0.672565 -0.197888 
0.267413 -0.381774 0.555127 
0.305134 -0.280105 0.555608 
0.101415 0.167421 0.809573 
0.262517 -0.483642 0.477483 
0.223834 -0.485138 0.534574 
0.221022 -0.579066 0.435769 
0.174294 -0.670601 0.374481 
0.280253 -0.516786 -0.406520 
0.178797 -0.757720 0.098906 
0.123859 -0.796412 0.144810 
0.250268 -0.355213 -0.595958 
0.183200 -0.758892 -0.045597 
0.126618 -0.807246 -0.010148 
0.234181 -0.707573 -0.072182 
0.209254 -0.198976 -0.708836 
0.189737 -0.731063 -0.186201 
0.215071 -0.586370 -0.435825 
0.258557 -0.609336 -0.311408 
0.199912 -0.674080 -0.317394 
0.101069 0.705278 -0.431803 
0.236472 -0.452133 -0.545908 
0.299233 -0.300243 -0.555147 
0.304255 -0.351757 -0.514890 
0.276266 -0.244812 -0.615797 
0.261246 -0.291362 -0.615679 
0.207227 -0.139264 -0.724917 
0.244577 -0.201969 -0.670335 
0.216708 -0.254951 -0.682957 
0.212926 -0.015102 -0.732533 
0.244850 -0.096955 -0.693052 
0.165523 -0.057528 -0.773468 
0.162864 0.270276 -0.729391 
0.233458 0.106932 -0.703928 
0.175600 0.089887 -0.761656 
0.181732 0.330221 -0.686243 
0.224143 0.282560 -0.663956 
0.174255 0.412421 -0.647999 
0.123018 -0.588648 0.556596 
0.192435 0.362497 -0.658810 
0.172792 0.546309 -0.541746 
0.192356 0.472979 -0.584667 
0.147494 0.487035 -0.622783 
0.217494 0.556280 -0.469951 
0.220222 0.650165 -0.321955 
0.172729 0.659737 -0.395945 
0.282698 0.631570 -0.170924 
0.161460 0.736048 -0.255214 
0.135941 0.796005 -0.079162 
0.062718 0.838440 0.168944 
0.117529 0.810260 0.081925 
0.122136 -0.640191 0.497570 
0.064345 0.787562 0.330533 
0.059892 0.379169 0.768933 
0.145143 -0.656471 -0.444004 
0.270723 -0.323926 0.586103 
0.058778 0.040065 0.857208 
0.122112 -0.755351 0.294781 
0.124339 -0.531205 0.610292 
0.066980 -0.297430 0.798608 
0.051634 0.124875 0.854213 
0.064635 -0.583218 0.623701 
0.229055 -0.370290 0.613482 
0.063541 -0.693743 0.499222 
0.063394 -0.777279 0.355699 
0.121775 -0.685404 0.433702 
0.063964 -0.830904 0.198939 
0.065206 -0.852786 0.034561 
0.067016 -0.842043 -0.130991 
0.115622 0.574456 -0.579338 
0.069471 -0.799125 -0.290774 
0.073235 -0.724890 -0.439339 
0.136446 -0.737034 -0.309884 
0.077883 -0.620860 -0.572058 
0.079053 -0.488821 -0.687255 
0.155030 -0.543976 -0.565144 
0.123381 -0.262028 -0.766283 
0.187036 -0.323107 -0.684400 
0.055531 0.391851 -0.766088 
0.061713 -0.182547 -0.836329 
0.060246 -0.018791 -0.856876 
0.115804 -0.114207 -0.807688 
0.062059 0.148967 -0.842704 
0.117885 0.040595 -0.813103 
0.058819 0.315214 -0.798122 
0.075364 0.675062 -0.510032 
0.175183 -0.587240 0.493868 
0.141800 0.398176 -0.688366 
0.056871 0.583409 -0.631197 
0.101739 0.483979 -0.669924 
0.089185 0.762525 -0.342394 
0.479838 -0.042132 0.147694 
0.082387 0.823132 -0.171991 
0.461735 -0.073823 0.227813 
0.450794 -0.115477 0.255219 
0.453445 0.131443 0.236728 
0.427086 -0.250460 0.250359 
0.430644 -0.252592 0.233405 
0.428117 -0.219857 0.273867 
0.443725 -0.292016 0.083939 
0.419028 -0.365421 0.090109 
0.466847 -0.200642 0.085895 
0.428791 -0.215037 -0.275227 
0.476455 -0.163479 -0.054749 
0.472863 0.188736 -0.027133 
0.466977 -0.056853 -0.210132 
0.428993 -0.016162 -0.348317 
0.441132 0.086612 -0.299884 
0.466379 0.051756 -0.214105 
0.464317 0.149513 -0.173421 
0.409155 0.272316 -0.296112 
0.466140 0.009497 -0.221089 
0.475679 0.158989 -0.076626 
0.465430 0.216764 0.057707 
0.481791 0.140856 -0.017280 
0.242194 0.541536 -0.447798 
0.482468 0.033539 0.133569 
0.464299 0.228832 -0.009873 
0.463377 0.201161 0.117262 
0.444542 0.295238 0.059548 
0.421423 0.258355 0.264689 
0.386786 0.048524 0.455221 
0.429114 -0.090908 0.336271 
0.398114 -0.106351 0.416737 
0.431288 -0.172717 0.295235 
0.418064 -0.193372 0.325904 
0.455476 -0.249810 0.083536 
0.420226 -0.332067 0.170171 
0.421966 -0.266326 0.254523 
0.435923 -0.042879 0.325448 
0.407661 -0.400688 -0.066169 
0.407013 -0.407768 -0.000324 
0.421970 -0.071386 -0.361398 
0.442595 0.104213 -0.289283 
0.423760 0.094490 -0.350951 
0.435436 0.128171 -0.303802 
0.446128 0.188174 -0.228443 
0.431899 0.172812 -0.293103 
0.455334 0.200655 -0.171447 
0.360948 0.338683 -0.391684 
0.447193 0.244804 -0.159935 
0.284194 -0.635868 -0.145466 
0.460267 0.221357 -0.105637 
0.465308 0.223497 -0.024404 
0.386568 -0.135132 -0.437951 
0.443829 0.303295 -0.011233 
0.395216 -0.416451 0.133230 
0.398183 0.423725 0.072741 
0.390639 0.385686 0.228800 
0.372963 0.467636 0.148395 
0.318983 0.276208 0.532388 
0.405724 -0.334001 0.239583 
0.390207 0.247232 0.375396 
0.363970 0.369239 0.353399 
0.352187 0.224374 0.487502 
0.420111 -0.219517 0.302111 
0.424813 0.069668 0.353725 
0.405768 0.002729 0.410920 
0.404202 0.123127 0.396197 
0.360015 -0.151784 0.497202 
0.416128 -0.303720 0.235152 
0.248561 0.677900 -0.156357 
0.420654 -0.235835 0.287653 
0.486547 -0.075555 0.080860 
0.405204 -0.229255 0.342756 
0.404136 -0.317161 0.267731 
0.402717 -0.276988 0.313883 
0.395417 -0.401872 0.171023 
0.393491 -0.368757 0.242736 
0.381523 -0.452422 0.128992 
0.392185 -0.427119 -0.123706 
0.387444 0.149465 -0.431028 
0.355328 0.089609 -0.522370 
0.426700 -0.311236 -0.171217 
0.162887 0.704389 -0.329948 
0.364308 -0.213567 -0.463515 
0.451469 0.195109 -0.197709 
0.373546 -0.031822 -0.488225 
0.396398 -0.052933 -0.431096 
0.396187 0.168765 -0.400770 
0.404502 0.053128 -0.410710 
0.377685 0.130129 -0.461570 
0.388759 0.229018 -0.390864 
0.402725 0.259854 -0.328186 
0.417818 0.147440 -0.349811 
0.391452 0.320979 -0.310323 
0.289595 0.455298 -0.456775 
0.327221 0.348891 -0.470023 
0.414162 0.347837 -0.174819 
0.305584 0.394525 -0.480254 
0.428400 0.332701 -0.109928 
0.408255 0.403560 -0.028970 
0.442981 0.304682 -0.030864 
0.380711 -0.424277 0.207700 
0.340562 0.555437 0.073511 
0.340112 0.517770 0.216370 
0.391347 -0.328244 0.303007 
0.323508 0.483128 0.342054 
0.304017 0.556170 0.282796 
0.297542 0.451608 0.444442 
0.423913 0.010710 0.362867 
0.293932 0.395904 0.501370 
0.363758 0.094399 0.502793 
0.277755 -0.125817 0.648673 
0.339718 -0.123013 0.548300 
0.341726 0.006364 0.557951 
0.391901 -0.278254 0.347742 
0.331386 0.491153 -0.304270 
0.387852 -0.199010 0.409411 
0.380439 -0.275341 0.384642 
0.351019 -0.535521 0.062054 
0.362236 -0.402737 0.320917 
0.362926 -0.343045 0.382009 
0.363986 -0.448167 0.245637 
0.344688 -0.471998 0.286379 
0.349570 -0.531687 0.105835 
0.346994 -0.510327 0.198056 
0.340521 0.130828 -0.544874 
0.372343 -0.393758 -0.295076 
0.353331 -0.533861 0.020274 
0.381368 -0.459679 -0.101824 
0.363268 -0.510390 -0.048303 
0.395340 -0.374599 -0.224923 
0.326889 -0.098225 -0.577665 
0.285880 -0.020604 -0.649697 
0.382619 -0.244434 -0.398894 
0.387523 -0.170592 -0.422903 
0.359263 -0.039917 -0.519968 
0.362978 -0.070786 -0.508411 
0.366600 -0.140475 -0.485271 
0.336330 -0.003641 -0.568459 
0.328357 0.108588 -0.573112 
0.331466 -0.283791 -0.503093 
0.346504 0.217239 -0.503546 
0.323509 0.175301 -0.565403 
0.354443 0.320812 -0.424246 
0.338267 0.283225 -0.488595 
0.351325 0.422271 -0.334113 
0.341039 0.386380 -0.404442 
0.370147 0.463638 -0.179341 
0.340121 0.515851 -0.220863 
0.379212 0.465856 -0.097499 
0.347688 0.528379 -0.137566 
0.233159 0.576996 -0.417695 
0.345863 0.547594 -0.048184 
0.270279 0.474902 0.472918 
0.267108 0.669906 0.075137 
0.271527 0.631299 0.220382 
0.321653 -0.463368 0.373554 
0.257341 0.553110 0.405308 
0.251971 0.522717 0.453265 
0.220000 0.592129 0.419610 
0.230544 0.398451 0.593727 
0.232146 -0.012638 0.713260 
0.191936 0.323722 0.679208 
0.335471 0.141890 0.552168 
0.277678 -0.054057 0.658647 
0.270560 0.096422 0.662887 
0.231809 -0.305969 0.644812 
0.235036 -0.165371 0.690829 
0.330163 -0.550001 -0.184165 
0.346221 -0.345239 0.426841 
0.352279 -0.256613 0.471110 
0.294655 -0.513099 0.378842 
0.325513 -0.557943 0.186902 
0.295890 -0.571088 0.279976 
0.261501 -0.596872 0.327543 
0.299125 -0.607684 0.171043 
0.264128 -0.643752 0.211827 
0.222491 0.206063 -0.693268 
0.268367 -0.666553 0.089744 
0.332312 -0.362302 -0.447845 
0.303497 -0.621886 0.059583 
0.322142 -0.576977 -0.142623 
0.310295 -0.612284 -0.047326 
0.273553 -0.160664 -0.646455 
0.361330 -0.435968 -0.277819 
0.339833 -0.516145 -0.221604 
0.368934 -0.320397 -0.383717 
0.346547 -0.405231 -0.369383 
0.338514 -0.249843 -0.505945 
0.311751 -0.274950 -0.546501 
0.325386 -0.136144 -0.572681 
0.320979 -0.212301 -0.557286 
0.314914 -0.008632 -0.606536 
0.305364 -0.084579 -0.616087 
0.230246 0.686616 -0.200687 
0.304288 0.055113 -0.621082 
0.282414 0.270030 -0.596384 
0.280060 -0.325551 -0.571554 
0.296480 0.376157 -0.511809 
0.273213 0.337491 -0.574793 
0.184394 -0.281817 0.704955 
0.261129 0.403024 -0.549283 
0.294203 0.475893 -0.425610 
0.266641 0.491384 -0.462305 
0.265710 0.597292 -0.316151 
0.298683 -0.387444 0.499247 
0.042977 0.308386 0.812975 
0.272807 0.665252 -0.049074 
0.326441 -0.343165 0.475948 
0.113584 0.289091 -0.764606 
0.171534 0.766378 0.079233 
0.121508 0.794787 0.162872 
0.178425 -0.480141 0.594882 
0.123888 0.744517 0.317648 
0.122871 0.668826 0.457343 
0.125902 -0.468343 0.658264 
0.178754 0.477680 0.596491 
0.064753 0.460625 0.718905 
0.262904 0.173651 0.656597 
0.176976 0.033391 0.765013 
0.128929 -0.251751 0.765140 
0.126302 -0.089826 0.802546 
0.156918 0.620536 -0.477257 
0.301949 -0.336287 0.529283 
0.261521 -0.526993 0.431031 
0.264894 -0.435416 0.518125 
0.185606 0.176302 -0.737332 
0.180746 -0.418787 0.637119 
0.207048 -0.633991 -0.378426 
0.238548 -0.693288 -0.136618 
0.186224 -0.748471 -0.117025 
0.167617 -0.194397 -0.749006 
0.268699 -0.566304 -0.362074 
0.250581 -0.644166 -0.256719 
0.279435 -0.393506 -0.528095 
0.225144 -0.527628 -0.490739 
0.297660 -0.242293 -0.585282 
0.156403 -0.474649 -0.623072 
0.114408 0.080769 0.812795 
0.243548 -0.150167 -0.684957 
0.249697 -0.042394 -0.693134 
0.208810 -0.077512 -0.732571 
0.253879 0.146207 -0.674024 
0.221183 0.047889 -0.722970 
0.243487 0.298406 -0.634636 
0.198820 0.272690 -0.694462 
0.199832 0.380943 -0.640403 
0.105837 0.362990 -0.739018 
0.206057 0.495087 -0.549029 
0.181683 0.444770 -0.618240 
0.193079 0.559181 -0.501865 
0.224340 0.615916 -0.375550 
0.196295 0.604610 -0.441108 
0.274868 0.628718 -0.214982 
0.167663 0.755645 -0.166554 
0.188146 0.753133 -0.063894 
0.249109 0.687824 -0.100219 
0.065439 -0.519042 0.677307 
0.060283 0.852835 0.084938 
0.174969 -0.702681 0.308677 
0.408297 -0.139820 0.379555 
0.392938 -0.155189 0.414747 
0.063091 -0.046363 0.853764 
0.130615 -0.787282 -0.163899 
0.066667 -0.216079 0.824583 
0.066164 -0.449569 0.724665 
0.066762 -0.375539 0.765167 
0.176727 -0.536602 0.546582 
0.064034 -0.641662 0.564059 
0.121854 -0.723899 0.365714 
0.063411 -0.739112 0.429393 
0.063632 -0.807967 0.278530 
0.150505 -0.604228 -0.506043 
0.064574 -0.845873 0.117134 
0.128496 -0.801040 -0.087765 
0.066075 -0.851469 -0.048600 
0.068173 -0.824493 -0.212066 
0.140567 -0.700373 -0.378748 
0.071231 -0.765757 -0.366857 
0.075585 -0.676486 -0.507874 
0.079602 -0.557990 -0.631847 
0.174961 -0.259357 -0.722347 
0.132314 -0.333403 -0.730313 
0.118325 -0.188789 -0.791573 
0.064551 -0.262154 -0.812728 
0.053749 0.462166 -0.727359 
0.060455 -0.101259 -0.850927 
0.120869 0.121480 -0.802660 
0.061153 0.064794 -0.853971 
0.074436 -0.415506 -0.737799 
0.061955 0.233193 -0.823463 
0.172979 0.376133 -0.670982 
0.101699 0.427507 -0.707334 
0.106399 0.533121 -0.626887 
0.054060 0.526057 -0.682295 
0.063150 0.633527 -0.574136 
0.084983 0.798168 -0.258517 
0.069999 0.845733 -0.085045 
0.416205 0.192601 0.332100 
0.406692 0.254279 0.319817 
0.438777 0.133100 0.290474 
0.485898 0.101783 0.053917 
0.495885 -0.031523 0.018682 
0.314751 0.403384 0.453395 
0.455546 0.003960 0.263119 
0.456983 0.065644 0.249323 
0.440526 0.011126 0.313857 
0.441039 -0.226836 0.214853 
0.447889 -0.227844 0.179534 
0.443404 -0.275182 0.131249 
0.486643 -0.084211 -0.070756 
0.456814 -0.255341 -0.039986 
0.484891 -0.121113 0.014919 
0.492081 -0.067929 0.010675 
0.491888 -0.001148 0.070313 
0.448452 -0.084295 -0.275567 
0.379836 -0.471086 0.056562 
0.434159 -0.230347 0.241260 
0.414610 -0.385412 0.045779 
0.405749 -0.232670 -0.338776 
0.439922 -0.049613 -0.312030 
0.415519 -0.293254 -0.250570 
0.458889 0.201688 -0.148746 
0.402658 0.341604 -0.242231 
0.414669 -0.169477 0.348990 
0.357518 0.441113 0.285215 
0.427809 -0.237736 0.259690 
0.430041 0.114027 -0.326321 
0.450283 0.100031 -0.263556 
0.442767 0.134556 -0.275863 
0.377501 0.384470 -0.287368 
0.222314 -0.535032 0.486908 
0.174244 0.586919 0.495515 
0.063926 0.816682 0.251108 
0.262268 0.667368 -0.130089 
0.221495 0.509510 -0.514710 
0.157975 0.521029 -0.583086 
0.122184 0.205556 -0.784287 
0.257272 0.010516 -0.685714 
0.144382 -0.403921 -0.682584 

114 259 1 96
995 114 96 95
108 695 247 270
694 97 272 695
699 1019 1010 119
99 1001 1000 251
252 701 274 100
1006 1005 704 281
764 255 104 1005
288 259 114 257
106 256 105 258
110 265 1 259
706 1008 1013 107
265 110 264 260
694 695 108 261
262 696 998 285
303 113 696 262
744 301 715 705
263 109 264 110
265 111 266 1
266 112 267 1
267 715 2 1
267 126 705 715
2 715 301 3
94 994 995 95
994 714 719 268
292 709 712 245
97 694 322 997
250 1002 700 727
725 247 308 98
698 1010 1019 697
1002 102 253 700
272 723 312 308
277 104 255 702
271 261 108 273
727 702 271 250
316 270 247 725
115 275 99 251
275 102 1002 99
274 102 275 728
274 701 253 102
729 248 698 697
274 728 321 100
746 420 718 101
252 310 324 276
701 252 276 1011
698 251 1000 1010
764 1005 1006 1007
103 278 117 326
277 702 727 103
278 700 253 116
296 124 1015 254
1003 281 118 256
331 105 256 118
277 1004 280 104
106 257 1003 256
279 118 281 704
733 287 707 1013
288 257 106 706
258 105 284 283
331 703 284 105
245 712 107 289
107 712 288 706
286 1008 258 283
1013 707 289 107
692 717 285 322
733 1013 1008 286
120 333 781 290
245 289 121 291
736 1022 1021 734
373 307 128 304
291 708 292 245
382 1009 324 310
735 1020 708 291
263 709 293 109
292 1021 293 709
294 710 264 109
737 338 123 777
297 260 264 710
293 122 294 109
784 407 786 711
711 142 338 295
709 263 288 712
296 260 297 124
265 260 296 111
299 713 266 111
768 379 770 747
334 112 266 713
720 304 719 714
299 111 296 254
346 126 267 112
844 222 573 716
418 145 346 298
838 490 808 300
1007 994 268 717
4 718 420 5
301 718 4 3
445 154 379 794
420 746 6 5
994 94 93 714
303 719 304 128
268 719 303 262
92 720 714 93
479 165 405 305
304 720 352 373
306 721 269 113
354 129 992 721
303 128 306 113
306 128 307 125
348 149 365 722
953 313 724 954
309 753 359 130
801 131 730 999
367 759 309 130
759 363 991 309
730 723 272 97
953 312 723 313
726 317 725 98
313 723 730 131
765 372 726 246
724 314 132 315
316 725 317 133
246 726 98 1017
317 726 372 332
763 369 135 318
1019 318 729 697
248 115 251 698
319 728 275 115
248 761 319 115
320 729 318 135
248 729 320 761
747 310 252 100
255 764 692 261
328 732 1011 276
324 1009 325 323
327 117 278 116
389 732 328 157
1011 732 327 116
731 385 117 327
783 408 141 329
1006 281 1003 995
279 282 331 118
138 280 1004 330
279 138 391 282
1012 160 284 703
756 133 317 332
119 249 270 316
263 110 259 288
120 290 707 287
781 402 121 290
121 289 707 290
402 735 291 121
336 735 402 387
785 1020 735 336
336 387 772 780
1020 785 337 736
339 737 294 122
338 737 339 295
737 777 710 294
1022 738 339 122
340 738 337 141
339 738 340 295
123 341 739 777
342 143 341 123
297 739 1015 124
338 142 342 123
836 483 839 740
342 142 411 1016
733 395 779 287
743 334 713 299
1015 741 344 254
345 741 341 143
344 741 345 144
346 112 334 298
601 926 545 742
743 299 254 344
347 743 344 144
334 743 347 298
350 744 705 126
810 444 813 146
803 435 806 348
827 468 830 745
350 126 346 145
487 895 572 192
792 417 414 421
746 302 7 6
718 301 744 101
352 720 92 91
423 750 351 748
90 748 352 91
433 173 430 353
354 721 306 125
307 373 351 125
125 351 749 354
749 357 129 354
422 796 355 750
355 749 351 750
356 362 755 359
766 377 769 752
754 360 129 357
992 129 360 753
359 753 360 356
430 512 517 751
754 358 147 361
360 754 361 356
130 364 803 367
517 755 362 751
359 755 364 130
756 134 369 763
362 148 431 751
757 311 993 363
363 759 366 757
108 270 249 273
131 314 724 313
365 758 366 722
314 758 365 132
801 758 314 131
366 759 367 722
370 760 315 132
805 436 150 368
752 136 319 761
370 132 365 149
255 261 271 702
352 748 351 373
177 315 760 439
954 724 315 177
756 763 699 133
318 1019 699 763
332 372 134 756
375 767 369 134
374 767 375 807
372 765 375 134
765 246 151 376
375 765 376 807
378 766 320 135
377 766 378 797
320 766 752 761
369 767 378 135
378 767 374 797
380 768 321 136
379 768 380 794
747 100 321 768
752 769 380 136
381 769 377 153
380 769 381 794
323 386 157 328
384 1009 382 155
155 383 816 811
382 310 747 770
383 770 379 154
382 770 383 155
156 386 323 325
731 389 821 771
156 325 1009 384
385 137 326 117
771 158 385 731
389 731 327 732
388 774 330 137
330 774 391 138
385 158 388 137
818 164 403 773
390 282 391 1014
406 305 772 782
388 823 392 774
391 774 392 1014
469 826 467 776
1012 703 390 159
1012 159 465 826
745 161 395 394
395 733 286 394
739 297 710 777
828 162 397 778
396 283 284 160
286 283 396 394
398 139 333 120
397 139 398 778
287 779 398 120
399 779 395 161
398 779 399 778
139 335 140 333
401 781 333 140
401 387 402 781
140 403 782 401
401 782 772 387
162 475 466 397
140 335 773 403
404 466 475 188
405 783 329 780
772 305 405 780
406 782 403 164
408 784 340 141
407 784 408 343
340 784 711 295
783 409 343 408
783 405 165 409
740 166 407 343
410 1016 411 1023
329 141 337 785
711 786 411 142
412 786 407 166
411 786 412 1023
413 789 345 143
471 464 473 829
345 789 415 144
833 881 467 185
410 168 413 1016
415 791 347 144
347 791 418 298
896 573 895 787
416 789 413 168
891 570 349 790
417 145 418 414
793 101 744 350
790 191 483 788
419 791 415 169
418 791 419 414
441 1017 312 953
792 421 9 8
302 792 8 7
793 350 145 417
792 302 793 417
793 302 746 101
423 748 90 89
422 795 500 170
88 795 423 89
451 153 127 812
127 153 377 797
425 799 424 796
355 796 424 1018
422 750 423 795
425 796 422 170
358 1018 424 798
426 798 427 171
358 798 426 147
798 424 799 427
147 996 148 361
428 800 429 846
361 148 362 356
426 800 996 147
429 800 426 171
430 751 431 353
757 366 758 801
996 802 431 148
432 802 428 172
431 802 432 353
911 512 430 173
364 856 435 803
853 511 855 433
367 803 348 722
857 518 860 804
804 176 436 434
437 805 370 149
436 805 437 434
805 368 760 370
348 806 437 149
438 806 435 175
437 806 438 434
439 760 368 204
899 371 597 474
436 176 440 150
146 152 374 807
204 368 150 603
808 493 194 488
578 195 494 843
151 246 1017 441
441 953 954 809
443 809 954 177
446 151 441 809
446 810 376 151
449 813 444 862
376 810 146 807
453 530 455 816
444 810 446 178
814 450 817 445
127 797 374 152
447 812 448 503
127 152 448 812
146 813 448 152
449 862 525 179
448 813 449 503
451 814 381 153
381 814 445 794
451 812 447 815
452 815 447 180
450 814 451 815
453 816 383 154
445 817 453 154
865 530 453 817
832 478 835 818
861 878 463 454
820 457 156 384
182 811 816 455
386 822 459 157
392 823 819 456
386 156 457 822
820 384 155 811
458 820 811 182
457 820 458 183
459 821 389 157
463 821 459 454
184 462 158 771
460 822 457 183
459 822 460 454
388 158 462 823
456 550 879 461
392 456 461 1014
821 463 184 771
465 185 467 826
824 187 473 464
461 879 465 159
462 877 819 823
1031 217 557 825
883 554 886 824
469 827 396 160
776 472 393 468
396 827 745 394
829 473 163 828
404 773 335 466
776 468 827 469
471 829 399 161
393 472 884 555
399 829 828 778
745 830 471 161
830 470 464 471
776 467 881 472
397 466 335 139
468 393 470 830
828 163 400 162
477 831 400 163
475 831 476 188
162 400 831 475
473 187 477 163
842 494 845 421
885 476 831 477
536 560 189 478
404 832 818 773
834 480 837 479
481 834 406 164
480 834 481 495
406 834 479 305
818 835 481 164
482 835 478 189
481 835 482 495
484 836 409 165
483 836 484 788
409 836 740 343
479 837 484 165
485 837 480 190
484 837 485 788
486 838 412 166
490 838 486 192
412 838 300 1023
740 839 486 166
487 839 483 191
487 192 486 839
167 489 168 410
167 488 841 489
881 552 884 472
300 808 488 167
489 841 579 840
840 416 168 489
169 415 789 416
840 491 169 416
488 194 580 841
840 579 843 491
491 842 419 169
494 842 491 843
419 842 421 414
563 190 480 495
508 172 428 846
496 220 566 442
945 646 944 844
1028 221 569 497
421 845 10 9
498 845 494 195
10 845 498 11
500 795 88 87
499 847 584 196
500 847 499 170
86 847 500 87
632 501 684 241
815 452 181 450
532 180 849 864
502 848 504 197
425 848 502 799
499 848 425 170
504 848 499 196
849 180 447 503
852 509 851 850
505 197 507 198
502 197 505 506
502 506 427 799
850 171 427 506
850 851 429 171
508 851 509 199
429 851 508 846
505 852 850 506
510 852 505 198
509 852 510 1025
513 853 432 172
909 592 200 511
432 853 433 353
492 202 518 854
513 172 508 199
911 858 516 512
514 201 911 173
596 201 514 174
433 855 514 173
515 855 511 200
514 855 515 174
517 856 364 755
516 856 517 512
435 856 516 175
519 857 438 175
518 857 519 854
438 857 804 434
516 858 519 175
911 201 520 858
519 858 520 854
522 859 440 176
521 859 522 893
804 860 522 176
523 860 518 202
522 860 523 893
439 863 443 177
866 531 869 524
443 863 526 178
603 150 440 656
663 859 521 920
446 809 443 178
525 862 526 901
444 178 526 862
874 545 211 861
527 863 439 204
526 863 527 901
849 503 449 179
917 607 206 528
849 179 529 864
525 205 529 179
537 530 865 868
532 866 452 180
531 867 533 586
452 866 524 181
532 864 528 867
533 867 528 206
531 866 532 867
865 817 450 181
524 869 534 868
524 868 865 181
535 586 588 207
531 586 535 869
455 530 537 873
935 870 218 560
455 873 540 182
537 868 534 871
538 871 534 208
541 873 537 871
540 875 458 182
609 212 546 539
458 875 542 183
919 633 938 870
541 871 538 209
540 873 541 210
542 874 460 183
545 874 542 742
460 874 861 454
624 213 549 872
543 875 540 210
542 875 543 742
547 184 463 878
876 216 554 544
211 548 878 861
462 184 547 877
546 877 547 539
456 819 880 550
631 216 876 932
547 878 548 539
549 879 550 872
185 549 213 833
880 819 877 546
551 880 546 212
550 880 551 872
213 623 882 833
465 879 549 185
552 882 553 929
553 882 623 214
552 881 833 882
555 883 470 393
554 883 555 544
470 883 824 464
583 904 585 186
556 929 625 215
555 884 556 544
558 885 477 187
557 885 558 825
561 188 476 888
824 886 558 187
559 886 554 216
558 886 559 825
536 478 832 561
404 188 561 832
888 476 885 557
562 888 557 217
561 888 562 536
565 889 482 189
564 892 563 889
482 889 563 495
560 218 565 189
626 214 623 890
937 564 889 565
567 891 485 190
567 894 570 891
485 891 790 788
563 892 567 190
564 442 566 892
892 566 894 567
191 787 895 487
569 349 570 497
920 521 203 908
790 349 787 191
571 894 566 220
570 894 571 497
192 572 193 490
572 895 573 222
490 193 493 808
569 896 787 349
574 896 569 221
573 896 574 716
576 897 493 193
645 223 575 897
493 897 575 194
572 222 576 193
916 602 918 898
647 224 578 577
841 580 577 579
578 843 579 577
939 638 942 496
663 230 602 656
946 575 223 887
581 900 498 195
12 900 582 13
498 900 12 11
898 205 525 901
581 195 578 224
949 582 900 581
584 847 86 85
904 583 903 651
584 903 583 196
84 903 584 85
604 661 657 931
980 683 983 1030
659 662 961 639
653 906 585 1026
507 197 504 186
583 186 504 196
650 904 651 951
534 869 535 208
589 907 587 226
507 906 587 198
507 186 585 906
226 587 906 653
598 893 523 913
591 590 594 227
510 907 594 1025
587 907 510 198
227 594 907 589
593 909 513 199
592 909 593 590
909 511 853 513
174 604 931 596
593 1025 594 590
515 654 899 474
654 515 200 910
515 474 604 174
596 912 520 201
910 200 592 228
520 912 492 854
596 931 595 912
599 913 523 202
659 908 950 662
203 521 893 598
492 914 599 202
492 912 595 914
599 957 660 913
656 440 859 663
922 617 236 601
908 203 958 950
603 916 527 204
602 916 603 656
527 916 898 901
687 231 607 1024
203 598 959 958
605 917 529 205
607 917 605 1024
917 528 864 529
898 918 605 205
606 918 602 230
605 918 606 1024
533 952 588 586
639 960 905 659
1030 902 633 919
207 611 233 610
207 610 208 535
533 206 608 952
610 234 538 208
925 618 928 609
538 234 613 209
207 588 232 611
614 234 610 233
615 210 541 209
945 644 943 915
615 209 613 923
655 965 618 921
615 922 543 210
956 235 617 923
543 922 601 742
617 922 615 923
619 211 545 926
924 240 627 616
235 673 236 617
236 620 926 601
619 925 548 211
618 925 619 921
548 925 609 539
682 240 924 976
619 926 620 921
622 927 551 212
612 927 622 237
551 927 624 872
609 928 622 212
676 928 618 965
622 928 676 930
612 238 626 890
556 884 552 929
213 624 890 623
675 930 676 973
1032 237 622 930
625 214 626 239
553 214 625 929
666 231 687 652
930 675 982 1032
876 544 556 215
627 932 628 616
876 215 628 932
625 239 628 215
629 239 626 238
628 239 629 616
631 933 559 216
630 934 632 241
559 933 1031 825
631 932 627 934
632 934 627 240
630 933 631 934
634 935 562 217
919 870 935 634
935 560 536 562
1031 936 634 217
635 936 630 241
634 936 635 919
637 937 565 218
637 219 568 937
937 568 442 564
870 938 637 218
633 902 940 242
938 636 219 637
640 939 568 219
688 985 690 243
568 939 496 442
636 242 688 984
642 941 571 220
641 941 642 1029
571 941 1028 497
496 942 642 220
643 942 638 243
642 942 643 1029
644 716 574 221
1028 943 644 221
639 652 687 960
844 944 576 222
645 944 646 775
645 897 576 944
644 945 844 716
621 646 945 915
946 580 194 575
647 946 887 762
580 946 647 577
225 947 649 948
947 887 223 648
1027 949 581 224
948 649 15 14
582 948 14 13
647 762 1027 224
225 948 582 949
648 223 645 775
651 903 84 83
650 951 80 79
1026 585 904 650
82 951 651 83
80 951 82 81
229 975 1032 982
957 600 63 62
78 1026 650 79
653 1026 78 77
608 206 607 231
76 226 653 77
589 226 76 75
658 232 588 952
74 227 589 75
591 227 74 73
228 592 590 591
72 228 591 73
910 228 72 71
899 654 70 69
70 654 910 71
970 672 972 655
597 371 68 67
68 371 899 69
657 955 595 931
657 661 66 65
66 661 597 67
920 908 659 905
977 677 975 229
955 600 914 595
64 955 657 65
600 955 64 63
660 957 62 61
599 914 600 957
962 665 964 658
958 959 60 59
474 597 661 604
959 598 913 660
60 959 660 61
960 687 1024 606
662 950 58 57
230 905 960 606
639 961 664 652
58 950 958 59
230 663 920 905
664 961 56 55
56 961 662 57
666 962 608 231
665 963 54 53
608 962 658 952
666 652 664 963
54 963 664 55
665 962 666 963
667 966 611 232
611 966 668 233
658 964 667 232
52 964 665 53
667 964 52 51
967 613 234 614
614 233 668 968
50 966 667 51
668 966 50 49
614 968 669 967
669 968 48 47
956 923 613 967
48 968 668 49
669 969 956 967
986 689 988 670
673 235 671 971
956 969 671 235
46 969 669 47
671 969 46 45
673 970 620 236
672 971 44 43
620 970 655 921
44 971 671 45
672 970 673 971
674 972 42 41
42 972 672 43
674 965 655 972
890 624 927 612
675 973 40 39
237 678 238 612
676 965 674 973
40 973 674 41
229 982 38 37
629 238 678 974
975 678 237 1032
38 982 675 39
677 974 678 975
677 977 680 976
978 985 940 679
924 974 677 976
924 616 629 974
36 977 229 37
680 977 36 35
682 501 632 240
681 979 34 33
987 690 985 978
682 976 680 979
34 979 680 35
681 501 682 979
684 980 635 241
981 32 31 683
635 980 1030 919
681 981 684 501
32 981 681 33
981 683 980 684
685 983 30 29
685 679 940 902
1030 983 685 902
30 983 683 31
686 244 670 988
636 984 640 219
978 679 28 27
984 638 939 640
940 985 688 242
28 679 685 29
688 243 638 984
690 986 643 243
689 987 26 25
643 986 670 1029
26 987 978 27
689 986 690 987
686 988 24 23
915 943 641 244
24 988 689 25
691 621 22 21
22 621 686 23
691 989 648 775
261 692 322 694
648 989 693 947
762 225 949 1027
20 989 691 21
693 989 20 19
947 225 762 887
990 18 17 16
649 990 16 15
693 990 649 947
990 693 19 18
992 753 309 991
800 428 802 996
269 721 992 991
269 991 363 993
311 998 696 993
285 717 268 262
696 113 269 993
999 730 97 997
285 998 997 322
272 308 247 695
119 1010 1000 249
1001 273 249 1000
757 801 999 311
250 1001 99 1002
250 271 273 1001
103 727 700 278
1011 116 253 701
103 326 1004 277
1005 104 280 704
995 1003 257 114
1006 995 994 1007
706 106 258 1008
728 319 136 321
999 997 998 311
119 316 133 699
328 276 324 323
137 330 1004 326
279 704 280 138
826 469 160 1012
282 390 703 331
461 159 390 1014
739 341 741 1015
1016 413 143 342
1017 98 308 312
355 1018 357 749
358 754 357 1018
764 1007 717 692
1020 736 734 708
1021 292 708 734
785 336 780 329
1022 122 293 1021
736 337 738 1022
300 167 410 1023
244 686 621 915
593 199 509 1025
621 691 775 646
941 641 943 1028
670 244 641 1029
633 242 636 938
933 630 936 1031
96
0.500000 0.000000 0.000000
0.492359 0.066491 0.000000
0.492359 0.066491 0.000000
0.483254 0.132743 0.000000
0.492359 0.066491 0.000000
0.500000 0.000000 0.000000
0.483254 0.132743 0.000000
0.492359 0.066491 0.000000
0.483254 0.132743 0.000000
0.471225 0.198518 0.000000
0.455429 0.263577 0.000000
0.471225 0.198518 0.000000
0.471225 0.198518 0.000000
0.483254 0.132743 0.000000
0.436114 0.327682 0.000000
0.455429 0.263577 0.000000
0.471225 0.198518 0.000000
0.455429 0.263577 0.000000
0.455429 0.263577 0.000000
0.436114 0.327682 0.000000
0.413658 0.390617 0.000000
0.436114 0.327682 0.000000
0.436114 0.327682 0.000000
0.413658 0.390617 0.000000
0.413658 0.390617 0.000000
0.388854 0.452787 0.000000
0.362357 0.514692 0.000000
0.388854 0.452787 0.000000
0.388854 0.452787 0.000000
0.413658 0.390617 0.000000
0.388854 0.452787 0.000000
0.362357 0.514692 0.000000
0.362357 0.514692 0.000000
0.332876 0.574994 0.000000
0.332876 0.574994 0.000000
0.362357 0.514692 0.000000
0.298687 0.631943 0.000000
0.332876 0.574994 0.000000
0.332876 0.574994 0.000000
0.298687 0.631943 0.000000
0.298687 0.631943 0.000000
0.258581 0.684271 0.000000
0.213198 0.732425 0.000000
0.258581 0.684271 0.000000
0.258581 0.684271 0.000000
0.298687 0.631943 0.000000
0.258581 0.684271 0.000000
0.213198 0.732425 0.000000
0.213198 0.732425 0.000000
0.163592 0.777241 0.000000
0.110821 0.819552 0.000000
0.163592 0.777241 0.000000
0.163592 0.777241 0.000000
0.213198 0.732425 0.000000
0.163592 0.777241 0.000000
0.110821 0.819552 0.000000
0.000000 0.895666 0.088215
0.000000 0.882707 0.175581
0.110821 0.819552 0.000000
0.055938 0.860193 0.000000
0.055938 0.860193 0.000000
0.000000 0.900000 0.000000
0.000000 0.900000 0.000000
0.000000 0.895666 0.088215
0.000000 -0.175581 0.882707
0.000000 -0.261256 0.861246
0.000000 0.882707 0.175581
0.000000 0.861246 0.261256
0.000000 0.861246 0.261256
0.000000 0.831492 0.344415
0.000000 0.831492 0.344415
0.000000 0.793729 0.424257
0.000000 0.793729 0.424257
0.000000 0.748323 0.500013
0.000000 0.748323 0.500013
0.000000 0.695709 0.570954
0.000000 0.695709 0.570954
0.000000 0.636396 0.636396
0.000000 0.636396 0.636396
0.000000 0.570954 0.695709
0.000000 0.570954 0.695709
0.000000 0.500013 0.748323
0.000000 0.424257 0.793729
0.000000 0.344415 0.831492
0.000000 0.500013 0.748323
0.000000 0.424257 0.793729
0.000000 0.261256 0.861246
0.000000 0.175581 0.882707
0.000000 0.344415 0.831492
0.000000 0.261256 0.861246
0.000000 0.088215 0.895666
0.000000 -0.000000 0.900000
0.000000 0.175581 0.882707
0.000000 0.088215 0.895666
0.000000 -0.000000 0.900000
0.000000 -0.088215 0.895666
0.000000 -0.088215 0.895666
0.000000 -0.175581 0.882707
0.000000 -0.261256 0.861246
0.000000 -0.344415 0.831492
0.000000 -0.424257 0.793729
0.000000 -0.500013 0.748323
0.000000 -0.344415 0.831492
0.000000 -0.424257 0.793729
0.000000 -0.570954 0.695709
0.000000 -0.636396 0.636396
0.000000 -0.500013 0.748323
0.000000 -0.570954 0.695709
0.000000 -0.695709 0.570954
0.000000 -0.748323 0.500013
0.000000 -0.636396 0.636396
0.000000 -0.695709 0.570954
0.000000 -0.793729 0.424257
0.000000 -0.831492 0.344415
0.000000 -0.748323 0.500013
0.000000 -0.793729 0.424257
0.000000 -0.831492 0.344415
0.000000 -0.861246 0.261256
0.000000 -0.861246 0.261256
0.000000 -0.882707 0.175581
0.000000 -0.882707 0.175581
0.000000 -0.895666 0.088215
0.000000 -0.895666 0.088215
0.000000 -0.900000 -0.000000
0.000000 -0.895666 -0.088215
0.000000 -0.882707 -0.175581
0.000000 -0.900000 -0.000000
0.000000 -0.895666 -0.088215
0.000000 -0.882707 -0.175581
0.000000 -0.861246 -0.261256
0.000000 -0.861246 -0.261256
0.000000 -0.831492 -0.344415
0.000000 -0.793729 -0.424257
0.000000 -0.748323 -0.500013
0.000000 -0.831492 -0.344415
0.000000 -0.793729 -0.424257
0.000000 -0.695709 -0.570954
0.000000 -0.636396 -0.636396
0.000000 -0.748323 -0.500013
0.000000 -0.695709 -0.570954
0.000000 -0.570954 -0.695709
0.000000 -0.500013 -0.748323
0.000000 -0.636396 -0.636396
0.000000 -0.570954 -0.695709
0.000000 -0.424257 -0.793729
0.000000 -0.344415 -0.831492
0.000000 -0.500013 -0.748323
0.000000 -0.424257 -0.793729
0.000000 -0.344415 -0.831492
0.000000 -0.261256 -0.861246
0.000000 -0.261256 -0.861246
0.000000 -0.175581 -0.882707
0.000000 -0.088215 -0.895666
0.000000 0.000000 -0.900000
0.000000 -0.175581 -0.882707
0.000000 -0.088215 -0.895666
0.000000 0.088215 -0.895666
0.000000 0.175581 -0.882707
0.000000 0.000000 -0.900000
0.000000 0.088215 -0.895666
0.000000 0.261256 -0.861246
0.000000 0.344415 -0.831492
0.000000 0.175581 -0.882707
0.000000 0.261256 -0.861246
0.000000 0.424257 -0.793729
0.000000 0.500013 -0.748323
0.000000 0.344415 -0.831492
0.000000 0.424257 -0.793729
0.000000 0.570954 -0.695709
0.000000 0.636396 -0.636396
0.000000 0.500013 -0.748323
0.000000 0.570954 -0.695709
0.000000 0.695709 -0.570954
0.000000 0.748323 -0.500013
0.000000 0.636396 -0.636396
0.000000 0.695709 -0.570954
0.000000 0.793729 -0.424257
0.000000 0.831492 -0.344415
0.000000 0.748323 -0.500013
0.000000 0.793729 -0.424257
0.000000 0.831492 -0.344415
0.000000 0.861246 -0.261256
0.000000 0.861246 -0.261256
0.000000 0.882707 -0.175581
0.000000 0.895666 -0.088215
0.000000 0.900000 0.000000
0.000000 0.900000 0.000000
0.055938 0.860193 0.000000
0.055938 0.860193 0.000000
0.110821 0.819552 0.000000
0.000000 0.882707 -0.175581
0.000000 0.895666 -0.088215
