947 914
0.000000 0.900000 0.000000 
0.000000 0.895666 0.088215 
0.000000 0.882707 0.175581 
0.000000 0.861246 0.261256 
0.000000 0.831492 0.344415 
0.000000 0.793729 0.424257 
0.000000 0.748323 0.500013 
0.000000 0.695709 0.570954 
0.000000 0.636396 0.636396 
0.000000 0.570954 0.695709 
0.000000 0.500013 0.748323 
0.000000 0.424257 0.793729 
0.000000 0.344415 0.831492 
0.000000 0.261256 0.861246 
0.000000 0.175581 0.882707 
0.000000 0.088215 0.895666 
0.000000 -0.000000 0.900000 
0.000000 -0.088215 0.895666 
0.000000 -0.175581 0.882707 
0.000000 -0.261256 0.861246 
0.000000 -0.344415 0.831492 
0.000000 -0.424257 0.793729 
0.000000 -0.500013 0.748323 
0.000000 -0.570954 0.695709 
0.000000 -0.636396 0.636396 
0.000000 -0.695709 0.570954 
0.000000 -0.748323 0.500013 
0.000000 -0.793729 0.424257 
0.000000 -0.831492 0.344415 
0.000000 -0.861246 0.261256 
0.000000 -0.882707 0.175581 
0.000000 -0.895666 0.088215 
0.000000 -0.900000 -0.000000 
0.000000 -0.895666 -0.088215 
0.000000 -0.882707 -0.175581 
0.000000 -0.861246 -0.261256 
0.000000 -0.831492 -0.344415 
0.000000 -0.793729 -0.424257 
0.000000 -0.748323 -0.500013 
0.000000 -0.695709 -0.570954 
0.000000 -0.636396 -0.636396 
0.000000 -0.570954 -0.695709 
0.000000 -0.500013 -0.748323 
0.000000 -0.424257 -0.793729 
0.000000 -0.344415 -0.831492 
0.000000 -0.261256 -0.861246 
0.000000 -0.175581 -0.882707 
0.000000 -0.088215 -0.895666 
0.000000 0.000000 -0.900000 
0.000000 0.088215 -0.895666 
0.000000 0.175581 -0.882707 
0.000000 0.261256 -0.861246 
0.000000 0.344415 -0.831492 
0.000000 0.424257 -0.793729 
0.000000 0.500013 -0.748323 
0.000000 0.570954 -0.695709 
0.000000 0.636396 -0.636396 
0.000000 0.695709 -0.570954 
0.000000 0.748323 -0.500013 
0.000000 0.793729 -0.424257 
0.000000 0.831492 -0.344415 
0.000000 0.861246 -0.261256 
0.000000 0.882707 -0.175581 
0.000000 0.895666 -0.088215 
0.000000 0.009921 0.004356 
0.000000 -0.027643 0.435434 
0.000000 0.337496 0.318268 
0.000000 -0.454608 0.076770 
0.000000 0.445138 0.087239 
0.000000 -0.212672 -0.336909 
0.000000 0.268335 -0.323683 
0.000000 -0.344378 0.514245 
0.000000 -0.193096 -0.674601 
0.000000 0.226342 -0.590588 
0.000000 -0.547540 0.302974 
0.000000 0.644555 0.142061 
0.000000 -0.510490 -0.383026 
0.000000 0.550635 -0.343018 
0.000000 0.444517 0.511200 
0.000000 -0.087043 -0.668763 
0.000000 -0.625328 -0.142656 
0.000000 0.165267 0.651835 
0.000000 -0.092804 -0.476403 
0.000000 -0.437850 0.544232 
0.000000 -0.173576 0.298916 
0.000000 0.400510 -0.525754 
0.000000 0.507112 0.511435 
0.000000 -0.737173 -0.381855 
0.000000 -0.406659 -0.164005 
0.000000 -0.124054 0.666843 
0.000000 0.677353 -0.116765 
0.000000 0.119884 -0.725619 
0.000000 0.500175 0.592170 
0.000000 0.063951 -0.246634 
0.000000 -0.658818 0.167338 
0.000000 0.276917 0.493909 
0.000000 -0.705555 -0.282323 
0.000000 -0.400700 -0.483556 
0.000000 -0.045508 0.190999 
0.000000 -0.603604 0.034749 
0.000000 0.239639 -0.398664 
0.000000 0.740015 0.077456 
0.000000 0.248327 0.062875 
0.000000 -0.368327 -0.667776 
0.000000 0.609243 -0.444588 
0.000000 -0.247639 0.711819 
0.000000 -0.731181 -0.117653 
0.000000 0.717075 0.202249 
0.000000 -0.240247 0.033776 
0.000000 0.352588 0.137241 
0.000000 0.425051 -0.659101 
0.000000 0.377615 -0.019079 
0.000000 -0.633858 0.511694 
0.000000 0.166606 0.824536 
0.000000 0.826809 -0.083825 
0.000000 0.170456 -0.152630 
0.000000 -0.476358 -0.020450 
0.000000 -0.178482 0.498776 
0.000000 0.754111 -0.137748 
0.000000 0.239796 -0.726480 
0.000000 0.699117 -0.342056 
0.000000 -0.538807 -0.548825 
0.000000 0.522259 0.118470 
0.000000 -0.092670 -0.089389 
0.000000 0.128176 0.710135 
0.000000 -0.484630 0.258489 
0.000000 -0.014379 -0.600827 
0.000000 0.495035 -0.610309 
0.000000 0.482555 -0.134157 
0.000000 -0.417041 0.311214 
0.000000 0.349323 0.709516 
0.000000 -0.208866 -0.752392 
0.000000 -0.546686 -0.272420 
0.000000 0.298045 -0.653077 
0.000000 0.106359 0.369207 
0.000000 0.378015 -0.183939 
0.000000 -0.170096 -0.204191 
0.000000 -0.529052 0.192300 
0.000000 0.762021 -0.257117 
0.000000 -0.368126 -0.590272 
0.000000 0.109562 -0.325052 
0.000000 0.586846 0.060325 
0.000000 -0.386185 0.729697 
0.000000 -0.375718 -0.018387 
0.000000 0.219519 0.705613 
0.000000 -0.307465 0.164750 
0.000000 -0.419705 0.458826 
0.000000 -0.320628 -0.452338 
0.000000 0.652872 -0.199810 
0.000000 0.312174 0.618609 
0.000000 -0.739509 0.268863 
0.000000 -0.107679 0.169019 
0.000000 -0.361909 -0.409342 
0.000000 -0.711106 0.105449 
0.000000 0.344304 0.181354 
0.000000 0.471877 -0.451041 
0.000000 0.020566 0.719716 
0.000000 0.724417 -0.029984 
0.000000 -0.079963 0.310484 
0.000000 -0.452226 -0.239923 
0.000000 0.083178 -0.455070 
0.000000 0.413762 -0.255756 
0.000000 -0.553849 0.087574 
0.000000 0.372009 0.254631 
0.000000 -0.134565 -0.336788 
0.000000 -0.252989 0.377532 
0.000000 0.335660 -0.591715 
0.000000 0.136802 0.295672 
0.000000 0.557021 -0.066776 
0.000000 -0.548438 -0.166573 
0.000000 0.059050 0.137793 
0.000000 -0.176916 -0.457567 
0.000000 0.014218 0.653752 
0.000000 0.318372 -0.509772 
0.000000 -0.415257 0.232204 
0.000000 0.592934 0.233577 
0.000000 0.079709 -0.046275 
0.000000 -0.198120 0.693704 
0.000000 -0.369589 -0.261860 
0.000000 0.349125 0.419839 
0.000000 -0.133530 -0.588387 
0.000000 0.655262 0.051673 
0.000000 0.078193 0.545854 
0.000000 0.012726 -0.084927 
0.000000 -0.587850 -0.076736 
0.000000 0.458718 -0.311202 
0.000000 -0.010283 0.554069 
0.000000 -0.047609 0.040836 
0.000000 0.208897 -0.261017 
0.000000 0.448928 0.429990 
0.000000 -0.520284 0.049787 
0.000000 -0.268113 -0.140821 
0.000000 0.274637 0.261694 
0.000000 -0.122116 0.429062 
0.000000 0.195279 -0.324531 
0.000000 0.033144 -0.396059 
0.000000 0.406407 0.368841 
0.000000 0.436216 -0.073450 
0.000000 0.123232 -0.265295 
0.000000 0.222536 0.326963 
0.000000 0.056486 0.329938 
0.000000 0.069288 -0.174590 
0.000000 -0.059693 -0.023166 
0.000000 0.094276 0.431195 
0.000000 0.523056 -0.536765 
0.000000 0.634764 -0.486530 
0.000000 0.729161 0.289439 
0.000000 -0.209935 -0.496902 
0.000000 -0.251807 -0.651579 
0.000000 -0.638770 -0.318453 
0.000000 -0.468336 0.683344 
0.000000 -0.377562 0.668700 
0.000000 -0.400204 0.589793 
0.000000 -0.077831 0.701543 
0.000000 -0.763470 -0.306931 
0.000000 -0.684801 -0.349682 
0.000000 0.579132 0.494715 
0.000000 0.614710 0.521019 
0.000000 -0.134027 0.514832 
0.000000 -0.048982 0.556231 
0.000000 -0.050315 0.623447 
0.000000 -0.150242 0.821374 
0.000000 0.830219 0.158699 
0.000000 0.786659 0.085614 
0.000000 0.787426 0.020330 
0.000000 0.285838 0.591827 
0.000000 0.314526 0.453794 
0.000000 0.159670 0.573632 
0.000000 0.696851 0.471077 
0.000000 0.772006 -0.043979 
0.000000 0.222522 0.390210 
0.000000 0.837072 0.004561 
0.000000 0.416724 0.277364 
0.000000 0.437758 0.344860 
0.000000 0.480843 0.248287 
0.000000 0.321164 -0.556714 
0.000000 0.271175 -0.550825 
0.000000 0.329356 -0.458040 
0.000000 0.245005 -0.287715 
0.000000 0.250329 -0.219787 
0.000000 0.311796 -0.286110 
0.000000 0.608595 -0.588092 
0.000000 0.566117 -0.495611 
0.000000 -0.829386 0.014547 
0.000000 -0.711399 0.047183 
0.000000 -0.759839 -0.038141 
0.000000 -0.433802 0.631619 
0.000000 -0.616659 -0.373001 
0.000000 -0.705008 -0.455123 
0.000000 -0.822466 -0.063638 
0.000000 0.157894 -0.293823 
0.000000 -0.267993 -0.408081 
0.000000 -0.379526 -0.709023 
0.000000 -0.090795 -0.370415 
0.000000 -0.163189 -0.369534 
0.000000 -0.181982 -0.304705 
0.000000 0.246822 0.290990 
0.000000 0.246287 0.234400 
0.000000 0.191709 0.305288 
0.000000 0.312281 0.345895 
0.000000 -0.000189 0.847025 
0.000000 -0.582661 0.574974 
0.000000 0.003746 0.802942 
0.000000 -0.753876 0.218219 
0.000000 0.104130 0.104606 
0.000000 -0.817882 0.166327 
0.000000 -0.073500 0.455017 
0.000000 -0.016247 0.324988 
0.000000 -0.120101 0.332251 
0.000000 0.040989 0.197334 
0.000000 0.424870 -0.356751 
0.000000 0.352114 -0.367768 
0.000000 0.173106 -0.765247 
0.000000 0.100349 -0.794880 
0.000000 0.137444 -0.835832 
0.000000 0.782496 -0.119907 
0.000000 -0.270497 -0.085620 
0.000000 -0.109357 0.210442 
0.000000 -0.019607 0.228565 
0.000000 -0.062320 0.155851 
0.000000 -0.001761 0.604647 
0.000000 -0.099845 0.599102 
0.000000 -0.018188 0.685954 
0.000000 -0.037347 0.283163 
0.000000 0.032527 0.271608 
0.000000 0.776789 0.313019 
0.000000 0.688113 0.362516 
0.000000 -0.181839 -0.088944 
0.000000 -0.228047 -0.024746 
0.000000 -0.127963 -0.055459 
0.000000 -0.073351 0.252576 
0.000000 -0.686255 0.434660 
0.000000 0.093454 0.170258 
0.000000 0.009008 0.164530 
0.000000 0.066480 0.228026 
0.000000 0.731896 -0.246484 
0.000000 0.702600 -0.199668 
0.000000 0.758688 -0.169456 
0.000000 0.485998 0.061546 
0.000000 -0.585367 -0.590207 
0.000000 -0.389877 -0.544239 
0.000000 -0.410681 -0.598232 
0.000000 -0.443829 -0.494708 
0.000000 0.434025 -0.031489 
0.000000 0.402368 0.037162 
0.000000 0.351750 -0.626784 
0.000000 0.366880 -0.558580 
0.000000 0.400757 -0.630411 
0.000000 -0.335685 0.722958 
0.000000 -0.393385 0.518412 
0.000000 -0.264546 -0.742426 
0.000000 -0.444111 -0.610075 
0.000000 -0.091472 -0.754018 
0.000000 -0.108146 -0.529915 
0.000000 -0.005396 -0.535608 
0.000000 0.057069 -0.812714 
0.000000 -0.286961 0.470143 
0.000000 -0.612417 0.294039 
0.000000 0.381206 0.555706 
0.000000 -0.228384 0.486039 
0.000000 -0.291423 0.525365 
0.000000 -0.194549 0.551234 
0.000000 0.761751 0.220163 
0.000000 0.413157 0.530526 
0.000000 0.424235 0.458993 
0.000000 0.364935 0.513623 
0.000000 0.123800 0.202557 
0.000000 -0.152044 -0.269025 
0.000000 -0.498666 -0.440117 
0.000000 -0.462531 -0.061944 
0.000000 -0.363448 -0.340538 
0.000000 -0.420665 -0.288357 
0.000000 0.654686 -0.393074 
0.000000 0.724600 -0.367627 
0.000000 0.785946 -0.270588 
0.000000 0.786660 -0.217071 
0.000000 0.541810 0.546607 
0.000000 0.529599 0.624323 
0.000000 0.452446 0.622791 
0.000000 0.415627 0.687073 
0.000000 0.490854 0.702942 
0.000000 0.040005 -0.581004 
0.000000 -0.030845 -0.822017 
0.000000 -0.038269 -0.730154 
0.000000 -0.569855 -0.093359 
0.000000 -0.551356 -0.063613 
0.000000 -0.497678 -0.097362 
0.000000 -0.800706 -0.146833 
0.000000 0.348537 0.583603 
0.000000 0.505514 -0.242851 
0.000000 0.069992 -0.685770 
0.000000 0.103412 -0.604291 
0.000000 0.391187 -0.730769 
0.000000 0.085680 -0.500982 
0.000000 0.044199 -0.443563 
0.000000 -0.306705 0.642197 
0.000000 -0.484217 0.583551 
0.000000 -0.348108 0.316974 
0.000000 -0.284054 0.211936 
0.000000 -0.400729 0.042190 
0.000000 -0.239806 0.151872 
0.000000 -0.190893 0.058782 
0.000000 -0.256510 0.078449 
0.000000 0.456954 -0.633051 
0.000000 0.421476 -0.560411 
0.000000 0.501622 -0.636157 
0.000000 0.472774 0.554803 
0.000000 0.345423 0.478053 
0.000000 0.475476 0.472102 
0.000000 -0.549856 -0.400056 
0.000000 -0.654584 -0.260209 
0.000000 -0.593576 -0.292696 
0.000000 -0.074439 0.021142 
0.000000 -0.305055 -0.201061 
0.000000 -0.126387 0.034397 
0.000000 -0.613353 -0.102123 
0.000000 -0.587217 -0.150177 
0.000000 0.078485 0.841999 
0.000000 -0.165152 0.637171 
0.000000 -0.227428 0.671121 
0.000000 -0.163978 0.728144 
0.000000 0.554582 0.088249 
0.000000 0.515805 -0.057809 
0.000000 0.484439 0.144934 
0.000000 0.561592 0.018801 
0.000000 0.496493 -0.006825 
0.000000 0.178812 -0.692464 
0.000000 -0.008732 -0.657444 
0.000000 0.396291 0.597579 
0.000000 0.221338 -0.357708 
0.000000 0.286602 -0.365084 
0.000000 -0.197021 -0.180497 
0.000000 -0.154726 -0.161796 
0.000000 -0.539860 0.137113 
0.000000 -0.597905 0.179293 
0.000000 -0.540002 0.245837 
0.000000 -0.497350 0.305145 
0.000000 0.190221 0.611748 
0.000000 0.221694 0.537086 
0.000000 0.094355 0.399419 
0.000000 0.141737 0.440028 
0.000000 0.155926 0.384341 
0.000000 -0.624208 -0.189505 
0.000000 0.606134 0.604549 
0.000000 -0.452675 -0.433839 
0.000000 -0.301559 -0.581762 
0.000000 -0.508787 -0.060614 
0.000000 -0.315970 -0.401541 
0.000000 -0.286349 -0.438651 
0.000000 -0.103128 0.118311 
0.000000 0.189985 0.108904 
0.000000 0.177655 0.173044 
0.000000 -0.557436 0.044659 
0.000000 -0.500239 0.016533 
0.000000 -0.598902 -0.003169 
0.000000 0.013402 -0.432245 
0.000000 0.043942 -0.475792 
0.000000 -0.048186 -0.475463 
0.000000 0.734587 0.138408 
0.000000 0.692838 0.012402 
0.000000 0.680397 0.175251 
0.000000 0.115460 -0.024965 
0.000000 0.696895 0.064178 
0.000000 0.739412 0.021539 
0.000000 -0.331041 0.019314 
0.000000 0.272669 -0.098992 
0.000000 0.222969 -0.158218 
0.000000 0.371161 0.214929 
0.000000 0.392750 0.174811 
0.000000 -0.210292 -0.710037 
0.000000 -0.315219 -0.679817 
0.000000 -0.360980 -0.470055 
0.000000 0.583596 -0.398855 
0.000000 0.609317 -0.311843 
0.000000 -0.707668 -0.005382 
0.000000 0.512130 -0.402843 
0.000000 -0.315013 0.771780 
0.000000 -0.282565 0.700632 
0.000000 -0.674584 -0.135306 
0.000000 -0.614800 -0.053250 
0.000000 -0.653643 0.017867 
0.000000 0.627100 0.287030 
0.000000 0.562253 0.266694 
0.000000 0.583907 0.342215 
0.000000 -0.321132 0.063723 
0.000000 -0.283880 0.017430 
0.000000 -0.429185 -0.017224 
0.000000 -0.363785 -0.072880 
0.000000 -0.407949 -0.114733 
0.000000 0.557978 0.178170 
0.000000 -0.490082 0.353140 
0.000000 0.025031 -0.250502 
0.000000 0.274275 -0.683490 
0.000000 0.308169 -0.758027 
0.000000 0.101445 -0.390278 
0.000000 0.464491 -0.687575 
0.000000 -0.545859 0.367201 
0.000000 -0.475087 0.488992 
0.000000 0.010211 0.762060 
0.000000 0.700348 -0.076329 
0.000000 0.720372 -0.123180 
0.000000 0.358774 0.658948 
0.000000 0.689903 -0.273111 
0.000000 0.201161 0.026317 
0.000000 0.113914 0.035367 
0.000000 0.097136 -0.200176 
0.000000 0.137044 -0.152121 
0.000000 0.155069 -0.191117 
0.000000 -0.451912 -0.145531 
0.000000 -0.426321 0.113170 
0.000000 -0.501256 -0.175220 
0.000000 -0.156326 0.458828 
0.000000 -0.067109 0.502734 
0.000000 0.608804 0.422111 
0.000000 0.518616 0.369386 
0.000000 0.260115 -0.625629 
0.000000 0.791511 -0.324894 
0.000000 0.736252 -0.296910 
0.000000 -0.463981 -0.708210 
0.000000 -0.413299 -0.649243 
0.000000 0.399128 0.117649 
0.000000 0.612680 0.105581 
0.000000 0.551056 -0.226249 
0.000000 -0.128400 -0.230459 
0.000000 -0.066433 -0.211766 
0.000000 -0.058897 -0.113864 
0.000000 -0.019199 -0.179635 
0.000000 0.041527 0.685675 
0.000000 0.143264 0.740661 
0.000000 -0.777203 0.304199 
0.000000 -0.700222 0.320178 
0.000000 -0.075603 -0.605603 
0.000000 0.504362 -0.490960 
0.000000 0.439328 -0.489761 
0.000000 0.477769 -0.281219 
0.000000 0.432841 -0.287217 
0.000000 0.455352 -0.229006 
0.000000 0.603329 -0.212072 
0.000000 0.501077 -0.164561 
0.000000 0.663794 -0.156949 
0.000000 -0.274315 0.422147 
0.000000 -0.445844 0.277595 
0.000000 -0.449327 0.337359 
0.000000 0.345727 0.766350 
0.000000 0.263302 0.732020 
0.000000 -0.149075 -0.761560 
0.000000 -0.139458 -0.702012 
0.000000 -0.529381 -0.326157 
0.000000 -0.420951 -0.211716 
0.000000 -0.473793 -0.211212 
0.000000 0.335034 -0.661018 
0.000000 0.310519 -0.632077 
0.000000 0.289686 -0.169067 
0.000000 0.251782 0.351349 
0.000000 0.198594 0.367685 
0.000000 0.244673 0.469541 
0.000000 0.037976 0.425500 
0.000000 0.043457 0.362048 
0.000000 0.396474 -0.220475 
0.000000 0.374440 -0.289076 
0.000000 0.466292 -0.072722 
0.000000 -0.258003 -0.198992 
0.000000 -0.358965 -0.188141 
0.000000 -0.310752 -0.136783 
0.000000 -0.104366 -0.301026 
0.000000 -0.504065 0.087179 
0.000000 -0.458001 0.195886 
0.000000 -0.379834 0.275162 
0.000000 -0.310561 0.284728 
0.000000 -0.361926 -0.632317 
0.000000 0.059039 -0.209325 
0.000000 0.096842 -0.237897 
0.000000 -0.013561 -0.366054 
0.000000 -0.094751 -0.432996 
0.000000 0.644011 0.006108 
0.000000 0.618905 0.045404 
0.000000 0.657123 0.096544 
0.000000 -0.343087 0.569608 
0.000000 -0.253565 0.592945 
0.000000 -0.320188 -0.031308 
0.000000 -0.339812 0.121798 
0.000000 0.187758 0.677105 
0.000000 0.115797 0.688586 
0.000000 0.272810 0.660787 
0.000000 0.332209 0.634860 
0.000000 -0.179968 0.210127 
0.000000 -0.363386 0.194481 
0.000000 0.368295 -0.649536 
0.000000 0.308390 -0.000622 
0.000000 0.290153 0.158041 
0.000000 0.165844 -0.110405 
0.000000 0.194075 -0.050909 
0.000000 -0.462004 0.402287 
0.000000 -0.387707 0.354320 
0.000000 -0.223795 -0.430417 
0.000000 -0.407160 -0.422388 
0.000000 -0.462645 -0.371105 
0.000000 0.551534 -0.275613 
0.000000 -0.715220 0.247951 
0.000000 -0.710991 0.158603 
0.000000 -0.057849 0.094226 
0.000000 -0.120429 0.278292 
0.000000 -0.656338 0.117305 
0.000000 0.344422 0.244121 
0.000000 0.304041 0.290821 
0.000000 0.358957 0.289162 
0.000000 0.065998 0.732226 
0.000000 0.079191 0.680581 
0.000000 0.675013 -0.032284 
0.000000 -0.102012 -0.136202 
0.000000 -0.064264 0.396076 
0.000000 -0.497893 -0.259650 
0.000000 -0.412584 -0.355693 
0.000000 0.143625 -0.513532 
0.000000 0.208768 -0.531577 
0.000000 0.068413 -0.421665 
0.000000 0.124234 -0.420907 
0.000000 0.496989 -0.327216 
0.000000 0.430139 -0.160769 
0.000000 -0.603056 0.079717 
0.000000 -0.477094 0.051814 
0.000000 0.374346 0.343204 
0.000000 0.187993 -0.428438 
0.000000 0.312838 0.191468 
0.000000 -0.149870 -0.425272 
0.000000 -0.131591 -0.475898 
0.000000 -0.034118 -0.288044 
0.000000 -0.308797 0.354030 
0.000000 -0.231895 0.327242 
0.000000 0.073532 0.296201 
0.000000 0.526425 -0.103101 
0.000000 0.457815 -0.108295 
0.000000 0.600934 -0.074207 
0.000000 -0.561934 -0.214354 
0.000000 0.028924 0.099991 
0.000000 0.042473 0.039911 
0.000000 -0.014476 0.056286 
0.000000 -0.190236 -0.570071 
0.000000 0.030562 0.550500 
0.000000 0.054052 0.632574 
0.000000 -0.016517 0.516229 
0.000000 0.107315 0.650344 
0.000000 0.368923 -0.503274 
0.000000 0.427491 -0.425950 
0.000000 0.675873 -0.316299 
0.000000 0.620179 0.188121 
0.000000 0.051595 -0.019057 
0.000000 0.095613 -0.145934 
0.000000 -0.057116 0.791254 
0.000000 -0.287624 -0.281454 
0.000000 -0.194529 -0.233439 
0.000000 0.318633 0.395136 
0.000000 0.379551 0.393172 
0.000000 -0.163569 -0.637188 
0.000000 0.164927 0.484553 
0.000000 0.135226 0.535590 
0.000000 0.091847 0.583161 
0.000000 0.048285 -0.071906 
0.000000 0.005632 -0.044326 
0.000000 -0.051733 -0.050732 
0.000000 -0.079914 -0.051864 
0.000000 0.833745 -0.167327 
0.000000 -0.031927 -0.006710 
0.000000 0.167626 -0.240455 
0.000000 0.428438 0.397602 
0.000000 0.467761 0.392397 
0.000000 0.282161 0.374491 
0.000000 -0.527447 -0.026476 
0.000000 0.254163 0.179491 
0.000000 -0.190182 0.405719 
0.000000 -0.241342 -0.368761 
0.000000 0.145103 -0.357227 
0.000000 -0.330662 -0.777220 
0.000000 0.065959 -0.358124 
0.000000 0.076304 -0.289298 
0.000000 0.387134 -0.077596 
0.000000 0.155120 0.246203 
0.000000 0.121358 0.334236 
0.000000 0.001859 0.475458 
0.000000 0.031414 -0.138496 
0.000000 0.100777 0.464994 
0.000000 0.662444 -0.530109 
0.000000 -0.657307 -0.412443 
0.000000 -0.191100 -0.811238 
0.000000 0.650584 0.547141 
0.000000 0.309312 0.514795 
0.000000 0.737194 0.390161 
0.000000 0.466766 0.328057 
0.000000 0.261793 -0.496499 
0.000000 0.291908 -0.247295 
0.000000 0.587179 -0.539519 
0.000000 -0.767089 0.029371 
0.000000 -0.528564 0.527024 
0.000000 -0.580419 -0.434159 
0.000000 -0.762301 0.159242 
0.000000 -0.398834 -0.750476 
0.000000 -0.124348 -0.399266 
0.000000 0.212585 0.267015 
0.000000 0.158921 0.776449 
0.000000 0.650642 -0.248360 
0.000000 -0.227816 -0.140340 
0.000000 -0.042140 0.355858 
0.000000 0.393987 -0.327197 
0.000000 0.056490 -0.755581 
0.000000 0.115429 0.502854 
0.000000 -0.801991 0.237907 
0.000000 -0.169756 0.180614 
0.000000 0.067825 0.663509 
0.000000 0.007323 0.254588 
0.000000 0.685590 0.264852 
0.000000 -0.141694 -0.110988 
0.000000 -0.538934 -0.486592 
0.000000 -0.170454 -0.013251 
0.000000 0.750978 -0.204504 
0.000000 -0.429838 -0.553407 
0.000000 0.453286 0.014240 
0.000000 0.383279 -0.591651 
0.000000 -0.240853 0.734319 
0.000000 -0.322663 -0.727237 
0.000000 -0.261195 -0.797904 
0.000000 0.048910 -0.634969 
0.000000 0.068432 -0.845497 
0.000000 -0.355312 0.445372 
0.000000 -0.241462 0.537813 
0.000000 0.810238 0.234949 
0.000000 0.396285 0.483919 
0.000000 -0.531036 -0.441075 
0.000000 -0.573342 -0.033716 
0.000000 0.679878 -0.429202 
0.000000 0.815848 -0.246213 
0.000000 0.575337 0.575255 
0.000000 0.474399 0.663347 
0.000000 -0.116900 -0.821650 
0.000000 0.008279 -0.785192 
0.000000 -0.540018 -0.092608 
0.000000 -0.766901 0.095306 
0.000000 0.329815 0.547742 
0.000000 0.259997 0.792902 
0.000000 0.127151 -0.655663 
0.000000 0.090550 -0.551872 
0.000000 -0.531355 0.631511 
0.000000 -0.355644 0.622057 
0.000000 -0.335595 0.239203 
0.000000 -0.208437 0.111478 
0.000000 0.436219 -0.598024 
0.000000 0.536364 -0.639628 
0.000000 0.172689 0.408562 
0.000000 -0.087471 0.541950 
0.000000 -0.057693 -0.535605 
0.000000 -0.610514 -0.236746 
0.000000 -0.474544 -0.556622 
0.000000 -0.579413 -0.115566 
0.000000 -0.077122 0.841406 
0.000000 0.835793 0.081633 
0.000000 0.538999 -0.021271 
0.000000 0.523945 0.036619 
0.000000 0.178838 -0.625246 
0.000000 0.019248 -0.708252 
0.000000 0.553413 0.656449 
0.000000 0.433595 0.578080 
0.000000 -0.190772 -0.143172 
0.000000 0.297165 0.104696 
0.000000 0.255323 0.564341 
0.000000 0.135769 0.409547 
0.000000 -0.668055 -0.199365 
0.000000 -0.785340 -0.234048 
0.000000 -0.250093 -0.544725 
0.000000 0.655431 -0.289131 
0.000000 -0.143399 0.090461 
0.000000 0.140496 0.139618 
0.000000 -0.827067 0.090953 
0.000000 -0.549005 0.006997 
0.000000 0.302864 -0.410106 
0.000000 0.002421 -0.478866 
0.000000 0.625933 -0.118735 
0.000000 0.147187 -0.064487 
0.000000 0.215876 -0.104804 
0.000000 0.422839 0.223405 
0.000000 -0.265230 -0.692519 
0.000000 -0.609096 -0.479426 
0.000000 0.631089 -0.356030 
0.000000 0.543277 -0.447610 
0.000000 -0.227884 0.783809 
0.000000 -0.294305 0.734236 
0.000000 -0.602839 0.232897 
0.000000 -0.642976 -0.023939 
0.000000 0.592751 0.305431 
0.000000 0.783414 0.154625 
0.000000 -0.287419 0.052965 
0.000000 -0.414310 -0.065511 
0.000000 0.397565 0.313134 
0.000000 -0.575096 0.464402 
0.000000 -0.027347 -0.084384 
0.000000 0.156735 -0.002994 
0.000000 -0.650500 -0.523043 
0.000000 -0.490506 -0.499488 
0.000000 -0.627673 0.379947 
0.000000 -0.320787 0.690549 
0.000000 -0.111546 0.763363 
0.000000 -0.037129 0.744784 
0.000000 0.745699 -0.086932 
0.000000 0.407360 0.642275 
0.000000 0.151169 0.068769 
0.000000 0.119938 -0.179799 
0.000000 -0.454762 -0.104065 
0.000000 -0.454800 0.027214 
0.000000 -0.147397 0.573223 
0.000000 -0.107004 0.477720 
0.000000 0.651050 0.443400 
0.000000 0.563201 0.402341 
0.000000 0.218425 -0.807024 
0.000000 0.223639 -0.657280 
0.000000 0.751789 -0.395577 
0.000000 0.761000 -0.314205 
0.000000 -0.522948 -0.655478 
0.000000 -0.433731 -0.675087 
0.000000 0.441455 0.169084 
0.000000 0.586740 0.141661 
0.000000 -0.112841 -0.184511 
0.000000 -0.061158 -0.161002 
0.000000 0.071086 0.069689 
0.000000 0.069805 0.800657 
0.000000 -0.741433 0.368041 
0.000000 -0.037852 0.486839 
0.000000 0.041246 -0.524295 
0.000000 0.465235 -0.528843 
0.000000 0.473122 -0.655730 
0.000000 0.467453 -0.259812 
0.000000 0.610194 -0.165502 
0.000000 -0.463968 0.305212 
0.000000 0.420173 0.737134 
0.000000 0.553210 -0.179830 
0.000000 -0.170026 -0.722334 
0.000000 -0.573508 -0.346762 
0.000000 -0.459032 -0.183951 
0.000000 0.327495 -0.694526 
0.000000 0.352755 -0.145148 
0.000000 0.207239 0.458092 
0.000000 0.030389 0.392220 
0.000000 0.353015 -0.249324 
0.000000 0.473963 -0.043062 
0.000000 0.579956 -0.031089 
0.000000 -0.082151 -0.258851 
0.000000 -0.484720 0.134124 
0.000000 -0.396073 0.153193 
0.000000 0.791365 -0.168643 
0.000000 0.713330 -0.281963 
0.000000 -0.397200 -0.628621 
0.000000 -0.307647 -0.635625 
0.000000 0.083209 -0.216568 
0.000000 -0.047084 -0.414806 
0.000000 0.599599 0.005973 
0.000000 0.693886 0.118014 
0.000000 -0.376963 0.559947 
0.000000 -0.266052 0.654111 
0.000000 -0.274801 -0.031619 
0.000000 -0.371928 0.084249 
0.000000 0.694652 -0.243287 
0.000000 0.311370 0.670914 
0.000000 -0.224567 0.203531 
0.000000 -0.021552 -0.234623 
0.000000 0.378318 -0.683608 
0.000000 0.107080 -0.080818 
0.000000 -0.514815 0.430109 
0.000000 -0.418429 0.383084 
0.000000 -0.256453 -0.465193 
0.000000 0.304502 0.237712 
0.000000 0.710965 -0.160098 
0.000000 0.600707 -0.258888 
0.000000 0.361820 0.615614 
0.000000 0.235244 0.636357 
0.000000 -0.712115 0.207520 
0.000000 -0.672221 0.269483 
0.000000 -0.074450 0.129949 
0.000000 -0.150912 0.241452 
0.000000 -0.541798 -0.127225 
0.000000 -0.497001 -0.135635 
0.000000 -0.656194 0.065823 
0.000000 0.327618 0.265657 
0.000000 0.350659 0.068266 
0.000000 -0.156687 0.141132 
0.000000 -0.686997 -0.057024 
0.000000 0.070649 0.701221 
0.000000 0.066394 0.765939 
0.000000 0.188488 0.431956 
0.000000 0.651444 -0.074549 
0.000000 0.011182 0.296584 
0.000000 -0.259923 0.267715 
0.000000 -0.477274 -0.311915 
0.000000 -0.290032 0.102679 
0.000000 0.135259 -0.463560 
0.000000 0.507987 -0.281577 
0.000000 0.445170 -0.194712 
0.000000 -0.598720 0.129049 
0.000000 0.249856 -0.443909 
0.000000 0.334935 0.217088 
0.000000 -0.118707 -0.446085 
0.000000 -0.060643 -0.332726 
0.000000 -0.333503 0.395720 
0.000000 -0.287012 0.322837 
0.000000 0.156388 -0.567230 
0.000000 0.331560 -0.650010 
0.000000 0.278403 0.318656 
0.000000 0.082968 0.260513 
0.000000 0.493437 -0.086292 
0.000000 0.565831 -0.124461 
0.000000 -0.591396 -0.181020 
0.000000 -0.511580 -0.215856 
0.000000 0.016336 0.066340 
0.000000 0.249141 -0.031916 
0.000000 -0.157574 -0.520501 
0.000000 -0.192998 -0.398250 
0.000000 0.019764 0.513799 
0.000000 0.101624 0.674753 
0.000000 0.352034 -0.535383 
0.000000 0.394486 -0.469097 
0.000000 0.238579 0.145084 
0.000000 -0.089544 0.070700 
0.000000 0.500332 -0.205318 
0.000000 0.654170 0.229768 
0.000000 0.078844 0.009909 
0.000000 0.126633 -0.120970 
0.000000 -0.299614 0.579467 
0.000000 -0.207413 0.614191 
0.000000 -0.311091 -0.335307 
0.000000 -0.232764 -0.261409 
0.000000 0.282853 0.430718 
0.000000 0.350878 0.368523 
0.000000 -0.721305 -0.211496 
0.000000 0.630798 0.079221 
0.000000 0.625658 -0.033105 
0.000000 0.192033 0.509175 
0.000000 0.103522 0.618224 
0.000000 0.035576 -0.046375 
0.000000 -0.057980 -0.076348 
0.000000 -0.652063 -0.085275 
0.000000 0.467005 -0.378167 
0.000000 0.063677 0.509910 
0.000000 -0.044905 0.520112 
0.000000 0.042965 0.591720 
0.000000 -0.357333 -0.127958 
0.000000 -0.021373 0.116348 
0.000000 0.203795 -0.203671 
0.000000 0.446386 0.378907 
0.000000 0.501474 0.427562 
0.000000 -0.314005 -0.081989 
0.000000 -0.220315 -0.189742 
0.000000 0.208402 0.207966 
0.000000 0.287188 0.172196 
0.000000 -0.213328 0.443602 
0.000000 -0.153146 0.366425 
0.000000 -0.661353 0.217610 
0.000000 0.172923 -0.387703 
0.000000 -0.019746 -0.128460 
0.000000 0.021871 -0.315148 
0.000000 0.196751 -0.478033 
0.000000 0.405445 0.419755 
0.000000 0.330797 -0.085096 
0.000000 0.406912 -0.126324 
0.000000 -0.483599 -0.624239 
0.000000 0.126414 -0.220963 
0.000000 0.172649 0.345266 
0.000000 0.279667 0.206573 
0.000000 -0.201146 0.251050 
0.000000 -0.226500 -0.086666 
0.000000 0.070574 -0.108625 
0.000000 0.025075 -0.195890 
0.000000 -0.103900 -0.013092 
0.000000 -0.027595 -0.046920 
0.000000 0.147782 0.458710 
0.000000 0.050111 0.468994 
0.000000 0.708986 -0.465300 
0.000000 0.538368 -0.582889 
0.000000 0.480063 -0.571163 
0.000000 -0.228122 -0.612089 
0.000000 -0.347336 -0.527240 
0.000000 -0.306687 -0.501242 
0.000000 0.640194 0.336492 
0.000000 0.538354 0.460983 
0.000000 0.539890 0.314139 
0.000000 0.249786 0.411354 
0.000000 0.378329 0.444811 
0.000000 0.522128 0.210599 
0.000000 0.381793 -0.403309 
0.000000 0.288749 -0.595248 
0.000000 0.332859 -0.207518 
0.000000 0.332025 -0.327306 

642 932 59 58
242 651 206 642
933 128 934 205
249 88 216 643
556 98 303 405
889 97 215 726
248 643 216 210
215 88 38 37
310 72 683 147
211 701 24 23
212 247 211 143
216 88 215 97
645 404 9 8
229 769 218 645
939 87 337 217
281 187 220 221
282 221 220 708
222 743 20 19
714 224 748 223
714 223 3 2
930 615 798 845
227 96 646 368
6 647 229 7
880 442 938 670
398 893 602 82
761 276 119 461
892 399 96 516
475 940 235 648
738 233 648 235
234 648 233 751
649 575 916 855
174 237 649 238
174 236 945 237
946 650 240 513
239 650 241 71
240 650 239 189
206 651 243 105
242 642 58 57
243 651 933 205
246 652 245 435
244 250 34 33
245 652 696 154
769 229 647 287
213 84 357 247
752 113 262 653
38 88 249 39
672 122 740 654
740 643 248 654
239 195 251 189
246 107 348 250
560 154 696 655
656 633 45 44
479 776 253 656
631 872 555 252
256 165 255 70
858 533 811 254
255 165 254 657
259 658 637 168
257 658 259 200
258 658 257 193
16 378 261 17
263 261 378 782
489 844 782 659
113 292 27 26
262 113 26 25
728 434 829 660
266 731 32 31
264 666 490 151
266 666 264 655
269 662 268 159
518 201 268 662
66 571 194 267
272 663 271 944
729 362 704 841
271 663 496 186
275 771 52 51
273 771 275 274
664 92 273 274
64 115 232 1
115 622 806 276
898 183 616 665
30 666 266 31
906 540 816 277
639 66 267 784
278 152 841 667
278 99 280 152
279 99 278 291
214 221 282 90
281 221 283 173
600 173 488 668
295 270 279 669
284 669 279 291
285 669 284 847
207 286 685 323
323 108 670 207
286 647 6 5
290 124 570 671
288 673 290 671
289 673 288 925
721 392 907 661
261 713 18 17
687 329 756 672
289 109 362 673
293 270 295 327
294 270 293 171
828 461 119 298
674 336 139 296
297 674 296 818
300 775 42 41
711 675 302 312
301 675 303 98
302 675 301 140
305 69 299 676
304 112 305 676
636 918 549 112
365 705 308 677
306 677 308 548
307 677 306 167
437 744 309 143
744 437 743 678
22 143 211 23
656 253 679 633
431 739 311 679
920 122 711 312
633 680 46 45
644 680 311 132
680 644 47 46
388 127 342 681
492 709 315 127
314 709 492 181
50 682 275 51
343 694 316 682
275 682 316 274
720 367 79 324
501 910 630 166
317 501 859 683
539 884 322 684
320 684 322 118
321 684 320 317
4 685 286 5
223 685 4 3
207 287 647 286
326 686 942 368
324 686 326 319
325 79 369 190
329 687 370 77
637 864 590 168
370 687 672 654
332 179 331 573
750 449 765 330
346 185 440 688
642 206 689 932
333 689 206 105
333 121 334 689
62 690 622 63
477 774 335 690
336 690 335 139
645 218 691 404
337 691 218 217
338 691 337 93
341 791 12 11
692 338 93 339
340 692 339 762
48 693 343 49
644 693 48 47
343 693 506 313
343 682 50 49
344 694 343 313
316 694 664 274
347 695 346 407
836 695 347 837
346 695 345 185
34 250 348 35
244 652 246 250
652 244 731 696
326 697 349 319
646 697 326 368
349 697 226 150
14 698 114 15
879 499 866 792
717 699 352 861
351 699 387 92
352 699 351 681
352 700 574 861
342 700 352 681
851 574 700 354
24 701 262 25
247 212 702 213
212 758 356 702
815 539 883 356
211 247 357 701
262 701 357 653
547 703 359 146
470 804 527 805
359 703 529 848
363 704 362 109
361 704 363 850
841 704 361 667
365 677 307 86
364 705 934 128
308 705 364 111
56 706 242 57
456 787 366 706
933 706 366 128
845 231 515 707
367 87 369 79
337 87 367 93
325 686 324 79
942 180 227 368
219 768 472 118
611 137 484 328
314 83 418 709
794 248 210 372
594 133 372 710
371 210 216 97
372 210 371 710
756 303 675 711
373 928 375 878
610 179 523 374
377 712 836 170
376 712 377 81
345 712 376 185
18 713 222 19
114 659 782 378
263 609 713 261
2 1 232 714
379 178 381 90
380 178 379 884
384 123 299 69
802 169 383 715
865 521 801 383
299 716 386 676
385 716 382 142
386 716 385 715
772 387 699 717
54 53 454 353
273 92 387 120
664 718 351 92
388 718 344 80
351 718 388 681
10 719 341 11
404 719 10 9
692 341 719 338
720 324 319 389
339 720 389 762
367 720 339 93
390 71 391 101
239 71 390 195
393 721 288 671
392 721 393 137
288 721 661 925
877 550 110 722
138 395 745 396
138 394 854 395
318 75 396 745
396 75 397 126
399 723 646 96
398 723 399 228
226 831 544 150
402 724 401 707
400 724 402 135
401 724 400 204
403 725 439 81
371 725 403 710
889 725 371 97
348 726 36 35
691 338 719 404
726 215 37 36
727 598 935 406
406 936 937 727
739 431 809 209
741 434 728 605
408 252 409 148
628 117 330 407
362 729 375 673
410 729 841 152
375 729 410 878
412 730 293 327
411 730 412 877
293 730 265 171
730 411 763 265
696 731 266 655
32 731 244 33
415 732 628 688
413 732 415 100
414 732 413 191
391 733 855 101
272 733 391 947
238 733 272 944
315 709 418 734
811 533 196 416
417 734 416 355
421 813 537 76
419 813 421 108
535 182 423 420
424 420 423 102
569 420 424 158
422 754 552 736
427 737 426 513
882 608 926 823
426 737 552 870
777 429 738 235
428 738 429 155
233 738 428 164
431 679 253 104
430 739 209 73
311 739 430 132
406 140 301 936
432 936 301 98
755 249 643 740
434 741 433 78
741 605 121 333
433 741 333 105
433 742 436 78
746 440 896 842
436 742 493 156
20 743 437 21
381 178 678 743
748 323 685 223
437 143 22 21
438 744 678 106
309 744 438 758
348 107 889 726
395 95 912 745
415 746 441 100
440 746 415 688
441 746 842 435
444 747 443 940
442 747 444 938
443 747 442 176
723 226 697 646
419 748 224 102
323 748 419 108
446 749 363 109
445 749 446 425
363 749 445 850
449 750 448 901
447 750 330 117
448 750 447 144
443 943 235 940
450 943 443 176
233 164 566 751
824 457 757 752
670 938 287 207
397 75 457 451
634 141 632 455
895 620 929 753
94 635 915 452
823 177 422 736
353 456 55 54
456 353 822 111
40 755 300 41
249 755 40 39
300 755 740 122
303 756 329 405
672 756 711 122
318 757 457 75
527 138 396 126
752 757 292 113
212 143 309 758
310 147 458 84
357 84 458 653
381 759 214 90
381 743 222 759
214 759 609 760
698 505 659 114
459 760 609 263
283 760 459 157
115 230 225 232
460 761 461 91
230 761 460 158
462 131 340 762
830 545 819 462
463 728 660 818
265 763 465 781
464 763 411 103
465 763 464 754
468 764 467 116
466 764 468 921
608 882 467 764
330 765 347 407
469 765 449 89
347 765 469 837
360 766 581 68
447 766 360 144
282 767 379 90
282 708 219 767
380 106 678 178
219 708 473 768
267 768 473 784
472 768 267 194
218 769 474 217
229 645 8 7
474 769 287 938
475 770 444 940
474 770 939 217
444 770 474 938
52 771 454 53
694 344 718 664
454 771 273 120
387 772 453 120
476 772 717 74
453 772 476 134
60 773 477 61
932 773 60 59
334 774 477 773
477 690 62 61
334 121 478 774
335 774 478 139
42 775 479 43
123 382 716 299
920 775 300 122
253 776 480 104
479 656 44 43
480 776 920 312
777 235 943 384
481 777 384 69
429 777 481 110
792 483 350 879
482 778 606 76
382 778 482 142
570 779 393 671
484 779 485 803
393 779 484 137
485 780 487 821
486 780 570 124
487 780 486 914
221 214 760 283
488 173 283 157
595 171 265 781
114 378 16 15
489 659 505 145
627 612 888 260
28 783 490 29
292 783 28 27
562 159 284 291
490 666 30 29
491 783 292 757
490 783 491 151
315 734 417 785
354 785 417 161
315 785 342 127
492 127 388 80
507 80 344 313
494 786 365 86
493 786 494 156
934 786 493 205
456 706 56 55
364 787 456 111
366 787 364 128
497 788 496 162
350 788 497 879
496 788 495 186
500 789 735 91
498 789 500 149
792 789 498 483
683 72 321 317
503 790 397 451
502 790 503 130
397 790 502 126
12 791 504 13
341 692 340 791
504 791 340 131
504 698 14 13
505 698 504 131
852 495 788 350
785 354 700 342
506 693 644 132
507 793 430 73
506 793 507 313
430 793 506 132
370 794 508 77
794 370 654 248
508 794 372 133
510 795 509 160
469 795 471 837
509 795 469 89
822 796 511 548
120 453 796 454
511 796 453 134
237 945 476 74
918 636 919 797
476 945 512 134
615 892 516 798
514 231 941 627
515 231 514 200
518 799 400 135
799 571 66 517
400 799 517 204
241 800 520 947
519 800 946 136
520 800 519 162
386 801 304 676
383 801 386 715
304 801 521 198
524 374 523 901
522 374 524 192
812 535 891 802
927 531 94 452
525 328 484 803
256 328 525 165
527 804 394 138
470 68 526 804
394 804 526 163
529 703 528 358
528 130 554 358
528 703 547 175
276 806 298 119
115 64 63 622
674 298 806 336
605 807 478 121
296 807 463 818
478 807 296 139
480 808 530 104
302 808 480 312
530 808 302 140
209 809 406 935
530 809 431 104
406 809 530 140
532 810 466 921
531 810 532 94
466 810 531 202
534 811 418 83
254 811 534 657
811 416 734 418
536 812 385 142
535 812 536 182
385 812 802 715
423 813 419 102
537 813 423 182
789 792 866 735
310 814 538 72
310 84 213 814
213 702 538 814
380 815 438 106
539 815 380 884
438 815 356 758
289 816 446 109
277 816 289 925
446 816 540 425
360 817 445 425
541 817 470 805
445 817 541 850
543 125 542 82
660 149 297 818
542 125 489 145
462 819 505 131
544 819 545 150
505 819 544 145
359 820 361 146
924 820 359 848
361 820 546 667
587 803 485 821
547 146 541 805
68 470 817 360
722 840 549 103
308 111 822 548
353 454 796 822
540 144 360 425
551 737 427 116
552 737 551 736
457 824 553 451
458 824 752 653
553 824 458 147
503 825 554 130
553 825 503 451
825 683 859 554
409 826 937 148
555 826 409 252
208 826 555 172
557 405 329 77
556 405 557 573
839 564 856 827
461 828 500 91
828 298 674 297
500 828 297 149
558 829 434 78
498 829 558 483
660 829 498 149
389 830 462 762
349 830 389 319
545 830 349 150
542 831 398 82
544 831 542 145
226 723 398 831
560 832 912 95
264 832 560 655
559 832 264 151
318 833 491 757
912 833 318 745
491 833 559 151
280 834 410 152
280 902 561 834
410 834 561 878
546 835 278 667
562 835 924 85
278 835 562 291
523 179 509 89
712 345 695 836
509 179 332 160
432 153 408 148
556 153 432 98
471 170 836 837
580 100 441 838
245 838 441 435
563 154 560 95
245 154 563 838
566 839 565 67
564 839 566 164
565 839 827 193
305 840 481 69
840 305 112 549
481 840 722 110
496 663 520 162
294 99 279 270
520 663 272 947
243 742 433 105
493 742 243 205
842 107 246 435
843 543 874 568
488 843 568 668
567 843 488 157
782 844 459 263
489 125 567 844
459 844 567 157
224 225 424 102
225 224 714 232
424 225 230 158
460 91 735 846
569 158 460 846
881 465 754 422
268 847 284 159
780 485 779 570
268 201 590 847
589 85 924 848
269 159 562 85
911 571 662 269
508 849 557 77
572 849 508 133
331 153 556 573
557 849 332 573
332 849 572 160
575 861 574 916
541 146 361 850
576 161 417 355
161 576 455 577
574 851 583 916
161 577 851 354
578 852 558 78
495 852 578 186
558 852 350 483
579 853 519 136
499 879 497 853
519 853 497 162
563 854 580 838
395 854 563 95
854 394 163 580
581 191 526 68
733 238 649 855
582 751 566 67
234 751 582 197
584 856 428 155
827 856 584 923
428 856 564 164
586 857 534 83
585 857 586 172
534 857 585 657
525 858 254 165
587 858 525 803
533 915 634 196
554 859 588 358
825 553 147 683
588 859 501 166
529 860 589 848
588 860 529 358
589 860 588 166
575 74 717 861
649 237 74 575
797 136 946 513
511 862 306 548
512 862 511 134
306 862 512 167
863 260 67 565
257 863 565 193
514 863 257 200
295 669 285 864
590 864 285 847
637 327 295 864
592 865 591 129
521 865 592 198
591 865 383 169
735 866 593 846
591 866 499 129
593 866 591 169
403 867 594 710
377 867 403 81
594 867 377 170
572 868 510 160
594 868 572 133
471 868 594 170
597 869 596 65
597 902 595 869
596 869 595 781
464 870 552 754
549 870 464 103
314 871 586 83
598 871 314 181
871 208 172 586
631 70 255 872
585 872 255 657
555 872 585 172
601 873 639 784
599 873 601 187
898 873 599 183
843 567 125 543
602 874 543 82
568 874 602 668
307 875 603 86
236 875 307 167
603 875 236 174
494 876 604 156
603 876 494 86
876 238 944 604
502 175 527 126
528 175 502 130
722 103 411 877
527 175 547 805
728 463 807 605
561 188 373 878
499 853 579 129
450 778 382 123
606 778 450 176
421 880 670 108
606 880 421 76
442 880 606 176
596 881 607 65
465 881 596 781
607 881 422 177
467 882 551 116
608 764 466 202
551 882 823 736
883 321 72 538
356 883 538 702
759 222 713 609
322 767 219 118
883 539 684 321
322 884 379 767
408 885 631 252
331 885 408 153
610 885 331 179
256 886 611 328
610 886 256 70
886 610 374 522
941 887 612 627
516 96 227 887
612 887 227 180
260 888 582 67
613 888 612 180
582 888 613 197
107 439 725 889
727 208 871 598
614 935 598 181
614 80 507 73
492 80 614 181
482 890 536 142
537 890 482 76
536 890 537 182
593 891 569 846
802 891 593 169
569 891 535 420
399 892 616 228
798 941 231 845
616 892 615 665
602 893 600 668
398 228 617 893
617 228 616 183
607 894 619 65
618 894 607 177
619 894 618 184
621 895 486 124
620 895 621 203
486 895 753 914
413 163 526 191
580 163 413 100
439 896 376 81
842 896 439 107
376 896 440 185
604 897 436 156
271 897 604 944
931 639 873 898
436 897 578 78
690 336 806 622
578 897 271 186
473 899 601 784
220 899 473 708
601 899 220 187
600 900 281 173
599 900 617 183
281 900 599 187
523 89 449 901
623 188 597 65
373 188 623 203
280 99 294 902
595 902 294 171
597 188 561 902
427 903 468 116
240 903 427 513
624 903 240 189
468 903 624 921
234 904 626 648
625 904 234 197
626 904 625 190
939 905 369 87
626 905 475 648
369 905 626 190
346 688 628 407
117 628 732 414
795 510 868 471
414 766 447 117
581 766 414 191
448 906 524 901
540 906 448 144
524 906 277 192
611 907 392 137
886 522 907 611
661 907 522 192
412 908 629 877
637 908 412 327
629 908 258 923
550 909 584 155
629 909 550 877
584 909 629 923
501 317 320 910
472 910 320 118
630 910 472 194
589 911 269 85
630 911 589 166
571 911 630 194
251 195 632 141
679 311 680 633
832 559 833 912
583 913 390 101
632 913 577 455
390 913 632 195
576 196 634 455
416 196 576 355
753 184 640 914
452 915 587 821
634 915 635 141
533 858 587 915
863 514 627 260
851 577 913 583
583 101 855 916
942 917 613 180
625 917 325 190
613 917 625 197
426 918 797 513
549 918 426 870
636 112 304 198
579 919 592 129
797 919 579 136
592 919 636 198
635 199 251 141
532 199 635 94
776 479 775 920
251 199 624 189
610 70 631 885
624 199 532 921
402 922 638 135
515 922 402 707
258 193 827 923
638 922 259 168
658 258 908 637
259 922 515 200
638 201 518 135
590 201 638 168
835 546 820 924
661 192 277 925
517 931 641 204
799 518 662 571
618 926 640 184
823 926 618 177
640 926 608 202
927 452 821 487
640 927 487 914
531 927 640 202
290 928 621 124
928 290 673 375
621 928 373 203
619 929 623 65
753 929 619 184
623 929 620 203
615 930 641 665
401 930 845 707
641 930 401 204
893 617 900 600
641 931 898 665
517 66 639 931
689 334 773 932
651 242 706 933
705 365 786 934
614 73 209 935
432 148 937 936
826 208 727 937
761 230 115 276
770 475 905 939
550 155 429 110
798 516 887 941
686 325 917 942
450 123 384 943
876 603 174 238
236 167 512 945
800 241 650 946
391 71 241 947
64
0.000000 0.748323 -0.500013
0.000000 0.695709 -0.570954
0.000000 -0.793729 -0.424257
0.000000 -0.831492 -0.344415
0.000000 -0.570954 0.695709
0.000000 -0.500013 0.748323
0.000000 0.636396 0.636396
0.000000 0.695709 0.570954
0.000000 -0.261256 0.861246
0.000000 -0.175581 0.882707
0.000000 0.882707 0.175581
0.000000 0.895666 0.088215
0.000000 0.748323 0.500013
0.000000 0.793729 0.424257
0.000000 0.695709 -0.570954
0.000000 0.636396 -0.636396
0.000000 -0.895666 -0.088215
0.000000 -0.900000 -0.000000
0.000000 -0.748323 -0.500013
0.000000 -0.793729 -0.424257
0.000000 -0.344415 -0.831492
0.000000 -0.424257 -0.793729
0.000000 -0.000000 0.900000
0.000000 0.088215 0.895666
0.000000 -0.748323 0.500013
0.000000 -0.695709 0.570954
0.000000 -0.695709 0.570954
0.000000 -0.636396 0.636396
0.000000 -0.895666 0.088215
0.000000 -0.882707 0.175581
0.000000 0.261256 -0.861246
0.000000 0.175581 -0.882707
0.000000 0.900000 0.000000
0.000000 0.895666 -0.088215
0.000000 -0.882707 0.175581
0.000000 -0.861246 0.261256
0.000000 0.793729 0.424257
0.000000 0.831492 0.344415
0.000000 -0.088215 0.895666
0.000000 -0.000000 0.900000
0.000000 -0.570954 -0.695709
0.000000 -0.636396 -0.636396
0.000000 -0.500013 0.748323
0.000000 -0.424257 0.793729
0.000000 -0.261256 -0.861246
0.000000 -0.344415 -0.831492
0.000000 -0.175581 -0.882707
0.000000 -0.261256 -0.861246
0.000000 0.175581 -0.882707
0.000000 0.088215 -0.895666
0.000000 0.831492 0.344415
0.000000 0.861246 0.261256
0.000000 0.861246 0.261256
0.000000 0.882707 0.175581
0.000000 0.882707 -0.175581
0.000000 0.861246 -0.261256
0.000000 0.424257 0.793729
0.000000 0.500013 0.748323
0.000000 0.000000 -0.900000
0.000000 -0.088215 -0.895666
0.000000 -0.088215 -0.895666
0.000000 -0.175581 -0.882707
0.000000 0.088215 -0.895666
0.000000 0.000000 -0.900000
0.000000 -0.882707 -0.175581
0.000000 -0.895666 -0.088215
0.000000 0.175581 0.882707
0.000000 0.261256 0.861246
0.000000 -0.636396 0.636396
0.000000 -0.570954 0.695709
0.000000 0.636396 -0.636396
0.000000 0.570954 -0.695709
0.000000 -0.175581 0.882707
0.000000 -0.088215 0.895666
0.000000 0.895666 0.088215
0.000000 0.900000 0.000000
0.000000 0.424257 -0.793729
0.000000 0.344415 -0.831492
0.000000 0.500013 0.748323
0.000000 0.570954 0.695709
0.000000 0.570954 0.695709
0.000000 0.636396 0.636396
0.000000 -0.861246 -0.261256
0.000000 -0.882707 -0.175581
0.000000 -0.831492 -0.344415
0.000000 -0.861246 -0.261256
0.000000 -0.900000 -0.000000
0.000000 -0.895666 0.088215
0.000000 -0.344415 0.831492
0.000000 -0.261256 0.861246
0.000000 -0.424257 0.793729
0.000000 -0.344415 0.831492
0.000000 0.500013 -0.748323
0.000000 0.424257 -0.793729
0.000000 -0.636396 -0.636396
0.000000 -0.695709 -0.570954
0.000000 -0.695709 -0.570954
0.000000 -0.748323 -0.500013
0.000000 0.695709 0.570954
0.000000 0.748323 0.500013
0.000000 0.344415 -0.831492
0.000000 0.261256 -0.861246
0.000000 0.831492 -0.344415
0.000000 0.793729 -0.424257
0.000000 0.793729 -0.424257
0.000000 0.748323 -0.500013
0.000000 0.861246 -0.261256
0.000000 0.831492 -0.344415
0.000000 -0.500013 -0.748323
0.000000 -0.570954 -0.695709
0.000000 -0.424257 -0.793729
0.000000 -0.500013 -0.748323
0.000000 0.088215 0.895666
0.000000 0.175581 0.882707
0.000000 -0.831492 0.344415
0.000000 -0.793729 0.424257
0.000000 -0.793729 0.424257
0.000000 -0.748323 0.500013
0.000000 -0.861246 0.261256
0.000000 -0.831492 0.344415
0.000000 0.570954 -0.695709
0.000000 0.500013 -0.748323
0.000000 0.344415 0.831492
0.000000 0.424257 0.793729
0.000000 0.261256 0.861246
0.000000 0.344415 0.831492
0.000000 0.895666 -0.088215
0.000000 0.882707 -0.175581
