2.536507 0.334117 3.872983 2
2.536452 0.332898 3.872983 1


2.536452 0.332898 3.872983 1
2.509803 0.323228 3.761156 68


2.509803 0.323228 3.761156 68
2.483153 0.313557 3.649330 67


2.536563 0.335335 3.872983 3
2.536507 0.334117 3.872983 2


1.683870 0.025392 0.294335 36
1.684075 0.027330 0.294135 35


1.684075 0.027330 0.294135 35
1.710715 0.036955 0.405974 34


1.710715 0.036955 0.405974 34
1.737356 0.046580 0.517813 33


1.683662 0.023453 0.294522 37
1.683870 0.025392 0.294335 36


1.710312 0.033123 0.406349 38
1.683662 0.023453 0.294522 37


1.736962 0.042793 0.518176 39
1.710312 0.033123 0.406349 38


1.737356 0.046580 0.517813 33
1.763996 0.056205 0.629652 32


1.763996 0.056205 0.629652 32
1.790636 0.065830 0.741491 31


1.870210 0.091144 1.077311 44
1.843561 0.081474 0.965484 43


1.896860 0.100814 1.189137 45
1.870210 0.091144 1.077311 44


1.897197 0.104331 1.188847 27
1.923837 0.113956 1.300686 26


1.923837 0.113956 1.300686 26
1.950478 0.123581 1.412525 25


2.030108 0.149165 1.748272 50
2.003459 0.139495 1.636445 49


2.056758 0.158835 1.860099 51
2.030108 0.149165 1.748272 50


2.057038 0.162082 1.859881 21
2.083679 0.171707 1.971720 20


2.083679 0.171707 1.971720 20
2.110319 0.181332 2.083559 19


2.136707 0.187846 2.195580 54
2.110057 0.178175 2.083753 53


2.163357 0.197516 2.307407 55
2.136707 0.187846 2.195580 54


2.163599 0.200583 2.307237 17
2.190240 0.210208 2.419076 16


2.190240 0.210208 2.419076 16
2.216880 0.219833 2.530915 15


2.190006 0.207186 2.419233 56
2.163357 0.197516 2.307407 55


2.216656 0.216856 2.531060 57
2.190006 0.207186 2.419233 56


2.216880 0.219833 2.530915 15
2.243520 0.229458 2.642754 14


2.243520 0.229458 2.642754 14
2.270160 0.239083 2.754593 13


2.296605 0.245866 2.866541 60
2.269955 0.236196 2.754714 59


2.323255 0.255537 2.978368 61
2.296605 0.245866 2.866541 60


2.323441 0.258334 2.978271 11
2.350081 0.267959 3.090110 10


2.350081 0.267959 3.090110 10
2.376721 0.277584 3.201949 9


2.349904 0.265207 3.090195 62
2.323255 0.255537 2.978368 61


2.376554 0.274877 3.202022 63
2.349904 0.265207 3.090195 62


2.376721 0.277584 3.201949 9
2.403362 0.287209 3.313788 8


2.403362 0.287209 3.313788 8
2.430002 0.296835 3.425627 7


2.456503 0.303887 3.537503 66
2.429853 0.294217 3.425676 65


2.483153 0.313557 3.649330 67
2.456503 0.303887 3.537503 66


2.483282 0.316085 3.649305 5
2.509922 0.325710 3.761144 4


2.509922 0.325710 3.761144 4
2.536563 0.335335 3.872983 3


2.403204 0.284547 3.313849 64
2.376554 0.274877 3.202022 63


2.429853 0.294217 3.425676 65
2.403204 0.284547 3.313849 64


2.456642 0.306460 3.537466 6
2.483282 0.316085 3.649305 5


2.430002 0.296835 3.425627 7
2.456642 0.306460 3.537466 6


1.763611 0.052464 0.630003 40
1.736962 0.042793 0.518176 39


1.790261 0.062134 0.741830 41
1.763611 0.052464 0.630003 40


1.790636 0.065830 0.741491 31
1.817276 0.075455 0.853330 30


1.817276 0.075455 0.853330 30
1.843917 0.085081 0.965169 29


1.816911 0.071804 0.853657 42
1.790261 0.062134 0.741830 41


1.843561 0.081474 0.965484 43
1.816911 0.071804 0.853657 42


1.870557 0.094706 1.077008 28
1.897197 0.104331 1.188847 27


1.843917 0.085081 0.965169 29
1.870557 0.094706 1.077008 28


1.923510 0.110484 1.300964 46
1.896860 0.100814 1.189137 45


1.950159 0.120155 1.412791 47
1.923510 0.110484 1.300964 46


1.950478 0.123581 1.412525 25
1.977118 0.133207 1.524364 24


1.977118 0.133207 1.524364 24
2.003758 0.142832 1.636203 23


1.976809 0.129825 1.524618 48
1.950159 0.120155 1.412791 47


2.003459 0.139495 1.636445 49
1.976809 0.129825 1.524618 48


2.030398 0.152457 1.748042 22
2.057038 0.162082 1.859881 21


2.003758 0.142832 1.636203 23
2.030398 0.152457 1.748042 22


2.083408 0.168505 1.971926 52
2.056758 0.158835 1.860099 51


2.110057 0.178175 2.083753 53
2.083408 0.168505 1.971926 52


2.136959 0.190958 2.195398 18
2.163599 0.200583 2.307237 17


2.110319 0.181332 2.083559 19
2.136959 0.190958 2.195398 18


2.243306 0.226526 2.642887 58
2.216656 0.216856 2.531060 57


2.269955 0.236196 2.754714 59
2.243306 0.226526 2.642887 58


2.296801 0.248709 2.866432 12
2.323441 0.258334 2.978271 11


2.270160 0.239083 2.754593 13
2.296801 0.248709 2.866432 12


