2.536507 0.334117 3.872983 2
2.536563 0.335335 3.872983 1


2.536563 0.335335 3.872983 1
2.412497 0.355297 3.872983 30


2.414883 0.321036 3.872983 4
2.536452 0.332898 3.872983 3


2.536452 0.332898 3.872983 3
2.536507 0.334117 3.872983 2


1.584509 0.276983 3.872983 19
1.574697 0.264983 3.872983 18


1.574697 0.264983 3.872983 18
1.571946 0.249728 3.872983 17


1.571946 0.249728 3.872983 17
1.582031 0.238517 3.872983 16


1.596215 0.233395 3.872983 15
1.611276 0.230900 3.872983 14


1.609663 0.295725 3.872983 21
1.596598 0.287008 3.872983 20


1.596598 0.287008 3.872983 20
1.584509 0.276983 3.872983 19


1.582031 0.238517 3.872983 16
1.596215 0.233395 3.872983 15


1.626501 0.229799 3.872983 13
1.657035 0.229881 3.872983 12


1.666130 0.323130 3.872983 23
1.637319 0.310617 3.872983 22


1.637319 0.310617 3.872983 22
1.609663 0.295725 3.872983 21


1.611276 0.230900 3.872983 14
1.626501 0.229799 3.872983 13


1.657035 0.229881 3.872983 12
1.687514 0.231693 3.872983 11


1.786721 0.357965 3.872983 25
1.725679 0.343133 3.872983 24


1.725679 0.343133 3.872983 24
1.666130 0.323130 3.872983 23


1.748267 0.237917 3.872983 10
1.808833 0.245759 3.872983 9


1.911119 0.375477 3.872983 26
1.786721 0.357965 3.872983 25


1.687514 0.231693 3.872983 11
1.748267 0.237917 3.872983 10


2.036642 0.380527 3.872983 27
1.911119 0.375477 3.872983 26


2.172168 0.293348 3.872983 6
2.293447 0.307876 3.872983 5


2.051007 0.277859 3.872983 7
2.172168 0.293348 3.872983 6


1.808833 0.245759 3.872983 9
1.929856 0.262295 3.872983 8


2.293447 0.307876 3.872983 5
2.414883 0.321036 3.872983 4


2.162279 0.378117 3.872983 28
2.036642 0.380527 3.872983 27


1.929856 0.262295 3.872983 8
2.051007 0.277859 3.872983 7


2.287647 0.369552 3.872983 29
2.162279 0.378117 3.872983 28


2.412497 0.355297 3.872983 30
2.287647 0.369552 3.872983 29


