-1.956672 -0.140539 0.000000 76
-1.939141 -0.162297 0.000000 77


-1.971571 -0.116902 0.000000 75
-1.956672 -0.140539 0.000000 76


4.888660 0.299640 0.000000 2
4.777324 0.298611 0.000000 3


5.000000 0.300000 0.000000 1
4.888660 0.299640 0.000000 2


5.000000 0.154616 0.055966 147
5.000000 0.229024 0.032440 148


5.000000 0.229024 0.032440 148
5.000000 0.300000 0.000000 1


0.240542 0.488452 0.000000 44
0.130689 0.499604 0.000000 45


0.350246 0.475913 0.000000 43
0.240542 0.488452 0.000000 44


-1.329443 -0.417342 0.000000 84
-1.213550 -0.444624 0.000000 85


-1.444300 -0.385980 0.000000 83
-1.329443 -0.417342 0.000000 84


-0.311313 -0.525951 0.000000 93
-0.200485 -0.522555 0.000000 94


-0.200485 -0.522555 0.000000 94
-0.089751 -0.516878 0.000000 95


0.222437 0.012313 0.506751 165
0.212143 0.020843 0.507493 166


0.212143 0.020843 0.507493 166
0.205964 0.032721 0.507457 167


0.459763 -0.462218 0.000000 100
0.569158 -0.447585 0.000000 101


0.350246 -0.475913 0.000000 99
0.459763 -0.462218 0.000000 100


0.610002 -0.004249 0.459175 159
0.500988 -0.009215 0.474058 160


0.500988 -0.009215 0.474058 160
0.391749 -0.011626 0.487889 161


5.000000 -0.229024 0.032440 142
5.000000 -0.154616 0.055966 143


4.777324 -0.298611 0.000000 139
4.888660 -0.299640 0.000000 140


4.888660 -0.299640 0.000000 140
5.000000 -0.300000 0.000000 141


5.000000 -0.300000 0.000000 141
5.000000 -0.229024 0.032440 142


1.563687 0.023336 0.311197 150
1.443867 0.022480 0.328938 151


1.683662 0.023453 0.294522 149
1.563687 0.023336 0.311197 150


1.684075 0.027330 0.294135 187
1.683870 0.025392 0.294335 188


1.683870 0.025392 0.294335 188
1.683662 0.023453 0.294522 149


-0.089751 0.516878 0.000000 47
-0.200485 0.522555 0.000000 48


-0.200485 0.522555 0.000000 48
-0.311313 0.525951 0.000000 49


0.208967 0.052346 0.505450 169
0.214945 0.061594 0.503767 170


0.214945 0.061594 0.503767 170
0.222326 0.069728 0.501916 171


-1.791294 0.262351 0.000000 62
-1.897326 0.200646 0.000000 63


-1.677604 0.308447 0.000000 61
-1.791294 0.262351 0.000000 62


5.000000 -0.000000 0.075000 145
5.000000 0.077892 0.070224 146


5.000000 0.077892 0.070224 146
5.000000 0.154616 0.055966 147


0.678447 0.432239 0.000000 40
0.569158 0.447585 0.000000 41


0.787665 0.416402 0.000000 39
0.678447 0.432239 0.000000 40


0.896838 0.400296 0.000000 38
0.787665 0.416402 0.000000 39


1.006005 0.384144 0.000000 37
0.896838 0.400296 0.000000 38


1.593681 0.052256 0.303317 186
1.684075 0.027330 0.294135 187


1.502662 0.075027 0.311903 185
1.593681 0.052256 0.303317 186


0.331737 0.128256 0.477496 174
0.399879 0.148448 0.462837 175


0.266379 0.100180 0.491850 173
0.331737 0.128256 0.477496 174


0.243345 0.086455 0.497017 172
0.266379 0.100180 0.491850 173


0.222326 0.069728 0.501916 171
0.243345 0.086455 0.497017 172


-1.992548 -0.063217 0.000000 73
-1.983792 -0.090736 0.000000 74


-1.983792 -0.090736 0.000000 74
-1.971571 -0.116902 0.000000 75


-2.000000 0.000000 0.000000 71
-1.998216 -0.031837 0.000000 72


-1.998216 -0.031837 0.000000 72
-1.992548 -0.063217 0.000000 73


-1.983792 0.090736 0.000000 68
-1.992548 0.063217 0.000000 69


-1.971571 0.116902 0.000000 67
-1.983792 0.090736 0.000000 68


5.000000 -0.154616 0.055966 143
5.000000 -0.077892 0.070224 144


5.000000 -0.077892 0.070224 144
5.000000 -0.000000 0.075000 145


-0.534235 0.525044 0.000000 51
-0.646583 0.520274 0.000000 52


-0.646583 0.520274 0.000000 52
-0.758756 0.512375 0.000000 53


-0.646583 -0.520274 0.000000 90
-0.534235 -0.525044 0.000000 91


-0.758756 -0.512375 0.000000 89
-0.646583 -0.520274 0.000000 90


0.710220 0.000543 0.444645 158
0.610002 -0.004249 0.459175 159


0.810379 0.004493 0.429473 157
0.710220 0.000543 0.444645 158


-1.561659 -0.349340 0.000000 82
-1.444300 -0.385980 0.000000 83


-1.677604 -0.308447 0.000000 81
-1.561659 -0.349340 0.000000 82


2.324400 0.256509 0.000000 25
2.213724 0.260527 0.000000 26


2.213724 0.260527 0.000000 26
2.103095 0.265658 0.000000 27


-1.099680 0.467307 0.000000 56
-1.213550 0.444624 0.000000 57


-0.985114 0.486162 0.000000 55
-1.099680 0.467307 0.000000 56


3.214233 -0.255375 0.000000 125
3.325851 -0.258000 0.000000 126


3.325851 -0.258000 0.000000 126
3.437459 -0.260992 0.000000 127


0.896838 -0.400296 0.000000 104
1.006005 -0.384144 0.000000 105


0.787665 -0.416402 0.000000 103
0.896838 -0.400296 0.000000 104


0.130689 -0.499604 0.000000 97
0.240542 -0.488452 0.000000 98


0.240542 -0.488452 0.000000 98
0.350246 -0.475913 0.000000 99


2.213724 -0.260527 0.000000 116
2.324400 -0.256509 0.000000 117


2.103095 -0.265658 0.000000 115
2.213724 -0.260527 0.000000 116


0.391749 -0.011626 0.487889 161
0.318373 -0.009260 0.496549 162


0.318373 -0.009260 0.496549 162
0.245790 0.002268 0.504510 163


-1.099680 -0.467307 0.000000 86
-0.985114 -0.486162 0.000000 87


-1.213550 -0.444624 0.000000 85
-1.099680 -0.467307 0.000000 86


-0.872138 -0.501021 0.000000 88
-0.758756 -0.512375 0.000000 89


-0.985114 -0.486162 0.000000 87
-0.872138 -0.501021 0.000000 88


0.678447 -0.432239 0.000000 102
0.787665 -0.416402 0.000000 103


0.569158 -0.447585 0.000000 101
0.678447 -0.432239 0.000000 102


0.020541 -0.509159 0.000000 96
0.130689 -0.499604 0.000000 97


-0.089751 -0.516878 0.000000 95
0.020541 -0.509159 0.000000 96


0.233801 0.006546 0.505708 164
0.222437 0.012313 0.506751 165


0.245790 0.002268 0.504510 163
0.233801 0.006546 0.505708 164


4.442724 0.292245 0.000000 6
4.331120 0.289278 0.000000 7


4.554338 0.294839 0.000000 5
4.442724 0.292245 0.000000 6


1.443138 -0.323534 0.000000 109
1.552701 -0.310493 0.000000 110


1.552701 -0.310493 0.000000 110
1.662409 -0.298744 0.000000 111


4.665827 -0.296985 0.000000 138
4.777324 -0.298611 0.000000 139


4.554338 -0.294839 0.000000 137
4.665827 -0.296985 0.000000 138


3.102739 0.253193 0.000000 18
2.991237 0.251525 0.000000 19


3.214233 0.255375 0.000000 17
3.102739 0.253193 0.000000 18


-1.329443 0.417342 0.000000 58
-1.444300 0.385980 0.000000 59


-1.213550 0.444624 0.000000 57
-1.329443 0.417342 0.000000 58


4.107745 -0.282520 0.000000 133
4.219429 -0.286011 0.000000 134


4.219429 -0.286011 0.000000 134
4.331120 -0.289278 0.000000 135


3.549152 0.264279 0.000000 14
3.437459 0.260992 0.000000 15


3.660838 0.267784 0.000000 13
3.549152 0.264279 0.000000 14


3.996017 0.278877 0.000000 10
3.884292 0.275157 0.000000 11


4.107745 0.282520 0.000000 9
3.996017 0.278877 0.000000 10


0.399879 0.148448 0.462837 175
0.492194 0.166740 0.443702 176


0.492194 0.166740 0.443702 176
0.585879 0.177439 0.425500 177


1.992711 -0.271967 0.000000 114
2.103095 -0.265658 0.000000 115


1.882406 -0.279538 0.000000 113
1.992711 -0.271967 0.000000 114


2.768548 0.250036 0.000000 21
2.657393 0.250361 0.000000 22


2.657393 0.250361 0.000000 22
2.546243 0.251499 0.000000 23


3.660838 -0.267784 0.000000 129
3.772566 -0.271435 0.000000 130


3.772566 -0.271435 0.000000 130
3.884292 -0.275157 0.000000 131


0.130689 0.499604 0.000000 45
0.020541 0.509159 0.000000 46


0.020541 0.509159 0.000000 46
-0.089751 0.516878 0.000000 47


-1.561659 0.349340 0.000000 60
-1.677604 0.308447 0.000000 61


-1.444300 0.385980 0.000000 59
-1.561659 0.349340 0.000000 60


3.437459 -0.260992 0.000000 127
3.549152 -0.264279 0.000000 128


3.549152 -0.264279 0.000000 128
3.660838 -0.267784 0.000000 129


-1.992548 0.063217 0.000000 69
-1.998216 0.031837 0.000000 70


-1.998216 0.031837 0.000000 70
-2.000000 0.000000 0.000000 71


1.295945 0.118859 0.331174 183
1.399560 0.098213 0.321401 184


1.399560 0.098213 0.321401 184
1.502662 0.075027 0.311903 185


0.569158 0.447585 0.000000 41
0.459763 0.462218 0.000000 42


0.459763 0.462218 0.000000 42
0.350246 0.475913 0.000000 43


-0.758756 0.512375 0.000000 53
-0.872138 0.501021 0.000000 54


-0.872138 0.501021 0.000000 54
-0.985114 0.486162 0.000000 55


1.882406 0.279538 0.000000 29
1.772346 0.288436 0.000000 30


1.772346 0.288436 0.000000 30
1.662409 0.298744 0.000000 31


0.944330 0.168979 0.370194 180
1.066655 0.155187 0.355287 181


0.821809 0.178365 0.386826 179
0.944330 0.168979 0.370194 180


-0.422779 0.526856 0.000000 50
-0.534235 0.525044 0.000000 51


-0.311313 0.525951 0.000000 49
-0.422779 0.526856 0.000000 50


1.443138 0.323534 0.000000 33
1.333721 0.337642 0.000000 34


1.333721 0.337642 0.000000 34
1.224416 0.352595 0.000000 35


-0.534235 -0.525044 0.000000 91
-0.422779 -0.526856 0.000000 92


-0.422779 -0.526856 0.000000 92
-0.311313 -0.525951 0.000000 93


4.219429 0.286011 0.000000 8
4.107745 0.282520 0.000000 9


4.331120 0.289278 0.000000 7
4.219429 0.286011 0.000000 8


2.768548 -0.250036 0.000000 121
2.879895 -0.250449 0.000000 122


2.879895 -0.250449 0.000000 122
2.991237 -0.251525 0.000000 123


3.772566 0.271435 0.000000 12
3.660838 0.267784 0.000000 13


3.884292 0.275157 0.000000 11
3.772566 0.271435 0.000000 12


2.103095 0.265658 0.000000 27
1.992711 0.271967 0.000000 28


1.992711 0.271967 0.000000 28
1.882406 0.279538 0.000000 29


4.777324 0.298611 0.000000 3
4.665827 0.296985 0.000000 4


4.665827 0.296985 0.000000 4
4.554338 0.294839 0.000000 5


1.662409 0.298744 0.000000 31
1.552701 0.310493 0.000000 32


1.552701 0.310493 0.000000 32
1.443138 0.323534 0.000000 33


4.331120 -0.289278 0.000000 135
4.442724 -0.292245 0.000000 136


4.442724 -0.292245 0.000000 136
4.554338 -0.294839 0.000000 137


0.585879 0.177439 0.425500 177
0.703611 0.181993 0.404838 178


0.703611 0.181993 0.404838 178
0.821809 0.178365 0.386826 179


-1.897326 0.200646 0.000000 63
-1.919110 0.182427 0.000000 64


-1.919110 0.182427 0.000000 64
-1.939141 0.162297 0.000000 65


1.221536 0.018466 0.363817 153
1.117747 0.015508 0.380549 154


1.117747 0.015508 0.380549 154
1.013979 0.011999 0.397296 155


1.662409 -0.298744 0.000000 111
1.772346 -0.288436 0.000000 112


1.772346 -0.288436 0.000000 112
1.882406 -0.279538 0.000000 113


1.006005 -0.384144 0.000000 105
1.115182 -0.368171 0.000000 106


1.115182 -0.368171 0.000000 106
1.224416 -0.352595 0.000000 107


-1.919110 -0.182427 0.000000 78
-1.897326 -0.200646 0.000000 79


-1.939141 -0.162297 0.000000 77
-1.919110 -0.182427 0.000000 78


1.224416 -0.352595 0.000000 107
1.333721 -0.337642 0.000000 108


1.333721 -0.337642 0.000000 108
1.443138 -0.323534 0.000000 109


0.205964 0.032721 0.507457 167
0.205737 0.042823 0.506699 168


0.205737 0.042823 0.506699 168
0.208967 0.052346 0.505450 169


1.013979 0.011999 0.397296 155
0.912206 0.008239 0.413551 156


0.912206 0.008239 0.413551 156
0.810379 0.004493 0.429473 157


3.884292 -0.275157 0.000000 131
3.996017 -0.278877 0.000000 132


3.996017 -0.278877 0.000000 132
4.107745 -0.282520 0.000000 133


2.435311 -0.253523 0.000000 118
2.546243 -0.251499 0.000000 119


2.324400 -0.256509 0.000000 117
2.435311 -0.253523 0.000000 118


2.657393 -0.250361 0.000000 120
2.768548 -0.250036 0.000000 121


2.546243 -0.251499 0.000000 119
2.657393 -0.250361 0.000000 120


2.991237 -0.251525 0.000000 123
3.102739 -0.253193 0.000000 124


3.102739 -0.253193 0.000000 124
3.214233 -0.255375 0.000000 125


2.879895 0.250449 0.000000 20
2.768548 0.250036 0.000000 21


2.991237 0.251525 0.000000 19
2.879895 0.250449 0.000000 20


1.443867 0.022480 0.328938 151
1.332658 0.020883 0.346144 152


1.332658 0.020883 0.346144 152
1.221536 0.018466 0.363817 153


1.181495 0.138626 0.342670 182
1.295945 0.118859 0.331174 183


1.066655 0.155187 0.355287 181
1.181495 0.138626 0.342670 182


-1.956672 0.140539 0.000000 66
-1.971571 0.116902 0.000000 67


-1.939141 0.162297 0.000000 65
-1.956672 0.140539 0.000000 66


2.435311 0.253523 0.000000 24
2.324400 0.256509 0.000000 25


2.546243 0.251499 0.000000 23
2.435311 0.253523 0.000000 24


-1.897326 -0.200646 0.000000 79
-1.791294 -0.262351 0.000000 80


-1.791294 -0.262351 0.000000 80
-1.677604 -0.308447 0.000000 81


3.325851 0.258000 0.000000 16
3.214233 0.255375 0.000000 17


3.437459 0.260992 0.000000 15
3.325851 0.258000 0.000000 16


1.224416 0.352595 0.000000 35
1.115182 0.368171 0.000000 36


1.115182 0.368171 0.000000 36
1.006005 0.384144 0.000000 37


