2.509803 0.323228 3.761156 68 0.000000 0.028874 
2.508676 0.324196 3.756137 96 0.002294 0.030170 
2.536507 0.334117 3.872983 2 0.002033 0.000000 
2.536452 0.332898 3.872983 1 0.000000 0.000000 
2.509803 0.323228 3.761156 68 0.000000 0.028874


2.522859 0.328609 3.815815 1 0.001083 0.014761


2.508676 0.324196 3.756137 96 0.002294 0.030170 
2.509922 0.325710 3.761144 4 0.004067 0.028877 
2.536563 0.335335 3.872983 3 0.004067 0.000000 
2.536507 0.334117 3.872983 2 0.002033 0.000000 
2.508676 0.324196 3.756137 96 0.002294 0.030170


2.522917 0.329839 3.815812 2 0.003116 0.014762


1.710715 0.036955 0.405974 34 0.004067 0.895178 
1.711544 0.035165 0.410625 97 0.001761 0.893977 
1.683870 0.025392 0.294335 36 0.002033 0.924003 
1.684075 0.027330 0.294135 35 0.004067 0.924055 
1.710715 0.036955 0.405974 34 0.004067 0.895178


1.697551 0.031210 0.351267 3 0.002982 0.909303


1.711544 0.035165 0.410625 97 0.001761 0.893977 
1.710312 0.033123 0.406349 38 0.000000 0.895081 
1.683662 0.023453 0.294522 37 0.000000 0.923955 
1.683870 0.025392 0.294335 36 0.002033 0.924003 
1.711544 0.035165 0.410625 97 0.001761 0.893977


1.697347 0.029283 0.351458 4 0.000949 0.909254


1.711544 0.035165 0.410625 97 0.001761 0.893977 
1.736339 0.045228 0.514090 69 0.002969 0.867263 
1.754778 0.051823 0.591531 98 0.002884 0.847267 
1.747843 0.048308 0.562976 127 0.001756 0.854640 
1.711544 0.035165 0.410625 97 0.001761 0.893977


1.737626 0.045131 0.519805 5 0.002340 0.865787


1.736339 0.045228 0.514090 69 0.002969 0.867263 
1.711544 0.035165 0.410625 97 0.001761 0.893977 
1.710715 0.036955 0.405974 34 0.004067 0.895178 
1.737356 0.046580 0.517813 33 0.004067 0.866301 
1.736339 0.045228 0.514090 69 0.002969 0.867263


1.723989 0.040982 0.462125 6 0.003214 0.880680


1.763996 0.056205 0.629652 32 0.004067 0.837425 
1.754778 0.051823 0.591531 98 0.002884 0.847267 
1.736339 0.045228 0.514090 69 0.002969 0.867263 
1.737356 0.046580 0.517813 33 0.004067 0.866301 
1.763996 0.056205 0.629652 32 0.004067 0.837425


1.748117 0.049959 0.563271 7 0.003496 0.854564


1.781334 0.061321 0.703059 70 0.002760 0.818471 
1.754778 0.051823 0.591531 98 0.002884 0.847267 
1.763996 0.056205 0.629652 32 0.004067 0.837425 
1.790636 0.065830 0.741491 31 0.004067 0.808548 
1.781334 0.061321 0.703059 70 0.002760 0.818471


1.772686 0.058795 0.666433 8 0.003443 0.827928


1.747843 0.048308 0.562976 127 0.001756 0.854640 
1.772955 0.057132 0.668514 114 0.001449 0.827390 
1.763611 0.052464 0.630003 40 0.000000 0.837334 
1.736962 0.042793 0.518176 39 0.000000 0.866208 
1.747843 0.048308 0.562976 127 0.001756 0.854640


1.755343 0.050174 0.594917 9 0.000800 0.846393


1.914567 0.109473 1.262333 100 0.002697 0.674067 
1.941259 0.119130 1.374370 73 0.002697 0.645139 
1.932382 0.114806 1.337655 118 0.001342 0.654619 
1.905711 0.105142 1.225720 117 0.001342 0.683520 
1.914567 0.109473 1.262333 100 0.002697 0.674067


1.923480 0.112138 1.300019 10 0.002018 0.664336


1.887882 0.099818 1.150323 71 0.002698 0.702988 
1.861447 0.090255 1.039360 99 0.002701 0.731638 
1.870557 0.094706 1.077008 28 0.004067 0.721918 
1.897197 0.104331 1.188847 27 0.004067 0.693041 
1.887882 0.099818 1.150323 71 0.002698 0.702988


1.879271 0.097277 1.113884 11 0.003381 0.712396


1.879043 0.095479 1.113800 72 0.001342 0.712418 
1.905711 0.105142 1.225720 117 0.001342 0.683520 
1.896860 0.100814 1.189137 45 0.000000 0.692966 
1.870210 0.091144 1.077311 44 0.000000 0.721840 
1.879043 0.095479 1.113800 72 0.001342 0.712418


1.887956 0.098145 1.151492 12 0.000670 0.702686


1.923837 0.113956 1.300686 26 0.004067 0.664164 
1.914567 0.109473 1.262333 100 0.002697 0.674067 
1.887882 0.099818 1.150323 71 0.002698 0.702988 
1.897197 0.104331 1.188847 27 0.004067 0.693041 
1.923837 0.113956 1.300686 26 0.004067 0.664164


1.905871 0.106894 1.225547 13 0.003381 0.683565


1.941259 0.119130 1.374370 73 0.002697 0.645139 
1.914567 0.109473 1.262333 100 0.002697 0.674067 
1.923837 0.113956 1.300686 26 0.004067 0.664164 
1.950478 0.123581 1.412525 25 0.004067 0.635288 
1.941259 0.119130 1.374370 73 0.002697 0.645139


1.932535 0.116535 1.337478 14 0.003380 0.654665


1.879043 0.095479 1.113800 72 0.001342 0.712418 
1.887882 0.099818 1.150323 71 0.002698 0.702988 
1.914567 0.109473 1.262333 100 0.002697 0.674067 
1.905711 0.105142 1.225720 117 0.001342 0.683520 
1.879043 0.095479 1.113800 72 0.001342 0.712418


1.896801 0.102478 1.188044 15 0.002018 0.693248


2.074324 0.167276 1.932908 102 0.002695 0.500925 
2.100964 0.176914 2.044729 76 0.002694 0.472053 
2.092183 0.172708 2.008314 122 0.001340 0.481456 
2.065538 0.163053 1.896486 121 0.001341 0.510329 
2.074324 0.167276 1.932908 102 0.002695 0.500925


2.083253 0.169988 1.970609 16 0.002016 0.491191


2.047699 0.157642 1.821149 74 0.002696 0.529781 
2.021279 0.148083 1.710252 101 0.002696 0.558415 
2.030398 0.152457 1.748042 22 0.004067 0.548657 
2.057038 0.162082 1.859881 21 0.004067 0.519781 
2.047699 0.157642 1.821149 74 0.002696 0.529781


2.039104 0.155066 1.784831 17 0.003380 0.539159


2.038900 0.153402 1.784694 75 0.001341 0.539194 
2.065538 0.163053 1.896486 121 0.001341 0.510329 
2.056758 0.158835 1.860099 51 0.000000 0.519725 
2.030108 0.149165 1.748272 50 0.000000 0.548598 
2.038900 0.153402 1.784694 75 0.001341 0.539194


2.047826 0.156114 1.822388 18 0.000669 0.529461


2.083679 0.171707 1.971720 20 0.004067 0.490904 
2.074324 0.167276 1.932908 102 0.002695 0.500925 
2.047699 0.157642 1.821149 74 0.002696 0.529781 
2.057038 0.162082 1.859881 21 0.004067 0.519781 
2.083679 0.171707 1.971720 20 0.004067 0.490904


2.065685 0.164677 1.896414 19 0.003379 0.510348


2.100964 0.176914 2.044729 76 0.002694 0.472053 
2.074324 0.167276 1.932908 102 0.002695 0.500925 
2.083679 0.171707 1.971720 20 0.004067 0.490904 
2.110319 0.181332 2.083559 19 0.004067 0.462027 
2.100964 0.176914 2.044729 76 0.002694 0.472053


2.092322 0.174307 2.008229 20 0.003379 0.481478


2.038900 0.153402 1.784694 75 0.001341 0.539194 
2.047699 0.157642 1.821149 74 0.002696 0.529781 
2.074324 0.167276 1.932908 102 0.002695 0.500925 
2.065538 0.163053 1.896486 121 0.001341 0.510329 
2.038900 0.153402 1.784694 75 0.001341 0.539194


2.056615 0.160343 1.858809 21 0.002017 0.520058


2.118611 0.182284 2.119226 94 0.001340 0.452818 
2.127772 0.186614 2.157254 123 0.002694 0.442999 
2.154273 0.196203 2.268492 78 0.002694 0.414278 
2.145486 0.192022 2.232016 103 0.001340 0.423696 
2.118611 0.182284 2.119226 94 0.001340 0.452818


2.136536 0.189281 2.194247 22 0.002015 0.433448


2.181060 0.205895 2.380930 104 0.002694 0.385247 
2.171906 0.201595 2.342896 77 0.001340 0.395067 
2.145486 0.192022 2.232016 103 0.001340 0.423696 
2.154273 0.196203 2.268492 78 0.002694 0.414278 
2.181060 0.205895 2.380930 104 0.002694 0.385247


2.163182 0.198929 2.306083 23 0.002015 0.404572


2.136707 0.187846 2.195580 54 0.000000 0.433104 
2.145486 0.192022 2.232016 103 0.001340 0.423696 
2.171906 0.201595 2.342896 77 0.001340 0.395067 
2.163357 0.197516 2.307407 55 0.000000 0.404230 
2.136707 0.187846 2.195580 54 0.000000 0.433104


2.154364 0.194745 2.269474 24 0.000668 0.414024


2.181060 0.205895 2.380930 104 0.002694 0.385247 
2.154273 0.196203 2.268492 78 0.002694 0.414278 
2.163599 0.200583 2.307237 17 0.004067 0.404274 
2.190240 0.210208 2.419076 16 0.004067 0.375397 
2.181060 0.205895 2.380930 104 0.002694 0.385247


2.172293 0.203222 2.343934 25 0.003379 0.394799


2.207492 0.215459 2.491877 80 0.002694 0.356600 
2.198746 0.211320 2.455540 105 0.001340 0.365982 
2.171906 0.201595 2.342896 77 0.001340 0.395067 
2.181060 0.205895 2.380930 104 0.002694 0.385247 
2.207492 0.215459 2.491877 80 0.002694 0.356600


2.189801 0.208567 2.417810 26 0.002015 0.375724


2.358671 0.269265 3.126715 109 0.001335 0.192686 
2.367482 0.273346 3.163430 84 0.002691 0.183206 
2.394235 0.283021 3.275727 110 0.002683 0.154211 
2.385218 0.278883 3.238130 79 0.001332 0.163918 
2.358671 0.269265 3.126715 109 0.001335 0.192686


2.376402 0.276129 3.201001 27 0.002008 0.173505


2.171906 0.201595 2.342896 77 0.001340 0.395067 
2.198746 0.211320 2.455540 105 0.001340 0.365982 
2.190006 0.207186 2.419233 56 0.000000 0.375357 
2.163357 0.197516 2.307407 55 0.000000 0.404230 
2.171906 0.201595 2.342896 77 0.001340 0.395067


2.181004 0.204404 2.381269 28 0.000668 0.385159


2.207492 0.215459 2.491877 80 0.002694 0.356600 
2.181060 0.205895 2.380930 104 0.002694 0.385247 
2.190240 0.210208 2.419076 16 0.004067 0.375397 
2.216880 0.219833 2.530915 15 0.004067 0.346521 
2.207492 0.215459 2.491877 80 0.002694 0.356600


2.198918 0.212849 2.455699 29 0.003378 0.365941


2.190006 0.207186 2.419233 56 0.000000 0.375357 
2.198746 0.211320 2.455540 105 0.001340 0.365982 
2.225403 0.220979 2.567412 128 0.001339 0.337097 
2.216656 0.216856 2.531060 57 0.000000 0.346483 
2.190006 0.207186 2.419233 56 0.000000 0.375357


2.207703 0.214085 2.493311 30 0.000668 0.356230


2.243520 0.229458 2.642754 14 0.004067 0.317644 
2.234155 0.225106 2.603795 106 0.002693 0.327703 
2.207492 0.215459 2.491877 80 0.002694 0.356600 
2.216880 0.219833 2.530915 15 0.004067 0.346521 
2.243520 0.229458 2.642754 14 0.004067 0.317644


2.225512 0.222464 2.567335 31 0.003378 0.337117


2.260735 0.234723 2.715364 81 0.002693 0.298896 
2.234155 0.225106 2.603795 106 0.002693 0.327703 
2.243520 0.229458 2.642754 14 0.004067 0.317644 
2.270160 0.239083 2.754593 13 0.004067 0.288767 
2.260735 0.234723 2.715364 81 0.002693 0.298896


2.252143 0.232093 2.679126 32 0.003378 0.308253


2.225403 0.220979 2.567412 128 0.001339 0.337097 
2.252017 0.230623 2.679109 124 0.001339 0.308257 
2.243306 0.226526 2.642887 58 0.000000 0.317609 
2.216656 0.216856 2.531060 57 0.000000 0.346483 
2.225403 0.220979 2.567412 128 0.001339 0.337097


2.234346 0.223746 2.605117 33 0.000668 0.327362


2.278444 0.240198 2.790015 95 0.001338 0.279621 
2.287607 0.244446 2.828158 125 0.002693 0.269773 
2.314125 0.254040 2.939465 83 0.002692 0.241033 
2.305358 0.249950 2.902969 107 0.001338 0.250457 
2.278444 0.240198 2.790015 95 0.001338 0.279621


2.296384 0.247158 2.865152 34 0.002013 0.260221


2.340961 0.263750 3.052108 108 0.002692 0.211949 
2.331871 0.259556 3.014242 82 0.001337 0.221726 
2.305358 0.249950 2.902969 107 0.001338 0.250457 
2.314125 0.254040 2.939465 83 0.002692 0.241033 
2.340961 0.263750 3.052108 108 0.002692 0.211949


2.323079 0.256824 2.977196 35 0.002013 0.231291


2.296605 0.245866 2.866541 60 0.000000 0.259862 
2.305358 0.249950 2.902969 107 0.001338 0.250457 
2.331871 0.259556 3.014242 82 0.001337 0.221726 
2.323255 0.255537 2.978368 61 0.000000 0.230989 
2.296605 0.245866 2.866541 60 0.000000 0.259862


2.314273 0.252727 2.940530 36 0.000667 0.240758


2.340961 0.263750 3.052108 108 0.002692 0.211949 
2.314125 0.254040 2.939465 83 0.002692 0.241033 
2.323441 0.258334 2.978271 11 0.004067 0.231014 
2.350081 0.267959 3.090110 10 0.004067 0.202137 
2.340961 0.263750 3.052108 108 0.002692 0.211949


2.332152 0.261021 3.014989 37 0.003377 0.221533


2.367482 0.273346 3.163430 84 0.002691 0.183206 
2.358671 0.269265 3.126715 109 0.001335 0.192686 
2.331871 0.259556 3.014242 82 0.001337 0.221726 
2.340961 0.263750 3.052108 108 0.002692 0.211949 
2.367482 0.273346 3.163430 84 0.002691 0.183206


2.349747 0.266479 3.089124 38 0.002012 0.202392


2.331871 0.259556 3.014242 82 0.001337 0.221726 
2.358671 0.269265 3.126715 109 0.001335 0.192686 
2.349904 0.265207 3.090195 62 0.000000 0.202115 
2.323255 0.255537 2.978368 61 0.000000 0.230989 
2.331871 0.259556 3.014242 82 0.001337 0.221726


2.340926 0.262391 3.052380 39 0.000666 0.211879


2.367482 0.273346 3.163430 84 0.002691 0.183206 
2.340961 0.263750 3.052108 108 0.002692 0.211949 
2.350081 0.267959 3.090110 10 0.004067 0.202137 
2.376721 0.277584 3.201949 9 0.004067 0.173260 
2.367482 0.273346 3.163430 84 0.002691 0.183206


2.358812 0.270660 3.126899 40 0.003377 0.192638


2.349904 0.265207 3.090195 62 0.000000 0.202115 
2.358671 0.269265 3.126715 109 0.001335 0.192686 
2.385218 0.278883 3.238130 79 0.001332 0.163918 
2.376554 0.274877 3.202022 63 0.000000 0.173242 
2.349904 0.265207 3.090195 62 0.000000 0.202115


2.367587 0.272058 3.164266 41 0.000665 0.182990


2.403362 0.287209 3.313788 8 0.004067 0.144384 
2.394235 0.283021 3.275727 110 0.002683 0.154211 
2.367482 0.273346 3.163430 84 0.002691 0.183206 
2.376721 0.277584 3.201949 9 0.004067 0.173260 
2.403362 0.287209 3.313788 8 0.004067 0.144384


2.385450 0.280290 3.238724 42 0.003375 0.163765


2.420783 0.292621 3.387162 85 0.002674 0.125439 
2.394235 0.283021 3.275727 110 0.002683 0.154211 
2.403362 0.287209 3.313788 8 0.004067 0.144384 
2.430002 0.296835 3.425627 7 0.004067 0.115507 
2.420783 0.292621 3.387162 85 0.002674 0.125439


2.412096 0.289921 3.350576 43 0.003371 0.134885


2.385218 0.278883 3.238130 79 0.001332 0.163918 
2.411847 0.288516 3.349890 112 0.001307 0.135062 
2.403204 0.284547 3.313849 64 0.000000 0.144368 
2.376554 0.274877 3.202022 63 0.000000 0.173242 
2.385218 0.278883 3.238130 79 0.001332 0.163918


2.394206 0.281706 3.275973 44 0.000658 0.154147


2.438851 0.298285 3.463226 87 0.001281 0.105799 
2.447303 0.302168 3.498492 113 0.002596 0.096693 
2.472565 0.311131 3.604569 126 0.002305 0.069304 
2.465540 0.307885 3.575252 111 0.001164 0.076874 
2.438851 0.298285 3.463226 87 0.001281 0.105799


2.456065 0.304867 3.535385 45 0.001836 0.087168


2.456503 0.303887 3.537503 66 0.000000 0.086621 
2.465540 0.307885 3.575252 111 0.001164 0.076874 
2.483938 0.314501 3.652472 86 0.001081 0.056936 
2.483153 0.313557 3.649330 67 0.000000 0.057747 
2.456503 0.303887 3.537503 66 0.000000 0.086621


2.472284 0.309958 3.603639 46 0.000560 0.069544


2.483938 0.314501 3.652472 86 0.001081 0.056936 
2.508676 0.324196 3.756137 96 0.002294 0.030170 
2.509803 0.323228 3.761156 68 0.000000 0.028874 
2.483153 0.313557 3.649330 67 0.000000 0.057747 
2.483938 0.314501 3.652472 86 0.001081 0.056936


2.496393 0.318871 3.704774 47 0.000841 0.043432


2.508676 0.324196 3.756137 96 0.002294 0.030170 
2.472565 0.311131 3.604569 126 0.002305 0.069304 
2.483282 0.316085 3.649305 5 0.004067 0.057753 
2.509922 0.325710 3.761144 4 0.004067 0.028877 
2.508676 0.324196 3.756137 96 0.002294 0.030170


2.493612 0.319280 3.692789 48 0.003181 0.046526


2.385218 0.278883 3.238130 79 0.001332 0.163918 
2.394235 0.283021 3.275727 110 0.002683 0.154211 
2.420783 0.292621 3.387162 85 0.002674 0.125439 
2.411847 0.288516 3.349890 112 0.001307 0.135062 
2.385218 0.278883 3.238130 79 0.001332 0.163918


2.403021 0.285760 3.312727 49 0.001997 0.144657


2.447303 0.302168 3.498492 113 0.002596 0.096693 
2.438851 0.298285 3.463226 87 0.001281 0.105799 
2.411847 0.288516 3.349890 112 0.001307 0.135062 
2.420783 0.292621 3.387162 85 0.002674 0.125439 
2.447303 0.302168 3.498492 113 0.002596 0.096693


2.429696 0.295398 3.424693 50 0.001963 0.115748


2.403204 0.284547 3.313849 64 0.000000 0.144368 
2.411847 0.288516 3.349890 112 0.001307 0.135062 
2.438851 0.298285 3.463226 87 0.001281 0.105799 
2.429853 0.294217 3.425676 65 0.000000 0.115494 
2.403204 0.284547 3.313849 64 0.000000 0.144368


2.420939 0.291391 3.388160 51 0.000645 0.125181


2.472565 0.311131 3.604569 126 0.002305 0.069304 
2.447303 0.302168 3.498492 113 0.002596 0.096693 
2.456642 0.306460 3.537466 6 0.004067 0.086630 
2.483282 0.316085 3.649305 5 0.004067 0.057753 
2.472565 0.311131 3.604569 126 0.002305 0.069304


2.464948 0.308961 3.572458 52 0.003256 0.077595


2.438851 0.298285 3.463226 87 0.001281 0.105799 
2.465540 0.307885 3.575252 111 0.001164 0.076874 
2.456503 0.303887 3.537503 66 0.000000 0.086621 
2.429853 0.294217 3.425676 65 0.000000 0.115494 
2.438851 0.298285 3.463226 87 0.001281 0.105799


2.447687 0.301069 3.500414 53 0.000610 0.096197


2.447303 0.302168 3.498492 113 0.002596 0.096693 
2.420783 0.292621 3.387162 85 0.002674 0.125439 
2.430002 0.296835 3.425627 7 0.004067 0.115507 
2.456642 0.306460 3.537466 6 0.004067 0.086630 
2.447303 0.302168 3.498492 113 0.002596 0.096693


2.438683 0.299521 3.462187 54 0.003349 0.106067


1.747843 0.048308 0.562976 127 0.001756 0.854640 
1.754778 0.051823 0.591531 98 0.002884 0.847267 
1.781334 0.061321 0.703059 70 0.002760 0.818471 
1.772955 0.057132 0.668514 114 0.001449 0.827390 
1.747843 0.048308 0.562976 127 0.001756 0.854640


1.764227 0.054646 0.631520 55 0.002212 0.836942


1.808404 0.071090 0.816698 115 0.002732 0.789129 
1.799232 0.066578 0.778836 88 0.001364 0.798905 
1.772955 0.057132 0.668514 114 0.001449 0.827390 
1.781334 0.061321 0.703059 70 0.002760 0.818471 
1.808404 0.071090 0.816698 115 0.002732 0.789129


1.790481 0.064030 0.741777 56 0.002075 0.808474


1.763611 0.052464 0.630003 40 0.000000 0.837334 
1.772955 0.057132 0.668514 114 0.001449 0.827390 
1.799232 0.066578 0.778836 88 0.001364 0.798905 
1.790261 0.062134 0.741830 41 0.000000 0.808460 
1.763611 0.052464 0.630003 40 0.000000 0.837334


1.781515 0.059577 0.704796 57 0.000702 0.818023


1.808404 0.071090 0.816698 115 0.002732 0.789129 
1.781334 0.061321 0.703059 70 0.002760 0.818471 
1.790636 0.065830 0.741491 31 0.004067 0.808548 
1.817276 0.075455 0.853330 30 0.004067 0.779671 
1.808404 0.071090 0.816698 115 0.002732 0.789129


1.799413 0.068424 0.778644 58 0.003405 0.798955


1.834759 0.080601 0.927336 89 0.002704 0.760563 
1.808404 0.071090 0.816698 115 0.002732 0.789129 
1.817276 0.075455 0.853330 30 0.004067 0.779671 
1.843917 0.085081 0.965169 29 0.004067 0.750794 
1.834759 0.080601 0.927336 89 0.002704 0.760563


1.826089 0.078057 0.890633 59 0.003391 0.770040


1.825886 0.076227 0.890705 116 0.001354 0.770021 
1.816911 0.071804 0.853657 42 0.000000 0.779587 
1.790261 0.062134 0.741830 41 0.000000 0.808460 
1.799232 0.066578 0.778836 88 0.001364 0.798905 
1.825886 0.076227 0.890705 116 0.001354 0.770021


1.808073 0.069186 0.816257 60 0.000678 0.789243


1.825886 0.076227 0.890705 116 0.001354 0.770021 
1.799232 0.066578 0.778836 88 0.001364 0.798905 
1.808404 0.071090 0.816698 115 0.002732 0.789129 
1.834759 0.080601 0.927336 89 0.002704 0.760563 
1.825886 0.076227 0.890705 116 0.001354 0.770021


1.817070 0.073624 0.853394 61 0.002037 0.779655


1.861447 0.090255 1.039360 99 0.002701 0.731638 
1.852316 0.085796 1.001631 90 0.001344 0.741380 
1.825886 0.076227 0.890705 116 0.001354 0.770021 
1.834759 0.080601 0.927336 89 0.002704 0.760563 
1.861447 0.090255 1.039360 99 0.002701 0.731638


1.843602 0.083220 0.964758 62 0.002024 0.750901


1.816911 0.071804 0.853657 42 0.000000 0.779587 
1.825886 0.076227 0.890705 116 0.001354 0.770021 
1.852316 0.085796 1.001631 90 0.001344 0.741380 
1.843561 0.081474 0.965484 43 0.000000 0.750713 
1.816911 0.071804 0.853657 42 0.000000 0.779587


1.834669 0.078825 0.927869 63 0.000673 0.760425


1.852316 0.085796 1.001631 90 0.001344 0.741380 
1.861447 0.090255 1.039360 99 0.002701 0.731638 
1.887882 0.099818 1.150323 71 0.002698 0.702988 
1.879043 0.095479 1.113800 72 0.001342 0.712418 
1.852316 0.085796 1.001631 90 0.001344 0.741380


1.870172 0.092837 1.076278 64 0.002020 0.722106


1.852316 0.085796 1.001631 90 0.001344 0.741380 
1.879043 0.095479 1.113800 72 0.001342 0.712418 
1.870210 0.091144 1.077311 44 0.000000 0.721840 
1.843561 0.081474 0.965484 43 0.000000 0.750713 
1.852316 0.085796 1.001631 90 0.001344 0.741380


1.861283 0.088473 1.039556 65 0.000670 0.731588


1.861447 0.090255 1.039360 99 0.002701 0.731638 
1.834759 0.080601 0.927336 89 0.002704 0.760563 
1.843917 0.085081 0.965169 29 0.004067 0.750794 
1.870557 0.094706 1.077008 28 0.004067 0.721918 
1.861447 0.090255 1.039360 99 0.002701 0.731638


1.852670 0.087661 1.002218 66 0.003383 0.741228


1.905711 0.105142 1.225720 117 0.001342 0.683520 
1.932382 0.114806 1.337655 118 0.001342 0.654619 
1.923510 0.110484 1.300964 46 0.000000 0.664092 
1.896860 0.100814 1.189137 45 0.000000 0.692966 
1.905711 0.105142 1.225720 117 0.001342 0.683520


1.914616 0.107812 1.263369 67 0.000670 0.673799


1.968016 0.128812 1.486680 119 0.002697 0.616141 
1.958926 0.124424 1.449055 91 0.001342 0.625856 
1.932382 0.114806 1.337655 118 0.001342 0.654619 
1.941259 0.119130 1.374370 73 0.002697 0.645139 
1.968016 0.128812 1.486680 119 0.002697 0.616141


1.950146 0.121793 1.411940 68 0.002018 0.635439


1.923510 0.110484 1.300964 46 0.000000 0.664092 
1.932382 0.114806 1.337655 118 0.001342 0.654619 
1.958926 0.124424 1.449055 91 0.001342 0.625856 
1.950159 0.120155 1.412791 47 0.000000 0.635219 
1.923510 0.110484 1.300964 46 0.000000 0.664092


1.941244 0.117467 1.375116 69 0.000670 0.644946


1.968016 0.128812 1.486680 119 0.002697 0.616141 
1.941259 0.119130 1.374370 73 0.002697 0.645139 
1.950478 0.123581 1.412525 25 0.004067 0.635288 
1.977118 0.133207 1.524364 24 0.004067 0.606411 
1.968016 0.128812 1.486680 119 0.002697 0.616141


1.959218 0.126182 1.449485 70 0.003380 0.625745


1.994584 0.138425 1.598202 92 0.002697 0.587346 
1.968016 0.128812 1.486680 119 0.002697 0.616141 
1.977118 0.133207 1.524364 24 0.004067 0.606411 
2.003758 0.142832 1.636203 23 0.004067 0.577534 
1.994584 0.138425 1.598202 92 0.002697 0.587346


1.985869 0.135819 1.561362 71 0.003380 0.596858


1.985693 0.134123 1.561393 120 0.001342 0.596850 
1.976809 0.129825 1.524618 48 0.000000 0.606345 
1.950159 0.120155 1.412791 47 0.000000 0.635219 
1.958926 0.124424 1.449055 91 0.001342 0.625856 
1.985693 0.134123 1.561393 120 0.001342 0.596850


1.967897 0.127132 1.486964 72 0.000669 0.616067


1.985693 0.134123 1.561393 120 0.001342 0.596850 
1.958926 0.124424 1.449055 91 0.001342 0.625856 
1.968016 0.128812 1.486680 119 0.002697 0.616141 
1.994584 0.138425 1.598202 92 0.002697 0.587346 
1.985693 0.134123 1.561393 120 0.001342 0.596850


1.976805 0.131446 1.523833 73 0.002018 0.606548


2.021279 0.148083 1.710252 101 0.002696 0.558415 
2.012175 0.143718 1.672532 93 0.001342 0.568154 
1.985693 0.134123 1.561393 120 0.001342 0.596850 
1.994584 0.138425 1.598202 92 0.002697 0.587346 
2.021279 0.148083 1.710252 101 0.002696 0.558415


2.003433 0.141087 1.635595 74 0.002018 0.577691


1.976809 0.129825 1.524618 48 0.000000 0.606345 
1.985693 0.134123 1.561393 120 0.001342 0.596850 
2.012175 0.143718 1.672532 93 0.001342 0.568154 
2.003459 0.139495 1.636445 49 0.000000 0.577472 
1.976809 0.129825 1.524618 48 0.000000 0.606345


1.994534 0.136790 1.598747 75 0.000669 0.587205


2.012175 0.143718 1.672532 93 0.001342 0.568154 
2.021279 0.148083 1.710252 101 0.002696 0.558415 
2.047699 0.157642 1.821149 74 0.002696 0.529781 
2.038900 0.153402 1.784694 75 0.001341 0.539194 
2.012175 0.143718 1.672532 93 0.001342 0.568154


2.030014 0.150711 1.747157 76 0.002017 0.548886


2.012175 0.143718 1.672532 93 0.001342 0.568154 
2.038900 0.153402 1.784694 75 0.001341 0.539194 
2.030108 0.149165 1.748272 50 0.000000 0.548598 
2.003459 0.139495 1.636445 49 0.000000 0.577472 
2.012175 0.143718 1.672532 93 0.001342 0.568154


2.021161 0.146445 1.710486 77 0.000669 0.558354


2.021279 0.148083 1.710252 101 0.002696 0.558415 
1.994584 0.138425 1.598202 92 0.002697 0.587346 
2.003758 0.142832 1.636203 23 0.004067 0.577534 
2.030398 0.152457 1.748042 22 0.004067 0.548657 
2.021279 0.148083 1.710252 101 0.002696 0.558415


2.012505 0.145449 1.673175 78 0.003380 0.567988


2.065538 0.163053 1.896486 121 0.001341 0.510329 
2.092183 0.172708 2.008314 122 0.001340 0.481456 
2.083408 0.168505 1.971926 52 0.000000 0.490851 
2.056758 0.158835 1.860099 51 0.000000 0.519725 
2.065538 0.163053 1.896486 121 0.001341 0.510329


2.074472 0.165775 1.934206 79 0.000669 0.500590


2.127772 0.186614 2.157254 123 0.002694 0.442999 
2.118611 0.182284 2.119226 94 0.001340 0.452818 
2.092183 0.172708 2.008314 122 0.001340 0.481456 
2.100964 0.176914 2.044729 76 0.002694 0.472053 
2.127772 0.186614 2.157254 123 0.002694 0.442999


2.109883 0.179630 2.082381 80 0.002016 0.462332


2.083408 0.168505 1.971926 52 0.000000 0.490851 
2.092183 0.172708 2.008314 122 0.001340 0.481456 
2.118611 0.182284 2.119226 94 0.001340 0.452818 
2.110057 0.178175 2.083753 53 0.000000 0.461977 
2.083408 0.168505 1.971926 52 0.000000 0.490851


2.101065 0.175418 2.045805 81 0.000669 0.471776


2.154273 0.196203 2.268492 78 0.002694 0.414278 
2.127772 0.186614 2.157254 123 0.002694 0.442999 
2.136959 0.190958 2.195398 18 0.004067 0.433151 
2.163599 0.200583 2.307237 17 0.004067 0.404274 
2.154273 0.196203 2.268492 78 0.002694 0.414278


2.145651 0.193589 2.232095 82 0.003379 0.423675


2.118611 0.182284 2.119226 94 0.001340 0.452818 
2.145486 0.192022 2.232016 103 0.001340 0.423696 
2.136707 0.187846 2.195580 54 0.000000 0.433104 
2.110057 0.178175 2.083753 53 0.000000 0.461977 
2.118611 0.182284 2.119226 94 0.001340 0.452818


2.127716 0.185082 2.157643 83 0.000668 0.442899


2.127772 0.186614 2.157254 123 0.002694 0.442999 
2.100964 0.176914 2.044729 76 0.002694 0.472053 
2.110319 0.181332 2.083559 19 0.004067 0.462027 
2.136959 0.190958 2.195398 18 0.004067 0.433151 
2.127772 0.186614 2.157254 123 0.002694 0.442999


2.119004 0.183955 2.120235 84 0.003379 0.452558


2.225403 0.220979 2.567412 128 0.001339 0.337097 
2.234155 0.225106 2.603795 106 0.002693 0.327703 
2.260735 0.234723 2.715364 81 0.002693 0.298896 
2.252017 0.230623 2.679109 124 0.001339 0.308257 
2.225403 0.220979 2.567412 128 0.001339 0.337097


2.243078 0.227858 2.641420 85 0.002014 0.317988


2.287607 0.244446 2.828158 125 0.002693 0.269773 
2.278444 0.240198 2.790015 95 0.001338 0.279621 
2.252017 0.230623 2.679109 124 0.001339 0.308257 
2.260735 0.234723 2.715364 81 0.002693 0.298896 
2.287607 0.244446 2.828158 125 0.002693 0.269773


2.269701 0.237497 2.753161 86 0.002014 0.289137


2.243306 0.226526 2.642887 58 0.000000 0.317609 
2.252017 0.230623 2.679109 124 0.001339 0.308257 
2.278444 0.240198 2.790015 95 0.001338 0.279621 
2.269955 0.236196 2.754714 59 0.000000 0.288736 
2.243306 0.226526 2.642887 58 0.000000 0.317609


2.260931 0.233386 2.716681 87 0.000668 0.298556


2.314125 0.254040 2.939465 83 0.002692 0.241033 
2.287607 0.244446 2.828158 125 0.002693 0.269773 
2.296801 0.248709 2.866432 12 0.004067 0.259890 
2.323441 0.258334 2.978271 11 0.004067 0.231014 
2.314125 0.254040 2.939465 83 0.002692 0.241033


2.305494 0.251382 2.903082 88 0.003378 0.250428


2.278444 0.240198 2.790015 95 0.001338 0.279621 
2.305358 0.249950 2.902969 107 0.001338 0.250457 
2.296605 0.245866 2.866541 60 0.000000 0.259862 
2.269955 0.236196 2.754714 59 0.000000 0.288736 
2.278444 0.240198 2.790015 95 0.001338 0.279621


2.287591 0.243053 2.828560 89 0.000667 0.269669


2.287607 0.244446 2.828158 125 0.002693 0.269773 
2.260735 0.234723 2.715364 81 0.002693 0.298896 
2.270160 0.239083 2.754593 13 0.004067 0.288767 
2.296801 0.248709 2.866432 12 0.004067 0.259890 
2.287607 0.244446 2.828158 125 0.002693 0.269773


2.278826 0.241740 2.791137 90 0.003378 0.279332


2.508676 0.324196 3.756137 96 0.002294 0.030170 
2.483938 0.314501 3.652472 86 0.001081 0.056936 
2.465540 0.307885 3.575252 111 0.001164 0.076874 
2.472565 0.311131 3.604569 126 0.002305 0.069304 
2.508676 0.324196 3.756137 96 0.002294 0.030170


2.482680 0.314428 3.647107 91 0.001708 0.058321


1.711544 0.035165 0.410625 97 0.001761 0.893977 
1.747843 0.048308 0.562976 127 0.001756 0.854640 
1.736962 0.042793 0.518176 39 0.000000 0.866208 
1.710312 0.033123 0.406349 38 0.000000 0.895081 
1.711544 0.035165 0.410625 97 0.001761 0.893977


1.726666 0.039847 0.474531 92 0.000878 0.877477


2.198746 0.211320 2.455540 105 0.001340 0.365982 
2.207492 0.215459 2.491877 80 0.002694 0.356600 
2.234155 0.225106 2.603795 106 0.002693 0.327703 
2.225403 0.220979 2.567412 128 0.001339 0.337097 
2.198746 0.211320 2.455540 105 0.001340 0.365982


2.216449 0.218216 2.529656 93 0.002015 0.346846


