5.000000 0.077892 -0.070224 14 0.471017 0.162931 
5.000000 0.051733 -0.020235 22 0.502814 0.209536 
5.000000 0.000000 0.000000 18 0.496324 0.264706 
5.000000 0.000000 -0.075000 13 0.430147 0.229412 
5.000000 0.077892 -0.070224 14 0.471017 0.162931


5.000000 0.032406 -0.041365 1 0.475075 0.216646


5.000000 0.077308 0.009517 17 0.541101 0.200971 
5.000000 0.051733 -0.020235 22 0.502814 0.209536 
5.000000 0.077892 -0.070224 14 0.471017 0.162931 
5.000000 0.154616 -0.055966 15 0.519703 0.101943 
5.000000 0.077308 0.009517 17 0.541101 0.200971


5.000000 0.090387 -0.034227 2 0.508659 0.168845


5.000000 0.000000 0.000000 18 0.496324 0.264706 
5.000000 0.051733 -0.020235 22 0.502814 0.209536 
5.000000 0.077308 0.009517 17 0.541101 0.200971 
5.000000 -0.000000 0.075000 5 0.562500 0.300000 
5.000000 0.000000 0.000000 18 0.496324 0.264706


5.000000 0.032260 0.016070 3 0.525685 0.243803


5.000000 0.000000 0.000000 18 0.496324 0.264706 
5.000000 -0.051733 0.020235 23 0.489833 0.319876 
5.000000 -0.077308 -0.009517 19 0.451546 0.328440 
5.000000 0.000000 -0.075000 13 0.430147 0.229412 
5.000000 0.000000 0.000000 18 0.496324 0.264706


5.000000 -0.032260 -0.016070 4 0.466962 0.285608


5.000000 -0.077892 0.070224 6 0.521631 0.366480 
5.000000 -0.051733 0.020235 23 0.489833 0.319876 
5.000000 0.000000 0.000000 18 0.496324 0.264706 
5.000000 -0.000000 0.075000 5 0.562500 0.300000 
5.000000 -0.077892 0.070224 6 0.521631 0.366480


5.000000 -0.032406 0.041365 5 0.517572 0.312765


5.000000 -0.077308 -0.009517 19 0.451546 0.328440 
5.000000 -0.051733 0.020235 23 0.489833 0.319876 
5.000000 -0.077892 0.070224 6 0.521631 0.366480 
5.000000 -0.154616 0.055966 7 0.472944 0.427469 
5.000000 -0.077308 -0.009517 19 0.451546 0.328440


5.000000 -0.090387 0.034227 6 0.483988 0.360566


5.000000 0.077892 0.070224 4 0.594940 0.229024 
5.000000 0.103272 0.026580 24 0.568375 0.186092 
5.000000 0.154616 0.000000 20 0.569084 0.128280 
5.000000 0.154616 0.055966 3 0.618466 0.154616 
5.000000 0.077892 0.070224 4 0.594940 0.229024


5.000000 0.122599 0.038192 7 0.587716 0.174503


5.000000 0.077308 0.009517 17 0.541101 0.200971 
5.000000 0.103272 0.026580 24 0.568375 0.186092 
5.000000 0.077892 0.070224 4 0.594940 0.229024 
5.000000 -0.000000 0.075000 5 0.562500 0.300000 
5.000000 0.077308 0.009517 17 0.541101 0.200971


5.000000 0.064618 0.045330 8 0.566729 0.229022


5.000000 0.154616 0.000000 20 0.569084 0.128280 
5.000000 0.103272 0.026580 24 0.568375 0.186092 
5.000000 0.077308 0.009517 17 0.541101 0.200971 
5.000000 0.154616 -0.055966 15 0.519703 0.101943 
5.000000 0.154616 0.000000 20 0.569084 0.128280


5.000000 0.122453 -0.004967 9 0.549566 0.154321


5.000000 0.229024 -0.032440 16 0.575476 0.047360 
5.000000 0.204222 0.000000 25 0.592428 0.084510 
5.000000 0.154616 0.000000 20 0.569084 0.128280 
5.000000 0.154616 -0.055966 15 0.519703 0.101943 
5.000000 0.229024 -0.032440 16 0.575476 0.047360


5.000000 0.185620 -0.022102 10 0.564173 0.090523


5.000000 0.229024 0.032440 2 0.632723 0.077892 
5.000000 0.204222 0.000000 25 0.592428 0.084510 
5.000000 0.229024 -0.032440 16 0.575476 0.047360 
5.000000 0.300000 0.000000 1 0.637500 0.000000 
5.000000 0.229024 0.032440 2 0.632723 0.077892


5.000000 0.240567 0.000000 11 0.609532 0.052440


5.000000 0.154616 0.000000 20 0.569084 0.128280 
5.000000 0.204222 0.000000 25 0.592428 0.084510 
5.000000 0.229024 0.032440 2 0.632723 0.077892 
5.000000 0.154616 0.055966 3 0.618466 0.154616 
5.000000 0.154616 0.000000 20 0.569084 0.128280


5.000000 0.185620 0.022102 12 0.603175 0.111325


5.000000 -0.077892 -0.070224 12 0.397707 0.300388 
5.000000 -0.103272 -0.026580 26 0.424272 0.343320 
5.000000 -0.154616 0.000000 21 0.423563 0.401132 
5.000000 -0.154616 -0.055966 11 0.374181 0.374795 
5.000000 -0.077892 -0.070224 12 0.397707 0.300388


5.000000 -0.122599 -0.038192 13 0.404931 0.354909


5.000000 -0.077308 -0.009517 19 0.451546 0.328440 
5.000000 -0.103272 -0.026580 26 0.424272 0.343320 
5.000000 -0.077892 -0.070224 12 0.397707 0.300388 
5.000000 0.000000 -0.075000 13 0.430147 0.229412 
5.000000 -0.077308 -0.009517 19 0.451546 0.328440


5.000000 -0.064618 -0.045330 14 0.425918 0.300390


5.000000 -0.154616 0.000000 21 0.423563 0.401132 
5.000000 -0.103272 -0.026580 26 0.424272 0.343320 
5.000000 -0.077308 -0.009517 19 0.451546 0.328440 
5.000000 -0.154616 0.055966 7 0.472944 0.427469 
5.000000 -0.154616 0.000000 21 0.423563 0.401132


5.000000 -0.122453 0.004967 15 0.443081 0.375090


5.000000 -0.154616 0.000000 21 0.423563 0.401132 
5.000000 -0.204222 0.000000 27 0.400219 0.444901 
5.000000 -0.229024 -0.032440 10 0.359924 0.451520 
5.000000 -0.154616 -0.055966 11 0.374181 0.374795 
5.000000 -0.154616 0.000000 21 0.423563 0.401132


5.000000 -0.185620 -0.022102 16 0.389472 0.418087


5.000000 -0.229024 0.032440 8 0.417171 0.482052 
5.000000 -0.204222 0.000000 27 0.400219 0.444901 
5.000000 -0.154616 0.000000 21 0.423563 0.401132 
5.000000 -0.154616 0.055966 7 0.472944 0.427469 
5.000000 -0.229024 0.032440 8 0.417171 0.482052


5.000000 -0.185620 0.022102 17 0.428474 0.438889


5.000000 -0.229024 -0.032440 10 0.359924 0.451520 
5.000000 -0.204222 0.000000 27 0.400219 0.444901 
5.000000 -0.229024 0.032440 8 0.417171 0.482052 
5.000000 -0.300000 0.000000 9 0.355147 0.529412 
5.000000 -0.229024 -0.032440 10 0.359924 0.451520


5.000000 -0.240567 0.000000 18 0.383115 0.476971


