2.412497 0.355297 3.872983 30 0.121816 0.030851 
2.408058 0.338016 3.872983 43 0.127764 0.014030 
2.536507 0.334117 3.872983 2 0.000163 -0.001209 
2.536563 0.335335 3.872983 1 -0.000000 -0.000000 
2.412497 0.355297 3.872983 30 0.121816 0.030851


2.473406 0.340691 3.872983 1 0.062436 0.010918


2.280922 0.347914 3.872983 40 0.253528 0.035128 
2.263027 0.330535 3.872983 56 0.272889 0.019399 
2.356446 0.329765 3.872983 31 0.179904 0.010373 
2.408058 0.338016 3.872983 43 0.127764 0.014030 
2.280922 0.347914 3.872983 40 0.253528 0.035128


2.327113 0.336557 3.872983 2 0.208521 0.019733


2.408058 0.338016 3.872983 43 0.127764 0.014030 
2.414883 0.321036 3.872983 4 0.122467 -0.003487 
2.536452 0.332898 3.872983 3 0.000325 -0.002418 
2.536507 0.334117 3.872983 2 0.000163 -0.001209 
2.408058 0.338016 3.872983 43 0.127764 0.014030


2.473975 0.331517 3.872983 3 0.062680 0.001729


1.598951 0.253902 3.872983 33 0.941140 0.001770 
1.600378 0.271966 3.872983 46 0.938121 0.019638 
1.588700 0.267231 3.872983 32 0.950173 0.015953 
1.585338 0.255558 3.872983 44 0.954553 0.004623 
1.598951 0.253902 3.872983 33 0.941140 0.001770


1.593342 0.262164 3.872983 4 0.945997 0.010496


1.574697 0.264983 3.872983 18 0.964319 0.014952 
1.585338 0.255558 3.872983 44 0.954553 0.004623 
1.588700 0.267231 3.872983 32 0.950173 0.015953 
1.584509 0.276983 3.872983 19 0.953485 0.026037 
1.574697 0.264983 3.872983 18 0.964319 0.014952


1.583311 0.266189 3.872983 5 0.955633 0.015391


1.582031 0.238517 3.872983 16 0.959353 -0.012059 
1.585338 0.255558 3.872983 44 0.954553 0.004623 
1.574697 0.264983 3.872983 18 0.964319 0.014952 
1.571946 0.249728 3.872983 17 0.968408 -0.000000 
1.582031 0.238517 3.872983 16 0.959353 -0.012059


1.578503 0.252197 3.872983 6 0.961658 0.001879


1.638827 0.259144 3.872983 35 0.900957 0.003467 
1.642828 0.286652 3.872983 48 0.894540 0.030513 
1.615703 0.277830 3.872983 58 0.922338 0.024124 
1.615160 0.255289 3.872983 45 0.924872 0.001719 
1.638827 0.259144 3.872983 35 0.900957 0.003467


1.628129 0.269729 3.872983 7 0.910676 0.014956


1.724847 0.307849 3.872983 49 0.810968 0.044376 
1.711274 0.270635 3.872983 37 0.827777 0.008508 
1.786922 0.281456 3.872983 50 0.751468 0.012600 
1.807597 0.321648 3.872983 34 0.727321 0.050807 
1.724847 0.307849 3.872983 49 0.810968 0.044376


1.757660 0.295397 3.872983 8 0.779384 0.029073


1.611276 0.230900 3.872983 14 0.930897 -0.022232 
1.615160 0.255289 3.872983 45 0.924872 0.001719 
1.598951 0.253902 3.872983 33 0.941140 0.001770 
1.596215 0.233395 3.872983 15 0.945678 -0.018415 
1.611276 0.230900 3.872983 14 0.930897 -0.022232


1.605400 0.243371 3.872983 9 0.935646 -0.009289


1.596598 0.287008 3.872983 20 0.940557 0.034955 
1.600378 0.271966 3.872983 46 0.938121 0.019638 
1.615703 0.277830 3.872983 58 0.922338 0.024124 
1.609663 0.295725 3.872983 21 0.926773 0.042483 
1.596598 0.287008 3.872983 20 0.940557 0.034955


1.605586 0.283133 3.872983 10 0.931947 0.030300


1.588700 0.267231 3.872983 32 0.950173 0.015953 
1.600378 0.271966 3.872983 46 0.938121 0.019638 
1.596598 0.287008 3.872983 20 0.940557 0.034955 
1.584509 0.276983 3.872983 19 0.953485 0.026037 
1.588700 0.267231 3.872983 32 0.950173 0.015953


1.592546 0.275797 3.872983 11 0.945584 0.024146


1.598951 0.253902 3.872983 33 0.941140 0.001770 
1.585338 0.255558 3.872983 44 0.954553 0.004623 
1.582031 0.238517 3.872983 16 0.959353 -0.012059 
1.596215 0.233395 3.872983 15 0.945678 -0.018415 
1.598951 0.253902 3.872983 33 0.941140 0.001770


1.590634 0.245343 3.872983 12 0.950181 -0.006020


1.711274 0.270635 3.872983 37 0.827777 0.008508 
1.724847 0.307849 3.872983 49 0.810968 0.044376 
1.675295 0.296273 3.872983 59 0.861349 0.037227 
1.670710 0.264332 3.872983 47 0.868739 0.005815 
1.711274 0.270635 3.872983 37 0.827777 0.008508


1.695531 0.284772 3.872983 13 0.842208 0.023982


2.166543 0.310905 3.872983 52 0.370731 0.008375 
2.165614 0.330580 3.872983 57 0.369917 0.028055 
2.068218 0.326851 3.872983 53 0.467261 0.032950 
2.063776 0.302582 3.872983 36 0.473831 0.009169 
2.166543 0.310905 3.872983 52 0.370731 0.008375


2.116038 0.317729 3.872983 14 0.420435 0.019637


1.657035 0.229881 3.872983 12 0.885407 -0.027291 
1.670710 0.264332 3.872983 47 0.868739 0.005815 
1.638827 0.259144 3.872983 35 0.900957 0.003467 
1.626501 0.229799 3.872983 13 0.915828 -0.024674 
1.657035 0.229881 3.872983 12 0.885407 -0.027291


1.648268 0.245789 3.872983 15 0.892733 -0.010671


1.637319 0.310617 3.872983 22 0.897908 0.054871 
1.642828 0.286652 3.872983 48 0.894540 0.030513 
1.675295 0.296273 3.872983 59 0.861349 0.037227 
1.666130 0.323130 3.872983 23 0.868104 0.064789 
1.637319 0.310617 3.872983 22 0.897908 0.054871


1.655393 0.304168 3.872983 16 0.880475 0.046850


1.615703 0.277830 3.872983 58 0.922338 0.024124 
1.642828 0.286652 3.872983 48 0.894540 0.030513 
1.637319 0.310617 3.872983 22 0.897908 0.054871 
1.609663 0.295725 3.872983 21 0.926773 0.042483 
1.615703 0.277830 3.872983 58 0.922338 0.024124


1.626378 0.292706 3.872983 17 0.910390 0.037998


1.638827 0.259144 3.872983 35 0.900957 0.003467 
1.615160 0.255289 3.872983 45 0.924872 0.001719 
1.611276 0.230900 3.872983 14 0.930897 -0.022232 
1.626501 0.229799 3.872983 13 0.915828 -0.024674 
1.638827 0.259144 3.872983 35 0.900957 0.003467


1.622941 0.243783 3.872983 18 0.918138 -0.010430


1.711274 0.270635 3.872983 37 0.827777 0.008508 
1.670710 0.264332 3.872983 47 0.868739 0.005815 
1.657035 0.229881 3.872983 12 0.885407 -0.027291 
1.687514 0.231693 3.872983 11 0.854887 -0.028181 
1.711274 0.270635 3.872983 37 0.827777 0.008508


1.681633 0.249135 3.872983 19 0.859203 -0.010287


1.725679 0.343133 3.872983 24 0.807020 0.079449 
1.724847 0.307849 3.872983 49 0.810968 0.044376 
1.807597 0.321648 3.872983 34 0.727321 0.050807 
1.786721 0.357965 3.872983 25 0.744905 0.088827 
1.725679 0.343133 3.872983 24 0.807020 0.079449


1.761211 0.332649 3.872983 20 0.772554 0.065865


1.675295 0.296273 3.872983 59 0.861349 0.037227 
1.724847 0.307849 3.872983 49 0.810968 0.044376 
1.725679 0.343133 3.872983 24 0.807020 0.079449 
1.666130 0.323130 3.872983 23 0.868104 0.064789 
1.675295 0.296273 3.872983 59 0.861349 0.037227


1.697987 0.317596 3.872983 21 0.836860 0.056460


1.872416 0.290004 3.872983 38 0.665554 0.013556 
1.786922 0.281456 3.872983 50 0.751468 0.012600 
1.748267 0.237917 3.872983 10 0.793821 -0.027352 
1.808833 0.245759 3.872983 9 0.732799 -0.024895 
1.872416 0.290004 3.872983 38 0.665554 0.013556


1.804110 0.263784 3.872983 22 0.735910 -0.006523


1.807597 0.321648 3.872983 34 0.727321 0.050807 
1.922311 0.335335 3.872983 51 0.611847 0.054299 
1.911119 0.375477 3.872983 26 0.619447 0.095273 
1.786721 0.357965 3.872983 25 0.744905 0.088827 
1.807597 0.321648 3.872983 34 0.727321 0.050807


1.856937 0.347606 3.872983 23 0.675880 0.072301


1.748267 0.237917 3.872983 10 0.793821 -0.027352 
1.786922 0.281456 3.872983 50 0.751468 0.012600 
1.711274 0.270635 3.872983 37 0.827777 0.008508 
1.687514 0.231693 3.872983 11 0.854887 -0.028181 
1.748267 0.237917 3.872983 10 0.793821 -0.027352


1.733494 0.255425 3.872983 24 0.806988 -0.008606


1.964231 0.293506 3.872983 60 0.573788 0.008929 
1.986210 0.318870 3.872983 39 0.549653 0.032251 
1.922311 0.335335 3.872983 51 0.611847 0.054299 
1.872416 0.290004 3.872983 38 0.665554 0.013556 
1.964231 0.293506 3.872983 60 0.573788 0.008929


1.936292 0.309429 3.872983 25 0.600210 0.027259


1.922311 0.335335 3.872983 51 0.611847 0.054299 
2.045331 0.350301 3.872983 42 0.487985 0.058332 
2.036642 0.380527 3.872983 27 0.493969 0.089207 
1.911119 0.375477 3.872983 26 0.619447 0.095273 
1.922311 0.335335 3.872983 51 0.611847 0.054299


1.978851 0.360410 3.872983 26 0.553312 0.074278


1.807597 0.321648 3.872983 34 0.727321 0.050807 
1.786922 0.281456 3.872983 50 0.751468 0.012600 
1.872416 0.290004 3.872983 38 0.665554 0.013556 
1.922311 0.335335 3.872983 51 0.611847 0.054299 
1.807597 0.321648 3.872983 34 0.727321 0.050807


1.847312 0.307111 3.872983 27 0.689047 0.032816


2.263152 0.315709 3.872983 41 0.274076 0.004620 
2.166543 0.310905 3.872983 52 0.370731 0.008375 
2.172168 0.293348 3.872983 6 0.366680 -0.009610 
2.293447 0.307876 3.872983 5 0.244591 -0.005860 
2.263152 0.315709 3.872983 41 0.274076 0.004620


2.223827 0.306960 3.872983 28 0.314019 -0.000619


2.165614 0.330580 3.872983 57 0.369917 0.028055 
2.166543 0.310905 3.872983 52 0.370731 0.008375 
2.263152 0.315709 3.872983 41 0.274076 0.004620 
2.263027 0.330535 3.872983 56 0.272889 0.019399 
2.165614 0.330580 3.872983 57 0.369917 0.028055


2.214584 0.321932 3.872983 29 0.321903 0.015112


2.172168 0.293348 3.872983 6 0.366680 -0.009610 
2.166543 0.310905 3.872983 52 0.370731 0.008375 
2.063776 0.302582 3.872983 36 0.473831 0.009169 
2.051007 0.277859 3.872983 7 0.488736 -0.014328 
2.172168 0.293348 3.872983 6 0.366680 -0.009610


2.113373 0.296174 3.872983 30 0.424994 -0.001599


1.922311 0.335335 3.872983 51 0.611847 0.054299 
1.986210 0.318870 3.872983 39 0.549653 0.032251 
2.068218 0.326851 3.872983 53 0.467261 0.032950 
2.045331 0.350301 3.872983 42 0.487985 0.058332 
1.922311 0.335335 3.872983 51 0.611847 0.054299


2.005518 0.332839 3.872983 31 0.529187 0.044458


1.964231 0.293506 3.872983 60 0.573788 0.008929 
1.872416 0.290004 3.872983 38 0.665554 0.013556 
1.808833 0.245759 3.872983 9 0.732799 -0.024895 
1.929856 0.262295 3.872983 8 0.610788 -0.019121 
1.964231 0.293506 3.872983 60 0.573788 0.008929


1.893834 0.272891 3.872983 32 0.645732 -0.005383


2.165614 0.330580 3.872983 57 0.369917 0.028055 
2.162851 0.352422 3.872983 55 0.370738 0.050056 
2.045331 0.350301 3.872983 42 0.487985 0.058332 
2.068218 0.326851 3.872983 53 0.467261 0.032950 
2.165614 0.330580 3.872983 57 0.369917 0.028055


2.110504 0.340039 3.872983 33 0.423975 0.042348


2.414883 0.321036 3.872983 4 0.122467 -0.003487 
2.353840 0.322765 3.872983 54 0.183119 0.003631 
2.263152 0.315709 3.872983 41 0.274076 0.004620 
2.293447 0.307876 3.872983 5 0.244591 -0.005860 
2.414883 0.321036 3.872983 4 0.122467 -0.003487


2.331331 0.316846 3.872983 34 0.206063 -0.000274


2.408058 0.338016 3.872983 43 0.127764 0.014030 
2.356446 0.329765 3.872983 31 0.179904 0.010373 
2.353840 0.322765 3.872983 54 0.183119 0.003631 
2.414883 0.321036 3.872983 4 0.122467 -0.003487 
2.408058 0.338016 3.872983 43 0.127764 0.014030


2.383307 0.327895 3.872983 35 0.153314 0.006137


2.263152 0.315709 3.872983 41 0.274076 0.004620 
2.353840 0.322765 3.872983 54 0.183119 0.003631 
2.356446 0.329765 3.872983 31 0.179904 0.010373 
2.263027 0.330535 3.872983 56 0.272889 0.019399 
2.263152 0.315709 3.872983 41 0.274076 0.004620


2.309116 0.324693 3.872983 36 0.227497 0.009506


2.045331 0.350301 3.872983 42 0.487985 0.058332 
2.162851 0.352422 3.872983 55 0.370738 0.050056 
2.162279 0.378117 3.872983 28 0.369037 0.075701 
2.036642 0.380527 3.872983 27 0.493969 0.089207 
2.045331 0.350301 3.872983 42 0.487985 0.058332


2.101776 0.365342 3.872983 37 0.430432 0.068324


2.063776 0.302582 3.872983 36 0.473831 0.009169 
1.964231 0.293506 3.872983 60 0.573788 0.008929 
1.929856 0.262295 3.872983 8 0.610788 -0.019121 
2.051007 0.277859 3.872983 7 0.488736 -0.014328 
2.063776 0.302582 3.872983 36 0.473831 0.009169


2.002218 0.284061 3.872983 38 0.536786 -0.003838


2.162279 0.378117 3.872983 28 0.369037 0.075701 
2.162851 0.352422 3.872983 55 0.370738 0.050056 
2.280922 0.347914 3.872983 40 0.253528 0.035128 
2.287647 0.369552 3.872983 29 0.244917 0.056086 
2.162279 0.378117 3.872983 28 0.369037 0.075701


2.223425 0.362001 3.872983 39 0.309555 0.054243


2.280922 0.347914 3.872983 40 0.253528 0.035128 
2.408058 0.338016 3.872983 43 0.127764 0.014030 
2.412497 0.355297 3.872983 30 0.121816 0.030851 
2.287647 0.369552 3.872983 29 0.244917 0.056086 
2.280922 0.347914 3.872983 40 0.253528 0.035128


2.347281 0.352695 3.872983 40 0.187006 0.034024


2.263027 0.330535 3.872983 56 0.272889 0.019399 
2.280922 0.347914 3.872983 40 0.253528 0.035128 
2.162851 0.352422 3.872983 55 0.370738 0.050056 
2.165614 0.330580 3.872983 57 0.369917 0.028055 
2.263027 0.330535 3.872983 56 0.272889 0.019399


2.218104 0.340363 3.872983 41 0.316768 0.033159


1.600378 0.271966 3.872983 46 0.938121 0.019638 
1.598951 0.253902 3.872983 33 0.941140 0.001770 
1.615160 0.255289 3.872983 45 0.924872 0.001719 
1.615703 0.277830 3.872983 58 0.922338 0.024124 
1.600378 0.271966 3.872983 46 0.938121 0.019638


1.607548 0.264747 3.872983 42 0.931618 0.011813


1.642828 0.286652 3.872983 48 0.894540 0.030513 
1.638827 0.259144 3.872983 35 0.900957 0.003467 
1.670710 0.264332 3.872983 47 0.868739 0.005815 
1.675295 0.296273 3.872983 59 0.861349 0.037227 
1.642828 0.286652 3.872983 48 0.894540 0.030513


1.656915 0.276600 3.872983 43 0.881396 0.019255


2.063776 0.302582 3.872983 36 0.473831 0.009169 
2.068218 0.326851 3.872983 53 0.467261 0.032950 
1.986210 0.318870 3.872983 39 0.549653 0.032251 
1.964231 0.293506 3.872983 60 0.573788 0.008929 
2.063776 0.302582 3.872983 36 0.473831 0.009169


2.020609 0.310452 3.872983 44 0.516134 0.020825


