29 20
5.000000 0.300000 0.000000 
5.000000 0.229024 0.032440 
5.000000 0.154616 0.055966 
5.000000 0.077892 0.070224 
5.000000 -0.000000 0.075000 
5.000000 -0.077892 0.070224 
5.000000 -0.154616 0.055966 
5.000000 -0.229024 0.032440 
5.000000 -0.300000 0.000000 
5.000000 -0.229024 -0.032440 
5.000000 -0.154616 -0.055966 
5.000000 -0.077892 -0.070224 
5.000000 0.000000 -0.075000 
5.000000 0.077892 -0.070224 
5.000000 0.154616 -0.055966 
5.000000 0.229024 -0.032440 
5.000000 0.050322 0.028230 
5.000000 0.024446 0.029540 
5.000000 -0.118461 0.013221 
5.000000 0.120134 -0.010214 
5.000000 -0.140761 -0.028387 
5.000000 0.052099 -0.018702 
5.000000 -0.047273 0.022412 
5.000000 0.090304 0.030343 
5.000000 0.182254 0.004219 
5.000000 -0.087471 -0.027416 
5.000000 -0.182760 -0.002423 
5.000000 -0.019597 -0.024725 
5.000000 0.144968 0.029885 

22 28 13 14
20 24 18 22
-2 -2 -2 -2
22 18 23 28
6 23 18 5
19 23 6 7
4 24 29 3
18 24 4 5
20 22 14 15
16 25 20 15
2 25 16 1
29 25 2 3
12 26 21 11
28 26 12 13
27 21 26 19
21 27 10 11
27 19 7 8
10 27 8 9
23 19 26 28
24 20 25 29
16
5.000000 0.000000 -0.075000
5.000000 0.077892 -0.070224
5.000000 -0.000000 0.075000
5.000000 -0.077892 0.070224
5.000000 -0.077892 0.070224
5.000000 -0.154616 0.055966
5.000000 0.154616 0.055966
5.000000 0.077892 0.070224
5.000000 0.077892 0.070224
5.000000 -0.000000 0.075000
5.000000 0.077892 -0.070224
5.000000 0.154616 -0.055966
5.000000 0.154616 -0.055966
5.000000 0.229024 -0.032440
5.000000 0.229024 -0.032440
5.000000 0.300000 0.000000
5.000000 0.300000 0.000000
5.000000 0.229024 0.032440
5.000000 0.229024 0.032440
5.000000 0.154616 0.055966
5.000000 -0.154616 -0.055966
5.000000 -0.077892 -0.070224
5.000000 -0.077892 -0.070224
5.000000 0.000000 -0.075000
5.000000 -0.229024 -0.032440
5.000000 -0.154616 -0.055966
5.000000 -0.154616 0.055966
5.000000 -0.229024 0.032440
5.000000 -0.229024 0.032440
5.000000 -0.300000 0.000000
5.000000 -0.300000 0.000000
5.000000 -0.229024 -0.032440
