53 37
2.536563 0.335335 3.872983 
2.536507 0.334117 3.872983 
2.536452 0.332898 3.872983 
2.414883 0.321036 3.872983 
2.293447 0.307876 3.872983 
2.172168 0.293348 3.872983 
2.051007 0.277859 3.872983 
1.929856 0.262295 3.872983 
1.808833 0.245759 3.872983 
1.748267 0.237917 3.872983 
1.687514 0.231693 3.872983 
1.657035 0.229881 3.872983 
1.626501 0.229799 3.872983 
1.611276 0.230900 3.872983 
1.596215 0.233395 3.872983 
1.582031 0.238517 3.872983 
1.571946 0.249728 3.872983 
1.574697 0.264983 3.872983 
1.584509 0.276983 3.872983 
1.596598 0.287008 3.872983 
1.609663 0.295725 3.872983 
1.637319 0.310617 3.872983 
1.666130 0.323130 3.872983 
1.725679 0.343133 3.872983 
1.786721 0.357965 3.872983 
1.911119 0.375477 3.872983 
2.036642 0.380527 3.872983 
2.162279 0.378117 3.872983 
2.287647 0.369552 3.872983 
2.412497 0.355297 3.872983 
1.601233 0.253643 3.872983 
1.591390 0.267979 3.872983 
1.801205 0.318892 3.872983 
1.641855 0.258181 3.872983 
2.081636 0.307278 3.872983 
1.720868 0.270439 3.872983 
1.866647 0.288900 3.872983 
2.259569 0.333485 3.872983 
2.009764 0.337724 3.872983 
2.413656 0.338164 3.872983 
1.587340 0.256211 3.872983 
1.618481 0.254787 3.872983 
1.602143 0.271250 3.872983 
1.675314 0.263335 3.872983 
1.644867 0.285049 3.872983 
1.732315 0.306881 3.872983 
1.784496 0.279100 3.872983 
1.897420 0.330338 3.872983 
2.171125 0.311370 3.872983 
2.128635 0.339260 3.872983 
1.618867 0.276681 3.872983 
1.679846 0.294634 3.872983 
1.972156 0.299134 3.872983 

30 40 2 1
38 40 30 29
41 31 43 32
18 41 32 19
16 41 18 17
34 45 51 42
46 36 47 33
14 42 31 15
20 43 51 21
32 43 20 19
31 41 16 15
36 46 52 44
12 44 34 13
22 45 52 23
51 45 22 21
34 42 14 13
36 44 12 11
24 46 33 25
52 46 24 23
37 47 10 9
33 48 26 25
10 47 36 11
37 48 33 47
48 39 27 26
53 35 50 39
38 49 6 5
50 38 29 28
6 49 35 7
53 37 9 8
40 4 3 2
39 50 28 27
35 53 8 7
50 35 49 38
40 38 5 4
43 31 42 51
45 34 44 52
53 39 48 37
30
2.536507 0.334117 3.872983
2.536563 0.335335 3.872983
2.536563 0.335335 3.872983
2.412497 0.355297 3.872983
2.412497 0.355297 3.872983
2.287647 0.369552 3.872983
1.584509 0.276983 3.872983
1.574697 0.264983 3.872983
1.574697 0.264983 3.872983
1.571946 0.249728 3.872983
1.571946 0.249728 3.872983
1.582031 0.238517 3.872983
1.596215 0.233395 3.872983
1.611276 0.230900 3.872983
1.609663 0.295725 3.872983
1.596598 0.287008 3.872983
1.596598 0.287008 3.872983
1.584509 0.276983 3.872983
1.582031 0.238517 3.872983
1.596215 0.233395 3.872983
1.626501 0.229799 3.872983
1.657035 0.229881 3.872983
1.666130 0.323130 3.872983
1.637319 0.310617 3.872983
1.637319 0.310617 3.872983
1.609663 0.295725 3.872983
1.611276 0.230900 3.872983
1.626501 0.229799 3.872983
1.657035 0.229881 3.872983
1.687514 0.231693 3.872983
1.786721 0.357965 3.872983
1.725679 0.343133 3.872983
1.725679 0.343133 3.872983
1.666130 0.323130 3.872983
1.748267 0.237917 3.872983
1.808833 0.245759 3.872983
1.911119 0.375477 3.872983
1.786721 0.357965 3.872983
1.687514 0.231693 3.872983
1.748267 0.237917 3.872983
2.036642 0.380527 3.872983
1.911119 0.375477 3.872983
2.172168 0.293348 3.872983
2.293447 0.307876 3.872983
2.287647 0.369552 3.872983
2.162279 0.378117 3.872983
2.051007 0.277859 3.872983
2.172168 0.293348 3.872983
1.808833 0.245759 3.872983
1.929856 0.262295 3.872983
2.414883 0.321036 3.872983
2.536452 0.332898 3.872983
2.536452 0.332898 3.872983
2.536507 0.334117 3.872983
2.162279 0.378117 3.872983
2.036642 0.380527 3.872983
1.929856 0.262295 3.872983
2.051007 0.277859 3.872983
2.293447 0.307876 3.872983
2.414883 0.321036 3.872983
