815 765
0.205964 0.032721 -0.507457 
0.208376 0.026281 -0.507606 
0.212316 0.020645 -0.507484 
0.219152 0.014515 -0.507021 
0.226973 0.009731 -0.506350 
0.241462 0.003660 -0.504950 
0.256555 -0.000645 -0.503389 
0.287857 -0.006234 -0.499990 
0.319483 -0.009340 -0.496422 
0.438208 -0.011146 -0.482143 
0.556706 -0.006814 -0.466580 
0.661429 -0.001735 -0.451811 
0.766059 0.002883 -0.436255 
0.873777 0.006799 -0.419609 
0.981421 0.010818 -0.402523 
1.090071 0.014619 -0.385022 
1.198732 0.017871 -0.367482 
1.315079 0.020555 -0.348914 
1.431517 0.022342 -0.330818 
1.557504 0.023312 -0.312088 
1.683662 0.023453 -0.294522 
1.710312 0.033123 -0.406349 
1.736962 0.042793 -0.518176 
1.763611 0.052464 -0.630003 
1.790261 0.062134 -0.741830 
1.816911 0.071804 -0.853657 
1.843561 0.081474 -0.965484 
1.870210 0.091144 -1.077311 
1.896860 0.100814 -1.189137 
1.923510 0.110484 -1.300964 
1.950159 0.120155 -1.412791 
1.976809 0.129825 -1.524618 
2.003459 0.139495 -1.636445 
2.030108 0.149165 -1.748272 
2.056758 0.158835 -1.860099 
2.083408 0.168505 -1.971926 
2.110057 0.178175 -2.083753 
2.136707 0.187846 -2.195580 
2.163357 0.197516 -2.307407 
2.190006 0.207186 -2.419233 
2.216656 0.216856 -2.531060 
2.243306 0.226526 -2.642887 
2.269955 0.236196 -2.754714 
2.296605 0.245866 -2.866541 
2.323255 0.255537 -2.978368 
2.349904 0.265207 -3.090195 
2.376554 0.274877 -3.202022 
2.403204 0.284547 -3.313849 
2.429853 0.294217 -3.425676 
2.456503 0.303887 -3.537503 
2.483153 0.313557 -3.649330 
2.509803 0.323228 -3.761156 
2.536452 0.332898 -3.872983 
2.414883 0.321036 -3.872983 
2.293447 0.307876 -3.872983 
2.172168 0.293348 -3.872983 
2.051007 0.277859 -3.872983 
1.929856 0.262295 -3.872983 
1.808833 0.245759 -3.872983 
1.748267 0.237917 -3.872983 
1.687514 0.231693 -3.872983 
1.657035 0.229881 -3.872983 
1.626501 0.229799 -3.872983 
1.611276 0.230900 -3.872983 
1.596215 0.233395 -3.872983 
1.582031 0.238517 -3.872983 
1.571946 0.249728 -3.872983 
1.529259 0.242947 -3.767811 
1.486572 0.236165 -3.662638 
1.443885 0.229384 -3.557465 
1.401198 0.222602 -3.452292 
1.358511 0.215821 -3.347120 
1.315824 0.209039 -3.241947 
1.273137 0.202258 -3.136774 
1.230450 0.195476 -3.031602 
1.187764 0.188695 -2.926429 
1.145077 0.181913 -2.821256 
1.102390 0.175132 -2.716083 
1.059703 0.168350 -2.610911 
1.017016 0.161569 -2.505738 
0.974329 0.154787 -2.400565 
0.931642 0.148006 -2.295393 
0.888955 0.141224 -2.190220 
0.846268 0.134443 -2.085047 
0.803581 0.127661 -1.979874 
0.760894 0.120880 -1.874702 
0.718207 0.114098 -1.769529 
0.675520 0.107317 -1.664356 
0.632833 0.100536 -1.559184 
0.590146 0.093754 -1.454011 
0.547459 0.086973 -1.348838 
0.504772 0.080191 -1.243666 
0.462085 0.073410 -1.138493 
0.419398 0.066628 -1.033320 
0.376712 0.059847 -0.928147 
0.334025 0.053065 -0.822975 
0.291338 0.046284 -0.717802 
0.248651 0.039502 -0.612629 
1.634880 0.158616 -2.214765 
1.215707 0.076096 -1.270059 
1.706028 0.229273 -3.745782 
2.126144 0.250419 -3.122861 
1.756780 0.210191 -3.030113 
2.091942 0.273872 -3.644809 
1.580862 0.034445 -0.445616 
0.964494 0.042174 -0.933602 
1.271839 0.058141 -0.922554 
2.023262 0.254619 -3.390597 
1.453707 0.117259 -1.715857 
1.676834 0.185692 -2.668190 
1.516923 0.085856 -1.161524 
0.859805 0.059489 -1.397075 
1.680893 0.138145 -1.819343 
2.004030 0.219491 -2.771104 
1.603435 0.116054 -1.546942 
1.740174 0.187312 -2.587561 
0.629807 0.012811 -0.757424 
1.090110 0.094668 -1.784415 
2.034790 0.246128 -3.195523 
0.946403 0.031043 -0.760938 
1.342927 0.144912 -2.435123 
1.756899 0.168656 -2.230944 
1.630751 0.207884 -3.327343 
1.142127 0.063545 -1.130106 
1.229198 0.126860 -2.251255 
0.746115 0.041267 -1.173353 
2.169175 0.238710 -2.882793 
1.538744 0.178122 -2.781644 
1.697351 0.070333 -0.866798 
1.653865 0.216694 -3.527101 
0.987605 0.095712 -1.960447 
0.408229 -0.001817 -0.622415 
2.071054 0.214173 -2.612657 
2.025647 0.263528 -3.585114 
1.417517 0.048148 -0.682448 
1.402961 0.172133 -2.988148 
0.957188 0.019411 -0.559375 
1.491448 0.124455 -1.795831 
1.804415 0.222682 -3.204306 
1.116142 0.029114 -0.589528 
1.271025 0.083748 -1.342883 
0.519418 0.022527 -0.957363 
2.009746 0.184585 -2.234568 
1.886919 0.161730 -2.000372 
2.140374 0.272452 -3.500203 
1.339937 0.076764 -1.159524 
1.664756 0.189501 -2.772166 
1.097205 0.109407 -2.099280 
1.333709 0.105061 -1.645468 
0.985088 0.079546 -1.632772 
1.598573 0.191910 -2.973158 
1.361179 0.069710 -1.031608 
1.801369 0.240971 -3.725183 
1.005040 0.115240 -2.253816 
1.489799 0.133080 -1.951154 
1.104457 0.046165 -0.873174 
1.736292 0.113902 -1.425429 
1.688965 0.219484 -3.476371 
0.805343 0.064555 -1.541854 
1.336162 0.138161 -2.290418 
1.446776 0.091071 -1.292829 
1.655617 0.213829 -3.423774 
1.153293 0.039131 -0.718140 
0.670364 0.052625 -1.374959 
1.811535 0.166025 -2.129370 
2.167743 0.231607 -2.778378 
1.523897 0.159093 -2.398831 
0.837709 0.044240 -1.119352 
1.818974 0.209428 -2.881921 
0.957468 0.085494 -1.795688 
1.399738 0.055434 -0.794528 
1.122153 0.105000 -1.956296 
1.670798 0.084123 -1.055302 
2.006319 0.231593 -2.975725 
1.518827 0.119176 -1.675512 
1.174522 0.059175 -1.024477 
1.854448 0.202880 -2.694434 
2.175223 0.247505 -3.011262 
0.995870 0.066867 -1.352764 
1.932587 0.150009 -1.807779 
1.670180 0.167630 -2.328250 
1.640935 0.128787 -1.710285 
1.218564 0.098142 -1.661234 
1.648291 0.144397 -1.952532 
1.290242 0.127977 -2.151921 
1.682751 0.228842 -3.810098 
1.578314 0.220495 -3.742053 
1.599462 0.227218 -3.828164 
1.611545 0.217943 -3.684800 
1.613792 0.226022 -3.822153 
1.612332 0.222207 -3.766178 
1.588329 0.230273 -3.841740 
1.596472 0.224996 -3.802847 
1.616399 0.228648 -3.854661 
1.593621 0.231570 -3.857616 
1.581582 0.229174 -3.825300 
1.580979 0.226949 -3.808013 
1.596097 0.229249 -3.843307 
1.590835 0.228274 -3.829603 
1.583993 0.232849 -3.851427 
1.592959 0.231061 -3.853254 
1.581443 0.228647 -3.821415 
1.585554 0.228762 -3.827361 
1.579352 0.229460 -3.824240 
1.577654 0.227693 -3.809762 
1.583588 0.227545 -3.815697 
1.581181 0.225663 -3.797452 
1.579909 0.228427 -3.817890 
1.577822 0.225155 -3.789683 
1.590255 0.222525 -3.771180 
1.576350 0.230808 -3.828232 
1.578325 0.228286 -3.814864 
1.578448 0.226631 -3.802626 
0.261119 0.011522 -0.575155 
0.268643 0.002608 -0.540855 
0.306494 -0.003075 -0.545847 
1.658102 0.227185 -3.818686 
1.625070 0.228785 -3.860272 
1.639779 0.226178 -3.818700 
1.611417 0.228530 -3.850279 
1.594590 0.231835 -3.860708 
1.595791 0.232652 -3.867722 
0.423392 -0.005832 -0.568177 
0.315593 0.017658 -0.696353 
0.617079 0.006443 -0.651356 
1.671705 0.226972 -3.787055 
1.363307 0.164763 -2.889956 
1.446258 0.171743 -2.864940 
0.948662 0.096883 -2.001666 
1.724984 0.226971 -3.578704 
1.821576 0.240066 -3.606279 
1.736399 0.088031 -1.080533 
1.733400 0.233404 -3.774940 
1.831594 0.246822 -3.792159 
2.398756 0.307095 -3.664730 
2.185263 0.289486 -3.749539 
2.297348 0.302755 -3.764569 
1.748593 0.232776 -3.678925 
1.027294 0.055287 -1.101217 
1.909777 0.221213 -2.945429 
1.793411 0.211136 -2.969690 
2.076428 0.232470 -2.891987 
1.786009 0.228415 -3.394783 
1.738492 0.225616 -3.476019 
1.834292 0.230059 -3.303651 
1.631131 0.194375 -2.952385 
1.694792 0.203443 -3.018088 
1.627325 0.197081 -3.028155 
1.604656 0.181218 -2.713679 
1.623290 0.188643 -2.838687 
1.696325 0.190189 -2.724110 
0.940557 0.073561 -1.574205 
1.643161 0.179753 -2.608779 
1.798041 0.159571 -2.042349 
0.984107 0.072793 -1.491341 
1.930298 0.174291 -2.148397 
1.518840 0.098852 -1.353573 
1.839634 0.150952 -1.880282 
1.969234 0.160133 -1.923410 
1.232685 0.120664 -2.099250 
1.350735 0.128756 -2.067283 
1.433095 0.119695 -1.783854 
1.382952 0.104863 -1.583211 
1.395110 0.092129 -1.356402 
1.265424 0.090441 -1.465869 
1.038154 0.073753 -1.430233 
1.029061 0.079359 -1.558351 
1.141491 0.081506 -1.447091 
1.747057 0.103402 -1.277852 
0.752286 0.027927 -0.907622 
1.674292 0.091592 -1.153490 
0.753859 0.037552 -1.093612 
0.699144 0.027965 -0.970569 
0.664810 0.035092 -1.126884 
0.442382 0.026510 -0.933849 
0.530577 0.028171 -1.027814 
2.017894 0.238917 -3.089955 
2.097249 0.240749 -3.000925 
2.200406 0.239350 -2.860658 
2.213852 0.233398 -2.762228 
2.137189 0.237963 -2.906427 
2.126017 0.223195 -2.694183 
2.025227 0.215814 -2.686005 
2.134477 0.231374 -2.808118 
1.531122 0.039680 -0.525084 
1.449311 0.029991 -0.424982 
1.432485 0.039811 -0.561661 
0.769385 0.014552 -0.636134 
1.286918 0.037298 -0.598586 
1.227548 0.024716 -0.450375 
0.830479 0.012530 -0.546526 
0.882300 0.081006 -1.774825 
0.724146 0.064007 -1.531136 
1.046642 0.020406 -0.505119 
1.466869 0.046644 -0.639608 
1.380764 0.043255 -0.632481 
2.080267 0.268413 -3.552767 
2.088525 0.262700 -3.414139 
2.007025 0.255843 -3.456688 
2.309270 0.293496 -3.576794 
2.330381 0.287387 -3.444695 
2.193954 0.272802 -3.405958 
2.141514 0.258229 -3.234159 
1.356527 0.038492 -0.577965 
0.819387 0.047199 -1.202959 
0.900197 0.054271 -1.234882 
0.736238 0.045110 -1.252683 
0.759711 0.060653 -1.495078 
0.834992 0.061841 -1.471789 
0.791043 0.053745 -1.362792 
1.411430 0.143387 -2.265981 
1.323588 0.133924 -2.220020 
1.502585 0.153424 -2.320288 
1.268686 0.097507 -1.588590 
1.389003 0.098847 -1.473751 
0.689517 0.058621 -1.452372 
0.678753 0.071011 -1.550839 
1.736805 0.065699 -0.797571 
1.507458 0.058737 -0.785680 
1.635674 0.216805 -3.597372 
1.882536 0.249721 -3.671477 
2.005512 0.263785 -3.650518 
1.992636 0.258117 -3.548260 
0.520206 0.006276 -0.726191 
0.749944 0.017301 -0.707453 
0.616242 0.000127 -0.533921 
1.696557 0.199369 -2.921719 
1.787081 0.216503 -3.103002 
1.420543 0.183688 -3.213511 
1.462056 0.181373 -3.087183 
2.070000 0.275915 -3.757351 
2.264900 0.273067 -3.303736 
1.525966 0.047626 -0.630036 
1.552903 0.053799 -0.701431 
1.105777 0.057404 -1.061091 
1.203677 0.064330 -1.082589 
0.667569 0.007022 -0.607138 
1.452758 0.062376 -0.863427 
1.656289 0.064023 -0.799108 
1.459839 0.053397 -0.734622 
1.182827 0.029809 -0.553036 
0.954053 0.026145 -0.672777 
1.569455 0.190066 -3.006911 
1.573493 0.188106 -2.942979 
1.474577 0.178300 -2.965261 
1.585593 0.141943 -1.984506 
1.674462 0.161660 -2.214936 
1.658863 0.156881 -2.151640 
1.793514 0.139073 -1.742741 
0.948809 0.108770 -2.150081 
1.223974 0.133805 -2.427738 
1.165326 0.137908 -2.576717 
1.720257 0.169050 -2.283674 
1.719613 0.174944 -2.389288 
1.695559 0.179121 -2.504338 
1.491598 0.121032 -1.736691 
1.484364 0.116339 -1.665271 
1.393757 0.111568 -1.688033 
1.298771 0.069931 -1.086514 
1.432957 0.069748 -0.981313 
0.626970 0.017570 -0.848084 
0.748409 0.022324 -0.804180 
1.295731 0.106538 -1.720217 
1.463021 0.081647 -1.136542 
1.175773 0.114010 -2.059208 
1.097037 0.075076 -1.380314 
1.715135 0.165006 -2.220329 
1.765565 0.165772 -2.173390 
1.569418 0.046762 -0.604623 
1.780802 0.126851 -1.578799 
1.663069 0.097946 -1.245617 
1.709519 0.132917 -1.715196 
1.591638 0.122482 -1.656689 
1.642925 0.122994 -1.619866 
1.607271 0.164252 -2.361823 
1.635350 0.161941 -2.274836 
1.571513 0.153740 -2.217019 
2.086953 0.193433 -2.302338 
1.974748 0.190655 -2.351295 
0.945405 0.035836 -0.842517 
0.850608 0.024514 -0.732868 
0.551033 0.038546 -1.148219 
0.975164 0.090890 -1.881295 
1.271563 0.142646 -2.542930 
1.024924 0.090215 -1.798369 
1.157322 0.076151 -1.334035 
1.226438 0.049869 -0.829194 
2.243148 0.261131 -3.143001 
1.183294 0.037105 -0.663812 
1.277047 0.042096 -0.674909 
1.135174 0.042824 -0.791785 
1.198824 0.052424 -0.892281 
1.229685 0.045523 -0.759299 
1.314337 0.150810 -2.651230 
1.439484 0.153075 -2.419839 
1.340575 0.141500 -2.358503 
2.053003 0.180051 -2.142085 
2.136045 0.214324 -2.557031 
1.692664 0.218750 -3.436760 
1.646755 0.214417 -3.479072 
1.683998 0.220084 -3.517870 
1.555415 0.206157 -3.509547 
1.279559 0.076650 -1.214067 
1.178461 0.069806 -1.200618 
1.074844 0.062275 -1.176161 
1.056787 0.122590 -2.361523 
1.190355 0.111555 -1.975633 
1.608358 0.057368 -0.728904 
1.272388 0.115143 -1.913646 
0.867814 0.055982 -1.315208 
1.504028 0.207867 -3.560497 
2.000655 0.224944 -2.867687 
2.068103 0.226436 -2.805022 
1.338821 0.032977 -0.509622 
1.595276 0.196520 -3.107698 
1.463851 0.168463 -2.728259 
1.779820 0.081605 -0.984305 
1.680451 0.076833 -0.955947 
1.601103 0.214672 -3.627398 
1.615769 0.213156 -3.550492 
1.537758 0.219263 -3.698122 
1.375332 0.151657 -2.525035 
1.207661 0.083247 -1.404120 
1.249028 0.126305 -2.196262 
0.500918 0.000890 -0.647753 
0.814983 0.037446 -1.014749 
2.005806 0.204340 -2.528223 
1.851721 0.195364 -2.564543 
1.835514 0.183324 -2.381082 
1.770018 0.232273 -3.564035 
1.943527 0.245996 -3.394307 
1.172686 0.099812 -1.755811 
1.514659 0.070882 -0.949365 
1.362311 0.049059 -0.724632 
1.321091 0.168697 -3.011645 
1.528278 0.108215 -1.490122 
1.487685 0.111542 -1.582077 
1.355452 0.117464 -1.844845 
1.535643 0.127090 -1.789400 
2.031994 0.251439 -3.305383 
1.690402 0.216285 -3.366878 
1.682242 0.210506 -3.225578 
1.068223 0.030842 -0.654318 
1.194928 0.125246 -2.283541 
1.197015 0.122117 -2.205615 
1.275401 0.132292 -2.281660 
0.506964 0.016582 -0.879394 
1.809812 0.173103 -2.243451 
1.657121 0.150349 -2.041786 
1.719771 0.143909 -1.873039 
1.634274 0.139287 -1.883783 
1.586477 0.138197 -1.919066 
1.916911 0.233835 -3.187216 
1.223478 0.059269 -0.981200 
1.318865 0.063947 -0.975665 
1.387716 0.083899 -1.230986 
1.512265 0.166741 -2.578636 
1.765687 0.193912 -2.671545 
1.817665 0.098820 -1.189704 
1.042998 0.102949 -2.040895 
1.060653 0.099837 -1.949526 
1.123982 0.108431 -2.030713 
1.484273 0.127797 -1.863419 
1.270869 0.109696 -1.811125 
1.046459 0.087403 -1.701299 
0.962822 0.081477 -1.707147 
1.600002 0.077966 -1.004217 
1.519441 0.079613 -1.069898 
0.606503 0.021089 -0.925500 
1.395501 0.076606 -1.110786 
1.077422 0.112976 -2.199471 
1.156568 0.115501 -2.131232 
1.114653 0.100774 -1.875341 
1.562962 0.133638 -1.869031 
1.595757 0.226124 -3.814381 
1.039057 0.045136 -0.915984 
0.986695 0.048213 -1.017201 
1.030461 0.038233 -0.807728 
1.658392 0.115395 -1.495371 
1.647209 0.104094 -1.340522 
1.587762 0.091937 -1.204293 
1.490511 0.089371 -1.232055 
1.606909 0.207823 -3.415212 
0.857697 0.069781 -1.597858 
0.934494 0.065529 -1.415517 
0.769051 0.068207 -1.598814 
0.770802 0.080652 -1.732197 
1.571806 0.157850 -2.294915 
1.562170 0.144236 -2.055391 
1.321776 0.055575 -0.845961 
0.607481 0.056710 -1.358621 
1.773996 0.175597 -2.327014 
1.565495 0.166084 -2.468958 
1.919681 0.193988 -2.457473 
1.902104 0.139350 -1.681314 
0.936024 0.051864 -1.139494 
0.959133 0.060960 -1.286482 
1.846732 0.117857 -1.423917 
1.731012 0.198801 -2.836310 
1.839602 0.206846 -2.793075 
1.930028 0.211744 -2.739797 
1.802202 0.233583 -3.484540 
1.535315 0.117193 -1.626272 
1.583103 0.125599 -1.714470 
1.553695 0.122124 -1.687768 
1.125869 0.052437 -0.957817 
2.209370 0.247300 -2.969806 
1.270198 0.119925 -2.014236 
1.627225 0.132396 -1.779825 
1.577906 0.117960 -1.598269 
1.541319 0.136224 -1.940082 
1.511170 0.139258 -2.034871 
1.491045 0.142736 -2.129330 
1.588731 0.217875 -3.704993 
1.560523 0.219609 -3.722281 
1.624146 0.223127 -3.774992 
1.598771 0.226522 -3.820637 
1.641792 0.224872 -3.791415 
1.583691 0.230452 -3.836697 
1.576271 0.230851 -3.828360 
1.587636 0.230975 -3.845548 
1.513098 0.224109 -3.690947 
1.555621 0.224141 -3.756423 
1.671877 0.225495 -3.745100 
1.582181 0.229579 -3.828856 
1.586795 0.225342 -3.799613 
1.588154 0.228548 -3.828812 
1.591479 0.224910 -3.798830 
1.590814 0.223734 -3.785622 
1.584378 0.225054 -3.794829 
1.654013 0.220380 -3.646948 
1.605198 0.226624 -3.825859 
1.613485 0.224970 -3.808012 
1.603209 0.223513 -3.787120 
1.600066 0.225515 -3.810631 
1.630279 0.221047 -3.724803 
1.587562 0.231974 -3.851755 
1.582975 0.228177 -3.819858 
1.598364 0.228165 -3.836199 
1.594761 0.227766 -3.829224 
1.588869 0.225633 -3.804137 
1.592580 0.225777 -3.808503 
1.591882 0.226653 -3.816399 
1.580785 0.224147 -3.783116 
1.587018 0.221315 -3.755080 
1.574144 0.227639 -3.804925 
1.624674 0.225817 -3.819638 
1.590427 0.231511 -3.852892 
1.611094 0.227214 -3.835667 
1.603428 0.227711 -3.836139 
1.593396 0.231332 -3.855696 
1.575132 0.225238 -3.787643 
1.577737 0.226525 -3.800979 
1.577022 0.226118 -3.796926 
1.592413 0.229659 -3.842369 
1.594245 0.230218 -3.848787 
1.584338 0.228436 -3.823451 
1.581987 0.228770 -3.822983 
1.643418 0.223582 -3.760935 
1.600283 0.228918 -3.844787 
1.589955 0.227632 -3.823299 
1.581064 0.228546 -3.820210 
1.586458 0.226969 -3.814052 
1.581924 0.228005 -3.817303 
1.580783 0.229174 -3.824245 
1.578044 0.229906 -3.825285 
1.583501 0.234275 -3.858029 
1.590699 0.229201 -3.836833 
1.586239 0.226291 -3.807909 
1.582577 0.227369 -3.813160 
1.577874 0.229171 -3.820314 
1.580173 0.229011 -3.822321 
1.580647 0.227283 -3.810267 
1.578985 0.227284 -3.808330 
1.578248 0.227987 -3.812637 
1.575813 0.227979 -3.809468 
1.577343 0.227268 -3.806239 
1.569462 0.223905 -3.770474 
1.581743 0.226490 -3.805092 
1.580344 0.226251 -3.801622 
1.579097 0.227881 -3.812925 
1.603053 0.221576 -3.759250 
1.579738 0.225494 -3.794546 
1.577057 0.229081 -3.818606 
1.579122 0.228348 -3.816329 
0.256373 0.019738 -0.596325 
0.268789 0.005227 -0.556440 
0.267558 0.000867 -0.528438 
1.620105 0.227103 -3.837596 
0.426288 0.002668 -0.683667 
1.277635 0.161538 -2.911273 
1.576484 0.210728 -3.578614 
1.801040 0.089966 -1.082989 
1.751695 0.236883 -3.819177 
2.193522 0.283855 -3.614170 
1.052392 0.067870 -1.299262 
1.557679 0.174298 -2.655434 
1.354736 0.122689 -1.944508 
1.329313 0.091379 -1.410931 
1.082008 0.080253 -1.497282 
1.836567 0.107739 -1.296902 
1.744209 0.095442 -1.173964 
0.676618 0.030946 -1.047351 
0.401479 0.017402 -0.816091 
0.484674 0.033718 -1.038708 
0.357846 -0.005363 -0.561751 
2.265244 0.249984 -2.953003 
2.410283 0.314574 -3.770315 
1.443260 0.035138 -0.494946 
1.251981 0.031140 -0.529552 
1.332614 0.027182 -0.432248 
0.907725 0.075833 -1.663081 
1.426105 0.042889 -0.606124 
2.050045 0.261959 -3.485668 
2.251181 0.284036 -3.508435 
2.117500 0.261287 -3.330051 
0.733252 0.049614 -1.331617 
0.779986 0.057209 -1.432926 
1.323429 0.097792 -1.528506 
0.728650 0.057580 -1.452620 
1.945947 0.260218 -3.750869 
1.951104 0.255189 -3.598069 
0.517896 -0.003530 -0.561212 
0.657203 0.046204 -1.291976 
2.300204 0.297347 -3.659624 
1.697297 0.056824 -0.697112 
1.529136 0.183747 -2.953396 
2.374917 0.298317 -3.557692 
1.205392 0.089594 -1.520564 
0.749329 0.033701 -1.023959 
1.540268 0.193037 -3.188348 
1.643419 0.047035 -0.588208 
0.651014 0.039903 -1.205636 
1.512689 0.044374 -0.592034 
0.853875 0.029929 -0.826016 
0.588379 0.030816 -1.078875 
1.543165 0.212017 -3.624384 
1.460567 0.099558 -1.414504 
1.232147 0.036703 -0.623824 
1.208227 0.145613 -2.684263 
1.424300 0.148145 -2.342474 
2.090677 0.186953 -2.211587 
2.079569 0.202261 -2.431352 
1.448157 0.191485 -3.331614 
1.240497 0.070279 -1.146178 
1.114621 0.068846 -1.250630 
0.799188 0.049941 -1.282101 
0.579029 0.048299 -1.260719 
2.242630 0.242064 -2.860221 
1.135818 0.022410 -0.472669 
1.352483 0.158464 -2.757016 
1.764027 0.074175 -0.895873 
1.730486 0.081438 -0.997771 
1.603954 0.209857 -3.488817 
0.914537 0.089649 -1.899659 
1.208509 0.121005 -2.155897 
0.868566 0.036299 -0.926775 
1.774684 0.183315 -2.460447 
1.685026 0.221169 -3.551106 
0.730569 0.054000 -1.401365 
1.540087 0.197334 -3.315874 
1.562503 0.064766 -0.843057 
1.506933 0.051252 -0.685145 
1.370920 0.176077 -3.112275 
1.517715 0.179641 -2.874974 
0.853640 0.019612 -0.646274 
0.725064 0.006935 -0.543987 
1.450479 0.105983 -1.528604 
1.327185 0.042929 -0.656655 
1.744214 0.220672 -3.312959 
1.235493 0.042840 -0.714049 
1.416732 0.159557 -2.621604 
1.282107 0.130961 -2.235995 
0.518007 0.011112 -0.802396 
1.884912 0.180420 -2.280712 
1.593635 0.150672 -2.128539 
2.006177 0.170646 -2.043695 
1.721513 0.158355 -2.101108 
1.930293 0.240265 -3.296856 
1.260590 0.064512 -1.033090 
1.334044 0.084219 -1.285999 
1.605759 0.173073 -2.540049 
1.753141 0.151589 -1.960991 
1.000789 0.103900 -2.094911 
1.076813 0.103739 -2.008435 
1.369385 0.113971 -1.761916 
1.099181 0.089105 -1.650560 
1.011407 0.086300 -1.735608 
1.587312 0.187757 -2.898170 
1.690605 0.207164 -3.115679 
0.596710 0.025491 -1.001081 
1.446517 0.076383 -1.069903 
1.728758 0.226073 -3.531054 
1.724783 0.076062 -0.931064 
1.153325 0.118652 -2.209687 
1.189112 0.106901 -1.876659 
1.608149 0.135171 -1.844209 
1.051656 0.050211 -0.990502 
1.012534 0.040258 -0.857822 
1.699533 0.124776 -1.602757 
1.568106 0.097392 -1.295408 
1.952668 0.250766 -3.482809 
0.895950 0.067597 -1.513584 
0.723790 0.075538 -1.639646 
1.259285 0.133399 -2.343754 
1.532120 0.113365 -1.567944 
1.432790 0.083039 -1.180183 
1.588592 0.106476 -1.414623 
1.569134 0.226786 -3.792461 
1.542403 0.201343 -3.418569 
1.300506 0.048601 -0.756162 
1.052393 0.035206 -0.738424 
0.640144 0.064239 -1.453599 
1.471569 0.199182 -3.442417 
1.711545 0.161998 -2.173522 
1.116740 0.130113 -2.468698 
2.113020 0.231795 -2.837768 
2.181780 0.224577 -2.664465 
1.471134 0.159442 -2.498308 
1.875134 0.128469 -1.550337 
1.423530 0.123455 -1.864268 
0.901869 0.043752 -1.027310 
0.923882 0.060991 -1.337596 
1.919056 0.216448 -2.840282 
0.817947 0.087075 -1.833997 
0.821637 0.073609 -1.676677 
1.382526 0.063095 -0.916644 
1.434630 0.110956 -1.629297 
1.043197 0.095096 -1.874650 
1.597755 0.085682 -1.111024 
1.624240 0.070907 -0.899602 
1.887455 0.224752 -3.059137 
1.729170 0.222554 -3.416114 
1.509167 0.115423 -1.623773 
1.532283 0.123235 -1.728460 
1.181934 0.054641 -0.942891 
1.952522 0.206841 -2.627145 
1.760398 0.197704 -2.756102 
2.224951 0.245504 -2.926994 
2.269156 0.256515 -3.044464 
1.006001 0.060785 -1.222345 
1.427492 0.128613 -1.954382 
1.652697 0.171533 -2.428621 
1.676973 0.164200 -2.256530 
1.565788 0.119656 -1.636230 
1.578911 0.130185 -1.793438 
1.534415 0.132191 -1.878179 
1.149158 0.089303 -1.582137 
1.393939 0.137143 -2.168143 
1.135964 0.122432 -2.319315 
1.546528 0.140339 -2.006364 
1.443727 0.135206 -2.055746 
1.493076 0.148308 -2.234154 
1.569697 0.215677 -3.675974 
1.625994 0.224503 -3.798051 
1.582811 0.235863 -3.864148 
1.660119 0.225981 -3.787243 
1.599227 0.223516 -3.786373 
1.588541 0.224568 -3.793241 
2.084283 0.223450 -2.740106 
1.608439 0.230335 -3.865230 
1.604581 0.225851 -3.816768 
1.609727 0.223977 -3.793981 
1.674270 0.224141 -3.695757 
1.579179 0.226071 -3.798882 
1.594278 0.228657 -3.836456 
1.584469 0.231281 -3.843031 
1.577455 0.223600 -3.775091 
1.603321 0.229869 -3.856098 
1.585190 0.227765 -3.819254 
1.589092 0.231731 -3.852441 
1.575340 0.226673 -3.799346 
1.591217 0.230628 -3.847967 
1.593930 0.227097 -3.822356 
1.597636 0.229851 -3.849887 
1.583025 0.226850 -3.809448 
1.588540 0.227206 -3.818199 
1.586138 0.228096 -3.822947 
1.605925 0.228581 -3.846691 
1.584532 0.226367 -3.806912 
1.584886 0.226870 -3.811586 
1.586289 0.229429 -3.833156 
1.581416 0.228903 -3.823193 
1.589233 0.226397 -3.811662 
1.579301 0.227634 -3.811351 
1.575569 0.227579 -3.806322 
1.562515 0.223750 -3.761741 
1.583759 0.225608 -3.799425 
1.578714 0.229246 -3.821954 
1.581532 0.227341 -3.811744 
1.578999 0.226974 -3.805955 
1.581258 0.224464 -3.786555 
1.601983 0.220053 -3.735092 
1.576034 0.228435 -3.812903 
1.564580 0.226613 -3.785272 
1.577563 0.228950 -3.818423 
1.580938 0.227842 -3.814890 
1.577811 0.226137 -3.797947 
1.571996 0.225943 -3.789815 
0.330763 -0.001561 -0.582212 
0.327733 0.007875 -0.656011 
0.336389 0.001972 -0.619209 
0.419462 0.008167 -0.745343 
1.693065 0.231001 -3.842894 
1.655028 0.228417 -3.847643 
1.633294 0.227284 -3.840290 
1.600881 0.229790 -3.852905 
1.595485 0.232030 -3.863215 
1.606007 0.230034 -3.860207 
1.527551 0.186713 -3.042528 
1.248126 0.153265 -2.792003 
0.858111 0.095020 -1.943184 
0.898955 0.102946 -2.052723 
1.884239 0.244247 -3.518428 
1.862046 0.237184 -3.403120 

98 586 2 1
801 214 586 224
2 586 214 3
214 587 4 3
215 587 802 800
4 587 215 5
215 588 6 5
216 588 215 800
6 588 216 7
807 195 221 769
806 194 218 805
220 194 806 589
809 769 221 808
220 769 809 194
425 324 117 225
223 623 10 9
590 802 801 803
627 344 689 665
136 345 228 227
591 811 77 76
813 229 655 812
813 812 85 84
531 764 238 230
593 459 29 28
417 653 232 593
58 57 331 621
234 594 60 59
233 594 234 153
60 594 804 61
237 236 56 55
235 608 52 51
237 625 595 236
405 124 335 239
804 805 62 61
238 101 233 153
242 281 717 413
241 732 240 169
670 243 815 245
244 502 243 733
241 327 247 103
646 405 741 596
247 327 246 248
249 110 253 597
249 147 251 110
250 147 249 128
458 116 253 110
428 116 458 177
263 619 314 149
165 254 678 368
80 716 406 81
748 183 314 629
258 144 259 180
438 598 742 721
261 598 409 508
261 508 260 185
265 599 141 423
315 599 265 619
264 599 315 638
268 600 748 629
266 600 268 366
267 600 266 255
601 498 31 30
459 601 30 29
498 601 269 157
593 232 602 459
271 602 232 173
269 602 271 371
691 603 273 469
272 603 274 126
630 273 603 272
96 604 224 97
447 674 803 604
382 636 276 605
275 605 276 142
94 605 275 95
216 606 8 7
425 223 606 132
8 606 223 9
278 174 277 102
412 724 240 174
284 717 281 127
739 507 740 607
280 649 44 43
282 760 284 166
283 760 282 133
235 625 237 608
54 608 237 55
52 608 54 53
20 105 22 21
105 286 609 285
285 609 287 634
286 105 20 19
287 609 414 304
610 414 611 290
650 341 610 290
639 341 140 389
18 611 286 19
290 611 18 17
610 289 304 414
726 487 725 292
291 137 14 13
288 667 326 337
14 137 294 15
484 726 292 612
296 613 287 304
295 613 296 135
287 613 295 634
299 614 298 108
614 323 134 297
298 614 297 145
595 615 302 145
301 628 50 49
296 304 289 669
302 616 298 145
303 616 302 332
624 164 660 617
307 647 305 126
272 126 305 168
310 618 309 112
660 618 310 617
309 618 308 159
753 311 641 313
312 160 311 749
619 263 668 315
314 619 265 629
358 728 263 149
317 713 90 89
293 316 713 317
316 620 660 164
626 339 129 318
318 652 26 25
727 455 152 360
62 805 218 63
233 101 226 186
323 622 322 134
814 231 321 622
322 622 321 621
10 623 326 11
223 425 225 623
277 119 303 102
225 117 362 325
326 623 225 337
247 690 328 103
499 147 250 327
328 690 442 139
435 664 330 136
329 664 74 73
330 664 329 631
322 104 297 134
331 104 322 621
617 307 633 624
625 300 615 595
595 104 331 236
56 236 331 57
105 632 23 22
24 626 318 25
632 626 24 23
153 321 231 238
336 680 454 176
336 176 335 124
590 803 674 324
225 325 288 337
319 334 663 340
338 319 340 171
137 443 140 294
345 627 665 228
343 627 345 810
344 627 343 151
50 628 235 51
301 615 300 628
300 625 235 628
348 99 347 715
449 184 346 489
82 154 350 83
406 154 82 81
352 716 80 79
351 716 352 384
406 716 351 750
354 658 429 492
354 492 353 181
439 747 474 746
357 109 356 175
470 692 360 152
426 630 272 168
361 270 362 117
273 270 361 469
692 470 707 364
661 123 442 631
363 149 314 183
34 180 259 35
504 182 374 373
368 715 367 122
596 179 266 366
240 724 500 169
718 282 166 280
105 285 369 632
369 334 408 632
657 106 380 635
370 720 498 157
480 157 269 371
372 700 374 182
370 700 372 349
377 488 376 99
376 488 375 181
379 643 378 143
333 369 285 634
378 643 40 39
362 635 381 325
273 630 426 270
381 635 380 120
382 605 94 93
382 633 274 636
276 636 691 142
385 729 473 118
383 729 385 170
422 121 351 384
265 423 268 629
257 161 264 638
268 423 386 366
278 178 281 242
388 178 278 102
388 102 303 332
289 639 390 669
639 289 610 341
390 639 389 671
391 387 393 163
392 387 391 156
78 640 352 79
811 640 78 77
352 640 394 384
396 641 311 160
384 394 672 422
313 641 395 167
38 642 378 39
397 642 38 37
378 642 397 143
40 643 398 41
427 133 398 643
401 158 400 130
400 158 399 162
72 644 329 73
714 644 72 71
329 644 661 631
404 645 336 124
403 645 404 100
645 359 680 336
404 646 386 100
405 646 404 124
386 646 596 366
180 495 349 258
438 464 409 598
686 363 464 438
410 647 310 112
305 647 410 306
307 617 310 647
92 648 382 93
402 710 714 411
637 592 402 411
412 242 413 114
649 607 45 44
166 284 127 279
609 286 611 414
663 295 135 340
340 135 434 171
650 290 17 16
389 163 393 671
415 810 330 631
343 810 415 248
394 651 416 672
591 227 651 811
416 651 227 228
26 652 417 27
659 130 420 320
694 652 318 129
417 593 28 27
418 653 694 129
232 653 418 173
411 522 421 637
400 654 420 130
421 522 756 523
411 714 71 70
70 69 522 411
383 655 229 131
292 655 383 170
445 125 424 656
260 656 424 185
141 100 386 423
132 590 324 425
657 635 362 270
270 426 722 657
496 168 305 306
428 737 427 494
743 493 682 355
428 658 355 116
429 658 428 494
693 401 130 659
430 231 814 502
238 231 430 230
620 308 618 660
297 104 595 145
48 47 388 332
644 714 710 661
704 486 293 317
662 319 338 433
731 339 408 662
434 135 296 669
369 333 663 334
295 663 333 634
319 662 408 334
74 664 435 75
665 128 416 228
435 591 76 75
136 227 591 435
381 666 288 325
342 666 381 120
291 666 342 137
326 667 12 11
486 159 308 293
12 667 291 13
437 668 263 728
436 668 437 706
315 668 436 638
735 505 175 356
721 262 686 438
440 616 303 119
298 616 440 108
442 670 245 139
441 670 442 123
243 670 441 733
137 342 712 443
389 140 443 163
294 650 16 15
140 341 650 294
666 291 667 288
695 471 750 444
471 154 406 750
121 395 641 396
446 673 424 125
312 673 446 160
424 673 312 185
800 802 590 132
275 604 96 95
447 604 275 142
361 674 447 469
324 674 361 117
429 675 448 492
379 675 429 494
675 256 165 448
451 184 450 113
449 489 513 676
450 184 449 683
36 677 397 37
259 677 36 35
256 677 259 144
599 264 681 141
368 678 348 715
165 256 144 254
245 679 453 139
814 815 243 502
453 679 440 119
332 302 615 301
332 301 49 48
455 680 359 152
454 680 455 107
645 403 146 359
141 681 403 100
456 681 264 161
403 681 456 146
416 597 457 672
249 597 416 128
253 116 355 682
251 738 458 110
254 144 258 683
703 484 612 252
229 684 460 131
653 417 652 694
460 684 471 148
462 685 460 148
461 685 462 172
460 685 461 131
367 744 353 122
353 744 376 181
262 138 356 109
358 149 363 686
262 721 463 138
432 687 465 118
748 687 432 183
465 687 267 150
465 688 385 118
466 688 465 150
385 688 466 170
665 689 250 128
246 689 344 151
250 689 246 327
442 690 415 631
415 690 247 248
447 142 691 469
467 730 271 173
468 730 467 433
470 152 359 146
468 692 364 111
360 692 468 433
401 693 244 158
430 693 659 230
244 693 430 502
621 321 153 234
621 234 59 58
602 269 601 459
350 684 229 813
471 684 350 154
472 695 445 656
471 695 472 148
695 444 125 445
473 696 432 118
407 696 473 172
432 696 409 464
697 509 746 474
543 774 517 475
451 697 474 452
477 698 476 106
476 698 506 156
380 699 478 120
476 699 380 106
478 699 476 156
374 700 479 115
479 700 370 157
482 701 481 111
257 701 482 161
481 701 480 371
614 299 702 323
431 702 299 108
814 622 323 702
441 162 399 733
483 162 441 123
485 703 252 255
309 703 485 112
484 703 309 159
487 704 88 87
726 486 704 487
704 317 89 88
351 705 444 750
396 705 351 121
510 115 436 706
444 705 446 125
313 167 375 488
446 705 396 160
364 707 482 111
456 707 470 146
482 707 456 161
479 708 436 115
480 708 479 157
436 708 257 638
592 420 654 402
592 419 320 420
483 654 400 162
661 710 483 123
402 654 483 710
490 711 393 387
393 711 390 671
712 342 120 478
391 712 478 156
443 712 391 163
90 713 491 91
293 308 620 316
491 713 316 164
624 648 491 164
382 648 624 633
491 648 92 91
448 122 353 492
397 677 256 143
252 150 267 255
448 165 368 122
675 379 143 256
708 480 701 257
413 717 284 760
392 107 490 387
166 279 649 280
398 718 42 41
282 718 398 133
718 280 43 42
457 597 253 682
427 643 379 494
457 719 422 672
457 682 493 719
395 719 493 167
32 720 495 33
498 720 32 31
370 349 495 720
742 155 463 721
495 180 34 33
407 172 462 365
477 722 496 239
657 722 477 106
496 722 426 168
485 723 410 112
497 723 485 179
410 723 497 306
246 151 343 248
499 327 241 169
501 724 412 114
500 724 501 177
412 174 278 242
86 725 487 87
812 725 86 85
719 395 121 422
252 612 466 150
486 726 484 159
612 292 170 466
455 727 490 107
727 360 433 338
490 727 338 171
390 711 434 669
377 99 348 676
434 711 490 171
472 365 462 148
260 365 472 656
358 109 357 728
754 419 592 637
461 729 383 131
473 729 461 172
481 730 468 111
271 730 481 371
636 274 603 691
339 731 418 129
467 731 662 433
418 731 467 173
453 732 328 139
277 732 453 119
399 158 244 733
241 103 328 732
431 108 440 679
240 732 277 174
437 734 503 706
357 734 437 728
503 734 357 175
735 356 138 439
505 735 504 373
335 698 477 239
506 698 335 176
392 736 454 107
506 736 392 156
454 736 506 176
283 737 501 114
427 737 283 133
428 177 501 737
251 147 499 738
500 738 499 169
458 738 500 177
649 279 739 607
127 507 739 279
127 281 178 507
46 740 388 47
607 740 46 45
388 740 507 178
307 126 274 633
266 179 485 255
496 741 405 239
497 741 496 306
596 741 497 179
407 365 260 508
258 349 450 683
598 261 752 742
372 113 450 349
509 113 372 182
743 355 658 354
375 743 354 181
493 743 375 167
347 744 367 715
376 744 347 99
503 745 510 706
505 745 503 175
510 745 505 373
374 115 510 373
697 451 113 509
504 746 509 182
439 746 504 735
439 138 463 747
511 747 463 155
474 747 511 452
686 262 109 358
600 267 687 748
339 626 632 408
363 183 432 464
508 409 696 407
261 185 312 749
346 184 451 452
449 678 254 683
449 676 348 678
512 751 511 155
346 751 512 489
511 751 346 452
512 752 513 489
742 752 512 155
513 752 261 749
513 753 377 676
311 753 513 749
377 753 313 488
515 754 637 421
514 754 515 187
419 754 514 189
547 219 518 755
516 755 518 559
533 755 516 763
519 767 521 192
520 767 519 211
567 795 523 756
795 709 787 523
68 756 522 69
524 757 226 101
518 757 524 559
757 518 219 217
525 782 527 203
759 530 788 526
792 583 207 530
528 759 526 541
529 759 528 758
238 764 524 101
283 114 413 760
531 320 419 189
64 761 222 65
218 761 64 63
809 761 218 194
762 535 475 517
532 762 517 188
533 762 532 190
535 763 534 193
533 763 535 762
534 763 516 191
531 230 659 320
536 764 531 189
524 764 536 559
213 580 207 765
200 567 808 221
200 221 195 537
569 541 526 780
539 766 555 198
540 766 539 188
543 475 542 784
520 200 537 767
542 475 535 193
578 799 552 768
544 768 552 209
545 768 544 210
547 755 533 190
806 219 547 589
757 217 186 226
521 773 555 192
521 771 548 773
777 563 206 770
532 188 539 550
547 190 549 589
548 771 551 201
521 767 537 771
551 771 537 195
798 554 772 553
552 772 554 209
546 799 709 211
556 773 548 201
555 773 556 198
525 203 558 196
558 203 557 202
545 793 514 187
536 191 516 559
514 793 536 189
551 775 556 201
807 775 551 195
556 775 560 198
790 570 781 776
532 550 549 190
539 198 560 550
543 777 561 774
770 538 557 778
527 199 561 778
564 538 770 206
562 538 564 208
561 777 770 778
566 196 565 204
756 68 67 66
563 777 543 784
549 779 220 589
560 779 549 550
220 779 807 769
568 766 540 199
555 766 568 192
579 197 776 780
528 541 542 193
542 541 569 784
776 781 569 780
563 781 570 206
569 781 563 784
566 211 525 196
561 199 540 774
527 778 557 203
571 789 562 208
566 789 571 211
782 568 199 527
519 782 525 211
568 782 519 192
558 783 565 196
572 783 558 202
565 783 572 204
562 202 557 538
575 785 574 205
581 790 573 785
574 785 573 197
577 786 576 205
553 786 577 213
576 786 546 211
515 787 578 187
523 787 515 421
799 578 787 709
580 788 530 207
580 213 577 791
526 788 579 780
572 789 566 204
562 789 572 202
570 797 564 206
573 790 776 197
581 785 575 212
574 791 577 205
579 791 574 197
580 791 579 788
582 758 534 191
210 529 758 582
534 758 528 193
583 792 544 209
792 530 759 529
544 792 529 210
536 793 582 191
540 188 517 774
582 793 545 210
576 794 575 205
211 571 796 584
575 794 584 212
222 808 567 756
520 795 567 200
709 795 520 211
585 796 571 208
584 796 585 212
211 584 794 576
564 797 585 208
570 790 581 797
585 797 581 212
583 798 765 207
554 798 583 209
798 553 213 765
786 553 772 546
578 768 545 187
546 772 552 799
224 586 98 97
606 216 800 132
801 802 587 214
801 224 604 803
594 233 186 804
804 186 217 805
805 217 219 806
779 560 775 807
222 756 66 65
808 222 761 809
345 136 330 810
651 394 640 811
655 292 725 812
84 83 350 813
702 431 815 814
431 679 245 815
98
0.208376 0.026281 -0.507606
0.205964 0.032721 -0.507457
0.205964 0.032721 -0.507457
0.248651 0.039502 -0.612629
0.212316 0.020645 -0.507484
0.208376 0.026281 -0.507606
0.219152 0.014515 -0.507021
0.212316 0.020645 -0.507484
0.226973 0.009731 -0.506350
0.219152 0.014515 -0.507021
0.241462 0.003660 -0.504950
0.226973 0.009731 -0.506350
0.256555 -0.000645 -0.503389
0.241462 0.003660 -0.504950
0.438208 -0.011146 -0.482143
0.319483 -0.009340 -0.496422
1.145077 0.181913 -2.821256
1.187764 0.188695 -2.926429
0.803581 0.127661 -1.979874
0.846268 0.134443 -2.085047
1.896860 0.100814 -1.189137
1.870210 0.091144 -1.077311
1.929856 0.262295 -3.872983
2.051007 0.277859 -3.872983
1.748267 0.237917 -3.872983
1.808833 0.245759 -3.872983
1.687514 0.231693 -3.872983
1.748267 0.237917 -3.872983
2.172168 0.293348 -3.872983
2.293447 0.307876 -3.872983
2.509803 0.323228 -3.761156
2.483153 0.313557 -3.649330
1.657035 0.229881 -3.872983
1.687514 0.231693 -3.872983
0.974329 0.154787 -2.400565
1.017016 0.161569 -2.505738
1.950159 0.120155 -1.412791
1.923510 0.110484 -1.300964
1.923510 0.110484 -1.300964
1.896860 0.100814 -1.189137
0.291338 0.046284 -0.717802
0.334025 0.053065 -0.822975
0.376712 0.059847 -0.928147
0.419398 0.066628 -1.033320
0.287857 -0.006234 -0.499990
0.256555 -0.000645 -0.503389
0.319483 -0.009340 -0.496422
0.287857 -0.006234 -0.499990
2.296605 0.245866 -2.866541
2.269955 0.236196 -2.754714
2.293447 0.307876 -3.872983
2.414883 0.321036 -3.872983
2.414883 0.321036 -3.872983
2.536452 0.332898 -3.872983
2.536452 0.332898 -3.872983
2.509803 0.323228 -3.761156
1.710312 0.033123 -0.406349
1.683662 0.023453 -0.294522
1.683662 0.023453 -0.294522
1.557504 0.023312 -0.312088
1.557504 0.023312 -0.312088
1.431517 0.022342 -0.330818
1.431517 0.022342 -0.330818
1.315079 0.020555 -0.348914
1.315079 0.020555 -0.348914
1.198732 0.017871 -0.367482
0.873777 0.006799 -0.419609
0.766059 0.002883 -0.436255
0.981421 0.010818 -0.402523
0.873777 0.006799 -0.419609
2.456503 0.303887 -3.537503
2.429853 0.294217 -3.425676
0.590146 0.093754 -1.454011
0.632833 0.100536 -1.559184
1.816911 0.071804 -0.853657
1.790261 0.062134 -0.741830
1.626501 0.229799 -3.872983
1.657035 0.229881 -3.872983
0.556706 -0.006814 -0.466580
0.438208 -0.011146 -0.482143
1.273137 0.202258 -3.136774
1.315824 0.209039 -3.241947
2.051007 0.277859 -3.872983
2.172168 0.293348 -3.872983
1.736962 0.042793 -0.518176
1.710312 0.033123 -0.406349
1.790261 0.062134 -0.741830
1.763611 0.052464 -0.630003
1.763611 0.052464 -0.630003
1.736962 0.042793 -0.518176
2.483153 0.313557 -3.649330
2.456503 0.303887 -3.537503
0.888955 0.141224 -2.190220
0.931642 0.148006 -2.295393
0.931642 0.148006 -2.295393
0.974329 0.154787 -2.400565
1.017016 0.161569 -2.505738
1.059703 0.168350 -2.610911
2.056758 0.158835 -1.860099
2.030108 0.149165 -1.748272
2.190006 0.207186 -2.419233
2.163357 0.197516 -2.307407
0.419398 0.066628 -1.033320
0.462085 0.073410 -1.138493
1.059703 0.168350 -2.610911
1.102390 0.175132 -2.716083
1.102390 0.175132 -2.716083
1.145077 0.181913 -2.821256
2.163357 0.197516 -2.307407
2.136707 0.187846 -2.195580
2.136707 0.187846 -2.195580
2.110057 0.178175 -2.083753
2.216656 0.216856 -2.531060
2.190006 0.207186 -2.419233
1.315824 0.209039 -3.241947
1.358511 0.215821 -3.347120
1.358511 0.215821 -3.347120
1.401198 0.222602 -3.452292
0.462085 0.073410 -1.138493
0.504772 0.080191 -1.243666
2.323255 0.255537 -2.978368
2.296605 0.245866 -2.866541
1.198732 0.017871 -0.367482
1.090071 0.014619 -0.385022
1.843561 0.081474 -0.965484
1.816911 0.071804 -0.853657
1.870210 0.091144 -1.077311
1.843561 0.081474 -0.965484
1.401198 0.222602 -3.452292
1.443885 0.229384 -3.557465
1.443885 0.229384 -3.557465
1.486572 0.236165 -3.662638
2.403204 0.284547 -3.313849
2.376554 0.274877 -3.202022
1.230450 0.195476 -3.031602
1.273137 0.202258 -3.136774
1.187764 0.188695 -2.926429
1.230450 0.195476 -3.031602
0.661429 -0.001735 -0.451811
0.556706 -0.006814 -0.466580
0.766059 0.002883 -0.436255
0.661429 -0.001735 -0.451811
1.090071 0.014619 -0.385022
0.981421 0.010818 -0.402523
0.334025 0.053065 -0.822975
0.376712 0.059847 -0.928147
2.110057 0.178175 -2.083753
2.083408 0.168505 -1.971926
2.083408 0.168505 -1.971926
2.056758 0.158835 -1.860099
2.429853 0.294217 -3.425676
2.403204 0.284547 -3.313849
1.808833 0.245759 -3.872983
1.929856 0.262295 -3.872983
0.675520 0.107317 -1.664356
0.718207 0.114098 -1.769529
0.632833 0.100536 -1.559184
0.675520 0.107317 -1.664356
0.547459 0.086973 -1.348838
0.590146 0.093754 -1.454011
0.504772 0.080191 -1.243666
0.547459 0.086973 -1.348838
2.243306 0.226526 -2.642887
2.216656 0.216856 -2.531060
2.269955 0.236196 -2.754714
2.243306 0.226526 -2.642887
2.003459 0.139495 -1.636445
1.976809 0.129825 -1.524618
1.976809 0.129825 -1.524618
1.950159 0.120155 -1.412791
2.030108 0.149165 -1.748272
2.003459 0.139495 -1.636445
0.718207 0.114098 -1.769529
0.760894 0.120880 -1.874702
0.760894 0.120880 -1.874702
0.803581 0.127661 -1.979874
2.376554 0.274877 -3.202022
2.349904 0.265207 -3.090195
2.349904 0.265207 -3.090195
2.323255 0.255537 -2.978368
1.486572 0.236165 -3.662638
1.529259 0.242947 -3.767811
1.596215 0.233395 -3.872983
1.611276 0.230900 -3.872983
1.611276 0.230900 -3.872983
1.626501 0.229799 -3.872983
1.529259 0.242947 -3.767811
1.571946 0.249728 -3.872983
1.571946 0.249728 -3.872983
1.582031 0.238517 -3.872983
0.248651 0.039502 -0.612629
0.291338 0.046284 -0.717802
1.582031 0.238517 -3.872983
1.596215 0.233395 -3.872983
0.846268 0.134443 -2.085047
0.888955 0.141224 -2.190220
