55 39
2.536563 0.335335 3.872983 
2.536507 0.334117 3.872983 
2.536452 0.332898 3.872983 
2.414883 0.321036 3.872983 
2.293447 0.307876 3.872983 
2.172168 0.293348 3.872983 
2.051007 0.277859 3.872983 
1.929856 0.262295 3.872983 
1.808833 0.245759 3.872983 
1.748267 0.237917 3.872983 
1.687514 0.231693 3.872983 
1.657035 0.229881 3.872983 
1.626501 0.229799 3.872983 
1.611276 0.230900 3.872983 
1.596215 0.233395 3.872983 
1.582031 0.238517 3.872983 
1.571946 0.249728 3.872983 
1.574697 0.264983 3.872983 
1.584509 0.276983 3.872983 
1.596598 0.287008 3.872983 
1.609663 0.295725 3.872983 
1.637319 0.310617 3.872983 
1.666130 0.323130 3.872983 
1.725679 0.343133 3.872983 
1.786721 0.357965 3.872983 
1.911119 0.375477 3.872983 
2.036642 0.380527 3.872983 
2.162279 0.378117 3.872983 
2.287647 0.369552 3.872983 
2.412497 0.355297 3.872983 
2.412049 0.351225 3.872983 
1.590362 0.255189 3.872983 
1.602939 0.264560 3.872983 
1.618082 0.262762 3.872983 
1.646316 0.276464 3.872983 
1.676822 0.277412 3.872983 
1.737118 0.294829 3.872983 
1.797777 0.301862 3.872983 
1.922738 0.313143 3.872983 
2.169327 0.323705 3.872983 
2.290547 0.338714 3.872983 
2.043824 0.329193 3.872983 
2.453685 0.346879 3.872983 
1.582363 0.252896 3.872983 
1.610765 0.252741 3.872983 
1.596633 0.268919 3.872983 
1.660057 0.261252 3.872983 
1.633906 0.283281 3.872983 
1.713206 0.305125 3.872983 
1.761054 0.278203 3.872983 
1.877211 0.330160 3.872983 
2.210681 0.318589 3.872983 
1.965473 0.301544 3.872983 
2.372493 0.336992 3.872983 
2.125143 0.343672 3.872983 

30 43 2 1
31 43 30 29
2 43 31 3
32 44 16 15
18 44 32 19
16 44 18 17
34 45 14 13
33 45 34 21
14 45 33 15
20 46 33 21
32 46 20 19
33 46 32 15
36 47 12 11
35 47 36 23
12 47 35 13
22 48 35 23
34 48 22 21
35 48 34 13
37 49 36 11
24 49 37 25
36 49 24 23
38 50 10 9
37 50 38 25
10 50 37 11
39 51 38 9
26 51 39 27
38 51 26 25
41 52 6 5
40 52 41 29
6 52 40 7
39 53 42 27
8 53 39 9
42 53 8 7
4 54 41 5
31 54 4 3
41 54 31 29
42 55 28 27
40 55 42 7
28 55 40 29
30
2.536507 0.334117 3.872983
2.536563 0.335335 3.872983
2.536563 0.335335 3.872983
2.412497 0.355297 3.872983
2.412497 0.355297 3.872983
2.287647 0.369552 3.872983
2.536452 0.332898 3.872983
2.536507 0.334117 3.872983
1.582031 0.238517 3.872983
1.596215 0.233395 3.872983
1.584509 0.276983 3.872983
1.574697 0.264983 3.872983
1.574697 0.264983 3.872983
1.571946 0.249728 3.872983
1.571946 0.249728 3.872983
1.582031 0.238517 3.872983
1.611276 0.230900 3.872983
1.626501 0.229799 3.872983
1.596215 0.233395 3.872983
1.611276 0.230900 3.872983
1.609663 0.295725 3.872983
1.596598 0.287008 3.872983
1.596598 0.287008 3.872983
1.584509 0.276983 3.872983
1.657035 0.229881 3.872983
1.687514 0.231693 3.872983
1.626501 0.229799 3.872983
1.657035 0.229881 3.872983
1.666130 0.323130 3.872983
1.637319 0.310617 3.872983
1.637319 0.310617 3.872983
1.609663 0.295725 3.872983
1.786721 0.357965 3.872983
1.725679 0.343133 3.872983
1.725679 0.343133 3.872983
1.666130 0.323130 3.872983
1.748267 0.237917 3.872983
1.808833 0.245759 3.872983
1.687514 0.231693 3.872983
1.748267 0.237917 3.872983
2.036642 0.380527 3.872983
1.911119 0.375477 3.872983
1.911119 0.375477 3.872983
1.786721 0.357965 3.872983
2.172168 0.293348 3.872983
2.293447 0.307876 3.872983
2.051007 0.277859 3.872983
2.172168 0.293348 3.872983
1.808833 0.245759 3.872983
1.929856 0.262295 3.872983
1.929856 0.262295 3.872983
2.051007 0.277859 3.872983
2.293447 0.307876 3.872983
2.414883 0.321036 3.872983
2.414883 0.321036 3.872983
2.536452 0.332898 3.872983
2.162279 0.378117 3.872983
2.036642 0.380527 3.872983
2.287647 0.369552 3.872983
2.162279 0.378117 3.872983
