610 560
0.205964 0.032721 -0.507457 
0.208376 0.026281 -0.507606 
0.212316 0.020645 -0.507484 
0.219152 0.014515 -0.507021 
0.226973 0.009731 -0.506350 
0.241462 0.003660 -0.504950 
0.256555 -0.000645 -0.503389 
0.287857 -0.006234 -0.499990 
0.319483 -0.009340 -0.496422 
0.438208 -0.011146 -0.482143 
0.556706 -0.006814 -0.466580 
0.661429 -0.001735 -0.451811 
0.766059 0.002883 -0.436255 
0.873777 0.006799 -0.419609 
0.981421 0.010818 -0.402523 
1.090071 0.014619 -0.385022 
1.198732 0.017871 -0.367482 
1.315079 0.020555 -0.348914 
1.431517 0.022342 -0.330818 
1.557504 0.023312 -0.312088 
1.683662 0.023453 -0.294522 
1.710312 0.033123 -0.406349 
1.736962 0.042793 -0.518176 
1.763611 0.052464 -0.630003 
1.790261 0.062134 -0.741830 
1.816911 0.071804 -0.853657 
1.843561 0.081474 -0.965484 
1.870210 0.091144 -1.077311 
1.896860 0.100814 -1.189137 
1.923510 0.110484 -1.300964 
1.950159 0.120155 -1.412791 
1.976809 0.129825 -1.524618 
2.003459 0.139495 -1.636445 
2.030108 0.149165 -1.748272 
2.056758 0.158835 -1.860099 
2.083408 0.168505 -1.971926 
2.110057 0.178175 -2.083753 
2.136707 0.187846 -2.195580 
2.163357 0.197516 -2.307407 
2.190006 0.207186 -2.419233 
2.216656 0.216856 -2.531060 
2.243306 0.226526 -2.642887 
2.269955 0.236196 -2.754714 
2.296605 0.245866 -2.866541 
2.323255 0.255537 -2.978368 
2.349904 0.265207 -3.090195 
2.376554 0.274877 -3.202022 
2.403204 0.284547 -3.313849 
2.429853 0.294217 -3.425676 
2.456503 0.303887 -3.537503 
2.483153 0.313557 -3.649330 
2.509803 0.323228 -3.761156 
2.536452 0.332898 -3.872983 
2.414883 0.321036 -3.872983 
2.293447 0.307876 -3.872983 
2.172168 0.293348 -3.872983 
2.051007 0.277859 -3.872983 
1.929856 0.262295 -3.872983 
1.808833 0.245759 -3.872983 
1.748267 0.237917 -3.872983 
1.687514 0.231693 -3.872983 
1.657035 0.229881 -3.872983 
1.626501 0.229799 -3.872983 
1.611276 0.230900 -3.872983 
1.596215 0.233395 -3.872983 
1.582031 0.238517 -3.872983 
1.571946 0.249728 -3.872983 
1.529259 0.242947 -3.767811 
1.486572 0.236165 -3.662638 
1.443885 0.229384 -3.557465 
1.401198 0.222602 -3.452292 
1.358511 0.215821 -3.347120 
1.315824 0.209039 -3.241947 
1.273137 0.202258 -3.136774 
1.230450 0.195476 -3.031602 
1.187764 0.188695 -2.926429 
1.145077 0.181913 -2.821256 
1.102390 0.175132 -2.716083 
1.059703 0.168350 -2.610911 
1.017016 0.161569 -2.505738 
0.974329 0.154787 -2.400565 
0.931642 0.148006 -2.295393 
0.888955 0.141224 -2.190220 
0.846268 0.134443 -2.085047 
0.803581 0.127661 -1.979874 
0.760894 0.120880 -1.874702 
0.718207 0.114098 -1.769529 
0.675520 0.107317 -1.664356 
0.632833 0.100536 -1.559184 
0.590146 0.093754 -1.454011 
0.547459 0.086973 -1.348838 
0.504772 0.080191 -1.243666 
0.462085 0.073410 -1.138493 
0.419398 0.066628 -1.033320 
0.376712 0.059847 -0.928147 
0.334025 0.053065 -0.822975 
0.291338 0.046284 -0.717802 
0.248651 0.039502 -0.612629 
1.766821 0.235182 -3.679939 
1.819051 0.220650 -3.121747 
2.017990 0.266468 -3.680143 
1.583794 0.032834 -0.424863 
0.895416 0.028459 -0.760619 
1.353992 0.058039 -0.860805 
1.584815 0.145915 -2.055233 
1.453707 0.117259 -1.715857 
1.537908 0.095460 -1.288196 
0.840059 0.055547 -1.343337 
1.601624 0.135811 -1.861819 
1.981801 0.208836 -2.624607 
1.833371 0.193340 -2.554744 
0.629117 0.027587 -1.021397 
2.117568 0.254878 -3.213317 
0.928003 0.019242 -0.580289 
1.333946 0.142812 -2.404603 
1.734584 0.168156 -2.249783 
1.630969 0.205193 -3.242677 
1.046902 0.059085 -1.148245 
1.891501 0.167609 -2.082091 
1.447382 0.058796 -0.815892 
0.935698 0.087398 -1.852344 
0.410339 0.000983 -0.658113 
1.498138 0.067639 -0.912845 
1.411780 0.172761 -2.984402 
1.719339 0.172990 -2.354521 
1.482463 0.123660 -1.792829 
1.901520 0.236836 -3.289969 
1.260716 0.079980 -1.289286 
2.031318 0.186869 -2.250799 
1.874469 0.159293 -1.974598 
2.095193 0.270470 -3.560940 
1.322931 0.073309 -1.119323 
1.108845 0.108335 -2.055934 
1.329720 0.103455 -1.621515 
1.533049 0.187817 -3.056998 
1.333707 0.065695 -0.991106 
1.839735 0.246115 -3.727604 
1.486812 0.131651 -1.929222 
1.076563 0.033752 -0.694357 
0.809782 0.064769 -1.543182 
1.261157 0.127445 -2.197700 
1.410353 0.090833 -1.321160 
1.618697 0.208470 -3.392241 
1.581995 0.227474 -3.813313 
0.662296 0.051580 -1.359181 
1.813936 0.165790 -2.123356 
1.493642 0.151966 -2.305815 
0.858761 0.043863 -1.083873 
1.617666 0.098005 -1.272276 
1.058805 0.094416 -1.833521 
1.972130 0.237773 -3.152439 
1.525369 0.114913 -1.599243 
1.196289 0.055701 -0.947380 
2.019027 0.224162 -2.829230 
0.984552 0.072159 -1.477397 
1.935444 0.150116 -1.807613 
1.232765 0.096460 -1.613067 
1.683059 0.142638 -1.887852 
1.713865 0.230986 -3.773058 
1.575210 0.216223 -3.683173 
1.599462 0.227218 -3.828164 
1.613792 0.226022 -3.822153 
1.600837 0.221534 -3.759033 
1.596472 0.224996 -3.802847 
1.622786 0.227278 -3.840409 
1.597299 0.228040 -3.834079 
1.583161 0.226636 -3.807817 
1.597034 0.227633 -3.830103 
1.591068 0.227662 -3.824685 
1.561571 0.212020 -3.619997 
1.580814 0.227151 -3.809426 
1.586951 0.227003 -3.814843 
1.583826 0.225017 -3.794006 
1.585812 0.227307 -3.816224 
1.580266 0.221703 -3.757088 
1.590044 0.220352 -3.742573 
1.584341 0.226965 -3.811811 
1.580998 0.225543 -3.796209 
0.261119 0.011522 -0.575155 
0.268643 0.002608 -0.540855 
0.306494 -0.003075 -0.545847 
1.670370 0.227003 -3.791059 
1.627543 0.227957 -3.850196 
1.644852 0.225518 -3.800999 
1.615635 0.226952 -3.834439 
1.603776 0.227634 -3.835624 
1.593648 0.231742 -3.858815 
0.430582 -0.003259 -0.604494 
0.311341 0.019104 -0.695925 
0.603185 0.002096 -0.584550 
1.714036 0.229179 -3.708363 
1.378344 0.165467 -2.875357 
1.481269 0.174286 -2.834242 
1.700852 0.225389 -3.630870 
1.804812 0.236902 -3.572802 
1.677643 0.086815 -1.088109 
1.770624 0.237636 -3.753605 
1.835652 0.247629 -3.801867 
2.366040 0.303107 -3.648986 
2.156451 0.286938 -3.768449 
2.286179 0.301284 -3.759380 
1.055222 0.051980 -1.017373 
1.933443 0.229622 -3.065860 
1.811785 0.229287 -3.345251 
1.771983 0.230333 -3.495018 
1.927123 0.243360 -3.375596 
1.736432 0.199210 -2.833972 
1.787791 0.213288 -3.029009 
1.753746 0.205723 -2.937661 
1.887885 0.215736 -2.879176 
0.953437 0.074411 -1.572866 
1.795356 0.158726 -2.031856 
1.021206 0.083023 -1.648895 
2.009156 0.177740 -2.139154 
1.421173 0.098815 -1.440200 
1.850017 0.150470 -1.865976 
1.962150 0.159418 -1.917906 
1.235913 0.119830 -2.074158 
1.337712 0.123988 -1.993218 
1.433095 0.119695 -1.783854 
1.354184 0.100139 -1.534133 
1.353596 0.088580 -1.338768 
1.249199 0.086281 -1.410937 
1.054323 0.080671 -1.546195 
1.094469 0.092172 -1.722900 
1.735163 0.111138 -1.388136 
0.730256 0.033833 -1.048667 
0.419545 0.025396 -0.897047 
2.092725 0.247294 -3.118953 
1.827667 0.242238 -3.650616 
2.148110 0.230613 -2.782794 
1.374862 0.039875 -0.588255 
1.460062 0.031890 -0.446306 
1.234091 0.027874 -0.492456 
1.701358 0.177898 -2.471672 
0.875652 0.080105 -1.763017 
0.724146 0.064007 -1.531136 
1.026210 0.022272 -0.550470 
1.990219 0.259276 -3.583542 
2.207607 0.281372 -3.538102 
2.292736 0.282618 -3.420068 
0.851112 0.050413 -1.225176 
0.759711 0.060653 -1.495078 
0.828561 0.060716 -1.456969 
0.766503 0.049121 -1.299942 
1.363672 0.135745 -2.187332 
1.470718 0.147177 -2.247484 
1.267203 0.095331 -1.551065 
1.325252 0.092283 -1.430787 
0.689517 0.058621 -1.452372 
0.678753 0.071011 -1.550839 
1.669827 0.061066 -0.757455 
1.626712 0.213578 -3.527349 
1.920973 0.255486 -3.703593 
0.548434 0.015329 -0.858683 
0.730093 0.010992 -0.612477 
1.863110 0.228842 -3.202093 
1.413179 0.184347 -3.229618 
1.450497 0.180618 -3.096215 
2.037135 0.272532 -3.776159 
2.260264 0.273075 -3.310103 
1.123525 0.053705 -0.981258 
1.125424 0.060942 -1.102228 
1.506991 0.181059 -2.945160 
1.624488 0.141762 -1.935348 
1.794420 0.132326 -1.646771 
1.665112 0.154387 -2.100731 
1.817530 0.141508 -1.761017 
0.995079 0.105989 -2.129450 
1.244578 0.136765 -2.457036 
1.169010 0.138124 -2.578962 
1.655511 0.163316 -2.270741 
1.820971 0.185538 -2.436347 
1.709800 0.185237 -2.599077 
1.500484 0.121728 -1.738395 
1.467038 0.110149 -1.580412 
1.393757 0.111568 -1.688033 
1.258272 0.072020 -1.157889 
1.410246 0.066621 -0.950279 
1.301278 0.105313 -1.690593 
1.511351 0.083189 -1.126381 
1.092091 0.078844 -1.456442 
1.737792 0.162660 -2.153625 
1.486656 0.041369 -0.561683 
1.605612 0.155603 -2.201461 
1.625268 0.127493 -1.704322 
1.655633 0.135394 -1.799934 
1.542036 0.153920 -2.266045 
1.544337 0.149142 -2.171097 
2.058868 0.196297 -2.362975 
0.830737 0.015880 -0.602289 
1.768604 0.122353 -1.523669 
0.525021 0.038544 -1.122595 
1.276442 0.143434 -2.551844 
1.140809 0.078139 -1.387318 
2.242735 0.264935 -3.202994 
1.170627 0.035998 -0.656015 
1.311844 0.048065 -0.740819 
1.316101 0.151087 -2.654190 
1.421159 0.148482 -2.354998 
1.298219 0.135780 -2.315160 
1.594632 0.069095 -0.887459 
2.118250 0.214770 -2.578331 
1.678061 0.217855 -3.466830 
1.127405 0.069291 -1.245084 
0.979537 0.058205 -1.206024 
1.087159 0.122775 -2.363888 
1.146075 0.105084 -1.913769 
1.555107 0.060090 -0.783702 
1.257836 0.111212 -1.857486 
0.602729 0.010981 -0.749811 
1.473332 0.218369 -3.596152 
1.636521 0.112015 -1.461481 
1.606369 0.042236 -0.537120 
1.610787 0.194852 -3.015788 
1.464392 0.167715 -2.707735 
1.744935 0.079689 -0.970758 
1.549552 0.076653 -1.011277 
1.608853 0.214626 -3.610186 
1.558307 0.205124 -3.479469 
1.530851 0.221341 -3.704423 
1.381923 0.150995 -2.493101 
1.196217 0.078193 -1.327561 
0.501813 0.005662 -0.723576 
0.775029 0.029537 -0.910829 
1.958499 0.200310 -2.515160 
1.923211 0.183315 -2.288241 
1.748986 0.230918 -3.609636 
2.056195 0.261278 -3.456332 
1.202250 0.099187 -1.701302 
1.321036 0.168782 -3.012924 
1.352287 0.116367 -1.828617 
1.520450 0.126575 -1.798067 
2.143512 0.263074 -3.317016 
1.690476 0.214919 -3.325015 
1.577607 0.196196 -3.156961 
1.583382 0.227744 -3.817027 
1.152584 0.118397 -2.205211 
0.549354 0.026432 -1.014826 
1.822169 0.172469 -2.220017 
1.709318 0.149660 -1.973293 
1.744375 0.142461 -1.829649 
2.002475 0.245292 -3.242200 
1.268048 0.056894 -0.906094 
1.262850 0.064467 -1.030370 
1.381589 0.082035 -1.206811 
1.566301 0.167888 -2.504564 
1.849184 0.201343 -2.674580 
1.801163 0.100043 -1.211370 
1.012465 0.096340 -1.945634 
1.482150 0.127260 -1.856577 
1.275536 0.107514 -1.764158 
0.594883 0.034946 -1.133944 
1.391051 0.074282 -1.078649 
1.595757 0.226124 -3.814381 
0.987763 0.031755 -0.737237 
0.971661 0.040592 -0.900127 
1.042413 0.114499 -2.248161 
1.548858 0.106705 -1.449156 
1.469120 0.092978 -1.303763 
0.861010 0.070230 -1.603243 
0.913566 0.063570 -1.405878 
0.772419 0.067926 -1.595963 
0.770913 0.080048 -1.727002 
1.542758 0.151668 -2.221489 
1.646844 0.148111 -2.016123 
0.604940 0.056488 -1.353850 
1.821456 0.178889 -2.324525 
1.544515 0.158343 -2.348934 
1.904440 0.140455 -1.694852 
0.957112 0.047701 -1.037562 
1.857671 0.121395 -1.465370 
2.039469 0.231487 -2.924796 
2.002142 0.216786 -2.728984 
1.840759 0.235997 -3.433530 
1.577251 0.130519 -1.800728 
1.585331 0.120331 -1.628683 
1.129529 0.044945 -0.830962 
1.244045 0.115267 -1.960477 
1.545353 0.134503 -1.904954 
1.497855 0.136593 -2.004357 
1.586707 0.216145 -3.676311 
1.548996 0.219375 -3.710556 
1.613951 0.222445 -3.769396 
1.598771 0.226522 -3.820637 
1.645548 0.223882 -3.764214 
1.582792 0.227166 -3.811776 
1.508663 0.224632 -3.685140 
1.564288 0.229353 -3.801554 
1.585695 0.228144 -3.822820 
1.586795 0.225342 -3.799613 
1.588725 0.227664 -3.822286 
1.591479 0.224910 -3.798830 
1.590814 0.223734 -3.785622 
1.585865 0.224760 -3.793196 
1.659187 0.222561 -3.696674 
1.605198 0.226624 -3.825859 
1.613485 0.224970 -3.808012 
1.603209 0.223513 -3.787120 
1.600066 0.225515 -3.810631 
1.609984 0.219101 -3.711195 
1.595708 0.228028 -3.832470 
1.598022 0.227476 -3.829482 
1.593517 0.227346 -3.824263 
1.588869 0.225633 -3.804137 
1.592580 0.225777 -3.808503 
1.591956 0.226646 -3.816405 
1.583737 0.220367 -3.742087 
1.869993 0.208910 -2.780743 
1.574601 0.224735 -3.782821 
1.626357 0.225457 -3.813599 
1.611603 0.226416 -3.826449 
1.603359 0.227184 -3.830706 
1.531898 0.206981 -3.550152 
1.570582 0.218159 -3.710503 
1.578451 0.223076 -3.770690 
1.591461 0.227885 -3.826997 
1.586344 0.227876 -3.821437 
1.586341 0.227675 -3.819811 
1.636278 0.222342 -3.744446 
1.591027 0.227267 -3.821198 
1.588100 0.226767 -3.813932 
1.591632 0.228838 -3.835058 
1.590642 0.227744 -3.824955 
1.586239 0.226291 -3.807909 
1.585601 0.227000 -3.813431 
1.583388 0.226908 -3.810324 
1.581840 0.226959 -3.809053 
1.579919 0.227225 -3.808972 
1.579419 0.226689 -3.804188 
1.582925 0.226149 -3.803420 
1.582181 0.225659 -3.798388 
1.598358 0.221259 -3.755253 
1.584040 0.227281 -3.814086 
0.256373 0.019738 -0.596325 
0.268789 0.005227 -0.556440 
0.267558 0.000867 -0.528438 
1.625872 0.226127 -3.824113 
0.431282 0.006617 -0.733569 
1.277635 0.161538 -2.911273 
1.580611 0.211727 -3.594432 
1.770880 0.088888 -1.079271 
1.757877 0.237623 -3.817384 
2.129593 0.279153 -3.664948 
1.020428 0.070107 -1.382787 
1.718827 0.192430 -2.727220 
1.342710 0.119818 -1.906573 
1.300066 0.086862 -1.365159 
1.127279 0.089794 -1.621908 
1.829301 0.110905 -1.340724 
1.707638 0.099078 -1.238464 
0.666511 0.022302 -0.897755 
0.366066 0.020922 -0.793469 
0.475106 0.031098 -1.007423 
0.361171 -0.004202 -0.576535 
2.188513 0.247655 -2.998189 
2.398397 0.312858 -3.760843 
0.982662 0.084772 -1.747447 
1.344459 0.030220 -0.468796 
0.918709 0.076774 -1.668996 
2.162255 0.270934 -3.428048 
0.696884 0.044589 -1.266154 
0.771871 0.055564 -1.409880 
1.298145 0.093550 -1.483117 
0.728650 0.057580 -1.452620 
1.929384 0.259514 -3.789129 
1.901183 0.249950 -3.616806 
0.519396 -0.000710 -0.609394 
0.631621 0.043304 -1.248642 
2.249172 0.291598 -3.649905 
1.634518 0.051623 -0.647965 
1.602516 0.189295 -2.898733 
2.329859 0.292821 -3.533554 
1.206873 0.086737 -1.467352 
1.499380 0.189002 -3.196123 
1.519310 0.050849 -0.674971 
1.716036 0.212431 -3.180272 
1.517306 0.212296 -3.616233 
1.367671 0.095145 -1.433948 
1.208227 0.145613 -2.684263 
1.386384 0.141835 -2.275717 
2.090876 0.206512 -2.482836 
1.466915 0.194367 -3.370819 
1.193999 0.070515 -1.196755 
1.066055 0.068941 -1.303417 
0.756657 0.042320 -1.182343 
0.564561 0.047534 -1.238279 
1.127691 0.025301 -0.522229 
1.351003 0.158544 -2.762499 
1.705117 0.070438 -0.865754 
1.643941 0.078390 -0.990548 
0.804498 0.023855 -0.768358 
1.673728 0.220134 -3.563174 
0.722242 0.051928 -1.371977 
1.550400 0.197921 -3.301770 
1.365304 0.176365 -3.119010 
1.593994 0.183282 -2.779972 
1.411349 0.049555 -0.705129 
1.769349 0.221309 -3.260964 
1.269962 0.037898 -0.617496 
1.434893 0.160051 -2.589587 
0.481708 0.017700 -0.884799 
1.913756 0.175606 -2.181318 
1.516224 0.142230 -2.082747 
1.983646 0.168608 -2.030053 
1.726001 0.156976 -2.073608 
2.031822 0.252976 -3.337089 
1.193427 0.062826 -1.067332 
1.322638 0.081223 -1.247735 
1.584877 0.176302 -2.646583 
1.775861 0.150501 -1.924073 
1.369385 0.113971 -1.761916 
1.604847 0.151987 -2.136834 
1.661447 0.203498 -3.099939 
0.670059 0.036714 -1.150928 
1.912484 0.222729 -2.969858 
1.721836 0.225477 -3.540561 
1.174107 0.102079 -1.800216 
1.050588 0.044122 -0.888212 
1.686434 0.123917 -1.599750 
1.718339 0.133910 -1.723000 
0.889595 0.066794 -1.505644 
0.724799 0.074916 -1.635906 
1.195094 0.127447 -2.334586 
1.445062 0.082544 -1.163202 
1.478584 0.102426 -1.443604 
1.577091 0.228302 -3.813379 
2.135093 0.222685 -2.678213 
0.640144 0.064239 -1.453599 
1.470925 0.203455 -3.492411 
1.669558 0.159026 -2.175199 
1.134428 0.130991 -2.477786 
1.477628 0.156726 -2.429419 
1.881784 0.131254 -1.583943 
1.428700 0.123944 -1.866331 
0.877168 0.035628 -0.904722 
0.705444 0.017044 -0.753864 
0.822105 0.085733 -1.824349 
0.823095 0.073553 -1.675744 
2.057867 0.238782 -3.023497 
1.410499 0.105412 -1.561614 
1.464076 0.075252 -1.041529 
1.590084 0.084579 -1.099811 
1.741147 0.223696 -3.407366 
1.544601 0.126047 -1.761915 
1.218196 0.046570 -0.784151 
1.436937 0.136894 -2.098282 
2.166239 0.239031 -2.890767 
2.219707 0.256658 -3.101397 
0.943751 0.060656 -1.302052 
1.424669 0.127913 -1.945230 
1.619559 0.165937 -2.374529 
1.591551 0.158225 -2.271245 
1.579701 0.227665 -3.812069 
1.532079 0.129886 -1.841183 
1.165545 0.087834 -1.534762 
1.341200 0.129045 -2.087162 
1.563027 0.139905 -1.977263 
1.426753 0.131993 -2.019233 
1.455433 0.142629 -2.181800 
1.544974 0.213888 -3.649275 
1.627063 0.223977 -3.788219 
1.558012 0.232031 -3.804016 
1.673217 0.225363 -3.737138 
1.599227 0.223516 -3.786373 
1.588541 0.224568 -3.793241 
1.608956 0.230385 -3.866172 
1.604581 0.225851 -3.816768 
1.609727 0.223977 -3.793981 
1.583211 0.224736 -3.790799 
1.592832 0.227496 -3.824973 
1.636092 0.218310 -3.640743 
1.605791 0.228103 -3.841865 
1.587599 0.227186 -3.817074 
1.589263 0.228021 -3.825828 
1.590587 0.228147 -3.828288 
1.593947 0.226987 -3.821344 
1.584533 0.226635 -3.809230 
1.589741 0.226953 -3.817169 
1.587797 0.227483 -3.819796 
1.607204 0.227096 -3.832227 
1.584532 0.226367 -3.806912 
1.586150 0.226673 -3.811189 
1.587190 0.227758 -3.821415 
1.589444 0.226477 -3.812585 
1.578134 0.226043 -3.797533 
1.563991 0.223548 -3.761734 
1.584276 0.225485 -3.798774 
1.583306 0.227629 -3.816038 
1.580450 0.226443 -3.803327 
1.586598 0.224109 -3.787127 
1.602089 0.217540 -3.688693 
1.584775 0.228527 -3.824659 
1.572404 0.221535 -3.750532 
0.330763 -0.001561 -0.582212 
0.328573 0.008636 -0.662448 
0.337575 0.002558 -0.625458 
0.402983 0.011580 -0.767668 
1.693065 0.231001 -3.842894 
1.665288 0.228418 -3.835130 
1.637258 0.226904 -3.832891 
1.601939 0.227411 -3.831996 
1.589232 0.229550 -3.837703 
1.608311 0.228736 -3.850117 
1.934314 0.191315 -2.399949 
1.248126 0.153265 -2.792003 
0.875481 0.091779 -1.922299 
0.932722 0.098436 -2.023279 
1.871970 0.243201 -3.528090 
1.955605 0.251239 -3.486046 

98 435 2 1
596 179 435 189
2 435 179 3
179 436 4 3
180 436 597 595
4 436 180 5
180 437 6 5
181 437 180 595
6 437 181 7
581 602 166 186
601 165 183 600
185 165 601 438
423 166 402 593
165 604 567 183
311 468 188 324
188 468 10 9
439 597 596 598
446 497 472 207
124 264 193 192
440 606 77 76
608 269 133 350
608 607 85 84
154 210 516 373
442 349 29 28
317 491 196 442
117 335 499 477
198 443 60 59
197 443 198 137
60 443 599 61
470 444 200 201
199 457 52 51
240 131 444 470
118 371 148 306
599 600 62 61
230 99 197 137
373 548 231 154
151 257 127 343
206 375 609 610
205 375 204 544
516 208 100 203
485 306 550 445
226 313 520 292
221 464 248 134
146 212 506 283
80 532 307 81
556 157 248 474
216 130 217 156
332 447 551 535
219 447 310 379
218 557 219 379
223 448 128 323
249 448 223 464
222 448 249 479
224 449 556 282
225 449 224 213
450 372 31 30
349 450 30 29
450 226 292 372
442 196 451 349
543 281 107 149
226 451 149 313
515 112 339 353
96 453 189 97
454 293 353 339
454 339 502 228
94 454 228 95
181 455 8 7
324 188 455 122
8 455 188 9
456 548 373 540
540 203 151 229
231 548 44 43
199 470 201 457
54 457 201 55
52 457 54 53
20 102 22 21
233 284 314 102
233 102 20 19
284 476 471 314
488 297 500 234
18 459 233 19
234 459 18 17
498 476 284 232
539 364 538 236
291 114 14 13
14 114 238 15
461 329 131 240
241 473 50 49
104 279 123 120
261 334 461 241
469 145 494 462
242 486 245 108
245 463 244 108
494 463 245 462
244 463 243 140
560 246 481 247
218 133 338 141
464 221 479 249
248 464 223 474
277 541 221 134
251 529 90 89
237 250 529 251
250 465 494 145
309 302 490 252
252 490 26 25
62 600 183 63
197 99 191 159
230 137 254 467
338 133 269 358
10 468 190 11
190 537 492 256
208 514 477 100
499 204 127 257
331 496 259 124
258 496 74 73
336 514 315 135
101 254 466 260
260 466 58 57
469 353 293 487
201 200 56 55
444 101 260 200
56 200 260 57
102 314 23 22
24 471 252 25
314 471 24 23
230 467 609 195
508 262 202 263
263 202 371 118
439 598 502 255
264 472 497 193
315 472 264 135
326 482 290 605
50 473 199 51
241 461 240 473
240 470 199 473
365 288 553 285
341 158 265 366
82 358 269 83
307 358 82 81
271 532 80 79
270 532 271 294
369 553 288 147
276 106 275 152
354 542 279 136
325 452 227 148
542 354 525 281
495 117 336 475
280 134 248 157
34 156 217 35
109 287 286 376
283 531 272 116
445 155 224 282
516 210 209 208
232 459 234 500
492 103 291 256
520 286 287 521
553 272 531 285
521 342 268 266
365 285 513 289
290 482 40 39
499 257 100 477
311 452 325 537
266 534 372 292
293 454 94 93
225 213 458 150
322 115 270 294
474 295 282 556
215 142 222 479
474 223 323 295
296 113 334 261
78 480 271 79
606 480 78 77
271 480 299 294
301 481 246 141
294 299 501 322
247 481 300 147
38 129 290 39
214 129 38 37
40 482 303 41
326 605 273 111
304 143 320 253
72 483 258 73
530 483 72 71
258 483 495 475
305 484 263 118
484 128 509 278
484 278 508 263
305 485 295 323
306 485 305 118
295 485 445 282
156 370 268 216
332 352 310 447
512 280 352 332
245 486 515 462
462 515 353 469
478 414 530 312
548 456 45 44
459 232 284 233
488 234 17 16
500 297 546 298
475 259 496 258
299 489 316 501
440 192 489 606
316 489 192 193
26 490 317 27
309 120 123 302
317 442 28 27
318 543 196 491
312 388 321 478
312 530 71 70
70 69 388 312
236 121 458 460
122 439 255 324
190 468 311 537
537 325 536 492
148 227 486 242
326 110 303 482
347 510 274 235
327 368 273 605
327 605 290 129
517 304 253 493
205 517 328 195
465 243 463 494
239 101 444 131
48 47 296 261
320 143 495 483
523 363 237 251
107 359 313 149
498 120 309 476
74 496 331 75
510 316 193 497
331 440 76 75
124 192 440 331
116 272 552 125
190 256 12 11
363 140 243 237
12 256 291 13
215 479 221 541
545 377 152 275
535 220 512 332
456 540 229 549
558 381 504 105
127 204 375 206
117 477 514 336
204 499 335 544
324 255 452 311
238 488 16 15
139 297 488 238
347 552 369 533
115 300 481 301
503 214 505 119
595 597 439 122
228 453 96 95
228 502 598 453
255 502 339 112
327 503 340 368
129 214 503 327
503 119 146 340
287 158 342 521
267 506 341 366
342 158 341 511
36 505 214 37
217 505 36 35
119 505 217 130
448 222 509 128
283 506 267 531
146 119 130 212
206 507 343 127
610 609 467 239
343 507 334 113
261 241 49 48
132 354 136 345
345 153 262 508
484 305 323 128
346 509 222 142
278 509 346 132
316 510 347 501
446 207 409 348
446 348 111 274
212 130 216 511
522 361 460 211
150 458 121 350
491 317 490 302
350 133 308 150
220 126 275 106
277 134 280 512
220 535 351 126
330 449 225 518
225 150 308 518
207 209 210 409
105 504 289 513
336 135 259 475
315 514 208 209
132 345 508 278
328 517 493 194
205 195 609 375
466 254 137 198
466 198 59 58
451 226 450 349
608 350 121 607
379 310 518 308
330 518 310 352
109 380 558 265
407 577 385 355
109 265 158 287
357 519 356 103
356 519 378 139
356 114 291 103
238 114 356 139
360 526 359 107
215 526 360 142
239 131 329 610
239 467 254 101
335 143 304 544
320 483 530 414
211 155 362 522
244 522 362 108
361 522 244 140
364 523 88 87
539 363 523 364
523 251 89 88
524 307 532 270
301 524 270 115
338 358 307 524
247 147 288 365
338 524 301 141
281 525 360 107
346 525 354 132
360 525 346 142
441 319 253 320
495 143 335 117
120 498 298 104
298 498 232 500
90 529 367 91
237 243 465 250
367 529 250 145
469 487 367 145
487 293 93 92
367 487 92 91
340 116 125 368
123 318 491 302
340 146 283 116
111 273 235 274
303 528 42 41
528 231 43 42
446 274 510 497
347 533 322 501
347 235 125 552
300 533 369 147
32 534 370 33
372 534 32 31
551 138 351 535
370 156 34 33
357 536 371 202
492 536 357 103
371 536 325 148
227 452 255 112
550 242 108 362
207 472 315 209
374 528 303 110
195 328 99 230
86 538 364 87
607 538 86 85
533 300 115 322
211 460 458 213
363 539 361 140
236 460 361 539
136 344 153 345
540 373 516 203
374 154 231 528
285 531 267 513
277 106 276 541
319 592 401 572
104 344 136 279
123 279 542 318
227 112 515 486
318 542 281 543
543 149 451 196
151 203 100 257
229 151 343 113
304 517 205 544
329 461 334 507
276 526 215 541
359 526 276 152
545 275 126 333
377 545 376 286
262 519 357 202
378 519 262 153
298 546 344 104
546 297 139 378
344 546 378 153
326 111 348 110
547 557 246 560
46 549 296 47
456 549 46 45
229 113 296 549
211 213 224 155
148 242 550 306
550 362 155 445
308 133 218 379
216 268 342 511
219 559 551 447
125 235 273 368
369 552 272 553
266 268 370 534
377 313 359 152
520 313 377 286
292 520 521 266
333 555 376 545
333 126 351 555
380 555 351 138
587 527 554 410
512 220 106 277
330 157 556 449
309 252 471 476
280 157 330 352
218 141 246 557
341 506 212 511
504 381 559 547
381 558 380 138
265 558 105 366
109 376 555 380
513 267 366 105
551 559 381 138
547 560 289 504
547 559 219 557
289 560 247 365
383 561 478 321
415 160 170 561
441 382 592 319
411 184 386 562
384 562 386 420
398 562 384 569
603 423 593 389
593 527 587 389
68 563 388 69
564 396 420 386
564 386 184 182
575 424 584 418
566 395 588 391
591 570 173 395
393 566 391 405
394 566 393 565
328 194 191 99
493 253 319 572
64 567 187 65
183 567 64 63
165 185 573 604
568 400 355 385
397 568 385 161
398 568 397 162
400 569 399 164
398 569 400 568
399 569 384 163
493 572 396 194
564 191 194 396
420 396 572 401
178 432 173 570
573 186 166 423
160 382 441 170
425 405 391 582
403 571 417 168
404 571 403 161
407 355 406 585
406 355 400 164
408 160 415 175
382 160 408 176
411 562 398 162
601 184 411 438
564 182 159 191
390 576 417 575
579 422 172 574
397 161 403 413
411 162 412 438
402 168 417 576
554 527 576 390
170 441 320 414
574 174 419 580
374 409 210 154
401 163 384 420
414 478 561 170
402 166 602 168
321 388 563 389
177 426 583 578
397 413 412 162
403 168 602 413
407 579 421 577
584 392 580 419
392 169 421 580
426 174 574 172
563 68 67 66
422 579 407 585
412 581 185 438
602 581 412 413
581 186 573 185
424 571 404 169
417 571 424 575
431 167 578 582
393 405 406 164
406 405 425 585
578 583 425 582
422 583 426 172
425 583 422 585
421 169 404 577
434 589 419 174
337 429 554 390
575 418 337 390
584 424 169 392
418 589 144 337
589 434 387 144
421 579 574 580
428 387 427 167
430 586 429 171
416 586 430 178
429 586 410 554
415 561 383 594
389 587 383 321
594 383 587 410
432 588 395 173
432 178 430 590
391 588 431 582
419 589 418 584
427 177 578 167
428 590 430 171
431 590 428 167
432 590 431 588
433 565 399 163
176 394 565 433
399 565 393 164
570 591 408 175
591 395 566 394
408 591 394 176
401 592 433 163
404 161 385 577
433 592 382 176
144 387 428 171
427 387 434 177
409 374 110 348
573 423 603 604
527 593 402 576
434 174 426 177
171 429 337 144
175 416 178 570
594 410 586 416
594 416 175 415
189 435 98 97
455 181 595 122
596 597 436 179
596 189 453 598
443 197 159 599
599 159 182 600
600 182 184 601
603 389 563 187
187 563 66 65
603 187 567 604
264 124 259 135
489 299 480 606
121 236 538 607
84 83 269 608
329 507 206 610
98
0.208376 0.026281 -0.507606
0.205964 0.032721 -0.507457
0.205964 0.032721 -0.507457
0.248651 0.039502 -0.612629
0.212316 0.020645 -0.507484
0.208376 0.026281 -0.507606
0.219152 0.014515 -0.507021
0.212316 0.020645 -0.507484
0.226973 0.009731 -0.506350
0.219152 0.014515 -0.507021
0.241462 0.003660 -0.504950
0.226973 0.009731 -0.506350
0.256555 -0.000645 -0.503389
0.241462 0.003660 -0.504950
0.438208 -0.011146 -0.482143
0.319483 -0.009340 -0.496422
1.145077 0.181913 -2.821256
1.187764 0.188695 -2.926429
0.803581 0.127661 -1.979874
0.846268 0.134443 -2.085047
1.896860 0.100814 -1.189137
1.870210 0.091144 -1.077311
1.748267 0.237917 -3.872983
1.808833 0.245759 -3.872983
1.687514 0.231693 -3.872983
1.748267 0.237917 -3.872983
2.509803 0.323228 -3.761156
2.483153 0.313557 -3.649330
1.657035 0.229881 -3.872983
1.687514 0.231693 -3.872983
0.974329 0.154787 -2.400565
1.017016 0.161569 -2.505738
1.950159 0.120155 -1.412791
1.923510 0.110484 -1.300964
1.923510 0.110484 -1.300964
1.896860 0.100814 -1.189137
0.291338 0.046284 -0.717802
0.334025 0.053065 -0.822975
0.376712 0.059847 -0.928147
0.419398 0.066628 -1.033320
0.287857 -0.006234 -0.499990
0.256555 -0.000645 -0.503389
0.319483 -0.009340 -0.496422
0.287857 -0.006234 -0.499990
2.296605 0.245866 -2.866541
2.269955 0.236196 -2.754714
2.293447 0.307876 -3.872983
2.414883 0.321036 -3.872983
2.414883 0.321036 -3.872983
2.536452 0.332898 -3.872983
2.536452 0.332898 -3.872983
2.509803 0.323228 -3.761156
1.710312 0.033123 -0.406349
1.683662 0.023453 -0.294522
1.683662 0.023453 -0.294522
1.557504 0.023312 -0.312088
1.557504 0.023312 -0.312088
1.431517 0.022342 -0.330818
1.431517 0.022342 -0.330818
1.315079 0.020555 -0.348914
1.315079 0.020555 -0.348914
1.198732 0.017871 -0.367482
0.873777 0.006799 -0.419609
0.766059 0.002883 -0.436255
0.981421 0.010818 -0.402523
0.873777 0.006799 -0.419609
2.456503 0.303887 -3.537503
2.429853 0.294217 -3.425676
0.590146 0.093754 -1.454011
0.632833 0.100536 -1.559184
1.816911 0.071804 -0.853657
1.790261 0.062134 -0.741830
1.626501 0.229799 -3.872983
1.657035 0.229881 -3.872983
0.556706 -0.006814 -0.466580
0.438208 -0.011146 -0.482143
1.273137 0.202258 -3.136774
1.315824 0.209039 -3.241947
1.929856 0.262295 -3.872983
2.051007 0.277859 -3.872983
2.172168 0.293348 -3.872983
2.293447 0.307876 -3.872983
2.051007 0.277859 -3.872983
2.172168 0.293348 -3.872983
1.736962 0.042793 -0.518176
1.710312 0.033123 -0.406349
1.790261 0.062134 -0.741830
1.763611 0.052464 -0.630003
1.763611 0.052464 -0.630003
1.736962 0.042793 -0.518176
2.483153 0.313557 -3.649330
2.456503 0.303887 -3.537503
0.888955 0.141224 -2.190220
0.931642 0.148006 -2.295393
0.931642 0.148006 -2.295393
0.974329 0.154787 -2.400565
1.017016 0.161569 -2.505738
1.059703 0.168350 -2.610911
2.056758 0.158835 -1.860099
2.030108 0.149165 -1.748272
2.190006 0.207186 -2.419233
2.163357 0.197516 -2.307407
0.419398 0.066628 -1.033320
0.462085 0.073410 -1.138493
1.059703 0.168350 -2.610911
1.102390 0.175132 -2.716083
1.102390 0.175132 -2.716083
1.145077 0.181913 -2.821256
2.163357 0.197516 -2.307407
2.136707 0.187846 -2.195580
2.136707 0.187846 -2.195580
2.110057 0.178175 -2.083753
2.216656 0.216856 -2.531060
2.190006 0.207186 -2.419233
1.315824 0.209039 -3.241947
1.358511 0.215821 -3.347120
1.358511 0.215821 -3.347120
1.401198 0.222602 -3.452292
2.323255 0.255537 -2.978368
2.296605 0.245866 -2.866541
1.198732 0.017871 -0.367482
1.090071 0.014619 -0.385022
1.843561 0.081474 -0.965484
1.816911 0.071804 -0.853657
1.870210 0.091144 -1.077311
1.843561 0.081474 -0.965484
1.401198 0.222602 -3.452292
1.443885 0.229384 -3.557465
1.443885 0.229384 -3.557465
1.486572 0.236165 -3.662638
2.403204 0.284547 -3.313849
2.376554 0.274877 -3.202022
1.230450 0.195476 -3.031602
1.273137 0.202258 -3.136774
1.187764 0.188695 -2.926429
1.230450 0.195476 -3.031602
0.661429 -0.001735 -0.451811
0.556706 -0.006814 -0.466580
0.766059 0.002883 -0.436255
0.661429 -0.001735 -0.451811
1.090071 0.014619 -0.385022
0.981421 0.010818 -0.402523
0.334025 0.053065 -0.822975
0.376712 0.059847 -0.928147
2.110057 0.178175 -2.083753
2.083408 0.168505 -1.971926
2.083408 0.168505 -1.971926
2.056758 0.158835 -1.860099
2.429853 0.294217 -3.425676
2.403204 0.284547 -3.313849
1.808833 0.245759 -3.872983
1.929856 0.262295 -3.872983
0.675520 0.107317 -1.664356
0.718207 0.114098 -1.769529
0.632833 0.100536 -1.559184
0.675520 0.107317 -1.664356
0.547459 0.086973 -1.348838
0.590146 0.093754 -1.454011
0.462085 0.073410 -1.138493
0.504772 0.080191 -1.243666
0.504772 0.080191 -1.243666
0.547459 0.086973 -1.348838
2.243306 0.226526 -2.642887
2.216656 0.216856 -2.531060
2.269955 0.236196 -2.754714
2.243306 0.226526 -2.642887
2.003459 0.139495 -1.636445
1.976809 0.129825 -1.524618
1.976809 0.129825 -1.524618
1.950159 0.120155 -1.412791
2.030108 0.149165 -1.748272
2.003459 0.139495 -1.636445
0.718207 0.114098 -1.769529
0.760894 0.120880 -1.874702
0.760894 0.120880 -1.874702
0.803581 0.127661 -1.979874
2.376554 0.274877 -3.202022
2.349904 0.265207 -3.090195
2.349904 0.265207 -3.090195
2.323255 0.255537 -2.978368
1.486572 0.236165 -3.662638
1.529259 0.242947 -3.767811
1.596215 0.233395 -3.872983
1.611276 0.230900 -3.872983
1.611276 0.230900 -3.872983
1.626501 0.229799 -3.872983
1.529259 0.242947 -3.767811
1.571946 0.249728 -3.872983
1.571946 0.249728 -3.872983
1.582031 0.238517 -3.872983
0.248651 0.039502 -0.612629
0.291338 0.046284 -0.717802
1.582031 0.238517 -3.872983
1.596215 0.233395 -3.872983
0.846268 0.134443 -2.085047
0.888955 0.141224 -2.190220
