53 37
1.571946 0.249728 -3.872983 
1.574697 0.264983 -3.872983 
1.584509 0.276983 -3.872983 
1.596598 0.287008 -3.872983 
1.609663 0.295725 -3.872983 
1.637319 0.310617 -3.872983 
1.666130 0.323130 -3.872983 
1.725679 0.343133 -3.872983 
1.786721 0.357965 -3.872983 
1.911119 0.375477 -3.872983 
2.036642 0.380527 -3.872983 
2.162279 0.378117 -3.872983 
2.287647 0.369552 -3.872983 
2.412497 0.355297 -3.872983 
2.536563 0.335335 -3.872983 
2.536507 0.334117 -3.872983 
2.536452 0.332898 -3.872983 
2.414883 0.321036 -3.872983 
2.293447 0.307876 -3.872983 
2.172168 0.293348 -3.872983 
2.051007 0.277859 -3.872983 
1.929856 0.262295 -3.872983 
1.808833 0.245759 -3.872983 
1.748267 0.237917 -3.872983 
1.687514 0.231693 -3.872983 
1.657035 0.229881 -3.872983 
1.626501 0.229799 -3.872983 
1.611276 0.230900 -3.872983 
1.596215 0.233395 -3.872983 
1.582031 0.238517 -3.872983 
2.260955 0.335916 -3.872983 
1.590979 0.268100 -3.872983 
1.711603 0.270338 -3.872983 
1.619328 0.277935 -3.872983 
1.673747 0.295862 -3.872983 
1.791617 0.318714 -3.872983 
1.860616 0.289054 -3.872983 
2.009755 0.338725 -3.872983 
2.077560 0.308185 -3.872983 
1.586714 0.256094 -3.872983 
1.618087 0.255480 -3.872983 
1.602437 0.271963 -3.872983 
1.669898 0.264230 -3.872983 
1.642724 0.286329 -3.872983 
1.725717 0.307451 -3.872983 
1.776890 0.278750 -3.872983 
1.895244 0.331256 -3.872983 
2.130197 0.341224 -3.872983 
1.969098 0.299762 -3.872983 
2.405629 0.336967 -3.872983 
2.168003 0.312640 -3.872983 
1.600792 0.253670 -3.872983 
1.639329 0.259049 -3.872983 

31 50 18 19
18 50 16 17
40 52 29 30
2 40 30 1
32 40 2 3
41 53 27 28
52 41 28 29
45 36 46 33
34 42 4 5
42 52 40 32
4 42 32 3
43 33 25 26
53 43 26 27
35 44 6 7
41 34 44 53
6 44 34 5
43 35 45 33
8 45 35 7
36 45 8 9
24 46 37 23
33 46 24 25
47 37 46 36
37 49 22 23
47 36 9 10
38 47 10 11
48 38 11 12
48 39 49 38
22 49 39 21
37 47 38 49
16 50 14 15
14 50 31 13
20 51 31 19
39 51 20 21
31 51 39 48
31 48 12 13
42 34 41 52
44 35 43 53
30
2.414883 0.321036 -3.872983
2.293447 0.307876 -3.872983
2.536507 0.334117 -3.872983
2.536452 0.332898 -3.872983
2.536452 0.332898 -3.872983
2.414883 0.321036 -3.872983
1.596215 0.233395 -3.872983
1.582031 0.238517 -3.872983
1.582031 0.238517 -3.872983
1.571946 0.249728 -3.872983
1.571946 0.249728 -3.872983
1.574697 0.264983 -3.872983
1.574697 0.264983 -3.872983
1.584509 0.276983 -3.872983
1.626501 0.229799 -3.872983
1.611276 0.230900 -3.872983
1.611276 0.230900 -3.872983
1.596215 0.233395 -3.872983
1.596598 0.287008 -3.872983
1.609663 0.295725 -3.872983
1.584509 0.276983 -3.872983
1.596598 0.287008 -3.872983
1.687514 0.231693 -3.872983
1.657035 0.229881 -3.872983
1.657035 0.229881 -3.872983
1.626501 0.229799 -3.872983
1.637319 0.310617 -3.872983
1.666130 0.323130 -3.872983
1.609663 0.295725 -3.872983
1.637319 0.310617 -3.872983
1.666130 0.323130 -3.872983
1.725679 0.343133 -3.872983
1.725679 0.343133 -3.872983
1.786721 0.357965 -3.872983
1.808833 0.245759 -3.872983
1.748267 0.237917 -3.872983
1.748267 0.237917 -3.872983
1.687514 0.231693 -3.872983
1.929856 0.262295 -3.872983
1.808833 0.245759 -3.872983
1.786721 0.357965 -3.872983
1.911119 0.375477 -3.872983
1.911119 0.375477 -3.872983
2.036642 0.380527 -3.872983
2.036642 0.380527 -3.872983
2.162279 0.378117 -3.872983
2.051007 0.277859 -3.872983
1.929856 0.262295 -3.872983
2.412497 0.355297 -3.872983
2.536563 0.335335 -3.872983
2.536563 0.335335 -3.872983
2.536507 0.334117 -3.872983
2.287647 0.369552 -3.872983
2.412497 0.355297 -3.872983
2.293447 0.307876 -3.872983
2.172168 0.293348 -3.872983
2.172168 0.293348 -3.872983
2.051007 0.277859 -3.872983
2.162279 0.378117 -3.872983
2.287647 0.369552 -3.872983
