0.039986 -0.035588 0.000000 2
0.000000 0.000000 0.000000 1


0.000000 0.000000 0.000000 1
0.174200 0.026397 -0.301724 44


0.091966 -0.048371 0.000000 3
0.039986 -0.035588 0.000000 2


0.146038 -0.052181 0.000000 4
0.091966 -0.048371 0.000000 3


0.200239 -0.051514 0.000000 5
0.146038 -0.052181 0.000000 4


0.960479 0.061695 -1.206895 37
1.033730 0.069039 -1.206895 36


0.761860 0.063807 -1.206895 40
0.838818 0.056325 -1.206895 39


0.630801 -0.000727 0.000000 8
0.416027 -0.030676 0.000000 7


3.548444 0.016446 -0.301724 22
3.441534 -0.004191 0.000000 21


3.441534 -0.004191 0.000000 21
3.226174 0.021194 0.000000 20


3.226174 0.021194 0.000000 20
3.010397 0.042751 0.000000 19


3.762265 0.057721 -0.905171 24
3.655355 0.037084 -0.603448 23


3.269519 0.142426 -1.206895 27
3.569789 0.114528 -1.206895 26


3.569789 0.114528 -1.206895 26
3.869175 0.078359 -1.206895 25


3.869175 0.078359 -1.206895 25
3.762265 0.057721 -0.905171 24


1.061084 0.053375 0.000000 10
0.845646 0.028709 0.000000 9


1.277238 0.070675 0.000000 11
1.061084 0.053375 0.000000 10


0.308352 -0.043359 0.000000 6
0.200239 -0.051514 0.000000 5


0.416027 -0.030676 0.000000 7
0.308352 -0.043359 0.000000 6


0.845646 0.028709 0.000000 9
0.630801 -0.000727 0.000000 8


1.231998 0.094373 -1.206895 34
1.357140 0.111184 -1.206895 33


2.448418 0.174004 -1.206895 30
2.797969 0.168412 -1.206895 29


3.033894 0.158145 -1.206895 28
3.269519 0.142426 -1.206895 27


2.797969 0.168412 -1.206895 29
3.033894 0.158145 -1.206895 28


0.348401 0.052795 -0.603448 43
0.522601 0.079192 -0.905171 42


0.522601 0.079192 -0.905171 42
0.696801 0.105590 -1.206895 41


0.696801 0.105590 -1.206895 41
0.761860 0.063807 -1.206895 40


3.655355 0.037084 -0.603448 23
3.548444 0.016446 -0.301724 22


0.899715 0.057510 -1.206895 38
0.960479 0.061695 -1.206895 37


0.838818 0.056325 -1.206895 39
0.899715 0.057510 -1.206895 38


3.010397 0.042751 0.000000 19
2.794254 0.060251 0.000000 18


2.794254 0.060251 0.000000 18
2.577811 0.073550 0.000000 17


1.710669 0.085635 0.000000 13
1.493896 0.079811 0.000000 12


1.493896 0.079811 0.000000 12
1.277238 0.070675 0.000000 11


2.098849 0.169616 -1.206895 31
2.448418 0.174004 -1.206895 30


1.727074 0.152080 -1.206895 32
2.098849 0.169616 -1.206895 31


2.144353 0.087475 0.000000 15
1.927503 0.088368 0.000000 14


2.577811 0.073550 0.000000 17
2.361149 0.082602 0.000000 16


1.033730 0.069039 -1.206895 36
1.106823 0.077817 -1.206895 35


2.361149 0.082602 0.000000 16
2.144353 0.087475 0.000000 15


1.357140 0.111184 -1.206895 33
1.727074 0.152080 -1.206895 32


1.106823 0.077817 -1.206895 35
1.231998 0.094373 -1.206895 34


0.174200 0.026397 -0.301724 44
0.348401 0.052795 -0.603448 43


1.927503 0.088368 0.000000 14
1.710669 0.085635 0.000000 13


