0.174200 0.026397 -0.301724 44 0.000000 0.038952 
0.236146 -0.018775 -0.288887 88 0.025051 0.037295 
0.039986 -0.035588 0.000000 2 0.015794 0.000000 
0.000000 0.000000 0.000000 1 0.000000 0.000000 
0.174200 0.026397 -0.301724 44 0.000000 0.038952


0.108686 -0.012750 -0.150409 1 0.009968 0.019418


0.553066 0.000230 -0.552386 99 0.074842 0.071313 
0.544668 -0.007939 -0.349729 59 0.106052 0.045150 
0.341524 -0.033167 -0.180625 110 0.074006 0.023319 
0.306228 -0.029311 -0.255933 53 0.051250 0.033041 
0.553066 0.000230 -0.552386 99 0.074842 0.071313


0.436463 -0.018813 -0.334730 2 0.076488 0.043213


0.039986 -0.035588 0.000000 2 0.015794 0.000000 
0.236146 -0.018775 -0.288887 88 0.025051 0.037295 
0.306228 -0.029311 -0.255933 53 0.051250 0.033041 
0.091966 -0.048371 0.000000 3 0.031250 0.000000 
0.039986 -0.035588 0.000000 2 0.015794 0.000000


0.168191 -0.035803 -0.136680 3 0.030712 0.017645


0.306228 -0.029311 -0.255933 53 0.051250 0.033041 
0.341524 -0.033167 -0.180625 110 0.074006 0.023319 
0.146038 -0.052181 0.000000 4 0.046877 0.000000 
0.091966 -0.048371 0.000000 3 0.031250 0.000000 
0.306228 -0.029311 -0.255933 53 0.051250 0.033041


0.221433 -0.042500 -0.109300 4 0.050754 0.014111


0.146038 -0.052181 0.000000 4 0.046877 0.000000 
0.341524 -0.033167 -0.180625 110 0.074006 0.023319 
0.367934 -0.033568 -0.116760 58 0.092155 0.015074 
0.200239 -0.051514 0.000000 5 0.062500 0.000000 
0.146038 -0.052181 0.000000 4 0.046877 0.000000


0.264000 -0.043781 -0.074414 5 0.068816 0.009607


1.085152 0.071881 -0.985786 89 0.164351 0.127264 
1.127624 0.075317 -0.764896 114 0.213966 0.098748 
0.950688 0.050636 -0.728184 111 0.165891 0.094008 
0.958519 0.054846 -0.964774 54 0.128610 0.124552 
1.085152 0.071881 -0.985786 89 0.164351 0.127264


1.030515 0.063027 -0.860911 6 0.168353 0.111143


1.033730 0.069039 -1.206895 36 0.110407 0.155809 
1.085152 0.071881 -0.985786 89 0.164351 0.127264 
0.958519 0.054846 -0.964774 54 0.128610 0.124552 
0.960479 0.061695 -1.206895 37 0.087389 0.155809 
1.033730 0.069039 -1.206895 36 0.110407 0.155809


1.009567 0.063565 -1.091103 7 0.122873 0.140861


0.950688 0.050636 -0.728184 111 0.165891 0.094008 
1.127624 0.075317 -0.764896 114 0.213966 0.098748 
1.157742 0.076187 -0.547613 126 0.257782 0.070697 
0.943939 0.047640 -0.513531 127 0.198830 0.066297 
0.950688 0.050636 -0.728184 111 0.165891 0.094008


1.044956 0.062758 -0.638553 8 0.209226 0.082437


0.706838 0.029102 -0.898904 56 0.062359 0.116048 
0.597073 0.033635 -0.897529 129 0.028933 0.115871 
0.761860 0.063807 -1.206895 40 0.025097 0.155809 
0.838818 0.056325 -1.206895 39 0.049301 0.155809 
0.706838 0.029102 -0.898904 56 0.062359 0.116048


0.726011 0.043366 -1.052845 9 0.041424 0.135922


0.834981 0.040001 -0.934867 100 0.095536 0.120691 
0.771740 0.026041 -0.667292 128 0.121526 0.086147 
0.553066 0.000230 -0.552386 99 0.074842 0.071313 
0.706838 0.029102 -0.898904 56 0.062359 0.116048 
0.834981 0.040001 -0.934867 100 0.095536 0.120691


0.716764 0.022659 -0.763407 10 0.088604 0.098555


0.507863 -0.017025 -0.106011 113 0.134808 0.013686 
0.686253 0.008213 -0.136405 45 0.182294 0.017610 
0.630801 -0.000727 0.000000 8 0.187500 0.000000 
0.416027 -0.030676 0.000000 7 0.125000 0.000000 
0.507863 -0.017025 -0.106011 113 0.134808 0.013686


0.560269 -0.010288 -0.060606 11 0.157384 0.007824


2.013498 0.114380 -0.373420 70 0.537941 0.048208 
1.916418 0.110652 -0.334587 119 0.514585 0.043195 
1.815253 0.111554 -0.378843 67 0.478624 0.048908 
1.914125 0.118865 -0.462633 115 0.496259 0.059726 
2.013498 0.114380 -0.373420 70 0.537941 0.048208


1.914821 0.114047 -0.387359 12 0.506877 0.050008


3.226174 0.021194 0.000000 20 0.937500 0.000000 
3.275671 0.047872 -0.297052 46 0.919781 0.038349 
3.548444 0.016446 -0.301724 22 1.000000 0.038952 
3.441534 -0.004191 0.000000 21 1.000000 0.000000 
3.226174 0.021194 0.000000 20 0.937500 0.000000


3.373026 0.020927 -0.149628 13 0.964367 0.019317


2.994182 0.072701 -0.282891 78 0.838331 0.036521 
3.275671 0.047872 -0.297052 46 0.919781 0.038349 
3.226174 0.021194 0.000000 20 0.937500 0.000000 
3.010397 0.042751 0.000000 19 0.875000 0.000000 
2.994182 0.072701 -0.282891 78 0.838331 0.036521


3.126676 0.046849 -0.144911 14 0.892781 0.018708


3.335590 0.074428 -0.604012 80 0.903374 0.077978 
3.451449 0.095135 -0.910292 91 0.903576 0.117518 
3.762265 0.057721 -0.905171 24 1.000000 0.116857 
3.655355 0.037084 -0.603448 23 1.000000 0.077905 
3.335590 0.074428 -0.604012 80 0.903374 0.077978


3.551289 0.067146 -0.755614 15 0.951754 0.097549


3.569789 0.114528 -1.206895 26 0.905712 0.155809 
3.451449 0.095135 -0.910292 91 0.903576 0.117518 
3.137197 0.124880 -0.925429 62 0.805086 0.119472 
3.269519 0.142426 -1.206895 27 0.811424 0.155809 
3.569789 0.114528 -1.206895 26 0.905712 0.155809


3.357092 0.120374 -1.062261 16 0.856455 0.137137


3.762265 0.057721 -0.905171 24 1.000000 0.116857 
3.451449 0.095135 -0.910292 91 0.903576 0.117518 
3.569789 0.114528 -1.206895 26 0.905712 0.155809 
3.869175 0.078359 -1.206895 25 1.000000 0.155809 
3.762265 0.057721 -0.905171 24 1.000000 0.116857


3.663290 0.087444 -1.057201 17 0.952333 0.136484


0.887994 0.036270 -0.157273 64 0.238296 0.020304 
1.100810 0.061828 -0.167441 92 0.299178 0.021617 
1.061084 0.053375 0.000000 10 0.312499 0.000000 
0.845646 0.028709 0.000000 9 0.250000 0.000000 
0.887994 0.036270 -0.157273 64 0.238296 0.020304


0.973796 0.045795 -0.081164 18 0.275024 0.010478


1.135776 0.069764 -0.346369 63 0.282388 0.044716 
1.100810 0.061828 -0.167441 92 0.299178 0.021617 
0.887994 0.036270 -0.157273 64 0.238296 0.020304 
0.921337 0.042655 -0.324960 57 0.222038 0.041952 
1.135776 0.069764 -0.346369 63 0.282388 0.044716


1.011399 0.053286 -0.249000 19 0.260508 0.032146


1.100810 0.061828 -0.167441 92 0.299178 0.021617 
1.319189 0.080728 -0.166267 118 0.363221 0.021465 
1.277238 0.070675 0.000000 11 0.375000 0.000000 
1.061084 0.053375 0.000000 10 0.312499 0.000000 
1.100810 0.061828 -0.167441 92 0.299178 0.021617


1.189491 0.067717 -0.083390 20 0.337515 0.010766


0.367934 -0.033568 -0.116760 58 0.092155 0.015074 
0.394477 -0.031895 -0.074234 93 0.106793 0.009584 
0.308352 -0.043359 0.000000 6 0.093751 0.000000 
0.200239 -0.051514 0.000000 5 0.062500 0.000000 
0.367934 -0.033568 -0.116760 58 0.092155 0.015074


0.317820 -0.040818 -0.047775 21 0.088770 0.006168


0.308352 -0.043359 0.000000 6 0.093751 0.000000 
0.394477 -0.031895 -0.074234 93 0.106793 0.009584 
0.507863 -0.017025 -0.106011 113 0.134808 0.013686 
0.416027 -0.030676 0.000000 7 0.125000 0.000000 
0.308352 -0.043359 0.000000 6 0.093751 0.000000


0.406719 -0.031060 -0.045068 22 0.115063 0.005818


0.887994 0.036270 -0.157273 64 0.238296 0.020304 
0.845646 0.028709 0.000000 9 0.250000 0.000000 
0.630801 -0.000727 0.000000 8 0.187500 0.000000 
0.686253 0.008213 -0.136405 45 0.182294 0.017610 
0.887994 0.036270 -0.157273 64 0.238296 0.020304


0.762629 0.018439 -0.073417 23 0.214534 0.009478


1.782070 0.121753 -0.560148 85 0.443108 0.072315 
1.923522 0.130546 -0.644693 49 0.473463 0.083230 
2.043612 0.125801 -0.539479 69 0.524197 0.069646 
1.914125 0.118865 -0.462633 115 0.496259 0.059726 
1.782070 0.121753 -0.560148 85 0.443108 0.072315


1.915826 0.124549 -0.551719 24 0.484308 0.071227


1.815253 0.111554 -0.378843 67 0.478624 0.048908 
1.764005 0.103543 -0.268611 120 0.478847 0.034678 
1.581887 0.100434 -0.304622 81 0.420282 0.039326 
1.655163 0.111428 -0.451517 52 0.420892 0.058291 
1.815253 0.111554 -0.378843 67 0.478624 0.048908


1.704071 0.106971 -0.350884 25 0.449715 0.045299


1.557559 0.131635 -1.047108 68 0.301195 0.135181 
1.378234 0.111255 -1.027627 123 0.248578 0.132666 
1.231998 0.094373 -1.206895 34 0.172902 0.155809 
1.357140 0.111184 -1.206895 33 0.212379 0.155809 
1.557559 0.131635 -1.047108 68 0.301195 0.135181


1.381106 0.113116 -1.122116 26 0.233999 0.144865


2.186378 0.132419 -0.621728 96 0.555671 0.080265 
2.043612 0.125801 -0.539479 69 0.524197 0.069646 
1.923522 0.130546 -0.644693 49 0.473463 0.083230 
2.060316 0.137923 -0.720189 71 0.504030 0.092976 
2.186378 0.132419 -0.621728 96 0.555671 0.080265


2.053452 0.132013 -0.631500 27 0.514390 0.081526


2.013498 0.114380 -0.373420 70 0.537941 0.048208 
2.150658 0.118969 -0.431102 124 0.570768 0.055655 
2.235223 0.109339 -0.305398 77 0.612306 0.039427 
2.069604 0.107431 -0.268152 51 0.568554 0.034618 
2.013498 0.114380 -0.373420 70 0.537941 0.048208


2.117246 0.112842 -0.344496 28 0.572435 0.044474


2.622462 0.158076 -1.020967 74 0.634263 0.131806 
2.354776 0.162750 -1.048967 102 0.547700 0.135421 
2.448418 0.174004 -1.206895 30 0.554448 0.155809 
2.797969 0.168412 -1.206895 29 0.663755 0.155809 
2.622462 0.158076 -1.020967 74 0.634263 0.131806


2.555921 0.166967 -1.120843 29 0.600020 0.144700


2.331654 0.139261 -0.720766 72 0.585984 0.093050 
2.478075 0.147600 -0.852446 103 0.612670 0.110050 
2.700233 0.134432 -0.761259 122 0.692258 0.098278 
2.492971 0.128394 -0.610088 48 0.649266 0.078762 
2.331654 0.139261 -0.720766 72 0.585984 0.093050


2.500749 0.138190 -0.736079 30 0.635090 0.095027


2.736188 0.085722 -0.230562 116 0.768660 0.029765 
2.508149 0.093128 -0.188088 76 0.707089 0.024282 
2.425544 0.110293 -0.363003 95 0.660978 0.046863 
2.650639 0.109913 -0.452062 73 0.716454 0.058361 
2.736188 0.085722 -0.230562 116 0.768660 0.029765


2.580161 0.100505 -0.308365 31 0.713401 0.039810


2.303314 0.096934 -0.158486 105 0.651038 0.020460 
2.235223 0.109339 -0.305398 77 0.612306 0.039427 
2.425544 0.110293 -0.363003 95 0.660978 0.046863 
2.508149 0.093128 -0.188088 76 0.707089 0.024282 
2.303314 0.096934 -0.158486 105 0.651038 0.020460


2.368071 0.102987 -0.253699 32 0.657934 0.032752


2.311529 0.123561 -0.506544 75 0.608566 0.065395 
2.425544 0.110293 -0.363003 95 0.660978 0.046863 
2.235223 0.109339 -0.305398 77 0.612306 0.039427 
2.150658 0.118969 -0.431102 124 0.570768 0.055655 
2.311529 0.123561 -0.506544 75 0.608566 0.065395


2.280744 0.116025 -0.401475 33 0.613217 0.051830


2.650639 0.109913 -0.452062 73 0.716454 0.058361 
2.425544 0.110293 -0.363003 95 0.660978 0.046863 
2.311529 0.123561 -0.506544 75 0.608566 0.065395 
2.492971 0.128394 -0.610088 48 0.649266 0.078762 
2.650639 0.109913 -0.452062 73 0.716454 0.058361


2.470190 0.118772 -0.482865 34 0.658897 0.062338


3.137197 0.124880 -0.925429 62 0.805086 0.119472 
2.871778 0.145942 -0.978483 97 0.716743 0.126322 
3.033894 0.158145 -1.206895 28 0.737589 0.155809 
3.269519 0.142426 -1.206895 27 0.811424 0.155809 
3.137197 0.124880 -0.925429 62 0.805086 0.119472


3.078152 0.143709 -1.079345 35 0.767701 0.139343


3.275671 0.047872 -0.297052 46 0.919781 0.038349 
2.994182 0.072701 -0.282891 78 0.838331 0.036521 
2.962238 0.106439 -0.604877 117 0.790868 0.078089 
3.335590 0.074428 -0.604012 80 0.903374 0.077978 
3.275671 0.047872 -0.297052 46 0.919781 0.038349


3.142036 0.076654 -0.447075 36 0.863263 0.057717


2.186378 0.132419 -0.621728 96 0.555671 0.080265 
2.060316 0.137923 -0.720189 71 0.504030 0.092976 
2.179949 0.144618 -0.799682 50 0.529133 0.103239 
2.331654 0.139261 -0.720766 72 0.585984 0.093050 
2.186378 0.132419 -0.621728 96 0.555671 0.080265


2.189572 0.138939 -0.715565 37 0.543747 0.092379


2.311529 0.123561 -0.506544 75 0.608566 0.065395 
2.186378 0.132419 -0.621728 96 0.555671 0.080265 
2.331654 0.139261 -0.720766 72 0.585984 0.093050 
2.492971 0.128394 -0.610088 48 0.649266 0.078762 
2.311529 0.123561 -0.506544 75 0.608566 0.065395


2.330638 0.131446 -0.614742 38 0.599927 0.079363


2.043612 0.125801 -0.539479 69 0.524197 0.069646 
2.186378 0.132419 -0.621728 96 0.555671 0.080265 
2.311529 0.123561 -0.506544 75 0.608566 0.065395 
2.150658 0.118969 -0.431102 124 0.570768 0.055655 
2.043612 0.125801 -0.539479 69 0.524197 0.069646


2.173044 0.125588 -0.524685 39 0.564852 0.067737


3.033894 0.158145 -1.206895 28 0.737589 0.155809 
2.871778 0.145942 -0.978483 97 0.716743 0.126322 
2.622462 0.158076 -1.020967 74 0.634263 0.131806 
2.797969 0.168412 -1.206895 29 0.663755 0.155809 
3.033894 0.158145 -1.206895 28 0.737589 0.155809


2.831559 0.158496 -1.103237 40 0.688037 0.142427


2.700233 0.134432 -0.761259 122 0.692258 0.098278 
2.871778 0.145942 -0.978483 97 0.716743 0.126322 
3.137197 0.124880 -0.925429 62 0.805086 0.119472 
2.962238 0.106439 -0.604877 117 0.790868 0.078089 
2.700233 0.134432 -0.761259 122 0.692258 0.098278


2.917927 0.129066 -0.817407 41 0.751335 0.105527


0.746273 0.019539 -0.453118 47 0.149241 0.058497 
0.722069 0.014482 -0.281880 79 0.169725 0.036391 
0.535374 -0.011831 -0.213482 98 0.125555 0.027560 
0.544668 -0.007939 -0.349729 59 0.106052 0.045150 
0.746273 0.019539 -0.453118 47 0.149241 0.058497


0.637147 0.003181 -0.324557 42 0.137632 0.041900


0.597073 0.033635 -0.897529 129 0.028933 0.115871 
0.432378 0.004023 -0.588060 90 0.032627 0.075918 
0.348401 0.052795 -0.603448 43 0.000000 0.077905 
0.522601 0.079192 -0.905171 42 0.000000 0.116857 
0.597073 0.033635 -0.897529 129 0.028933 0.115871


0.470745 0.032314 -0.751966 43 0.015370 0.097078


0.507863 -0.017025 -0.106011 113 0.134808 0.013686 
0.535374 -0.011831 -0.213482 98 0.125555 0.027560 
0.722069 0.014482 -0.281880 79 0.169725 0.036391 
0.686253 0.008213 -0.136405 45 0.182294 0.017610 
0.507863 -0.017025 -0.106011 113 0.134808 0.013686


0.612918 -0.001739 -0.184447 44 0.153081 0.023812


0.553066 0.000230 -0.552386 99 0.074842 0.071313 
0.306228 -0.029311 -0.255933 53 0.051250 0.033041 
0.236146 -0.018775 -0.288887 88 0.025051 0.037295 
0.432378 0.004023 -0.588060 90 0.032627 0.075918 
0.553066 0.000230 -0.552386 99 0.074842 0.071313


0.381864 -0.014122 -0.421653 45 0.045839 0.054435


1.318819 0.099953 -0.797025 107 0.267310 0.102895 
1.127624 0.075317 -0.764896 114 0.213966 0.098748 
1.085152 0.071881 -0.985786 89 0.164351 0.127264 
1.221724 0.090705 -1.004999 60 0.203605 0.129745 
1.318819 0.099953 -0.797025 107 0.267310 0.102895


1.188276 0.084868 -0.888172 46 0.212496 0.114662


0.522601 0.079192 -0.905171 42 0.000000 0.116857 
0.696801 0.105590 -1.206895 41 0.000000 0.155809 
0.761860 0.063807 -1.206895 40 0.025097 0.155809 
0.597073 0.033635 -0.897529 129 0.028933 0.115871 
0.522601 0.079192 -0.905171 42 0.000000 0.116857


0.640415 0.062360 -1.057253 47 0.013402 0.136491


3.275671 0.047872 -0.297052 46 0.919781 0.038349 
3.335590 0.074428 -0.604012 80 0.903374 0.077978 
3.655355 0.037084 -0.603448 23 1.000000 0.077905 
3.548444 0.016446 -0.301724 22 1.000000 0.038952 
3.275671 0.047872 -0.297052 46 0.919781 0.038349


3.453871 0.044860 -0.451459 48 0.955838 0.058283


2.962238 0.106439 -0.604877 117 0.790868 0.078089 
3.137197 0.124880 -0.925429 62 0.805086 0.119472 
3.451449 0.095135 -0.910292 91 0.903576 0.117518 
3.335590 0.074428 -0.604012 80 0.903374 0.077978 
2.962238 0.106439 -0.604877 117 0.790868 0.078089


3.221742 0.101625 -0.761009 49 0.850718 0.098246


0.771740 0.026041 -0.667292 128 0.121526 0.086147 
0.950688 0.050636 -0.728184 111 0.165891 0.094008 
0.943939 0.047640 -0.513531 127 0.198830 0.066297 
0.746273 0.019539 -0.453118 47 0.149241 0.058497 
0.771740 0.026041 -0.667292 128 0.121526 0.086147


0.853191 0.035740 -0.590534 50 0.158933 0.076238


0.958519 0.054846 -0.964774 54 0.128610 0.124552 
0.834981 0.040001 -0.934867 100 0.095536 0.120691 
0.899715 0.057510 -1.206895 38 0.068346 0.155809 
0.960479 0.061695 -1.206895 37 0.087389 0.155809 
0.958519 0.054846 -0.964774 54 0.128610 0.124552


0.913515 0.052567 -1.078390 51 0.095110 0.139220


0.771740 0.026041 -0.667292 128 0.121526 0.086147 
0.834981 0.040001 -0.934867 100 0.095536 0.120691 
0.958519 0.054846 -0.964774 54 0.128610 0.124552 
0.950688 0.050636 -0.728184 111 0.165891 0.094008 
0.771740 0.026041 -0.667292 128 0.121526 0.086147


0.879051 0.042332 -0.823789 52 0.127994 0.106351


0.899715 0.057510 -1.206895 38 0.068346 0.155809 
0.834981 0.040001 -0.934867 100 0.095536 0.120691 
0.706838 0.029102 -0.898904 56 0.062359 0.116048 
0.838818 0.056325 -1.206895 39 0.049301 0.155809 
0.899715 0.057510 -1.206895 38 0.068346 0.155809


0.820144 0.044636 -1.061957 53 0.068965 0.137098


2.794254 0.060251 0.000000 18 0.812500 0.000000 
2.736188 0.085722 -0.230562 116 0.768660 0.029765 
2.994182 0.072701 -0.282891 78 0.838331 0.036521 
3.010397 0.042751 0.000000 19 0.875000 0.000000 
2.794254 0.060251 0.000000 18 0.812500 0.000000


2.883812 0.066105 -0.128290 54 0.823770 0.016562


2.508149 0.093128 -0.188088 76 0.707089 0.024282 
2.736188 0.085722 -0.230562 116 0.768660 0.029765 
2.794254 0.060251 0.000000 18 0.812500 0.000000 
2.577811 0.073550 0.000000 17 0.750000 0.000000 
2.508149 0.093128 -0.188088 76 0.707089 0.024282


2.654141 0.078893 -0.104596 55 0.759697 0.013503


1.493896 0.079811 0.000000 12 0.437501 0.000000 
1.533067 0.089972 -0.152505 101 0.427544 0.019688 
1.735016 0.094852 -0.139100 65 0.488186 0.017958 
1.710669 0.085635 0.000000 13 0.500000 0.000000 
1.493896 0.079811 0.000000 12 0.437501 0.000000


1.618153 0.087883 -0.072882 56 0.463343 0.009409


1.319189 0.080728 -0.166267 118 0.363221 0.021465 
1.533067 0.089972 -0.152505 101 0.427544 0.019688 
1.493896 0.079811 0.000000 12 0.437501 0.000000 
1.277238 0.070675 0.000000 11 0.375000 0.000000 
1.319189 0.080728 -0.166267 118 0.363221 0.021465


1.405813 0.081135 -0.079647 57 0.400859 0.010282


1.764005 0.103543 -0.268611 120 0.478847 0.034678 
1.735016 0.094852 -0.139100 65 0.488186 0.017958 
1.533067 0.089972 -0.152505 101 0.427544 0.019688 
1.581887 0.100434 -0.304622 81 0.420282 0.039326 
1.764005 0.103543 -0.268611 120 0.478847 0.034678


1.653486 0.097463 -0.216194 58 0.453760 0.027910


1.920517 0.105266 -0.251543 82 0.527070 0.032474 
1.916418 0.110652 -0.334587 119 0.514585 0.043195 
2.013498 0.114380 -0.373420 70 0.537941 0.048208 
2.069604 0.107431 -0.268152 51 0.568554 0.034618 
1.920517 0.105266 -0.251543 82 0.527070 0.032474


1.980008 0.109600 -0.306914 59 0.537059 0.039622


1.815253 0.111554 -0.378843 67 0.478624 0.048908 
1.916418 0.110652 -0.334587 119 0.514585 0.043195 
1.920517 0.105266 -0.251543 82 0.527070 0.032474 
1.764005 0.103543 -0.268611 120 0.478847 0.034678 
1.815253 0.111554 -0.378843 67 0.478624 0.048908


1.854045 0.107925 -0.308385 60 0.499813 0.039812


2.448418 0.174004 -1.206895 30 0.554448 0.155809 
2.354776 0.162750 -1.048967 102 0.547700 0.135421 
2.083314 0.160184 -1.061582 83 0.461894 0.137050 
2.098849 0.169616 -1.206895 31 0.445142 0.155809 
2.448418 0.174004 -1.206895 30 0.554448 0.155809


2.246328 0.167524 -1.131026 61 0.502327 0.146015


2.083314 0.160184 -1.061582 83 0.461894 0.137050 
1.811827 0.151449 -1.059872 106 0.378087 0.136829 
1.727074 0.152080 -1.206895 32 0.328757 0.155809 
2.098849 0.169616 -1.206895 31 0.445142 0.155809 
2.083314 0.160184 -1.061582 83 0.461894 0.137050


1.930195 0.160416 -1.133690 62 0.403579 0.146359


2.270907 0.152697 -0.908919 125 0.541585 0.117341 
2.478075 0.147600 -0.852446 103 0.612670 0.110050 
2.331654 0.139261 -0.720766 72 0.585984 0.093050 
2.179949 0.144618 -0.799682 50 0.529133 0.103239 
2.270907 0.152697 -0.908919 125 0.541585 0.117341


2.315147 0.146536 -0.820418 63 0.567380 0.105916


2.068333 0.146413 -0.849336 61 0.488114 0.109649 
2.179949 0.144618 -0.799682 50 0.529133 0.103239 
2.060316 0.137923 -0.720189 71 0.504030 0.092976 
1.952117 0.141701 -0.813703 121 0.457840 0.105049 
2.068333 0.146413 -0.849336 61 0.488114 0.109649


2.065175 0.142903 -0.795712 64 0.494808 0.102726


2.270907 0.152697 -0.908919 125 0.541585 0.117341 
2.179949 0.144618 -0.799682 50 0.529133 0.103239 
2.068333 0.146413 -0.849336 61 0.488114 0.109649 
2.074353 0.152049 -0.935750 94 0.477507 0.120805 
2.270907 0.152697 -0.908919 125 0.541585 0.117341


2.148382 0.149212 -0.873404 65 0.509118 0.112756


2.270907 0.152697 -0.908919 125 0.541585 0.117341 
2.354776 0.162750 -1.048967 102 0.547700 0.135421 
2.622462 0.158076 -1.020967 74 0.634263 0.131806 
2.478075 0.147600 -0.852446 103 0.612670 0.110050 
2.270907 0.152697 -0.908919 125 0.541585 0.117341


2.431560 0.156004 -0.957771 66 0.584080 0.123648


1.927503 0.088368 0.000000 14 0.562500 0.000000 
1.923528 0.097390 -0.132911 104 0.543842 0.017159 
2.110029 0.098207 -0.140347 84 0.597099 0.018119 
2.144353 0.087475 0.000000 15 0.625000 0.000000 
1.927503 0.088368 0.000000 14 0.562500 0.000000


2.026354 0.093314 -0.068282 67 0.582163 0.008815


1.735016 0.094852 -0.139100 65 0.488186 0.017958 
1.764005 0.103543 -0.268611 120 0.478847 0.034678 
1.920517 0.105266 -0.251543 82 0.527070 0.032474 
1.923528 0.097390 -0.132911 104 0.543842 0.017159 
1.735016 0.094852 -0.139100 65 0.488186 0.017958


1.835762 0.100542 -0.198023 68 0.509525 0.025565


2.110029 0.098207 -0.140347 84 0.597099 0.018119 
1.923528 0.097390 -0.132911 104 0.543842 0.017159 
1.920517 0.105266 -0.251543 82 0.527070 0.032474 
2.069604 0.107431 -0.268152 51 0.568554 0.034618 
2.110029 0.098207 -0.140347 84 0.597099 0.018119


2.005918 0.102382 -0.198217 69 0.559181 0.025590


2.303314 0.096934 -0.158486 105 0.651038 0.020460 
2.508149 0.093128 -0.188088 76 0.707089 0.024282 
2.577811 0.073550 0.000000 17 0.750000 0.000000 
2.361149 0.082602 0.000000 16 0.687500 0.000000 
2.303314 0.096934 -0.158486 105 0.651038 0.020460


2.437629 0.087202 -0.086589 70 0.699012 0.011179


1.221724 0.090705 -1.004999 60 0.203605 0.129745 
1.085152 0.071881 -0.985786 89 0.164351 0.127264 
1.033730 0.069039 -1.206895 36 0.110407 0.155809 
1.106823 0.077817 -1.206895 35 0.133424 0.155809 
1.221724 0.090705 -1.004999 60 0.203605 0.129745


1.111919 0.076899 -1.101150 71 0.153169 0.142158


2.110029 0.098207 -0.140347 84 0.597099 0.018119 
2.303314 0.096934 -0.158486 105 0.651038 0.020460 
2.361149 0.082602 0.000000 16 0.687500 0.000000 
2.144353 0.087475 0.000000 15 0.625000 0.000000 
2.110029 0.098207 -0.140347 84 0.597099 0.018119


2.229721 0.091854 -0.074666 72 0.640235 0.009639


1.727074 0.152080 -1.206895 32 0.328757 0.155809 
1.811827 0.151449 -1.059872 106 0.378087 0.136829 
1.557559 0.131635 -1.047108 68 0.301195 0.135181 
1.357140 0.111184 -1.206895 33 0.212379 0.155809 
1.727074 0.152080 -1.206895 32 0.328757 0.155809


1.613128 0.139426 -1.130109 73 0.305295 0.145896


1.880537 0.146544 -0.925515 86 0.419547 0.119483 
1.684895 0.136427 -0.895763 112 0.364048 0.115643 
1.557559 0.131635 -1.047108 68 0.301195 0.135181 
1.811827 0.151449 -1.059872 106 0.378087 0.136829 
1.880537 0.146544 -0.925515 86 0.419547 0.119483


1.733594 0.143342 -0.981980 74 0.365840 0.126773


1.231998 0.094373 -1.206895 34 0.172902 0.155809 
1.378234 0.111255 -1.027627 123 0.248578 0.132666 
1.221724 0.090705 -1.004999 60 0.203605 0.129745 
1.106823 0.077817 -1.206895 35 0.133424 0.155809 
1.231998 0.094373 -1.206895 34 0.172902 0.155809


1.234679 0.093656 -1.111603 75 0.189861 0.143507


1.557559 0.131635 -1.047108 68 0.301195 0.135181 
1.684895 0.136427 -0.895763 112 0.364048 0.115643 
1.502884 0.120630 -0.851446 55 0.315104 0.109921 
1.378234 0.111255 -1.027627 123 0.248578 0.132666 
1.557559 0.131635 -1.047108 68 0.301195 0.135181


1.530758 0.126394 -0.955445 76 0.307392 0.123347


1.502884 0.120630 -0.851446 55 0.315104 0.109921 
1.627633 0.123110 -0.684022 108 0.378567 0.088307 
1.425320 0.104304 -0.565276 87 0.335497 0.072977 
1.318819 0.099953 -0.797025 107 0.267310 0.102895 
1.502884 0.120630 -0.851446 55 0.315104 0.109921


1.468536 0.113460 -0.724394 77 0.324284 0.093519


1.782070 0.121753 -0.560148 85 0.443108 0.072315 
1.914125 0.118865 -0.462633 115 0.496259 0.059726 
1.815253 0.111554 -0.378843 67 0.478624 0.048908 
1.655163 0.111428 -0.451517 52 0.420892 0.058291 
1.782070 0.121753 -0.560148 85 0.443108 0.072315


1.791646 0.116160 -0.463270 78 0.459769 0.059808


1.627633 0.123110 -0.684022 108 0.378567 0.088307 
1.502884 0.120630 -0.851446 55 0.315104 0.109921 
1.684895 0.136427 -0.895763 112 0.364048 0.115643 
1.798603 0.134156 -0.759657 66 0.419096 0.098071 
1.627633 0.123110 -0.684022 108 0.378567 0.088307


1.653419 0.130017 -0.797655 79 0.369323 0.102977


1.880537 0.146544 -0.925515 86 0.419547 0.119483 
1.811827 0.151449 -1.059872 106 0.378087 0.136829 
2.083314 0.160184 -1.061582 83 0.461894 0.137050 
2.074353 0.152049 -0.935750 94 0.477507 0.120805 
1.880537 0.146544 -0.925515 86 0.419547 0.119483


1.962492 0.153125 -0.995645 80 0.434323 0.128537


1.127624 0.075317 -0.764896 114 0.213966 0.098748 
1.318819 0.099953 -0.797025 107 0.267310 0.102895 
1.425320 0.104304 -0.565276 87 0.335497 0.072977 
1.157742 0.076187 -0.547613 126 0.257782 0.070697 
1.127624 0.075317 -0.764896 114 0.213966 0.098748


1.257222 0.090264 -0.668677 81 0.268828 0.086326


1.952117 0.141701 -0.813703 121 0.457840 0.105049 
1.880537 0.146544 -0.925515 86 0.419547 0.119483 
2.074353 0.152049 -0.935750 94 0.477507 0.120805 
2.068333 0.146413 -0.849336 61 0.488114 0.109649 
1.952117 0.141701 -0.813703 121 0.457840 0.105049


1.993830 0.146873 -0.881064 82 0.460781 0.113745


1.425320 0.104304 -0.565276 87 0.335497 0.072977 
1.627633 0.123110 -0.684022 108 0.378567 0.088307 
1.782070 0.121753 -0.560148 85 0.443108 0.072315 
1.655163 0.111428 -0.451517 52 0.420892 0.058291 
1.425320 0.104304 -0.565276 87 0.335497 0.072977


1.622482 0.116670 -0.565158 83 0.394618 0.072962


1.581887 0.100434 -0.304622 81 0.420282 0.039326 
1.365710 0.091377 -0.345505 109 0.350611 0.044605 
1.425320 0.104304 -0.565276 87 0.335497 0.072977 
1.655163 0.111428 -0.451517 52 0.420892 0.058291 
1.581887 0.100434 -0.304622 81 0.420282 0.039326


1.506937 0.103502 -0.416649 84 0.381960 0.053789


1.100810 0.061828 -0.167441 92 0.299178 0.021617 
1.135776 0.069764 -0.346369 63 0.282388 0.044716 
1.365710 0.091377 -0.345505 109 0.350611 0.044605 
1.319189 0.080728 -0.166267 118 0.363221 0.021465 
1.100810 0.061828 -0.167441 92 0.299178 0.021617


1.230271 0.077032 -0.256361 85 0.323899 0.033096


1.425320 0.104304 -0.565276 87 0.335497 0.072977 
1.365710 0.091377 -0.345505 109 0.350611 0.044605 
1.135776 0.069764 -0.346369 63 0.282388 0.044716 
1.157742 0.076187 -0.547613 126 0.257782 0.070697 
1.425320 0.104304 -0.565276 87 0.335497 0.072977


1.271012 0.086669 -0.451156 86 0.306633 0.058244


0.432378 0.004023 -0.588060 90 0.032627 0.075918 
0.236146 -0.018775 -0.288887 88 0.025051 0.037295 
0.174200 0.026397 -0.301724 44 0.000000 0.038952 
0.348401 0.052795 -0.603448 43 0.000000 0.077905 
0.432378 0.004023 -0.588060 90 0.032627 0.075918


0.293349 0.006640 -0.448925 87 0.014313 0.057956


0.341524 -0.033167 -0.180625 110 0.074006 0.023319 
0.544668 -0.007939 -0.349729 59 0.106052 0.045150 
0.535374 -0.011831 -0.213482 98 0.125555 0.027560 
0.367934 -0.033568 -0.116760 58 0.092155 0.015074 
0.341524 -0.033167 -0.180625 110 0.074006 0.023319


0.447447 -0.022298 -0.215168 88 0.099399 0.027778


0.722069 0.014482 -0.281880 79 0.169725 0.036391 
0.921337 0.042655 -0.324960 57 0.222038 0.041952 
0.887994 0.036270 -0.157273 64 0.238296 0.020304 
0.686253 0.008213 -0.136405 45 0.182294 0.017610 
0.722069 0.014482 -0.281880 79 0.169725 0.036391


0.804386 0.025606 -0.225128 89 0.203097 0.029064


0.394477 -0.031895 -0.074234 93 0.106793 0.009584 
0.367934 -0.033568 -0.116760 58 0.092155 0.015074 
0.535374 -0.011831 -0.213482 98 0.125555 0.027560 
0.507863 -0.017025 -0.106011 113 0.134808 0.013686 
0.394477 -0.031895 -0.074234 93 0.106793 0.009584


0.451455 -0.023934 -0.127629 90 0.114808 0.016477


1.627633 0.123110 -0.684022 108 0.378567 0.088307 
1.798603 0.134156 -0.759657 66 0.419096 0.098071 
1.923522 0.130546 -0.644693 49 0.473463 0.083230 
1.782070 0.121753 -0.560148 85 0.443108 0.072315 
1.627633 0.123110 -0.684022 108 0.378567 0.088307


1.782942 0.127884 -0.662101 91 0.428636 0.085477


1.880537 0.146544 -0.925515 86 0.419547 0.119483 
1.952117 0.141701 -0.813703 121 0.457840 0.105049 
1.798603 0.134156 -0.759657 66 0.419096 0.098071 
1.684895 0.136427 -0.895763 112 0.364048 0.115643 
1.880537 0.146544 -0.925515 86 0.419547 0.119483


1.829017 0.140373 -0.848620 92 0.415207 0.109556


2.650639 0.109913 -0.452062 73 0.716454 0.058361 
2.962238 0.106439 -0.604877 117 0.790868 0.078089 
2.994182 0.072701 -0.282891 78 0.838331 0.036521 
2.736188 0.085722 -0.230562 116 0.768660 0.029765 
2.650639 0.109913 -0.452062 73 0.716454 0.058361


2.835873 0.094672 -0.392507 93 0.778690 0.050672


2.650639 0.109913 -0.452062 73 0.716454 0.058361 
2.492971 0.128394 -0.610088 48 0.649266 0.078762 
2.700233 0.134432 -0.761259 122 0.692258 0.098278 
2.962238 0.106439 -0.604877 117 0.790868 0.078089 
2.650639 0.109913 -0.452062 73 0.716454 0.058361


2.701578 0.121136 -0.606955 94 0.712294 0.078358


1.365710 0.091377 -0.345505 109 0.350611 0.044605 
1.581887 0.100434 -0.304622 81 0.420282 0.039326 
1.533067 0.089972 -0.152505 101 0.427544 0.019688 
1.319189 0.080728 -0.166267 118 0.363221 0.021465 
1.365710 0.091377 -0.345505 109 0.350611 0.044605


1.449910 0.091770 -0.242165 95 0.390482 0.031263


1.798603 0.134156 -0.759657 66 0.419096 0.098071 
1.952117 0.141701 -0.813703 121 0.457840 0.105049 
2.060316 0.137923 -0.720189 71 0.504030 0.092976 
1.923522 0.130546 -0.644693 49 0.473463 0.083230 
1.798603 0.134156 -0.759657 66 0.419096 0.098071


1.933633 0.136363 -0.734543 96 0.463661 0.094829


1.735016 0.094852 -0.139100 65 0.488186 0.017958 
1.923528 0.097390 -0.132911 104 0.543842 0.017159 
1.927503 0.088368 0.000000 14 0.562500 0.000000 
1.710669 0.085635 0.000000 13 0.500000 0.000000 
1.735016 0.094852 -0.139100 65 0.488186 0.017958


1.824173 0.091945 -0.067978 97 0.523672 0.008776


1.914125 0.118865 -0.462633 115 0.496259 0.059726 
2.043612 0.125801 -0.539479 69 0.524197 0.069646 
2.150658 0.118969 -0.431102 124 0.570768 0.055655 
2.013498 0.114380 -0.373420 70 0.537941 0.048208 
1.914125 0.118865 -0.462633 115 0.496259 0.059726


2.030470 0.119796 -0.451639 98 0.532333 0.058306


2.478075 0.147600 -0.852446 103 0.612670 0.110050 
2.622462 0.158076 -1.020967 74 0.634263 0.131806 
2.871778 0.145942 -0.978483 97 0.716743 0.126322 
2.700233 0.134432 -0.761259 122 0.692258 0.098278 
2.478075 0.147600 -0.852446 103 0.612670 0.110050


2.668163 0.147384 -0.903217 99 0.664009 0.116605


1.378234 0.111255 -1.027627 123 0.248578 0.132666 
1.502884 0.120630 -0.851446 55 0.315104 0.109921 
1.318819 0.099953 -0.797025 107 0.267310 0.102895 
1.221724 0.090705 -1.004999 60 0.203605 0.129745 
1.378234 0.111255 -1.027627 123 0.248578 0.132666


1.355301 0.106592 -0.920257 100 0.258835 0.118805


2.069604 0.107431 -0.268152 51 0.568554 0.034618 
2.235223 0.109339 -0.305398 77 0.612306 0.039427 
2.303314 0.096934 -0.158486 105 0.651038 0.020460 
2.110029 0.098207 -0.140347 84 0.597099 0.018119 
2.069604 0.107431 -0.268152 51 0.568554 0.034618


2.179547 0.103397 -0.218065 101 0.607308 0.028152


2.074353 0.152049 -0.935750 94 0.477507 0.120805 
2.083314 0.160184 -1.061582 83 0.461894 0.137050 
2.354776 0.162750 -1.048967 102 0.547700 0.135421 
2.270907 0.152697 -0.908919 125 0.541585 0.117341 
2.074353 0.152049 -0.935750 94 0.477507 0.120805


2.195831 0.157453 -0.988769 102 0.507212 0.127650


1.135776 0.069764 -0.346369 63 0.282388 0.044716 
0.921337 0.042655 -0.324960 57 0.222038 0.041952 
0.943939 0.047640 -0.513531 127 0.198830 0.066297 
1.157742 0.076187 -0.547613 126 0.257782 0.070697 
1.135776 0.069764 -0.346369 63 0.282388 0.044716


1.039628 0.059606 -0.433111 103 0.240311 0.055914


0.921337 0.042655 -0.324960 57 0.222038 0.041952 
0.722069 0.014482 -0.281880 79 0.169725 0.036391 
0.746273 0.019539 -0.453118 47 0.149241 0.058497 
0.943939 0.047640 -0.513531 127 0.198830 0.066297 
0.921337 0.042655 -0.324960 57 0.222038 0.041952


0.833398 0.031127 -0.393372 104 0.184980 0.050784


0.771740 0.026041 -0.667292 128 0.121526 0.086147 
0.746273 0.019539 -0.453118 47 0.149241 0.058497 
0.544668 -0.007939 -0.349729 59 0.106052 0.045150 
0.553066 0.000230 -0.552386 99 0.074842 0.071313 
0.771740 0.026041 -0.667292 128 0.121526 0.086147


0.654058 0.008443 -0.505654 105 0.112934 0.065280


0.706838 0.029102 -0.898904 56 0.062359 0.116048 
0.553066 0.000230 -0.552386 99 0.074842 0.071313 
0.432378 0.004023 -0.588060 90 0.032627 0.075918 
0.597073 0.033635 -0.897529 129 0.028933 0.115871 
0.706838 0.029102 -0.898904 56 0.062359 0.116048


0.572305 0.013789 -0.734506 106 0.049711 0.094824


