0.080778 0.141337 0.000000 18 0.953123 0.000000 
0.288405 0.202356 -0.269794 81 0.934669 0.034830 
0.229472 0.148158 -0.291074 54 0.959803 0.037577 
0.039214 0.101945 0.000000 19 0.968750 0.000000 
0.080778 0.141337 0.000000 18 0.953123 0.000000


0.158375 0.149733 -0.140743 1 0.954217 0.018170


0.229472 0.148158 -0.291074 54 0.959803 0.037577 
0.288405 0.202356 -0.269794 81 0.934669 0.034830 
0.493848 0.252387 -0.551237 72 0.919504 0.071164 
0.414775 0.185109 -0.587023 100 0.953980 0.075784 
0.229472 0.148158 -0.291074 54 0.959803 0.037577


0.355399 0.198668 -0.425355 2 0.942106 0.054913


0.229472 0.148158 -0.291074 54 0.959803 0.037577 
0.187238 0.092828 -0.302390 82 0.980552 0.039038 
0.006267 0.056104 0.000000 20 0.984183 0.000000 
0.039214 0.101945 0.000000 19 0.968750 0.000000 
0.229472 0.148158 -0.291074 54 0.959803 0.037577


0.113919 0.101079 -0.149196 3 0.973443 0.019261


0.187238 0.092828 -0.302390 82 0.980552 0.039038 
0.364960 0.124278 -0.603069 55 0.978352 0.077856 
0.348401 0.052795 -0.603448 23 1.000000 0.077905 
0.174200 0.026397 -0.301724 22 1.000000 0.038952 
0.187238 0.092828 -0.302390 82 0.980552 0.039038


0.262333 0.075811 -0.456187 4 0.989771 0.058894


0.006267 0.056104 0.000000 20 0.984183 0.000000 
0.187238 0.092828 -0.302390 82 0.980552 0.039038 
0.174200 0.026397 -0.301724 22 1.000000 0.038952 
0.000000 0.000000 0.000000 21 1.000000 0.000000 
0.006267 0.056104 0.000000 20 0.984183 0.000000


0.086575 0.044885 -0.154030 5 0.991241 0.019885


0.522601 0.079192 -0.905171 24 1.000000 0.116857 
0.537458 0.146845 -0.904989 90 0.979178 0.116834 
0.709983 0.169393 -1.206895 26 0.980038 0.155809 
0.696801 0.105590 -1.206895 25 1.000000 0.155809 
0.522601 0.079192 -0.905171 24 1.000000 0.116857


0.610670 0.126907 -1.059337 6 0.989841 0.136760


0.364960 0.124278 -0.603069 55 0.978352 0.077856 
0.537458 0.146845 -0.904989 90 0.979178 0.116834 
0.522601 0.079192 -0.905171 24 1.000000 0.116857 
0.348401 0.052795 -0.603448 23 1.000000 0.077905 
0.364960 0.124278 -0.603069 55 0.978352 0.077856


0.436868 0.102670 -0.757755 7 0.989417 0.097826


0.540031 0.369048 0.000000 14 0.812494 0.000000 
0.610426 0.382249 -0.078395 83 0.804550 0.010121 
0.524392 0.349098 -0.120264 98 0.836019 0.015526 
0.325883 0.287912 0.000000 15 0.875000 0.000000 
0.540031 0.369048 0.000000 14 0.812494 0.000000


0.499325 0.349515 -0.049984 8 0.832081 0.006453


0.524392 0.349098 -0.120264 98 0.836019 0.015526 
0.726323 0.401494 -0.224537 52 0.794013 0.028988 
0.665187 0.368736 -0.349446 77 0.831626 0.045113 
0.440876 0.307190 -0.176039 45 0.869928 0.022726 
0.524392 0.349098 -0.120264 98 0.836019 0.015526


0.588389 0.358912 -0.217871 9 0.832978 0.028127


3.380567 0.202405 -0.850925 93 0.112836 0.109854 
3.162919 0.241928 -0.674866 68 0.158155 0.087125 
3.131314 0.217479 -0.486332 88 0.145717 0.062785 
3.368697 0.148103 -0.552208 73 0.082298 0.071290 
3.380567 0.202405 -0.850925 93 0.112836 0.109854


3.261150 0.203290 -0.640929 10 0.124751 0.082744


0.524392 0.349098 -0.120264 98 0.836019 0.015526 
0.440876 0.307190 -0.176039 45 0.869928 0.022726 
0.223464 0.236669 0.000000 16 0.906247 0.000000 
0.325883 0.287912 0.000000 15 0.875000 0.000000 
0.524392 0.349098 -0.120264 98 0.836019 0.015526


0.377644 0.297487 -0.074487 11 0.871933 0.009616


0.223464 0.236669 0.000000 16 0.906247 0.000000 
0.440876 0.307190 -0.176039 45 0.869928 0.022726 
0.358866 0.255392 -0.232834 53 0.904972 0.030059 
0.126206 0.176201 0.000000 17 0.937500 0.000000 
0.223464 0.236669 0.000000 16 0.906247 0.000000


0.285955 0.246419 -0.102826 12 0.904844 0.013275


3.550650 0.024661 -0.301724 42 0.000000 0.038952 
3.306975 0.115420 -0.274761 43 0.069931 0.035472 
3.230777 0.088563 0.000000 2 0.062500 0.000000 
3.443770 0.004191 0.000000 1 0.000000 0.000000 
3.550650 0.024661 -0.301724 42 0.000000 0.038952


3.383453 0.059245 -0.143905 13 0.033087 0.018578


3.368697 0.148103 -0.552208 73 0.082298 0.071290 
3.131314 0.217479 -0.486332 88 0.145717 0.062785 
3.077781 0.191054 -0.249516 84 0.134546 0.032212 
3.306975 0.115420 -0.274761 43 0.069931 0.035472 
3.368697 0.148103 -0.552208 73 0.082298 0.071290


3.221536 0.169002 -0.390514 14 0.108103 0.050415


3.515167 0.224193 -1.206895 38 0.113059 0.155809 
3.380567 0.202405 -0.850925 93 0.112836 0.109854 
3.764412 0.065601 -0.905171 40 0.000000 0.116857 
3.871292 0.086070 -1.206895 39 0.000000 0.155809 
3.515167 0.224193 -1.206895 38 0.113059 0.155809


3.633956 0.147403 -1.041888 15 0.056472 0.134507


3.162919 0.241928 -0.674866 68 0.158155 0.087125 
2.979559 0.300098 -0.691879 85 0.214827 0.089321 
2.914522 0.281006 -0.470977 58 0.207755 0.060803 
3.131314 0.217479 -0.486332 88 0.145717 0.062785 
3.162919 0.241928 -0.674866 68 0.158155 0.087125


3.047334 0.260969 -0.580865 16 0.181564 0.074989


2.855882 0.258074 -0.238745 86 0.197730 0.030822 
2.631952 0.318248 -0.235450 46 0.261629 0.030396 
2.575595 0.295192 0.000000 5 0.250000 0.000000 
2.796407 0.234144 0.000000 4 0.187500 0.000000 
2.855882 0.258074 -0.238745 86 0.197730 0.030822


2.715233 0.277417 -0.118382 17 0.224157 0.015283


3.077781 0.191054 -0.249516 84 0.134546 0.032212 
2.855882 0.258074 -0.238745 86 0.197730 0.030822 
2.796407 0.234144 0.000000 4 0.187500 0.000000 
3.014892 0.165230 0.000000 3 0.125000 0.000000 
3.077781 0.191054 -0.249516 84 0.134546 0.032212


2.936542 0.213089 -0.121891 18 0.161143 0.015736


2.580103 0.434598 -0.952393 78 0.365697 0.122953 
2.510006 0.415012 -0.707157 95 0.354728 0.091294 
2.754034 0.360955 -0.702464 61 0.282730 0.090688 
2.834006 0.379018 -0.945183 87 0.289285 0.122023 
2.580103 0.434598 -0.952393 78 0.365697 0.122953


2.669836 0.398773 -0.826600 19 0.323043 0.106714


2.754034 0.360955 -0.702464 61 0.282730 0.090688 
2.979559 0.300098 -0.691879 85 0.214827 0.089321 
3.085751 0.308972 -0.921610 60 0.210780 0.118979 
2.834006 0.379018 -0.945183 87 0.289285 0.122023 
2.754034 0.360955 -0.702464 61 0.282730 0.090688


2.913672 0.338533 -0.815078 20 0.249356 0.105226


2.913826 0.399982 -1.206895 36 0.298550 0.155809 
2.834006 0.379018 -0.945183 87 0.289285 0.122023 
3.085751 0.308972 -0.921610 60 0.210780 0.118979 
3.150854 0.338996 -1.206895 37 0.226116 0.155809 
2.913826 0.399982 -1.206895 36 0.298550 0.155809


2.996461 0.358094 -1.069928 21 0.256084 0.138127


2.689283 0.340618 -0.469202 70 0.273124 0.060574 
2.453442 0.393530 -0.468986 59 0.341107 0.060546 
2.401830 0.371166 -0.233743 92 0.326853 0.030176 
2.631952 0.318248 -0.235450 46 0.261629 0.030396 
2.689283 0.340618 -0.469202 70 0.273124 0.060574


2.544389 0.357042 -0.351674 22 0.300610 0.045401


1.700181 0.523247 -0.940598 99 0.621499 0.121431 
1.701338 0.509169 -0.685876 80 0.584779 0.088546 
1.977677 0.492000 -0.700058 49 0.507627 0.090377 
2.003428 0.512116 -0.949709 66 0.534585 0.122607 
1.700181 0.523247 -0.940598 99 0.621499 0.121431


1.845819 0.512049 -0.818839 23 0.561965 0.105712


2.855882 0.258074 -0.238745 86 0.197730 0.030822 
3.077781 0.191054 -0.249516 84 0.134546 0.032212 
3.131314 0.217479 -0.486332 88 0.145717 0.062785 
2.914522 0.281006 -0.470977 58 0.207755 0.060803 
2.855882 0.258074 -0.238745 86 0.197730 0.030822


2.995168 0.237853 -0.361223 24 0.171392 0.046634


1.901747 0.428739 0.000000 8 0.437500 0.000000 
1.927138 0.450272 -0.227480 89 0.459414 0.029368 
1.686111 0.474161 -0.219719 65 0.525470 0.028366 
1.674212 0.455420 0.000000 9 0.500000 0.000000 
1.901747 0.428739 0.000000 8 0.437500 0.000000


1.797456 0.453550 -0.111660 25 0.480496 0.014415


1.927138 0.450272 -0.227480 89 0.459414 0.029368 
1.952420 0.471319 -0.459781 62 0.482627 0.059357 
1.696002 0.492105 -0.446437 50 0.553173 0.057635 
1.686111 0.474161 -0.219719 65 0.525470 0.028366 
1.927138 0.450272 -0.227480 89 0.459414 0.029368


1.815570 0.473580 -0.338204 26 0.505066 0.043662


1.686111 0.474161 -0.219719 65 0.525470 0.028366 
1.696002 0.492105 -0.446437 50 0.553173 0.057635 
1.441169 0.497516 -0.422829 64 0.621482 0.054587 
1.445746 0.486222 -0.206181 51 0.590243 0.026618 
1.686111 0.474161 -0.219719 65 0.525470 0.028366


1.567355 0.489736 -0.323634 27 0.572480 0.041781


0.768477 0.420723 -0.114147 69 0.765154 0.014736 
0.978237 0.457964 -0.154290 97 0.712361 0.019919 
0.950956 0.447712 -0.318379 57 0.744249 0.041103 
0.726323 0.401494 -0.224537 52 0.794013 0.028988 
0.768477 0.420723 -0.114147 69 0.765154 0.014736


0.855489 0.434406 -0.202973 28 0.753951 0.026204


1.168952 0.475119 -0.608864 71 0.725702 0.078604 
1.192813 0.481953 -0.381920 44 0.685355 0.049306 
1.441169 0.497516 -0.422829 64 0.621482 0.054587 
1.429833 0.504179 -0.658539 63 0.658349 0.085017 
1.168952 0.475119 -0.608864 71 0.725702 0.078604


1.307889 0.493253 -0.518010 29 0.672616 0.066875


1.441169 0.497516 -0.422829 64 0.621482 0.054587 
1.696002 0.492105 -0.446437 50 0.553173 0.057635 
1.701338 0.509169 -0.685876 80 0.584779 0.088546 
1.429833 0.504179 -0.658539 63 0.658349 0.085017 
1.441169 0.497516 -0.422829 64 0.621482 0.054587


1.567117 0.504171 -0.553236 30 0.604309 0.071422


1.927138 0.450272 -0.227480 89 0.459414 0.029368 
1.901747 0.428739 0.000000 8 0.437500 0.000000 
2.128008 0.392824 0.000000 7 0.375000 0.000000 
2.166656 0.415536 -0.231658 67 0.392900 0.029907 
1.927138 0.450272 -0.227480 89 0.459414 0.029368


2.031081 0.423112 -0.114634 31 0.416113 0.014799


1.445746 0.486222 -0.206181 51 0.590243 0.026618 
1.208163 0.481338 -0.185076 56 0.652994 0.023893 
1.216708 0.476240 0.000000 11 0.625000 0.000000 
1.445751 0.472227 0.000000 10 0.562496 0.000000 
1.445746 0.486222 -0.206181 51 0.590243 0.026618


1.329097 0.481755 -0.097676 32 0.607585 0.012610


1.686111 0.474161 -0.219719 65 0.525470 0.028366 
1.445746 0.486222 -0.206181 51 0.590243 0.026618 
1.445751 0.472227 0.000000 10 0.562496 0.000000 
1.674212 0.455420 0.000000 9 0.500000 0.000000 
1.686111 0.474161 -0.219719 65 0.525470 0.028366


1.563057 0.473588 -0.106349 33 0.544450 0.013730


1.445746 0.486222 -0.206181 51 0.590243 0.026618 
1.441169 0.497516 -0.422829 64 0.621482 0.054587 
1.192813 0.481953 -0.381920 44 0.685355 0.049306 
1.208163 0.481338 -0.185076 56 0.652994 0.023893 
1.445746 0.486222 -0.206181 51 0.590243 0.026618


1.321857 0.489804 -0.298907 34 0.637429 0.038589


0.768477 0.420723 -0.114147 69 0.765154 0.014736 
0.610426 0.382249 -0.078395 83 0.804550 0.010121 
0.540031 0.369048 0.000000 14 0.812494 0.000000 
0.761837 0.426007 0.000000 13 0.750000 0.000000 
0.768477 0.420723 -0.114147 69 0.765154 0.014736


0.669681 0.401479 -0.048296 35 0.783079 0.006235


0.665187 0.368736 -0.349446 77 0.831626 0.045113 
0.591079 0.318699 -0.481132 47 0.875991 0.062114 
0.358866 0.255392 -0.232834 53 0.904972 0.030059 
0.440876 0.307190 -0.176039 45 0.869928 0.022726 
0.665187 0.368736 -0.349446 77 0.831626 0.045113


0.512937 0.314924 -0.310295 36 0.870747 0.040059


0.537458 0.146845 -0.904989 90 0.979178 0.116834 
0.583492 0.201641 -0.896954 75 0.957376 0.115796 
0.752876 0.218433 -1.206895 27 0.960722 0.155809 
0.709983 0.169393 -1.206895 26 0.980038 0.155809 
0.537458 0.146845 -0.904989 90 0.979178 0.116834


0.644531 0.185373 -1.054646 37 0.969403 0.136154


3.306975 0.115420 -0.274761 43 0.069931 0.035472 
3.077781 0.191054 -0.249516 84 0.134546 0.032212 
3.014892 0.165230 0.000000 3 0.125000 0.000000 
3.230777 0.088563 0.000000 2 0.062500 0.000000 
3.306975 0.115420 -0.274761 43 0.069931 0.035472


3.157948 0.141034 -0.130881 38 0.097954 0.016897


2.754034 0.360955 -0.702464 61 0.282730 0.090688 
2.689283 0.340618 -0.469202 70 0.273124 0.060574 
2.914522 0.281006 -0.470977 58 0.207755 0.060803 
2.979559 0.300098 -0.691879 85 0.214827 0.089321 
2.754034 0.360955 -0.702464 61 0.282730 0.090688


2.834634 0.321746 -0.583456 39 0.244553 0.075324


3.085751 0.308972 -0.921610 60 0.210780 0.118979 
2.979559 0.300098 -0.691879 85 0.214827 0.089321 
3.162919 0.241928 -0.674866 68 0.158155 0.087125 
3.380567 0.202405 -0.850925 93 0.112836 0.109854 
3.085751 0.308972 -0.921610 60 0.210780 0.118979


3.152700 0.264970 -0.784530 40 0.174140 0.101282


2.453442 0.393530 -0.468986 59 0.341107 0.060546 
2.510006 0.415012 -0.707157 95 0.354728 0.091294 
2.249222 0.459737 -0.706383 79 0.430283 0.091194 
2.206800 0.437816 -0.466493 48 0.411308 0.060224 
2.453442 0.393530 -0.468986 59 0.341107 0.060546


2.355127 0.427990 -0.587066 41 0.384270 0.075790


0.950956 0.447712 -0.318379 57 0.744249 0.041103 
1.192813 0.481953 -0.381920 44 0.685355 0.049306 
1.168952 0.475119 -0.608864 71 0.725702 0.078604 
0.909325 0.425455 -0.516910 91 0.786700 0.066733 
0.950956 0.447712 -0.318379 57 0.744249 0.041103


1.054889 0.461050 -0.456656 42 0.735451 0.058954


2.352711 0.348179 0.000000 6 0.312500 0.000000 
2.401830 0.371166 -0.233743 92 0.326853 0.030176 
2.166656 0.415536 -0.231658 67 0.392900 0.029907 
2.128008 0.392824 0.000000 7 0.375000 0.000000 
2.352711 0.348179 0.000000 6 0.312500 0.000000


2.262526 0.383082 -0.116194 43 0.351735 0.015001


2.631952 0.318248 -0.235450 46 0.261629 0.030396 
2.401830 0.371166 -0.233743 92 0.326853 0.030176 
2.352711 0.348179 0.000000 6 0.312500 0.000000 
2.575595 0.295192 0.000000 5 0.250000 0.000000 
2.631952 0.318248 -0.235450 46 0.261629 0.030396


2.490773 0.334266 -0.117137 44 0.287679 0.015122


2.166656 0.415536 -0.231658 67 0.392900 0.029907 
2.206800 0.437816 -0.466493 48 0.411308 0.060224 
1.952420 0.471319 -0.459781 62 0.482627 0.059357 
1.927138 0.450272 -0.227480 89 0.459414 0.029368 
2.166656 0.415536 -0.231658 67 0.392900 0.029907


2.063459 0.445190 -0.346188 45 0.436467 0.044693


0.288405 0.202356 -0.269794 81 0.934669 0.034830 
0.080778 0.141337 0.000000 18 0.953123 0.000000 
0.126206 0.176201 0.000000 17 0.937500 0.000000 
0.358866 0.255392 -0.232834 53 0.904972 0.030059 
0.288405 0.202356 -0.269794 81 0.934669 0.034830


0.212398 0.195547 -0.126192 46 0.932740 0.016291


0.859664 0.379059 -0.790507 76 0.846147 0.102054 
0.694781 0.289171 -0.863054 94 0.911411 0.111420 
0.493848 0.252387 -0.551237 72 0.919504 0.071164 
0.591079 0.318699 -0.481132 47 0.875991 0.062114 
0.859664 0.379059 -0.790507 76 0.846147 0.102054


0.658280 0.313034 -0.672139 47 0.888401 0.086773


3.380567 0.202405 -0.850925 93 0.112836 0.109854 
3.368697 0.148103 -0.552208 73 0.082298 0.071290 
3.657531 0.045131 -0.603448 41 0.000000 0.077905 
3.764412 0.065601 -0.905171 40 0.000000 0.116857 
3.380567 0.202405 -0.850925 93 0.112836 0.109854


3.543679 0.117562 -0.727472 48 0.048751 0.093916


3.085751 0.308972 -0.921610 60 0.210780 0.118979 
3.380567 0.202405 -0.850925 93 0.112836 0.109854 
3.515167 0.224193 -1.206895 38 0.113059 0.155809 
3.150854 0.338996 -1.206895 37 0.226116 0.155809 
3.085751 0.308972 -0.921610 60 0.210780 0.118979


3.283878 0.271149 -1.046125 49 0.165547 0.135054


3.368697 0.148103 -0.552208 73 0.082298 0.071290 
3.306975 0.115420 -0.274761 43 0.069931 0.035472 
3.550650 0.024661 -0.301724 42 0.000000 0.038952 
3.657531 0.045131 -0.603448 41 0.000000 0.077905 
3.368697 0.148103 -0.552208 73 0.082298 0.071290


3.471499 0.084686 -0.432752 50 0.038053 0.055868


0.583492 0.201641 -0.896954 75 0.957376 0.115796 
0.694781 0.289171 -0.863054 94 0.911411 0.111420 
0.858829 0.296056 -1.206895 28 0.921799 0.155809 
0.752876 0.218433 -1.206895 27 0.960722 0.155809 
0.583492 0.201641 -0.896954 75 0.957376 0.115796


0.720537 0.254121 -1.044355 51 0.937901 0.134826


0.694781 0.289171 -0.863054 94 0.911411 0.111420 
0.859664 0.379059 -0.790507 76 0.846147 0.102054 
0.974820 0.357681 -1.206895 29 0.882914 0.155809 
0.858829 0.296056 -1.206895 28 0.921799 0.155809 
0.694781 0.289171 -0.863054 94 0.911411 0.111420


0.845492 0.333609 -1.017482 52 0.890478 0.131356


1.146021 0.456713 -0.882455 101 0.774837 0.113924 
1.405468 0.502475 -0.921794 74 0.704512 0.119003 
1.349666 0.482166 -1.206895 31 0.765808 0.155809 
1.158893 0.430012 -1.206895 30 0.824356 0.155809 
1.146021 0.456713 -0.882455 101 0.774837 0.113924


1.263954 0.472531 -1.054808 53 0.767159 0.136175


0.859664 0.379059 -0.790507 76 0.846147 0.102054 
1.146021 0.456713 -0.882455 101 0.774837 0.113924 
1.158893 0.430012 -1.206895 30 0.824356 0.155809 
0.974820 0.357681 -1.206895 29 0.882914 0.155809 
0.859664 0.379059 -0.790507 76 0.846147 0.102054


1.033306 0.410337 -1.022256 54 0.831934 0.131973


2.453442 0.393530 -0.468986 59 0.341107 0.060546 
2.689283 0.340618 -0.469202 70 0.273124 0.060574 
2.754034 0.360955 -0.702464 61 0.282730 0.090688 
2.510006 0.415012 -0.707157 95 0.354728 0.091294 
2.453442 0.393530 -0.468986 59 0.341107 0.060546


2.601969 0.378780 -0.586769 55 0.312852 0.075752


2.580103 0.434598 -0.952393 78 0.365697 0.122953 
2.834006 0.379018 -0.945183 87 0.289285 0.122023 
2.913826 0.399982 -1.206895 36 0.298550 0.155809 
2.674400 0.450740 -1.206895 35 0.370984 0.155809 
2.580103 0.434598 -0.952393 78 0.365697 0.122953


2.750876 0.417451 -1.077646 56 0.331068 0.139123


0.859664 0.379059 -0.790507 76 0.846147 0.102054 
0.591079 0.318699 -0.481132 47 0.875991 0.062114 
0.665187 0.368736 -0.349446 77 0.831626 0.045113 
0.909325 0.425455 -0.516910 91 0.786700 0.066733 
0.859664 0.379059 -0.790507 76 0.846147 0.102054


0.755184 0.376166 -0.534920 57 0.835147 0.069058


2.401830 0.371166 -0.233743 92 0.326853 0.030176 
2.453442 0.393530 -0.468986 59 0.341107 0.060546 
2.206800 0.437816 -0.466493 48 0.411308 0.060224 
2.166656 0.415536 -0.231658 67 0.392900 0.029907 
2.401830 0.371166 -0.233743 92 0.326853 0.030176


2.307421 0.405803 -0.350050 58 0.367961 0.045191


2.855882 0.258074 -0.238745 86 0.197730 0.030822 
2.914522 0.281006 -0.470977 58 0.207755 0.060803 
2.689283 0.340618 -0.469202 70 0.273124 0.060574 
2.631952 0.318248 -0.235450 46 0.261629 0.030396 
2.855882 0.258074 -0.238745 86 0.197730 0.030822


2.773188 0.300522 -0.353423 59 0.235003 0.045627


2.355998 0.501062 -1.206895 34 0.466393 0.155809 
2.297884 0.480953 -0.953377 96 0.448984 0.123080 
2.580103 0.434598 -0.952393 78 0.365697 0.122953 
2.674400 0.450740 -1.206895 35 0.370984 0.155809 
2.355998 0.501062 -1.206895 34 0.466393 0.155809


2.477441 0.468975 -1.079630 60 0.412930 0.139380


2.003428 0.512116 -0.949709 66 0.534585 0.122607 
1.977677 0.492000 -0.700058 49 0.507627 0.090377 
2.249222 0.459737 -0.706383 79 0.430283 0.091194 
2.297884 0.480953 -0.953377 96 0.448984 0.123080 
2.003428 0.512116 -0.949709 66 0.534585 0.122607


2.132287 0.488252 -0.827173 61 0.480251 0.106788


2.297884 0.480953 -0.953377 96 0.448984 0.123080 
2.249222 0.459737 -0.706383 79 0.430283 0.091194 
2.510006 0.415012 -0.707157 95 0.354728 0.091294 
2.580103 0.434598 -0.952393 78 0.365697 0.122953 
2.297884 0.480953 -0.953377 96 0.448984 0.123080


2.409592 0.449292 -0.829613 62 0.399833 0.107103


1.701338 0.509169 -0.685876 80 0.584779 0.088546 
1.696002 0.492105 -0.446437 50 0.553173 0.057635 
1.952420 0.471319 -0.459781 62 0.482627 0.059357 
1.977677 0.492000 -0.700058 49 0.507627 0.090377 
1.701338 0.509169 -0.685876 80 0.584779 0.088546


1.832008 0.493101 -0.572872 63 0.531931 0.073957


1.952420 0.471319 -0.459781 62 0.482627 0.059357 
2.206800 0.437816 -0.466493 48 0.411308 0.060224 
2.249222 0.459737 -0.706383 79 0.430283 0.091194 
1.977677 0.492000 -0.700058 49 0.507627 0.090377 
1.952420 0.471319 -0.459781 62 0.482627 0.059357


2.096748 0.466919 -0.582995 64 0.457857 0.075264


0.988152 0.461272 0.000000 12 0.687499 0.000000 
0.978237 0.457964 -0.154290 97 0.712361 0.019919 
0.768477 0.420723 -0.114147 69 0.765154 0.014736 
0.761837 0.426007 0.000000 13 0.750000 0.000000 
0.988152 0.461272 0.000000 12 0.687499 0.000000


0.873748 0.444000 -0.067198 65 0.728741 0.008675


1.208163 0.481338 -0.185076 56 0.652994 0.023893 
0.978237 0.457964 -0.154290 97 0.712361 0.019919 
0.988152 0.461272 0.000000 12 0.687499 0.000000 
1.216708 0.476240 0.000000 11 0.625000 0.000000 
1.208163 0.481338 -0.185076 56 0.652994 0.023893


1.097584 0.471989 -0.084817 66 0.669402 0.010950


0.768477 0.420723 -0.114147 69 0.765154 0.014736 
0.726323 0.401494 -0.224537 52 0.794013 0.028988 
0.524392 0.349098 -0.120264 98 0.836019 0.015526 
0.610426 0.382249 -0.078395 83 0.804550 0.010121 
0.768477 0.420723 -0.114147 69 0.765154 0.014736


0.656857 0.390288 -0.134520 67 0.799970 0.017366


2.003428 0.512116 -0.949709 66 0.534585 0.122607 
2.297884 0.480953 -0.953377 96 0.448984 0.123080 
2.355998 0.501062 -1.206895 34 0.466393 0.155809 
2.035032 0.530936 -1.206895 33 0.561805 0.155809 
2.003428 0.512116 -0.949709 66 0.534585 0.122607


2.173338 0.508783 -1.078978 68 0.502812 0.139295


0.950956 0.447712 -0.318379 57 0.744249 0.041103 
0.909325 0.425455 -0.516910 91 0.786700 0.066733 
0.665187 0.368736 -0.349446 77 0.831626 0.045113 
0.726323 0.401494 -0.224537 52 0.794013 0.028988 
0.950956 0.447712 -0.318379 57 0.744249 0.041103


0.812213 0.413590 -0.352554 69 0.789176 0.045515


1.208163 0.481338 -0.185076 56 0.652994 0.023893 
1.192813 0.481953 -0.381920 44 0.685355 0.049306 
0.950956 0.447712 -0.318379 57 0.744249 0.041103 
0.978237 0.457964 -0.154290 97 0.712361 0.019919 
1.208163 0.481338 -0.185076 56 0.652994 0.023893


1.082181 0.470149 -0.259951 70 0.698695 0.033559


1.690618 0.530868 -1.206895 32 0.663796 0.155809 
1.700181 0.523247 -0.940598 99 0.621499 0.121431 
2.003428 0.512116 -0.949709 66 0.534585 0.122607 
2.035032 0.530936 -1.206895 33 0.561805 0.155809 
1.690618 0.530868 -1.206895 32 0.663796 0.155809


1.857439 0.529363 -1.075714 71 0.595210 0.138874


1.405468 0.502475 -0.921794 74 0.704512 0.119003 
1.700181 0.523247 -0.940598 99 0.621499 0.121431 
1.690618 0.530868 -1.206895 32 0.663796 0.155809 
1.349666 0.482166 -1.206895 31 0.765808 0.155809 
1.405468 0.502475 -0.921794 74 0.704512 0.119003


1.535771 0.516500 -1.069058 72 0.688656 0.138015


0.493848 0.252387 -0.551237 72 0.919504 0.071164 
0.288405 0.202356 -0.269794 81 0.934669 0.034830 
0.358866 0.255392 -0.232834 53 0.904972 0.030059 
0.591079 0.318699 -0.481132 47 0.875991 0.062114 
0.493848 0.252387 -0.551237 72 0.919504 0.071164


0.431896 0.259268 -0.384254 73 0.908923 0.049607


0.364960 0.124278 -0.603069 55 0.978352 0.077856 
0.414775 0.185109 -0.587023 100 0.953980 0.075784 
0.583492 0.201641 -0.896954 75 0.957376 0.115796 
0.537458 0.146845 -0.904989 90 0.979178 0.116834 
0.364960 0.124278 -0.603069 55 0.978352 0.077856


0.473526 0.166032 -0.748829 74 0.967304 0.096673


0.859664 0.379059 -0.790507 76 0.846147 0.102054 
0.909325 0.425455 -0.516910 91 0.786700 0.066733 
1.168952 0.475119 -0.608864 71 0.725702 0.078604 
1.146021 0.456713 -0.882455 101 0.774837 0.113924 
0.859664 0.379059 -0.790507 76 0.846147 0.102054


1.019695 0.439160 -0.700086 75 0.783248 0.090381


1.405468 0.502475 -0.921794 74 0.704512 0.119003 
1.429833 0.504179 -0.658539 63 0.658349 0.085017 
1.701338 0.509169 -0.685876 80 0.584779 0.088546 
1.700181 0.523247 -0.940598 99 0.621499 0.121431 
1.405468 0.502475 -0.921794 74 0.704512 0.119003


1.559015 0.514387 -0.801565 76 0.642108 0.103482


1.146021 0.456713 -0.882455 101 0.774837 0.113924 
1.168952 0.475119 -0.608864 71 0.725702 0.078604 
1.429833 0.504179 -0.658539 63 0.658349 0.085017 
1.405468 0.502475 -0.921794 74 0.704512 0.119003 
1.146021 0.456713 -0.882455 101 0.774837 0.113924


1.286925 0.489021 -0.768014 77 0.715696 0.099150


0.187238 0.092828 -0.302390 82 0.980552 0.039038 
0.229472 0.148158 -0.291074 54 0.959803 0.037577 
0.414775 0.185109 -0.587023 100 0.953980 0.075784 
0.364960 0.124278 -0.603069 55 0.978352 0.077856 
0.187238 0.092828 -0.302390 82 0.980552 0.039038


0.297386 0.139193 -0.446753 78 0.968287 0.057676


0.694781 0.289171 -0.863054 94 0.911411 0.111420 
0.583492 0.201641 -0.896954 75 0.957376 0.115796 
0.414775 0.185109 -0.587023 100 0.953980 0.075784 
0.493848 0.252387 -0.551237 72 0.919504 0.071164 
0.694781 0.289171 -0.863054 94 0.911411 0.111420


0.545039 0.234524 -0.725344 79 0.935664 0.093641


