0.174200 0.026397 -0.301724 44 0.000000 0.038952 
0.139815 -0.009049 -0.202105 104 0.010443 0.026092 
0.039986 -0.035588 0.000000 2 0.015794 0.000000 
0.000000 0.000000 0.000000 1 0.000000 0.000000 
0.174200 0.026397 -0.301724 44 0.000000 0.038952


0.086038 -0.007079 -0.127599 1 0.006419 0.016473


0.215866 -0.008422 -0.305341 55 0.015935 0.039419 
0.139815 -0.009049 -0.202105 104 0.010443 0.026092 
0.174200 0.026397 -0.301724 44 0.000000 0.038952 
0.348401 0.052795 -0.603448 43 0.000000 0.077905 
0.215866 -0.008422 -0.305341 55 0.015935 0.039419


0.217128 0.012923 -0.354784 2 0.006473 0.045802


0.039986 -0.035588 0.000000 2 0.015794 0.000000 
0.139815 -0.009049 -0.202105 104 0.010443 0.026092 
0.215866 -0.008422 -0.305341 55 0.015935 0.039419 
0.091966 -0.048371 0.000000 3 0.031250 0.000000 
0.039986 -0.035588 0.000000 2 0.015794 0.000000


0.121267 -0.027225 -0.127397 3 0.018302 0.016447


0.215866 -0.008422 -0.305341 55 0.015935 0.039419 
0.210314 -0.030311 -0.203517 105 0.031873 0.026274 
0.146038 -0.052181 0.000000 4 0.046877 0.000000 
0.091966 -0.048371 0.000000 3 0.031250 0.000000 
0.215866 -0.008422 -0.305341 55 0.015935 0.039419


0.165760 -0.036999 -0.127574 4 0.031523 0.016470


0.271856 -0.021431 -0.306144 56 0.032745 0.039523 
0.210314 -0.030311 -0.203517 105 0.031873 0.026274 
0.215866 -0.008422 -0.305341 55 0.015935 0.039419 
0.348401 0.052795 -0.603448 43 0.000000 0.077905 
0.271856 -0.021431 -0.306144 56 0.032745 0.039523


0.259535 -0.008850 -0.356431 5 0.020406 0.046015


0.146038 -0.052181 0.000000 4 0.046877 0.000000 
0.210314 -0.030311 -0.203517 105 0.031873 0.026274 
0.271856 -0.021431 -0.306144 56 0.032745 0.039523 
0.200239 -0.051514 0.000000 5 0.062500 0.000000 
0.146038 -0.052181 0.000000 4 0.046877 0.000000


0.207053 -0.040348 -0.127583 6 0.043563 0.016471


1.081201 0.072205 -1.056035 58 0.151241 0.136334 
1.041075 0.067755 -1.106339 106 0.130105 0.142828 
1.033730 0.069039 -1.206895 36 0.110407 0.155809 
1.106823 0.077817 -1.206895 35 0.133424 0.155809 
1.081201 0.072205 -1.056035 58 0.151241 0.136334


1.065730 0.071528 -1.144044 7 0.131344 0.147695


1.008204 0.062725 -1.056068 57 0.128462 0.136338 
1.041075 0.067755 -1.106339 106 0.130105 0.142828 
1.081201 0.072205 -1.056035 58 0.151241 0.136334 
1.090102 0.071217 -0.859914 52 0.186878 0.111014 
1.008204 0.062725 -1.056068 57 0.128462 0.136338


1.055176 0.068251 -1.019592 8 0.149316 0.131629


1.033730 0.069039 -1.206895 36 0.110407 0.155809 
1.041075 0.067755 -1.106339 106 0.130105 0.142828 
1.008204 0.062725 -1.056068 57 0.128462 0.136338 
0.960479 0.061695 -1.206895 37 0.087389 0.155809 
1.033730 0.069039 -1.206895 36 0.110407 0.155809


1.010920 0.064886 -1.144059 9 0.114156 0.147697


0.793799 0.035064 -0.905348 61 0.087926 0.116880 
0.881225 0.044222 -0.905325 107 0.114844 0.116877 
0.918877 0.046900 -0.780897 60 0.147404 0.100813 
0.748057 0.021906 -0.603448 45 0.125000 0.077905 
0.793799 0.035064 -0.905348 61 0.087926 0.116880


0.835557 0.036467 -0.798766 10 0.118885 0.103120


0.947805 0.055521 -1.056270 59 0.109609 0.136364 
0.881225 0.044222 -0.905325 107 0.114844 0.116877 
0.793799 0.035064 -0.905348 61 0.087926 0.116880 
0.838818 0.056325 -1.206895 39 0.049301 0.155809 
0.947805 0.055521 -1.056270 59 0.109609 0.136364


0.865586 0.045886 -1.018531 11 0.090585 0.131492


0.918877 0.046900 -0.780897 60 0.147404 0.100813 
0.881225 0.044222 -0.905325 107 0.114844 0.116877 
0.947805 0.055521 -1.056270 59 0.109609 0.136364 
1.090102 0.071217 -0.859914 52 0.186878 0.111014 
0.918877 0.046900 -0.780897 60 0.147404 0.100813


0.959571 0.053944 -0.900609 12 0.139814 0.116268


0.545571 0.002963 -0.605781 65 0.063586 0.078206 
0.748057 0.021906 -0.603448 45 0.125000 0.077905 
0.630801 -0.000727 0.000000 8 0.187500 0.000000 
0.416027 -0.030676 0.000000 7 0.125000 0.000000 
0.545571 0.002963 -0.605781 65 0.063586 0.078206


0.585411 -0.003943 -0.302345 14 0.125897 0.039033


0.383554 -0.023564 -0.306663 64 0.065540 0.039590 
0.348401 0.052795 -0.603448 43 0.000000 0.077905 
0.545571 0.002963 -0.605781 65 0.063586 0.078206 
0.416027 -0.030676 0.000000 7 0.125000 0.000000 
0.383554 -0.023564 -0.306663 64 0.065540 0.039590


0.424189 -0.017019 -0.380081 17 0.065325 0.049068


1.285255 0.095928 -0.794544 66 0.257434 0.102575 
1.134337 0.074149 -0.604166 47 0.241802 0.077997 
0.918877 0.046900 -0.780897 60 0.147404 0.100813 
1.090102 0.071217 -0.859914 52 0.186878 0.111014 
1.285255 0.095928 -0.794544 66 0.257434 0.102575


1.107083 0.072491 -0.759875 20 0.208498 0.098099


1.389606 0.104089 -0.656422 67 0.310827 0.084744 
1.134337 0.074149 -0.604166 47 0.241802 0.077997 
1.285255 0.095928 -0.794544 66 0.257434 0.102575 
1.555525 0.124302 -0.825387 53 0.335241 0.106557 
1.389606 0.104089 -0.656422 67 0.310827 0.084744


1.341053 0.100801 -0.720102 21 0.286218 0.092965


3.226174 0.021194 0.000000 20 0.937500 0.000000 
3.358471 0.039425 -0.302508 46 0.943666 0.039054 
3.548444 0.016446 -0.301724 22 1.000000 0.038952 
3.441534 -0.004191 0.000000 21 1.000000 0.000000 
3.226174 0.021194 0.000000 20 0.937500 0.000000


3.393705 0.018633 -0.151012 22 0.970281 0.019496


3.086557 0.066761 -0.301764 93 0.863408 0.038958 
3.358471 0.039425 -0.302508 46 0.943666 0.039054 
3.226174 0.021194 0.000000 20 0.937500 0.000000 
3.010397 0.042751 0.000000 19 0.875000 0.000000 
3.086557 0.066761 -0.301764 93 0.863408 0.038958


3.170464 0.043171 -0.151001 23 0.904914 0.019494


3.462816 0.093347 -0.904787 71 0.907713 0.116807 
3.598386 0.089334 -1.005528 112 0.938042 0.129813 
3.762265 0.057721 -0.905171 24 1.000000 0.116857 
3.655355 0.037084 -0.603448 23 1.000000 0.077905 
3.462816 0.093347 -0.904787 71 0.907713 0.116807


3.619783 0.070016 -0.854661 25 0.961686 0.110336


3.569789 0.114528 -1.206895 26 0.905712 0.155809 
3.598386 0.089334 -1.005528 112 0.938042 0.129813 
3.462816 0.093347 -0.904787 71 0.907713 0.116807 
3.269519 0.142426 -1.206895 27 0.811424 0.155809 
3.569789 0.114528 -1.206895 26 0.905712 0.155809


3.475229 0.110905 -1.080920 26 0.890991 0.139546


3.762265 0.057721 -0.905171 24 1.000000 0.116857 
3.598386 0.089334 -1.005528 112 0.938042 0.129813 
3.569789 0.114528 -1.206895 26 0.905712 0.155809 
3.869175 0.078359 -1.206895 25 1.000000 0.155809 
3.762265 0.057721 -0.905171 24 1.000000 0.116857


3.699988 0.085674 -1.081045 27 0.961072 0.139562


0.919875 0.043137 -0.390854 73 0.211202 0.050459 
1.086909 0.060355 -0.167557 113 0.295088 0.021631 
1.061084 0.053375 0.000000 10 0.312499 0.000000 
0.845646 0.028709 0.000000 9 0.250000 0.000000 
0.919875 0.043137 -0.390854 73 0.211202 0.050459


0.978258 0.047393 -0.139585 28 0.267481 0.018020


1.206285 0.074471 -0.245192 72 0.318508 0.031654 
1.086909 0.060355 -0.167557 113 0.295088 0.021631 
0.919875 0.043137 -0.390854 73 0.211202 0.050459 
1.134337 0.074149 -0.604166 47 0.241802 0.077997 
1.206285 0.074471 -0.245192 72 0.318508 0.031654


1.086713 0.064185 -0.351921 29 0.266971 0.045433


1.061084 0.053375 0.000000 10 0.312499 0.000000 
1.086909 0.060355 -0.167557 113 0.295088 0.021631 
1.206285 0.074471 -0.245192 72 0.318508 0.031654 
1.277238 0.070675 0.000000 11 0.375000 0.000000 
1.061084 0.053375 0.000000 10 0.312499 0.000000


1.157798 0.065610 -0.103159 30 0.325386 0.013318


0.271856 -0.021431 -0.306144 56 0.032745 0.039523 
0.321173 -0.032956 -0.204239 114 0.064174 0.026367 
0.308352 -0.043359 0.000000 6 0.093751 0.000000 
0.200239 -0.051514 0.000000 5 0.062500 0.000000 
0.271856 -0.021431 -0.306144 56 0.032745 0.039523


0.275515 -0.039922 -0.127768 31 0.063432 0.016495


0.383554 -0.023564 -0.306663 64 0.065540 0.039590 
0.321173 -0.032956 -0.204239 114 0.064174 0.026367 
0.271856 -0.021431 -0.306144 56 0.032745 0.039523 
0.348401 0.052795 -0.603448 43 0.000000 0.077905 
0.383554 -0.023564 -0.306663 64 0.065540 0.039590


0.330554 -0.019393 -0.356698 32 0.041580 0.046049


0.308352 -0.043359 0.000000 6 0.093751 0.000000 
0.321173 -0.032956 -0.204239 114 0.064174 0.026367 
0.383554 -0.023564 -0.306663 64 0.065540 0.039590 
0.416027 -0.030676 0.000000 7 0.125000 0.000000 
0.308352 -0.043359 0.000000 6 0.093751 0.000000


0.357420 -0.034189 -0.127783 33 0.087292 0.016497


0.919875 0.043137 -0.390854 73 0.211202 0.050459 
0.845646 0.028709 0.000000 9 0.250000 0.000000 
0.630801 -0.000727 0.000000 8 0.187500 0.000000 
0.748057 0.021906 -0.603448 45 0.125000 0.077905 
0.919875 0.043137 -0.390854 73 0.211202 0.050459


0.786097 0.023243 -0.248576 34 0.193991 0.032091


1.831292 0.107557 -0.309489 77 0.492968 0.039955 
1.700263 0.104183 -0.306185 116 0.454884 0.039528 
1.694383 0.112826 -0.454021 76 0.432183 0.058614 
1.980047 0.129760 -0.614331 49 0.494744 0.079310 
1.831292 0.107557 -0.309489 77 0.492968 0.039955


1.801490 0.113829 -0.420991 37 0.468652 0.054350


1.572161 0.091136 -0.150784 75 0.439171 0.019466 
1.700263 0.104183 -0.306185 116 0.454884 0.039528 
1.831292 0.107557 -0.309489 77 0.492968 0.039955 
1.710669 0.085635 0.000000 13 0.500000 0.000000 
1.572161 0.091136 -0.150784 75 0.439171 0.019466


1.703591 0.097340 -0.191601 38 0.471815 0.024736


1.694383 0.112826 -0.454021 76 0.432183 0.058614 
1.700263 0.104183 -0.306185 116 0.454884 0.039528 
1.572161 0.091136 -0.150784 75 0.439171 0.019466 
1.433741 0.093930 -0.301724 54 0.377106 0.038952 
1.694383 0.112826 -0.454021 76 0.432183 0.058614


1.600122 0.100960 -0.303153 39 0.425855 0.039137


1.487901 0.124586 -1.055964 79 0.278119 0.136324 
1.343621 0.106614 -1.005691 117 0.241390 0.129834 
1.206320 0.089189 -1.056032 78 0.190306 0.136333 
1.357140 0.111184 -1.206895 33 0.212379 0.155809 
1.487901 0.124586 -1.055964 79 0.278119 0.136324


1.348683 0.108385 -1.081138 40 0.230606 0.139574


1.285255 0.095928 -0.794544 66 0.257434 0.102575 
1.343621 0.106614 -1.005691 117 0.241390 0.129834 
1.487901 0.124586 -1.055964 79 0.278119 0.136324 
1.555525 0.124302 -0.825387 53 0.335241 0.106557 
1.285255 0.095928 -0.794544 66 0.257434 0.102575


1.417970 0.113810 -0.920375 41 0.278150 0.118820


1.206320 0.089189 -1.056032 78 0.190306 0.136333 
1.343621 0.106614 -1.005691 117 0.241390 0.129834 
1.285255 0.095928 -0.794544 66 0.257434 0.102575 
1.090102 0.071217 -0.859914 52 0.186878 0.111014 
1.206320 0.089189 -1.056032 78 0.190306 0.136333


1.231280 0.091078 -0.929041 42 0.219086 0.119939


2.318477 0.132756 -0.631006 80 0.594100 0.081463 
1.980047 0.129760 -0.614331 49 0.494744 0.079310 
2.217548 0.144217 -0.790010 82 0.541907 0.101990 
2.443269 0.147942 -0.850970 50 0.602251 0.109860 
2.318477 0.132756 -0.631006 80 0.594100 0.081463


2.239834 0.139525 -0.721519 44 0.558121 0.093148


2.094587 0.121108 -0.463818 81 0.549722 0.059879 
1.980047 0.129760 -0.614331 49 0.494744 0.079310 
2.318477 0.132756 -0.631006 80 0.594100 0.081463 
2.287094 0.115631 -0.397277 51 0.615644 0.051288 
2.094587 0.121108 -0.463818 81 0.549722 0.059879


2.170050 0.125716 -0.526545 45 0.563707 0.067977


2.844117 0.140770 -0.905076 85 0.717675 0.116845 
2.724019 0.145700 -0.904999 119 0.680884 0.116835 
2.640843 0.160445 -1.055996 84 0.635216 0.136328 
2.797969 0.168412 -1.206895 29 0.663755 0.155809 
2.844117 0.140770 -0.905076 85 0.717675 0.116845


2.751750 0.154226 -1.018208 46 0.674545 0.131450


2.687043 0.134316 -0.754050 83 0.689184 0.097347 
2.724019 0.145700 -0.904999 119 0.680884 0.116835 
2.844117 0.140770 -0.905076 85 0.717675 0.116845 
2.994308 0.097742 -0.537956 48 0.808512 0.069450 
2.687043 0.134316 -0.754050 83 0.689184 0.097347


2.812429 0.130826 -0.775415 47 0.724514 0.100106


2.640843 0.160445 -1.055996 84 0.635216 0.136328 
2.724019 0.145700 -0.904999 119 0.680884 0.116835 
2.687043 0.134316 -0.754050 83 0.689184 0.097347 
2.443269 0.147942 -0.850970 50 0.602251 0.109860 
2.640843 0.160445 -1.055996 84 0.635216 0.136328


2.623809 0.147682 -0.891457 48 0.651984 0.115087


2.445532 0.098554 -0.226124 88 0.684082 0.029193 
2.593787 0.103675 -0.351812 120 0.712050 0.045419 
2.733993 0.092364 -0.301714 87 0.759497 0.038951 
2.577811 0.073550 0.000000 17 0.750000 0.000000 
2.445532 0.098554 -0.226124 88 0.684082 0.029193


2.587802 0.092497 -0.219872 49 0.726488 0.028385


2.601758 0.118351 -0.527753 86 0.692399 0.068133 
2.593787 0.103675 -0.351812 120 0.712050 0.045419 
2.445532 0.098554 -0.226124 88 0.684082 0.029193 
2.287094 0.115631 -0.397277 51 0.615644 0.051288 
2.601758 0.118351 -0.527753 86 0.692399 0.068133


2.482063 0.109723 -0.375686 50 0.676066 0.048501


2.733993 0.092364 -0.301714 87 0.759497 0.038951 
2.593787 0.103675 -0.351812 120 0.712050 0.045419 
2.601758 0.118351 -0.527753 86 0.692399 0.068133 
2.994308 0.097742 -0.537956 48 0.808512 0.069450 
2.733993 0.092364 -0.301714 87 0.759497 0.038951


2.731017 0.104100 -0.429713 51 0.743085 0.055476


3.462816 0.093347 -0.904787 71 0.907713 0.116807 
3.272130 0.101532 -0.804111 121 0.860994 0.103810 
3.079866 0.127048 -0.905137 90 0.789968 0.116853 
3.269519 0.142426 -1.206895 27 0.811424 0.155809 
3.462816 0.093347 -0.904787 71 0.907713 0.116807


3.271166 0.117054 -0.955135 52 0.842731 0.123307


3.273385 0.080509 -0.602768 89 0.884765 0.077817 
3.272130 0.101532 -0.804111 121 0.860994 0.103810 
3.462816 0.093347 -0.904787 71 0.907713 0.116807 
3.655355 0.037084 -0.603448 23 1.000000 0.077905 
3.273385 0.080509 -0.602768 89 0.884765 0.077817


3.416053 0.079357 -0.728645 53 0.913589 0.094068


3.079866 0.127048 -0.905137 90 0.789968 0.116853 
3.272130 0.101532 -0.804111 121 0.860994 0.103810 
3.273385 0.080509 -0.602768 89 0.884765 0.077817 
2.994308 0.097742 -0.537956 48 0.808512 0.069450 
3.079866 0.127048 -0.905137 90 0.789968 0.116853


3.154980 0.102410 -0.712423 54 0.836189 0.091973


2.687043 0.134316 -0.754050 83 0.689184 0.097347 
2.562419 0.130066 -0.653507 122 0.664509 0.084367 
2.318477 0.132756 -0.631006 80 0.594100 0.081463 
2.443269 0.147942 -0.850970 50 0.602251 0.109860 
2.687043 0.134316 -0.754050 83 0.689184 0.097347


2.502819 0.137066 -0.722321 55 0.637532 0.093251


2.601758 0.118351 -0.527753 86 0.692399 0.068133 
2.562419 0.130066 -0.653507 122 0.664509 0.084367 
2.687043 0.134316 -0.754050 83 0.689184 0.097347 
2.994308 0.097742 -0.537956 48 0.808512 0.069450 
2.601758 0.118351 -0.527753 86 0.692399 0.068133


2.711451 0.121680 -0.618181 56 0.713847 0.079807


2.318477 0.132756 -0.631006 80 0.594100 0.081463 
2.562419 0.130066 -0.653507 122 0.664509 0.084367 
2.601758 0.118351 -0.527753 86 0.692399 0.068133 
2.287094 0.115631 -0.397277 51 0.615644 0.051288 
2.318477 0.132756 -0.631006 80 0.594100 0.081463


2.442453 0.124958 -0.552326 57 0.641648 0.071305


3.033894 0.158145 -1.206895 28 0.737589 0.155809 
2.985985 0.142437 -1.005661 123 0.748491 0.129830 
2.844117 0.140770 -0.905076 85 0.717675 0.116845 
2.797969 0.168412 -1.206895 29 0.663755 0.155809 
3.033894 0.158145 -1.206895 28 0.737589 0.155809


2.915515 0.152934 -1.081088 58 0.716998 0.139568


3.079866 0.127048 -0.905137 90 0.789968 0.116853 
2.985985 0.142437 -1.005661 123 0.748491 0.129830 
3.033894 0.158145 -1.206895 28 0.737589 0.155809 
3.269519 0.142426 -1.206895 27 0.811424 0.155809 
3.079866 0.127048 -0.905137 90 0.789968 0.116853


3.092345 0.142961 -1.081105 59 0.771887 0.139570


2.844117 0.140770 -0.905076 85 0.717675 0.116845 
2.985985 0.142437 -1.005661 123 0.748491 0.129830 
3.079866 0.127048 -0.905137 90 0.789968 0.116853 
2.994308 0.097742 -0.537956 48 0.808512 0.069450 
2.844117 0.140770 -0.905076 85 0.717675 0.116845


2.976103 0.127554 -0.838406 60 0.766465 0.108238


0.522601 0.079192 -0.905171 42 0.000000 0.116857 
0.593236 0.021125 -0.809297 124 0.043178 0.104480 
0.545571 0.002963 -0.605781 65 0.063586 0.078206 
0.348401 0.052795 -0.603448 43 0.000000 0.077905 
0.522601 0.079192 -0.905171 42 0.000000 0.116857


0.498949 0.019832 -0.734656 61 0.027393 0.094844


0.723678 0.030502 -0.909888 91 0.065621 0.117466 
0.593236 0.021125 -0.809297 124 0.043178 0.104480 
0.522601 0.079192 -0.905171 42 0.000000 0.116857 
0.696801 0.105590 -1.206895 41 0.000000 0.155809 
0.723678 0.030502 -0.909888 91 0.065621 0.117466


0.630699 0.039894 -0.961476 62 0.028021 0.124126


0.545571 0.002963 -0.605781 65 0.063586 0.078206 
0.593236 0.021125 -0.809297 124 0.043178 0.104480 
0.723678 0.030502 -0.909888 91 0.065621 0.117466 
0.748057 0.021906 -0.603448 45 0.125000 0.077905 
0.545571 0.002963 -0.605781 65 0.063586 0.078206


0.652827 0.016213 -0.732256 63 0.074477 0.094534


0.793799 0.035064 -0.905348 61 0.087926 0.116880 
0.760121 0.038722 -1.009046 125 0.059629 0.130267 
0.761860 0.063807 -1.206895 40 0.025097 0.155809 
0.838818 0.056325 -1.206895 39 0.049301 0.155809 
0.793799 0.035064 -0.905348 61 0.087926 0.116880


0.788687 0.045073 -1.082331 64 0.055655 0.139728


0.723678 0.030502 -0.909888 91 0.065621 0.117466 
0.760121 0.038722 -1.009046 125 0.059629 0.130267 
0.793799 0.035064 -0.905348 61 0.087926 0.116880 
0.748057 0.021906 -0.603448 45 0.125000 0.077905 
0.723678 0.030502 -0.909888 91 0.065621 0.117466


0.756554 0.029883 -0.857002 65 0.084787 0.110639


0.761860 0.063807 -1.206895 40 0.025097 0.155809 
0.760121 0.038722 -1.009046 125 0.059629 0.130267 
0.723678 0.030502 -0.909888 91 0.065621 0.117466 
0.696801 0.105590 -1.206895 41 0.000000 0.155809 
0.761860 0.063807 -1.206895 40 0.025097 0.155809


0.734618 0.046910 -1.084898 66 0.038434 0.140060


3.548444 0.016446 -0.301724 22 1.000000 0.038952 
3.358471 0.039425 -0.302508 46 0.943666 0.039054 
3.273385 0.080509 -0.602768 89 0.884765 0.077817 
3.655355 0.037084 -0.603448 23 1.000000 0.077905 
3.548444 0.016446 -0.301724 22 1.000000 0.038952


3.459032 0.044371 -0.452501 67 0.957268 0.058418


3.273385 0.080509 -0.602768 89 0.884765 0.077817 
3.358471 0.039425 -0.302508 46 0.943666 0.039054 
3.086557 0.066761 -0.301764 93 0.863408 0.038958 
2.994308 0.097742 -0.537956 48 0.808512 0.069450 
3.273385 0.080509 -0.602768 89 0.884765 0.077817


3.178283 0.072215 -0.436135 71 0.875313 0.056305


0.918877 0.046900 -0.780897 60 0.147404 0.100813 
1.134337 0.074149 -0.604166 47 0.241802 0.077997 
0.919875 0.043137 -0.390854 73 0.211202 0.050459 
0.748057 0.021906 -0.603448 45 0.125000 0.077905 
0.918877 0.046900 -0.780897 60 0.147404 0.100813


0.930290 0.046499 -0.594841 74 0.181559 0.076794


1.008204 0.062725 -1.056068 57 0.128462 0.136338 
0.952024 0.057371 -1.106543 129 0.102235 0.142854 
0.899715 0.057510 -1.206895 38 0.068346 0.155809 
0.960479 0.061695 -1.206895 37 0.087389 0.155809 
1.008204 0.062725 -1.056068 57 0.128462 0.136338


0.955198 0.058882 -1.144132 76 0.096698 0.147707


0.947805 0.055521 -1.056270 59 0.109609 0.136364 
0.952024 0.057371 -1.106543 129 0.102235 0.142854 
1.008204 0.062725 -1.056068 57 0.128462 0.136338 
1.090102 0.071217 -0.859914 52 0.186878 0.111014 
0.947805 0.055521 -1.056270 59 0.109609 0.136364


0.999624 0.061003 -1.019711 77 0.132007 0.131644


0.899715 0.057510 -1.206895 38 0.068346 0.155809 
0.952024 0.057371 -1.106543 129 0.102235 0.142854 
0.947805 0.055521 -1.056270 59 0.109609 0.136364 
0.838818 0.056325 -1.206895 39 0.049301 0.155809 
0.899715 0.057510 -1.206895 38 0.068346 0.155809


0.909736 0.054831 -1.144234 78 0.082472 0.147720


2.794254 0.060251 0.000000 18 0.812500 0.000000 
2.994308 0.097742 -0.537956 48 0.808512 0.069450 
3.086557 0.066761 -0.301764 93 0.863408 0.038958 
3.010397 0.042751 0.000000 19 0.875000 0.000000 
2.794254 0.060251 0.000000 18 0.812500 0.000000


2.971412 0.067286 -0.209889 79 0.840020 0.027097


2.733993 0.092364 -0.301714 87 0.759497 0.038951 
2.994308 0.097742 -0.537956 48 0.808512 0.069450 
2.794254 0.060251 0.000000 18 0.812500 0.000000 
2.577811 0.073550 0.000000 17 0.750000 0.000000 
2.733993 0.092364 -0.301714 87 0.759497 0.038951


2.775120 0.081432 -0.209875 80 0.782518 0.027095


1.493896 0.079811 0.000000 12 0.437501 0.000000 
1.473827 0.084928 -0.100521 132 0.417641 0.012977 
1.572161 0.091136 -0.150784 75 0.439171 0.019466 
1.710669 0.085635 0.000000 13 0.500000 0.000000 
1.493896 0.079811 0.000000 12 0.437501 0.000000


1.562630 0.085661 -0.062810 85 0.448654 0.008109


1.355489 0.082307 -0.150862 95 0.376043 0.019476 
1.473827 0.084928 -0.100521 132 0.417641 0.012977 
1.493896 0.079811 0.000000 12 0.437501 0.000000 
1.277238 0.070675 0.000000 11 0.375000 0.000000 
1.355489 0.082307 -0.150862 95 0.376043 0.019476


1.400090 0.079979 -0.062816 86 0.401587 0.008109


1.572161 0.091136 -0.150784 75 0.439171 0.019466 
1.473827 0.084928 -0.100521 132 0.417641 0.012977 
1.355489 0.082307 -0.150862 95 0.376043 0.019476 
1.433741 0.093930 -0.301724 54 0.377106 0.038952 
1.572161 0.091136 -0.150784 75 0.439171 0.019466


1.458784 0.088590 -0.175944 87 0.402570 0.022714


2.094587 0.121108 -0.463818 81 0.549722 0.059879 
1.975026 0.111202 -0.331592 133 0.532258 0.042808 
1.831292 0.107557 -0.309489 77 0.492968 0.039955 
1.980047 0.129760 -0.614331 49 0.494744 0.079310 
2.094587 0.121108 -0.463818 81 0.549722 0.059879


1.970235 0.117640 -0.429792 88 0.517452 0.055486


2.008945 0.104177 -0.224063 96 0.556637 0.028926 
1.975026 0.111202 -0.331592 133 0.532258 0.042808 
2.094587 0.121108 -0.463818 81 0.549722 0.059879 
2.287094 0.115631 -0.397277 51 0.615644 0.051288 
2.008945 0.104177 -0.224063 96 0.556637 0.028926


2.091412 0.113493 -0.354155 89 0.563530 0.045721


1.831292 0.107557 -0.309489 77 0.492968 0.039955 
1.975026 0.111202 -0.331592 133 0.532258 0.042808 
2.008945 0.104177 -0.224063 96 0.556637 0.028926 
1.710669 0.085635 0.000000 13 0.500000 0.000000 
1.831292 0.107557 -0.309489 77 0.492968 0.039955


1.881479 0.102433 -0.216267 90 0.520411 0.027920


2.448418 0.174004 -1.206895 30 0.554448 0.155809 
2.460180 0.166708 -1.106177 134 0.572320 0.142807 
2.294533 0.160443 -1.019348 97 0.533280 0.131597 
2.098849 0.169616 -1.206895 31 0.445142 0.155809 
2.448418 0.174004 -1.206895 30 0.554448 0.155809


2.325489 0.168564 -1.134769 91 0.526411 0.146498


2.640843 0.160445 -1.055996 84 0.635216 0.136328 
2.460180 0.166708 -1.106177 134 0.572320 0.142807 
2.448418 0.174004 -1.206895 30 0.554448 0.155809 
2.797969 0.168412 -1.206895 29 0.663755 0.155809 
2.640843 0.160445 -1.055996 84 0.635216 0.136328


2.586866 0.168303 -1.143921 92 0.606460 0.147680


2.294533 0.160443 -1.019348 97 0.533280 0.131597 
2.460180 0.166708 -1.106177 134 0.572320 0.142807 
2.640843 0.160445 -1.055996 84 0.635216 0.136328 
2.443269 0.147942 -0.850970 50 0.602251 0.109860 
2.294533 0.160443 -1.019348 97 0.533280 0.131597


2.459711 0.159507 -1.008077 93 0.585810 0.130142


2.036984 0.149422 -0.906332 98 0.470316 0.117007 
2.173704 0.151744 -0.906844 135 0.512111 0.117073 
2.217548 0.144217 -0.790010 82 0.541907 0.101990 
1.980047 0.129760 -0.614331 49 0.494744 0.079310 
2.036984 0.149422 -0.906332 98 0.470316 0.117007


2.102067 0.144038 -0.804363 94 0.504796 0.103843


2.294533 0.160443 -1.019348 97 0.533280 0.131597 
2.173704 0.151744 -0.906844 135 0.512111 0.117073 
2.036984 0.149422 -0.906332 98 0.470316 0.117007 
2.098849 0.169616 -1.206895 31 0.445142 0.155809 
2.294533 0.160443 -1.019348 97 0.533280 0.131597


2.151011 0.158187 -1.009830 95 0.490366 0.130369


2.217548 0.144217 -0.790010 82 0.541907 0.101990 
2.173704 0.151744 -0.906844 135 0.512111 0.117073 
2.294533 0.160443 -1.019348 97 0.533280 0.131597 
2.443269 0.147942 -0.850970 50 0.602251 0.109860 
2.217548 0.144217 -0.790010 82 0.541907 0.101990


2.282262 0.151550 -0.891761 96 0.547460 0.115126


1.927503 0.088368 0.000000 14 0.562500 0.000000 
2.056044 0.099143 -0.150790 136 0.580033 0.019467 
2.228737 0.103465 -0.226294 99 0.620631 0.029214 
2.144353 0.087475 0.000000 15 0.625000 0.000000 
1.927503 0.088368 0.000000 14 0.562500 0.000000


2.089161 0.094970 -0.094245 97 0.596999 0.012167


2.008945 0.104177 -0.224063 96 0.556637 0.028926 
2.056044 0.099143 -0.150790 136 0.580033 0.019467 
1.927503 0.088368 0.000000 14 0.562500 0.000000 
1.710669 0.085635 0.000000 13 0.500000 0.000000 
2.008945 0.104177 -0.224063 96 0.556637 0.028926


1.925787 0.094759 -0.093684 98 0.549697 0.012095


2.228737 0.103465 -0.226294 99 0.620631 0.029214 
2.056044 0.099143 -0.150790 136 0.580033 0.019467 
2.008945 0.104177 -0.224063 96 0.556637 0.028926 
2.287094 0.115631 -0.397277 51 0.615644 0.051288 
2.228737 0.103465 -0.226294 99 0.620631 0.029214


2.145207 0.105959 -0.249580 99 0.593159 0.032221


2.361149 0.082602 0.000000 16 0.687500 0.000000 
2.345150 0.095327 -0.150770 137 0.664191 0.019464 
2.445532 0.098554 -0.226124 88 0.684082 0.029193 
2.577811 0.073550 0.000000 17 0.750000 0.000000 
2.361149 0.082602 0.000000 16 0.687500 0.000000


2.432429 0.088024 -0.094180 100 0.696573 0.012159


2.228737 0.103465 -0.226294 99 0.620631 0.029214 
2.345150 0.095327 -0.150770 137 0.664191 0.019464 
2.361149 0.082602 0.000000 16 0.687500 0.000000 
2.144353 0.087475 0.000000 15 0.625000 0.000000 
2.228737 0.103465 -0.226294 99 0.620631 0.029214


2.269855 0.092597 -0.094236 101 0.649403 0.012166


2.445532 0.098554 -0.226124 88 0.684082 0.029193 
2.345150 0.095327 -0.150770 137 0.664191 0.019464 
2.228737 0.103465 -0.226294 99 0.620631 0.029214 
2.287094 0.115631 -0.397277 51 0.615644 0.051288 
2.445532 0.098554 -0.226124 88 0.684082 0.029193


2.326636 0.103638 -0.250085 102 0.646249 0.032286


1.727074 0.152080 -1.206895 32 0.328757 0.155809 
1.691123 0.145496 -1.106106 138 0.333422 0.142798 
1.487901 0.124586 -1.055964 79 0.278119 0.136324 
1.357140 0.111184 -1.206895 33 0.212379 0.155809 
1.727074 0.152080 -1.206895 32 0.328757 0.155809


1.565632 0.135040 -1.143922 103 0.288231 0.147680


1.858964 0.153361 -1.055896 100 0.393294 0.136316 
1.691123 0.145496 -1.106106 138 0.333422 0.142798 
1.727074 0.152080 -1.206895 32 0.328757 0.155809 
2.098849 0.169616 -1.206895 31 0.445142 0.155809 
1.858964 0.153361 -1.055896 100 0.393294 0.136316


1.843889 0.157315 -1.143840 104 0.375144 0.147669


1.487901 0.124586 -1.055964 79 0.278119 0.136324 
1.691123 0.145496 -1.106106 138 0.333422 0.142798 
1.858964 0.153361 -1.055896 100 0.393294 0.136316 
1.555525 0.124302 -0.825387 53 0.335241 0.106557 
1.487901 0.124586 -1.055964 79 0.278119 0.136324


1.648250 0.138550 -1.010779 105 0.335030 0.130491


1.231998 0.094373 -1.206895 34 0.172902 0.155809 
1.173176 0.085234 -1.106321 139 0.171478 0.142825 
1.081201 0.072205 -1.056035 58 0.151241 0.136334 
1.106823 0.077817 -1.206895 35 0.133424 0.155809 
1.231998 0.094373 -1.206895 34 0.172902 0.155809


1.148311 0.082323 -1.144038 106 0.157270 0.147695


1.206320 0.089189 -1.056032 78 0.190306 0.136333 
1.173176 0.085234 -1.106321 139 0.171478 0.142825 
1.231998 0.094373 -1.206895 34 0.172902 0.155809 
1.357140 0.111184 -1.206895 33 0.212379 0.155809 
1.206320 0.089189 -1.056032 78 0.190306 0.136333


1.242153 0.095033 -1.144035 107 0.186749 0.147694


1.081201 0.072205 -1.056035 58 0.151241 0.136334 
1.173176 0.085234 -1.106321 139 0.171478 0.142825 
1.206320 0.089189 -1.056032 78 0.190306 0.136333 
1.090102 0.071217 -0.859914 52 0.186878 0.111014 
1.081201 0.072205 -1.056035 58 0.151241 0.136334


1.137704 0.079430 -1.019576 108 0.175019 0.131627


1.694383 0.112826 -0.454021 76 0.432183 0.058614 
1.660305 0.119437 -0.587812 140 0.402627 0.075886 
1.771143 0.131639 -0.731930 102 0.414855 0.094492 
1.980047 0.129760 -0.614331 49 0.494744 0.079310 
1.694383 0.112826 -0.454021 76 0.432183 0.058614


1.776458 0.123803 -0.597001 109 0.436122 0.077072


1.515480 0.111490 -0.577618 101 0.360699 0.074570 
1.660305 0.119437 -0.587812 140 0.402627 0.075886 
1.694383 0.112826 -0.454021 76 0.432183 0.058614 
1.433741 0.093930 -0.301724 54 0.377106 0.038952 
1.515480 0.111490 -0.577618 101 0.360699 0.074570


1.575949 0.110082 -0.480258 110 0.393165 0.062001


1.771143 0.131639 -0.731930 102 0.414855 0.094492 
1.660305 0.119437 -0.587812 140 0.402627 0.075886 
1.515480 0.111490 -0.577618 101 0.360699 0.074570 
1.555525 0.124302 -0.825387 53 0.335241 0.106557 
1.771143 0.131639 -0.731930 102 0.414855 0.094492


1.625554 0.122833 -0.680632 111 0.378445 0.087869


2.036984 0.149422 -0.906332 98 0.470316 0.117007 
1.888434 0.145193 -0.899014 141 0.425900 0.116062 
1.858964 0.153361 -1.055896 100 0.393294 0.136316 
2.098849 0.169616 -1.206895 31 0.445142 0.155809 
2.036984 0.149422 -0.906332 98 0.470316 0.117007


1.970801 0.154653 -1.017019 112 0.433709 0.131297


1.771143 0.131639 -0.731930 102 0.414855 0.094492 
1.888434 0.145193 -0.899014 141 0.425900 0.116062 
2.036984 0.149422 -0.906332 98 0.470316 0.117007 
1.980047 0.129760 -0.614331 49 0.494744 0.079310 
1.771143 0.131639 -0.731930 102 0.414855 0.094492


1.919145 0.139286 -0.787885 113 0.451560 0.101715


1.858964 0.153361 -1.055896 100 0.393294 0.136316 
1.888434 0.145193 -0.899014 141 0.425900 0.116062 
1.771143 0.131639 -0.731930 102 0.414855 0.094492 
1.555525 0.124302 -0.825387 53 0.335241 0.106557 
1.858964 0.153361 -1.055896 100 0.393294 0.136316


1.768465 0.139861 -0.877989 114 0.392326 0.113348


1.389606 0.104089 -0.656422 67 0.310827 0.084744 
1.410554 0.103018 -0.563668 142 0.331308 0.072769 
1.324137 0.090876 -0.425111 103 0.326403 0.054882 
1.134337 0.074149 -0.604166 47 0.241802 0.077997 
1.389606 0.104089 -0.656422 67 0.310827 0.084744


1.314555 0.094059 -0.562314 115 0.302675 0.072594


1.515480 0.111490 -0.577618 101 0.360699 0.074570 
1.410554 0.103018 -0.563668 142 0.331308 0.072769 
1.389606 0.104089 -0.656422 67 0.310827 0.084744 
1.555525 0.124302 -0.825387 53 0.335241 0.106557 
1.515480 0.111490 -0.577618 101 0.360699 0.074570


1.467767 0.111028 -0.655763 116 0.334548 0.084659


1.324137 0.090876 -0.425111 103 0.326403 0.054882 
1.410554 0.103018 -0.563668 142 0.331308 0.072769 
1.515480 0.111490 -0.577618 101 0.360699 0.074570 
1.433741 0.093930 -0.301724 54 0.377106 0.038952 
1.324137 0.090876 -0.425111 103 0.326403 0.054882


1.420945 0.100269 -0.467013 117 0.348950 0.060291


1.355489 0.082307 -0.150862 95 0.376043 0.019476 
1.293859 0.083176 -0.276237 143 0.339664 0.035662 
1.324137 0.090876 -0.425111 103 0.326403 0.054882 
1.433741 0.093930 -0.301724 54 0.377106 0.038952 
1.355489 0.082307 -0.150862 95 0.376043 0.019476


1.351770 0.088078 -0.288463 118 0.354912 0.037240


1.206285 0.074471 -0.245192 72 0.318508 0.031654 
1.293859 0.083176 -0.276237 143 0.339664 0.035662 
1.355489 0.082307 -0.150862 95 0.376043 0.019476 
1.277238 0.070675 0.000000 11 0.375000 0.000000 
1.206285 0.074471 -0.245192 72 0.318508 0.031654


1.283174 0.078257 -0.168049 119 0.352442 0.021695


1.324137 0.090876 -0.425111 103 0.326403 0.054882 
1.293859 0.083176 -0.276237 143 0.339664 0.035662 
1.206285 0.074471 -0.245192 72 0.318508 0.031654 
1.134337 0.074149 -0.604166 47 0.241802 0.077997 
1.324137 0.090876 -0.425111 103 0.326403 0.054882


1.239543 0.081789 -0.387646 120 0.306911 0.050045


