82 60
3.443770 0.004191 0.000000 
3.442652 0.000000 0.000000 
3.441534 -0.004191 0.000000 
3.226174 0.021194 0.000000 
3.010397 0.042751 0.000000 
2.794254 0.060251 0.000000 
2.577811 0.073550 0.000000 
2.361149 0.082602 0.000000 
2.144353 0.087475 0.000000 
1.927503 0.088368 0.000000 
1.710669 0.085635 0.000000 
1.493896 0.079811 0.000000 
1.277238 0.070675 0.000000 
1.061084 0.053375 0.000000 
0.845646 0.028709 0.000000 
0.630801 -0.000727 0.000000 
0.416027 -0.030676 0.000000 
0.308352 -0.043359 0.000000 
0.200239 -0.051514 0.000000 
0.146038 -0.052181 0.000000 
0.091966 -0.048371 0.000000 
0.039986 -0.035588 0.000000 
0.000000 0.000000 0.000000 
0.006267 0.056104 0.000000 
0.039214 0.101945 0.000000 
0.080778 0.141337 0.000000 
0.126206 0.176201 0.000000 
0.223464 0.236669 0.000000 
0.325883 0.287912 0.000000 
0.540031 0.369048 0.000000 
0.761837 0.426007 0.000000 
0.988152 0.461272 0.000000 
1.216708 0.476240 0.000000 
1.445751 0.472227 0.000000 
1.674212 0.455420 0.000000 
1.901747 0.428739 0.000000 
2.128008 0.392824 0.000000 
2.352711 0.348179 0.000000 
2.575595 0.295192 0.000000 
2.796407 0.234144 0.000000 
3.014892 0.165230 0.000000 
3.230777 0.088563 0.000000 
0.085560 -0.012108 0.000000 
0.095294 0.057193 0.000000 
0.206883 0.036290 0.000000 
0.216509 0.131682 0.000000 
0.352300 0.195926 0.000000 
0.395443 0.202195 0.000000 
0.473588 0.107388 0.000000 
1.176016 0.327225 0.000000 
1.115779 0.188760 0.000000 
1.317743 0.198429 0.000000 
2.962251 0.124057 0.000000 
3.070607 0.064072 0.000000 
2.531730 0.213911 0.000000 
2.237977 0.165626 0.000000 
1.775989 0.192567 0.000000 
2.070115 0.284404 0.000000 
1.687101 0.192748 0.000000 
0.902064 0.168994 0.000000 
3.170111 0.072070 0.000000 
0.051986 0.014203 0.000000 
0.148930 0.092886 0.000000 
0.135457 0.008844 0.000000 
0.319368 0.083182 0.000000 
0.264091 0.188092 0.000000 
0.517527 0.239842 0.000000 
1.378230 0.331106 0.000000 
1.611316 0.323914 0.000000 
2.881008 0.091719 0.000000 
2.459420 0.142724 0.000000 
2.004031 0.182346 0.000000 
2.302751 0.251603 0.000000 
1.549538 0.198755 0.000000 
1.840977 0.308264 0.000000 
0.688769 0.143823 0.000000 
0.950793 0.311404 0.000000 
3.265725 0.028009 0.000000 
2.747342 0.172130 0.000000 
2.674419 0.119938 0.000000 
0.248261 0.128734 0.000000 
0.722850 0.282110 0.000000 

42 61 2 1
54 78 2 61
64 44 62 43
43 62 22 21
24 62 44 25
22 62 24 23
26 63 46 27
44 64 45 63
46 63 45 65
20 64 43 21
45 64 20 19
44 63 26 25
49 67 47 65
-2 -2 -2 -2
65 45 19 18
28 66 47 29
46 66 28 27
47 66 46 65
49 65 18 17
30 67 82 31
47 67 30 29
74 57 75 69
50 68 34 33
51 60 15 14
52 51 14 13
68 69 35 34
52 68 50 51
54 70 6 5
53 61 42 41
80 7 6 70
73 56 71 55
8 71 56 9
80 71 8 7
56 73 58 72
75 57 72 58
10 72 57 11
73 55 39 38
58 73 38 37
56 72 10 9
57 74 12 11
68 52 74 69
12 74 52 13
75 58 37 36
69 75 36 35
-2 -2 -2 -2
60 76 16 15
82 77 32 31
16 76 49 17
32 77 50 33
82 76 60 77
51 50 77 60
4 78 54 5
2 78 4 3
53 70 54 61
55 79 40 39
80 70 53 79
40 79 53 41
79 55 71 80
-2 -2 -2 -2
67 49 76 82
42
3.442652 0.000000 0.000000
3.443770 0.004191 0.000000
3.443770 0.004191 0.000000
3.230777 0.088563 0.000000
0.039986 -0.035588 0.000000
0.091966 -0.048371 0.000000
0.039214 0.101945 0.000000
0.006267 0.056104 0.000000
0.006267 0.056104 0.000000
0.000000 0.000000 0.000000
0.000000 0.000000 0.000000
0.039986 -0.035588 0.000000
0.126206 0.176201 0.000000
0.080778 0.141337 0.000000
0.091966 -0.048371 0.000000
0.146038 -0.052181 0.000000
0.146038 -0.052181 0.000000
0.200239 -0.051514 0.000000
0.080778 0.141337 0.000000
0.039214 0.101945 0.000000
0.200239 -0.051514 0.000000
0.308352 -0.043359 0.000000
0.325883 0.287912 0.000000
0.223464 0.236669 0.000000
0.223464 0.236669 0.000000
0.126206 0.176201 0.000000
0.308352 -0.043359 0.000000
0.416027 -0.030676 0.000000
0.761837 0.426007 0.000000
0.540031 0.369048 0.000000
0.540031 0.369048 0.000000
0.325883 0.287912 0.000000
1.445751 0.472227 0.000000
1.216708 0.476240 0.000000
0.845646 0.028709 0.000000
1.061084 0.053375 0.000000
1.061084 0.053375 0.000000
1.277238 0.070675 0.000000
1.674212 0.455420 0.000000
1.445751 0.472227 0.000000
2.794254 0.060251 0.000000
3.010397 0.042751 0.000000
3.230777 0.088563 0.000000
3.014892 0.165230 0.000000
2.577811 0.073550 0.000000
2.794254 0.060251 0.000000
2.144353 0.087475 0.000000
2.361149 0.082602 0.000000
2.361149 0.082602 0.000000
2.577811 0.073550 0.000000
1.710669 0.085635 0.000000
1.927503 0.088368 0.000000
2.575595 0.295192 0.000000
2.352711 0.348179 0.000000
2.352711 0.348179 0.000000
2.128008 0.392824 0.000000
1.927503 0.088368 0.000000
2.144353 0.087475 0.000000
1.493896 0.079811 0.000000
1.710669 0.085635 0.000000
1.277238 0.070675 0.000000
1.493896 0.079811 0.000000
2.128008 0.392824 0.000000
1.901747 0.428739 0.000000
1.901747 0.428739 0.000000
1.674212 0.455420 0.000000
0.630801 -0.000727 0.000000
0.845646 0.028709 0.000000
0.988152 0.461272 0.000000
0.761837 0.426007 0.000000
0.416027 -0.030676 0.000000
0.630801 -0.000727 0.000000
1.216708 0.476240 0.000000
0.988152 0.461272 0.000000
3.010397 0.042751 0.000000
3.226174 0.021194 0.000000
3.226174 0.021194 0.000000
3.441534 -0.004191 0.000000
3.441534 -0.004191 0.000000
3.442652 0.000000 0.000000
2.796407 0.234144 0.000000
2.575595 0.295192 0.000000
3.014892 0.165230 0.000000
2.796407 0.234144 0.000000
