79 57
3.443770 0.004191 0.000000 
3.442652 0.000000 0.000000 
3.441534 -0.004191 0.000000 
3.226174 0.021194 0.000000 
3.010397 0.042751 0.000000 
2.794254 0.060251 0.000000 
2.577811 0.073550 0.000000 
2.361149 0.082602 0.000000 
2.144353 0.087475 0.000000 
1.927503 0.088368 0.000000 
1.710669 0.085635 0.000000 
1.493896 0.079811 0.000000 
1.277238 0.070675 0.000000 
1.061084 0.053375 0.000000 
0.845646 0.028709 0.000000 
0.630801 -0.000727 0.000000 
0.416027 -0.030676 0.000000 
0.308352 -0.043359 0.000000 
0.200239 -0.051514 0.000000 
0.146038 -0.052181 0.000000 
0.091966 -0.048371 0.000000 
0.039986 -0.035588 0.000000 
0.000000 0.000000 0.000000 
0.006267 0.056104 0.000000 
0.039214 0.101945 0.000000 
0.080778 0.141337 0.000000 
0.126206 0.176201 0.000000 
0.223464 0.236669 0.000000 
0.325883 0.287912 0.000000 
0.540031 0.369048 0.000000 
0.761837 0.426007 0.000000 
0.988152 0.461272 0.000000 
1.216708 0.476240 0.000000 
1.445751 0.472227 0.000000 
1.674212 0.455420 0.000000 
1.901747 0.428739 0.000000 
2.128008 0.392824 0.000000 
2.352711 0.348179 0.000000 
2.575595 0.295192 0.000000 
2.796407 0.234144 0.000000 
3.014892 0.165230 0.000000 
3.230777 0.088563 0.000000 
3.228213 0.080519 0.000000 
0.065590 0.026787 0.000000 
0.119727 0.025216 0.000000 
0.163223 0.062344 0.000000 
0.263061 0.118199 0.000000 
0.370955 0.128618 0.000000 
0.588932 0.197665 0.000000 
1.031177 0.252474 0.000000 
1.246973 0.273458 0.000000 
1.475725 0.263048 0.000000 
2.796352 0.119390 0.000000 
3.012645 0.103990 0.000000 
2.576703 0.184371 0.000000 
2.359974 0.191333 0.000000 
1.919338 0.239229 0.000000 
2.136180 0.240149 0.000000 
1.692440 0.270527 0.000000 
0.803742 0.227358 0.000000 
3.300547 0.056361 0.000000 
0.037281 0.015768 0.000000 
0.121243 0.076299 0.000000 
0.110451 -0.000059 0.000000 
0.314123 0.067819 0.000000 
0.216583 0.139071 0.000000 
0.499973 0.231777 0.000000 
1.113078 0.193102 0.000000 
1.389483 0.336244 0.000000 
2.867750 0.094544 0.000000 
2.432609 0.152769 0.000000 
1.994341 0.189249 0.000000 
2.282955 0.259887 0.000000 
1.554021 0.204462 0.000000 
1.837842 0.312832 0.000000 
0.674492 0.141432 0.000000 
0.941024 0.313701 0.000000 
3.155677 0.068568 0.000000 
2.723154 0.179302 0.000000 

42 61 2 1
43 61 42 41
2 61 43 3
44 62 22 21
24 62 44 25
22 62 24 23
26 63 46 27
45 63 26 25
46 63 45 19
20 64 44 21
45 64 20 19
44 64 45 25
48 65 18 17
47 65 48 29
18 65 47 19
28 66 47 29
46 66 28 27
47 66 46 19
49 67 48 17
30 67 49 31
48 67 30 29
51 68 14 13
50 68 51 33
14 68 50 15
52 69 51 13
34 69 52 35
51 69 34 33
54 70 6 5
53 70 54 41
6 70 53 7
56 71 55 39
8 71 56 9
55 71 8 7
58 72 10 9
57 72 58 37
10 72 57 11
38 73 56 39
58 73 38 37
56 73 58 9
59 74 12 11
52 74 59 35
12 74 52 13
36 75 57 37
59 75 36 35
57 75 59 11
60 76 16 15
49 76 60 31
16 76 49 17
32 77 50 33
60 77 32 31
50 77 60 15
4 78 54 5
43 78 4 3
54 78 43 41
55 79 40 39
53 79 55 7
40 79 53 41
42
3.442652 0.000000 0.000000
3.443770 0.004191 0.000000
3.443770 0.004191 0.000000
3.230777 0.088563 0.000000
3.230777 0.088563 0.000000
3.014892 0.165230 0.000000
3.441534 -0.004191 0.000000
3.442652 0.000000 0.000000
0.039986 -0.035588 0.000000
0.091966 -0.048371 0.000000
0.039214 0.101945 0.000000
0.006267 0.056104 0.000000
0.006267 0.056104 0.000000
0.000000 0.000000 0.000000
0.000000 0.000000 0.000000
0.039986 -0.035588 0.000000
0.126206 0.176201 0.000000
0.080778 0.141337 0.000000
0.080778 0.141337 0.000000
0.039214 0.101945 0.000000
0.091966 -0.048371 0.000000
0.146038 -0.052181 0.000000
0.146038 -0.052181 0.000000
0.200239 -0.051514 0.000000
0.308352 -0.043359 0.000000
0.416027 -0.030676 0.000000
0.200239 -0.051514 0.000000
0.308352 -0.043359 0.000000
0.325883 0.287912 0.000000
0.223464 0.236669 0.000000
0.223464 0.236669 0.000000
0.126206 0.176201 0.000000
0.761837 0.426007 0.000000
0.540031 0.369048 0.000000
0.540031 0.369048 0.000000
0.325883 0.287912 0.000000
1.061084 0.053375 0.000000
1.277238 0.070675 0.000000
0.845646 0.028709 0.000000
1.061084 0.053375 0.000000
1.674212 0.455420 0.000000
1.445751 0.472227 0.000000
1.445751 0.472227 0.000000
1.216708 0.476240 0.000000
2.794254 0.060251 0.000000
3.010397 0.042751 0.000000
2.577811 0.073550 0.000000
2.794254 0.060251 0.000000
2.144353 0.087475 0.000000
2.361149 0.082602 0.000000
2.361149 0.082602 0.000000
2.577811 0.073550 0.000000
1.927503 0.088368 0.000000
2.144353 0.087475 0.000000
1.710669 0.085635 0.000000
1.927503 0.088368 0.000000
2.575595 0.295192 0.000000
2.352711 0.348179 0.000000
2.352711 0.348179 0.000000
2.128008 0.392824 0.000000
1.493896 0.079811 0.000000
1.710669 0.085635 0.000000
1.277238 0.070675 0.000000
1.493896 0.079811 0.000000
2.128008 0.392824 0.000000
1.901747 0.428739 0.000000
1.901747 0.428739 0.000000
1.674212 0.455420 0.000000
0.630801 -0.000727 0.000000
0.845646 0.028709 0.000000
0.416027 -0.030676 0.000000
0.630801 -0.000727 0.000000
1.216708 0.476240 0.000000
0.988152 0.461272 0.000000
0.988152 0.461272 0.000000
0.761837 0.426007 0.000000
3.010397 0.042751 0.000000
3.226174 0.021194 0.000000
3.226174 0.021194 0.000000
3.441534 -0.004191 0.000000
2.796407 0.234144 0.000000
2.575595 0.295192 0.000000
3.014892 0.165230 0.000000
2.796407 0.234144 0.000000
