145 122
0.000000 0.000000 0.000000 
0.039986 -0.035588 0.000000 
0.091966 -0.048371 0.000000 
0.146038 -0.052181 0.000000 
0.200239 -0.051514 0.000000 
0.308352 -0.043359 0.000000 
0.416027 -0.030676 0.000000 
0.630801 -0.000727 0.000000 
0.845646 0.028709 0.000000 
1.061084 0.053375 0.000000 
1.277238 0.070675 0.000000 
1.493896 0.079811 0.000000 
1.710669 0.085635 0.000000 
1.927503 0.088368 0.000000 
2.144353 0.087475 0.000000 
2.361149 0.082602 0.000000 
2.577811 0.073550 0.000000 
2.794254 0.060251 0.000000 
3.010397 0.042751 0.000000 
3.226174 0.021194 0.000000 
3.441534 -0.004191 0.000000 
3.548444 0.016446 -0.301724 
3.655355 0.037084 -0.603448 
3.762265 0.057721 -0.905171 
3.869175 0.078359 -1.206895 
3.569789 0.114528 -1.206895 
3.269519 0.142426 -1.206895 
3.033894 0.158145 -1.206895 
2.797969 0.168412 -1.206895 
2.448418 0.174004 -1.206895 
2.098849 0.169616 -1.206895 
1.727074 0.152080 -1.206895 
1.357140 0.111184 -1.206895 
1.231998 0.094373 -1.206895 
1.106823 0.077817 -1.206895 
1.033730 0.069039 -1.206895 
0.960479 0.061695 -1.206895 
0.899715 0.057510 -1.206895 
0.838818 0.056325 -1.206895 
0.761860 0.063807 -1.206895 
0.696801 0.105590 -1.206895 
0.522601 0.079192 -0.905171 
0.348401 0.052795 -0.603448 
0.174200 0.026397 -0.301724 
0.729885 0.014874 -0.195666 
3.315275 0.046543 -0.324082 
0.866501 0.037897 -0.620835 
2.589396 0.130776 -0.671974 
2.144882 0.128352 -0.565327 
2.284471 0.143580 -0.778528 
2.142630 0.113613 -0.355689 
1.135439 0.077827 -0.898082 
1.383533 0.105724 -0.737612 
1.625292 0.110695 -0.456596 
0.269830 -0.032418 -0.219299 
0.299011 -0.039904 -0.105428 
0.964082 0.057844 -1.075373 
1.144082 0.081472 -1.121454 
0.830782 0.036169 -0.811621 
1.021563 0.061005 -0.784604 
0.986700 0.051886 -0.369723 
0.445258 -0.019715 -0.298103 
0.649985 0.008857 -0.542545 
1.239220 0.090364 -0.801803 
1.290141 0.092937 -0.619855 
3.266409 0.116869 -0.949270 
1.172922 0.073447 -0.330134 
0.921248 0.040972 -0.185684 
1.748037 0.096069 -0.154072 
1.775545 0.122340 -0.573027 
1.807772 0.114019 -0.421585 
1.225165 0.091236 -1.010937 
1.427764 0.117978 -1.069625 
2.262670 0.122130 -0.481026 
2.040709 0.120756 -0.464482 
2.237840 0.137179 -0.688274 
2.414172 0.142364 -0.772386 
2.720057 0.108540 -0.473241 
2.739170 0.143895 -0.890130 
2.469574 0.119715 -0.494398 
2.585497 0.090003 -0.190149 
2.422356 0.104294 -0.287664 
3.061065 0.076284 -0.373996 
3.041206 0.112388 -0.724430 
0.800442 0.026632 -0.408986 
3.422090 0.068170 -0.631214 
1.570424 0.100183 -0.307156 
1.956581 0.108904 -0.300092 
2.063101 0.158683 -1.044874 
1.973155 0.141859 -0.808153 
2.194138 0.102165 -0.203477 
1.803171 0.142481 -0.900444 
1.574869 0.114102 -0.558415 
1.756927 0.131596 -0.739438 
1.401078 0.098292 -0.454819 
0.235028 -0.019917 -0.282298 
0.287846 -0.037600 -0.155044 
1.061588 0.070450 -1.111682 
0.461510 0.001682 -0.589626 
3.511574 0.090291 -0.925117 
1.120727 0.063866 -0.166530 
0.408771 -0.027991 -0.161108 
1.342124 0.105328 -0.938488 
2.015655 0.149388 -0.913339 
2.553213 0.105650 -0.356044 
3.214948 0.093175 -0.672360 
2.386571 0.130780 -0.614687 
3.032701 0.134105 -0.946335 
0.611933 0.000610 -0.371118 
0.659835 0.016008 -0.718174 
0.853589 0.044449 -1.009305 
1.534757 0.090236 -0.156077 
1.934598 0.114841 -0.394803 
2.384572 0.157376 -0.973489 
2.114314 0.141801 -0.767905 
1.962799 0.099615 -0.161318 
2.390083 0.094877 -0.160506 
1.706441 0.143497 -1.025998 
1.146444 0.080978 -1.051684 
1.663323 0.122497 -0.640638 
1.847189 0.139053 -0.816906 
1.443701 0.106284 -0.578823 
1.357143 0.089385 -0.311248 
0.458158 -0.012805 -0.421006 
0.971482 0.055907 -0.927866 
1.076553 0.070953 -1.006138 
1.142764 0.076409 -0.689786 
0.549392 -0.010523 -0.176996 
1.639716 0.129692 -0.808861 
1.527128 0.116727 -0.684288 
1.506909 0.121931 -0.881651 
2.799819 0.084600 -0.260468 
2.904974 0.111219 -0.616007 
1.321442 0.080552 -0.158690 
1.916851 0.122862 -0.524695 
1.770620 0.105544 -0.298506 
1.886249 0.132400 -0.689208 
2.017964 0.131779 -0.635767 
1.257499 0.096689 -1.106870 
2.331766 0.112026 -0.359003 
2.202265 0.149878 -0.874551 
1.214373 0.081594 -0.486603 
1.040515 0.061216 -0.552779 
0.739440 0.034453 -0.959046 
0.611566 0.031743 -0.898420 

44 96 2 1
99 124 55 96
2 96 55 3
55 97 4 3
62 102 56 97
4 97 56 5
58 98 36 35
57 98 126 125
36 98 57 37
143 127 65 142
144 145 40 39
60 47 59 125
128 45 8 7
126 52 60 125
64 127 60 52
65 127 64 53
20 46 22 21
83 46 20 19
86 100 24 23
26 100 66 27
24 100 26 25
68 101 10 9
67 101 68 61
101 134 11 10
56 102 6 5
62 97 55 124
6 102 128 7
68 9 8 45
71 54 70 135
71 136 87 54
73 139 34 33
64 103 131 53
72 103 64 52
107 74 49 76
75 49 74 51
79 114 30 29
77 114 79 48
132 81 105 78
117 82 105 81
80 105 82 140
78 105 80 48
66 108 28 27
46 83 106 86
84 106 83 133
107 76 50 77
80 107 77 48
74 107 80 140
28 108 79 29
66 106 84 108
79 108 84 133
47 85 109 63
145 99 43 42
128 109 85 45
110 63 124 99
143 47 60 127
42 41 40 145
46 86 23 22
106 66 100 86
63 110 59 47
57 111 38 37
59 111 57 125
38 111 144 39
18 132 83 19
81 132 18 17
12 112 69 13
134 112 12 11
136 69 112 87
75 113 71 135
88 113 75 51
71 113 88 136
30 114 89 31
89 118 32 31
141 114 77 50
90 115 138 137
141 115 90 104
76 115 141 50
14 116 91 15
69 136 88 116
91 116 88 51
117 81 17 16
91 117 16 15
82 117 91 140
32 118 73 33
89 104 92 118
131 118 92 129
34 139 58 35
73 103 72 139
126 119 72 52
70 120 94 137
93 120 70 54
94 120 130 129
90 121 92 104
94 121 90 137
92 121 94 129
65 122 95 142
130 122 65 53
95 122 93 54
87 123 95 54
101 67 123 134
95 123 67 142
99 96 44 43
124 63 109 62
98 58 119 126
85 61 68 45
102 62 109 128
130 53 131 129
120 93 122 130
103 73 118 131
78 133 83 132
78 48 79 133
123 87 112 134
138 49 75 135
69 116 14 13
138 135 70 137
115 76 49 138
72 119 58 139
91 51 74 140
104 89 114 141
67 61 143 142
61 85 47 143
111 59 110 144
144 110 99 145
44
0.039986 -0.035588 0.000000
0.000000 0.000000 0.000000
0.000000 0.000000 0.000000
0.174200 0.026397 -0.301724
0.091966 -0.048371 0.000000
0.039986 -0.035588 0.000000
0.146038 -0.052181 0.000000
0.091966 -0.048371 0.000000
0.200239 -0.051514 0.000000
0.146038 -0.052181 0.000000
1.033730 0.069039 -1.206895
1.106823 0.077817 -1.206895
0.960479 0.061695 -1.206895
1.033730 0.069039 -1.206895
0.761860 0.063807 -1.206895
0.838818 0.056325 -1.206895
0.630801 -0.000727 0.000000
0.416027 -0.030676 0.000000
3.548444 0.016446 -0.301724
3.441534 -0.004191 0.000000
3.441534 -0.004191 0.000000
3.226174 0.021194 0.000000
3.226174 0.021194 0.000000
3.010397 0.042751 0.000000
3.762265 0.057721 -0.905171
3.655355 0.037084 -0.603448
3.269519 0.142426 -1.206895
3.569789 0.114528 -1.206895
3.569789 0.114528 -1.206895
3.869175 0.078359 -1.206895
3.869175 0.078359 -1.206895
3.762265 0.057721 -0.905171
1.061084 0.053375 0.000000
0.845646 0.028709 0.000000
1.277238 0.070675 0.000000
1.061084 0.053375 0.000000
0.308352 -0.043359 0.000000
0.200239 -0.051514 0.000000
0.416027 -0.030676 0.000000
0.308352 -0.043359 0.000000
0.845646 0.028709 0.000000
0.630801 -0.000727 0.000000
1.231998 0.094373 -1.206895
1.357140 0.111184 -1.206895
2.448418 0.174004 -1.206895
2.797969 0.168412 -1.206895
3.033894 0.158145 -1.206895
3.269519 0.142426 -1.206895
2.797969 0.168412 -1.206895
3.033894 0.158145 -1.206895
0.348401 0.052795 -0.603448
0.522601 0.079192 -0.905171
0.522601 0.079192 -0.905171
0.696801 0.105590 -1.206895
0.696801 0.105590 -1.206895
0.761860 0.063807 -1.206895
3.655355 0.037084 -0.603448
3.548444 0.016446 -0.301724
0.899715 0.057510 -1.206895
0.960479 0.061695 -1.206895
0.838818 0.056325 -1.206895
0.899715 0.057510 -1.206895
3.010397 0.042751 0.000000
2.794254 0.060251 0.000000
2.794254 0.060251 0.000000
2.577811 0.073550 0.000000
1.710669 0.085635 0.000000
1.493896 0.079811 0.000000
1.493896 0.079811 0.000000
1.277238 0.070675 0.000000
2.098849 0.169616 -1.206895
2.448418 0.174004 -1.206895
1.727074 0.152080 -1.206895
2.098849 0.169616 -1.206895
2.144353 0.087475 0.000000
1.927503 0.088368 0.000000
2.577811 0.073550 0.000000
2.361149 0.082602 0.000000
2.361149 0.082602 0.000000
2.144353 0.087475 0.000000
1.357140 0.111184 -1.206895
1.727074 0.152080 -1.206895
1.106823 0.077817 -1.206895
1.231998 0.094373 -1.206895
0.174200 0.026397 -0.301724
0.348401 0.052795 -0.603448
1.927503 0.088368 0.000000
1.710669 0.085635 0.000000
