143 120
0.000000 0.000000 0.000000 
0.039986 -0.035588 0.000000 
0.091966 -0.048371 0.000000 
0.146038 -0.052181 0.000000 
0.200239 -0.051514 0.000000 
0.308352 -0.043359 0.000000 
0.416027 -0.030676 0.000000 
0.630801 -0.000727 0.000000 
0.845646 0.028709 0.000000 
1.061084 0.053375 0.000000 
1.277238 0.070675 0.000000 
1.493896 0.079811 0.000000 
1.710669 0.085635 0.000000 
1.927503 0.088368 0.000000 
2.144353 0.087475 0.000000 
2.361149 0.082602 0.000000 
2.577811 0.073550 0.000000 
2.794254 0.060251 0.000000 
3.010397 0.042751 0.000000 
3.226174 0.021194 0.000000 
3.441534 -0.004191 0.000000 
3.548444 0.016446 -0.301724 
3.655355 0.037084 -0.603448 
3.762265 0.057721 -0.905171 
3.869175 0.078359 -1.206895 
3.569789 0.114528 -1.206895 
3.269519 0.142426 -1.206895 
3.033894 0.158145 -1.206895 
2.797969 0.168412 -1.206895 
2.448418 0.174004 -1.206895 
2.098849 0.169616 -1.206895 
1.727074 0.152080 -1.206895 
1.357140 0.111184 -1.206895 
1.231998 0.094373 -1.206895 
1.106823 0.077817 -1.206895 
1.033730 0.069039 -1.206895 
0.960479 0.061695 -1.206895 
0.899715 0.057510 -1.206895 
0.838818 0.056325 -1.206895 
0.761860 0.063807 -1.206895 
0.696801 0.105590 -1.206895 
0.522601 0.079192 -0.905171 
0.348401 0.052795 -0.603448 
0.174200 0.026397 -0.301724 
0.748057 0.021906 -0.603448 
3.358471 0.039425 -0.302508 
1.134337 0.074149 -0.604166 
2.994308 0.097742 -0.537956 
1.980047 0.129760 -0.614331 
2.443269 0.147942 -0.850970 
2.287094 0.115631 -0.397277 
1.090102 0.071217 -0.859914 
1.555525 0.124302 -0.825387 
1.433741 0.093930 -0.301724 
0.215866 -0.008422 -0.305341 
0.271856 -0.021431 -0.306144 
1.008204 0.062725 -1.056068 
1.081201 0.072205 -1.056035 
0.947805 0.055521 -1.056270 
0.918877 0.046900 -0.780897 
0.793799 0.035064 -0.905348 
0.556064 -0.006935 -0.336099 
0.754556 0.018956 -0.268201 
0.383554 -0.023564 -0.306663 
0.545571 0.002963 -0.605781 
1.285255 0.095928 -0.794544 
1.389606 0.104089 -0.656422 
1.083099 0.068497 -0.691298 
3.115669 0.052571 -0.189766 
3.385047 0.023552 -0.186091 
3.462816 0.093347 -0.904787 
1.206285 0.074471 -0.245192 
0.919875 0.043137 -0.390854 
0.949943 0.048784 -0.546616 
1.572161 0.091136 -0.150784 
1.694383 0.112826 -0.454021 
1.831292 0.107557 -0.309489 
1.206320 0.089189 -1.056032 
1.487901 0.124586 -1.055964 
2.318477 0.132756 -0.631006 
2.094587 0.121108 -0.463818 
2.217548 0.144217 -0.790010 
2.687043 0.134316 -0.754050 
2.640843 0.160445 -1.055996 
2.844117 0.140770 -0.905076 
2.601758 0.118351 -0.527753 
2.733993 0.092364 -0.301714 
2.445532 0.098554 -0.226124 
3.273385 0.080509 -0.602768 
3.079866 0.127048 -0.905137 
0.723678 0.030502 -0.909888 
3.400178 0.050692 -0.448478 
3.086557 0.066761 -0.301764 
2.909001 0.077830 -0.268098 
1.355489 0.082307 -0.150862 
2.008945 0.104177 -0.224063 
2.294533 0.160443 -1.019348 
2.036984 0.149422 -0.906332 
2.228737 0.103465 -0.226294 
1.858964 0.153361 -1.055896 
1.515480 0.111490 -0.577618 
1.771143 0.131639 -0.731930 
1.324137 0.090876 -0.425111 
0.139815 -0.009049 -0.202105 
0.210314 -0.030311 -0.203517 
1.041075 0.067755 -1.106339 
0.881225 0.044222 -0.905325 
0.669940 0.006426 -0.201152 
0.503917 -0.010313 -0.404815 
1.282927 0.095821 -0.804532 
3.263228 0.028022 -0.100508 
3.598386 0.089334 -1.005528 
1.086909 0.060355 -0.167557 
0.321173 -0.032956 -0.204239 
0.913438 0.042047 -0.370022 
1.700263 0.104183 -0.306185 
1.343621 0.106614 -1.005691 
2.232613 0.134725 -0.653602 
2.724019 0.145700 -0.904999 
2.593787 0.103675 -0.351812 
3.272130 0.101532 -0.804111 
2.562419 0.130066 -0.653507 
2.985985 0.142437 -1.005661 
0.593236 0.021125 -0.809297 
0.760121 0.038722 -1.009046 
3.452824 0.028654 -0.304547 
3.284217 0.067387 -0.488405 
0.974643 0.053576 -0.690265 
0.952024 0.057371 -1.106543 
2.826230 0.077252 -0.201073 
3.068160 0.068529 -0.303240 
1.473827 0.084928 -0.100521 
1.975026 0.111202 -0.331592 
2.460180 0.166708 -1.106177 
2.173704 0.151744 -0.906844 
2.056044 0.099143 -0.150790 
2.345150 0.095327 -0.150770 
1.691123 0.145496 -1.106106 
1.173176 0.085234 -1.106321 
1.660305 0.119437 -0.587812 
1.888434 0.145193 -0.899014 
1.410554 0.103018 -0.563668 
1.293859 0.083176 -0.276237 

44 104 2 1
55 104 44 43
2 104 55 3
55 105 4 3
56 105 55 43
4 105 56 5
58 106 36 35
57 106 58 52
36 106 57 37
61 107 60 45
59 107 61 39
60 107 59 52
-2 -2 -2 -2
65 45 8 7
-2 -2 -2 -2
-2 -2 -2 -2
64 43 65 7
-2 -2 -2 -2
-2 -2 -2 -2
66 47 60 52
67 47 66 53
20 46 22 21
93 46 20 19
-2 -2 -2 -2
71 112 24 23
26 112 71 27
24 112 26 25
73 113 10 9
72 113 73 47
10 113 72 11
56 114 6 5
64 114 56 43
6 114 64 7
73 9 8 45
-2 -2 -2 -2
-2 -2 -2 -2
77 116 76 49
75 116 77 13
76 116 75 54
79 117 78 33
66 117 79 53
78 117 66 52
-2 -2 -2 -2
80 49 82 50
81 49 80 51
85 119 84 29
83 119 85 48
84 119 83 50
88 120 87 17
86 120 88 51
87 120 86 48
71 121 90 27
89 121 71 23
90 121 89 48
83 122 80 50
86 122 83 48
80 122 86 51
28 123 85 29
90 123 28 27
85 123 90 48
42 124 65 43
91 124 42 41
65 124 91 45
61 125 40 39
91 125 61 45
40 125 91 41
22 46 89 23
-2 -2 -2 -2
-2 -2 -2 -2
-2 -2 -2 -2
89 46 93 48
-2 -2 -2 -2
-2 -2 -2 -2
60 47 73 45
-2 -2 -2 -2
57 129 38 37
59 129 57 52
38 129 59 39
18 48 93 19
87 48 18 17
-2 -2 -2 -2
-2 -2 -2 -2
-2 -2 -2 -2
-2 -2 -2 -2
12 132 75 13
95 132 12 11
75 132 95 54
81 133 77 49
96 133 81 51
77 133 96 13
30 134 97 31
84 134 30 29
97 134 84 50
98 135 82 49
97 135 98 31
82 135 97 50
14 136 99 15
96 136 14 13
99 136 96 51
16 137 88 17
99 137 16 15
88 137 99 51
32 138 79 33
100 138 32 31
79 138 100 53
34 139 58 35
78 139 34 33
58 139 78 52
76 140 102 49
101 140 76 54
102 140 101 53
98 141 100 31
102 141 98 49
100 141 102 53
67 142 103 47
101 142 67 53
103 142 101 54
95 143 103 54
72 143 95 11
103 143 72 47
44
0.039986 -0.035588 0.000000
0.000000 0.000000 0.000000
0.000000 0.000000 0.000000
0.174200 0.026397 -0.301724
0.174200 0.026397 -0.301724
0.348401 0.052795 -0.603448
0.091966 -0.048371 0.000000
0.039986 -0.035588 0.000000
0.146038 -0.052181 0.000000
0.091966 -0.048371 0.000000
0.200239 -0.051514 0.000000
0.146038 -0.052181 0.000000
1.033730 0.069039 -1.206895
1.106823 0.077817 -1.206895
0.960479 0.061695 -1.206895
1.033730 0.069039 -1.206895
0.630801 -0.000727 0.000000
0.416027 -0.030676 0.000000
3.548444 0.016446 -0.301724
3.441534 -0.004191 0.000000
3.441534 -0.004191 0.000000
3.226174 0.021194 0.000000
3.226174 0.021194 0.000000
3.010397 0.042751 0.000000
3.762265 0.057721 -0.905171
3.655355 0.037084 -0.603448
3.269519 0.142426 -1.206895
3.569789 0.114528 -1.206895
3.569789 0.114528 -1.206895
3.869175 0.078359 -1.206895
3.869175 0.078359 -1.206895
3.762265 0.057721 -0.905171
1.061084 0.053375 0.000000
0.845646 0.028709 0.000000
1.277238 0.070675 0.000000
1.061084 0.053375 0.000000
0.308352 -0.043359 0.000000
0.200239 -0.051514 0.000000
0.416027 -0.030676 0.000000
0.308352 -0.043359 0.000000
0.845646 0.028709 0.000000
0.630801 -0.000727 0.000000
2.797969 0.168412 -1.206895
3.033894 0.158145 -1.206895
3.033894 0.158145 -1.206895
3.269519 0.142426 -1.206895
0.348401 0.052795 -0.603448
0.522601 0.079192 -0.905171
0.522601 0.079192 -0.905171
0.696801 0.105590 -1.206895
0.761860 0.063807 -1.206895
0.838818 0.056325 -1.206895
0.696801 0.105590 -1.206895
0.761860 0.063807 -1.206895
3.655355 0.037084 -0.603448
3.548444 0.016446 -0.301724
0.899715 0.057510 -1.206895
0.960479 0.061695 -1.206895
0.838818 0.056325 -1.206895
0.899715 0.057510 -1.206895
3.010397 0.042751 0.000000
2.794254 0.060251 0.000000
2.794254 0.060251 0.000000
2.577811 0.073550 0.000000
1.710669 0.085635 0.000000
1.493896 0.079811 0.000000
1.493896 0.079811 0.000000
1.277238 0.070675 0.000000
2.098849 0.169616 -1.206895
2.448418 0.174004 -1.206895
2.448418 0.174004 -1.206895
2.797969 0.168412 -1.206895
2.144353 0.087475 0.000000
1.927503 0.088368 0.000000
1.927503 0.088368 0.000000
1.710669 0.085635 0.000000
2.577811 0.073550 0.000000
2.361149 0.082602 0.000000
2.361149 0.082602 0.000000
2.144353 0.087475 0.000000
1.357140 0.111184 -1.206895
1.727074 0.152080 -1.206895
1.727074 0.152080 -1.206895
2.098849 0.169616 -1.206895
1.106823 0.077817 -1.206895
1.231998 0.094373 -1.206895
1.231998 0.094373 -1.206895
1.357140 0.111184 -1.206895
