129 106
0.000000 0.000000 0.000000 
0.039986 -0.035588 0.000000 
0.091966 -0.048371 0.000000 
0.146038 -0.052181 0.000000 
0.200239 -0.051514 0.000000 
0.308352 -0.043359 0.000000 
0.416027 -0.030676 0.000000 
0.630801 -0.000727 0.000000 
0.845646 0.028709 0.000000 
1.061084 0.053375 0.000000 
1.277238 0.070675 0.000000 
1.493896 0.079811 0.000000 
1.710669 0.085635 0.000000 
1.927503 0.088368 0.000000 
2.144353 0.087475 0.000000 
2.361149 0.082602 0.000000 
2.577811 0.073550 0.000000 
2.794254 0.060251 0.000000 
3.010397 0.042751 0.000000 
3.226174 0.021194 0.000000 
3.441534 -0.004191 0.000000 
3.548444 0.016446 -0.301724 
3.655355 0.037084 -0.603448 
3.762265 0.057721 -0.905171 
3.869175 0.078359 -1.206895 
3.569789 0.114528 -1.206895 
3.269519 0.142426 -1.206895 
3.033894 0.158145 -1.206895 
2.797969 0.168412 -1.206895 
2.448418 0.174004 -1.206895 
2.098849 0.169616 -1.206895 
1.727074 0.152080 -1.206895 
1.357140 0.111184 -1.206895 
1.231998 0.094373 -1.206895 
1.106823 0.077817 -1.206895 
1.033730 0.069039 -1.206895 
0.960479 0.061695 -1.206895 
0.899715 0.057510 -1.206895 
0.838818 0.056325 -1.206895 
0.761860 0.063807 -1.206895 
0.696801 0.105590 -1.206895 
0.522601 0.079192 -0.905171 
0.348401 0.052795 -0.603448 
0.174200 0.026397 -0.301724 
0.729885 0.014874 -0.195666 
3.292822 0.046576 -0.301969 
0.804009 0.028116 -0.511357 
2.608191 0.124485 -0.603523 
1.919616 0.129524 -0.629712 
2.195079 0.143592 -0.782895 
2.099408 0.106943 -0.261200 
1.645287 0.110579 -0.442580 
0.326405 -0.027616 -0.274332 
1.004554 0.060958 -0.976629 
1.490642 0.119386 -0.848072 
0.724762 0.030535 -0.909661 
0.975774 0.050606 -0.383106 
0.390920 -0.030168 -0.150236 
0.583218 -0.002225 -0.402613 
1.235606 0.092545 -1.002922 
2.033985 0.144745 -0.833320 
3.173492 0.122240 -0.926727 
1.172512 0.074191 -0.363028 
0.921248 0.040972 -0.185684 
1.748037 0.096069 -0.154072 
1.766646 0.132582 -0.750713 
1.821470 0.110347 -0.357214 
1.554450 0.131467 -1.052133 
2.082315 0.124192 -0.510093 
2.042765 0.114080 -0.365708 
2.062764 0.136673 -0.700516 
2.400947 0.137303 -0.703179 
2.759451 0.105393 -0.460756 
2.653052 0.157036 -1.016924 
2.390427 0.121541 -0.495426 
2.551896 0.091497 -0.190073 
2.285274 0.108335 -0.300967 
3.040253 0.070341 -0.297445 
0.768165 0.021652 -0.359120 
3.362034 0.072042 -0.607375 
1.581659 0.100244 -0.301475 
1.937149 0.104921 -0.243419 
2.070646 0.160055 -1.064078 
2.122527 0.098479 -0.145139 
1.769809 0.120683 -0.548170 
1.836392 0.145384 -0.930218 
1.432599 0.104620 -0.557716 
0.250447 -0.020322 -0.294755 
1.113625 0.075827 -0.991081 
0.455169 0.003278 -0.598617 
3.467649 0.093450 -0.910501 
1.120727 0.063866 -0.166530 
0.424355 -0.027596 -0.108816 
2.032964 0.151228 -0.936515 
2.499287 0.108121 -0.362866 
2.239811 0.130359 -0.592509 
2.908151 0.144205 -0.978898 
0.574188 -0.005950 -0.267463 
0.589115 0.004302 -0.582040 
0.867801 0.043959 -0.953694 
1.534757 0.090236 -0.156077 
2.362586 0.162732 -1.048506 
2.526380 0.146342 -0.846670 
1.931880 0.097856 -0.138768 
2.324544 0.096385 -0.157651 
1.800714 0.151394 -1.070509 
1.338916 0.102141 -0.790995 
1.604931 0.121293 -0.672171 
1.377449 0.092185 -0.344256 
0.364634 -0.029985 -0.211918 
1.020390 0.060543 -0.754529 
1.659894 0.134841 -0.896497 
0.556067 -0.009833 -0.160361 
1.172621 0.081425 -0.775821 
1.932549 0.117493 -0.436261 
2.798643 0.082424 -0.236467 
3.037147 0.102110 -0.615459 
1.321442 0.080552 -0.158690 
1.934684 0.110209 -0.323872 
1.772151 0.103147 -0.259195 
1.907267 0.139974 -0.804223 
2.774853 0.131291 -0.760783 
1.380156 0.111515 -1.029095 
2.205960 0.118122 -0.421280 
2.278492 0.152464 -0.905084 
1.201459 0.081698 -0.562964 
1.006928 0.056667 -0.551389 
0.829389 0.034095 -0.710762 
0.608423 0.032871 -0.902869 

44 88 2 1
99 59 110 53
2 88 53 3
53 110 4 3
4 110 58 5
89 114 111 54
36 89 54 37
111 114 126 127
56 129 40 39
100 128 99 56
113 45 8 7
70 119 67 115
20 46 22 21
78 46 20 19
80 91 24 23
26 91 62 27
24 91 26 25
64 92 10 9
63 92 64 57
92 118 11 10
58 93 6 5
6 93 113 7
64 9 8 45
85 49 69 115
67 120 81 52
68 123 34 33
96 69 49 71
70 124 77 51
74 102 30 29
72 103 122 48
116 76 95 73
105 77 95 76
75 95 77 124
73 95 75 48
62 97 28 27
46 78 117 80
96 71 50 72
75 96 72 48
69 96 75 124
28 97 74 29
122 97 62 117
47 79 98 59
129 90 43 42
113 98 79 45
99 53 88 90
107 114 89 60
42 41 40 129
46 80 23 22
117 62 91 80
128 111 127 47
54 100 38 37
128 100 54 111
38 100 56 39
18 116 78 19
76 116 18 17
12 101 65 13
118 101 12 11
120 65 101 81
82 119 70 51
67 119 82 120
30 102 83 31
83 106 32 31
125 103 72 50
61 50 71 121
125 50 61 94
125 102 74 103
14 104 84 15
65 120 82 104
84 104 82 51
105 76 17 16
60 89 36 35
84 105 16 15
32 106 68 33
86 112 68 106
34 123 60 35
68 112 55 123
55 108 87 107
85 115 67 52
108 55 112 66
86 106 83 94
114 107 87 126
121 86 94 61
87 108 85 52
81 109 87 52
92 63 109 118
87 109 63 126
90 88 44 43
110 59 98 58
79 57 64 45
93 58 98 113
108 66 49 85
86 121 66 112
73 117 78 116
73 48 122 117
109 81 101 118
66 121 71 49
65 104 14 13
115 69 124 70
103 74 97 122
123 55 107 60
51 77 105 84
94 83 102 125
63 57 127 126
57 79 47 127
128 47 59 99
56 99 90 129
44
0.039986 -0.035588 0.000000
0.000000 0.000000 0.000000
0.000000 0.000000 0.000000
0.174200 0.026397 -0.301724
0.091966 -0.048371 0.000000
0.039986 -0.035588 0.000000
0.146038 -0.052181 0.000000
0.091966 -0.048371 0.000000
0.200239 -0.051514 0.000000
0.146038 -0.052181 0.000000
0.960479 0.061695 -1.206895
1.033730 0.069039 -1.206895
0.761860 0.063807 -1.206895
0.838818 0.056325 -1.206895
0.630801 -0.000727 0.000000
0.416027 -0.030676 0.000000
3.548444 0.016446 -0.301724
3.441534 -0.004191 0.000000
3.441534 -0.004191 0.000000
3.226174 0.021194 0.000000
3.226174 0.021194 0.000000
3.010397 0.042751 0.000000
3.762265 0.057721 -0.905171
3.655355 0.037084 -0.603448
3.269519 0.142426 -1.206895
3.569789 0.114528 -1.206895
3.569789 0.114528 -1.206895
3.869175 0.078359 -1.206895
3.869175 0.078359 -1.206895
3.762265 0.057721 -0.905171
1.061084 0.053375 0.000000
0.845646 0.028709 0.000000
1.277238 0.070675 0.000000
1.061084 0.053375 0.000000
0.308352 -0.043359 0.000000
0.200239 -0.051514 0.000000
0.416027 -0.030676 0.000000
0.308352 -0.043359 0.000000
0.845646 0.028709 0.000000
0.630801 -0.000727 0.000000
1.231998 0.094373 -1.206895
1.357140 0.111184 -1.206895
2.448418 0.174004 -1.206895
2.797969 0.168412 -1.206895
3.033894 0.158145 -1.206895
3.269519 0.142426 -1.206895
2.797969 0.168412 -1.206895
3.033894 0.158145 -1.206895
0.348401 0.052795 -0.603448
0.522601 0.079192 -0.905171
0.522601 0.079192 -0.905171
0.696801 0.105590 -1.206895
0.696801 0.105590 -1.206895
0.761860 0.063807 -1.206895
3.655355 0.037084 -0.603448
3.548444 0.016446 -0.301724
0.899715 0.057510 -1.206895
0.960479 0.061695 -1.206895
0.838818 0.056325 -1.206895
0.899715 0.057510 -1.206895
3.010397 0.042751 0.000000
2.794254 0.060251 0.000000
2.794254 0.060251 0.000000
2.577811 0.073550 0.000000
1.710669 0.085635 0.000000
1.493896 0.079811 0.000000
1.493896 0.079811 0.000000
1.277238 0.070675 0.000000
2.098849 0.169616 -1.206895
2.448418 0.174004 -1.206895
1.727074 0.152080 -1.206895
2.098849 0.169616 -1.206895
2.144353 0.087475 0.000000
1.927503 0.088368 0.000000
2.577811 0.073550 0.000000
2.361149 0.082602 0.000000
1.033730 0.069039 -1.206895
1.106823 0.077817 -1.206895
2.361149 0.082602 0.000000
2.144353 0.087475 0.000000
1.357140 0.111184 -1.206895
1.727074 0.152080 -1.206895
1.106823 0.077817 -1.206895
1.231998 0.094373 -1.206895
0.174200 0.026397 -0.301724
0.348401 0.052795 -0.603448
1.927503 0.088368 0.000000
1.710669 0.085635 0.000000
