1074 1025
0.500000 0.000000 0.000000 
0.492359 0.066491 0.000000 
0.483254 0.132743 0.000000 
0.471225 0.198518 0.000000 
0.455429 0.263577 0.000000 
0.436114 0.327682 0.000000 
0.413658 0.390617 0.000000 
0.388854 0.452787 0.000000 
0.362357 0.514692 0.000000 
0.332876 0.574994 0.000000 
0.298687 0.631943 0.000000 
0.258581 0.684271 0.000000 
0.213198 0.732425 0.000000 
0.163592 0.777241 0.000000 
0.110821 0.819552 0.000000 
0.055938 0.860193 0.000000 
0.000000 0.900000 0.000000 
0.000000 0.895666 -0.088215 
0.000000 0.882707 -0.175581 
0.000000 0.861246 -0.261256 
0.000000 0.831492 -0.344415 
0.000000 0.793729 -0.424257 
0.000000 0.748323 -0.500013 
0.000000 0.695709 -0.570954 
0.000000 0.636396 -0.636396 
0.000000 0.570954 -0.695709 
0.000000 0.500013 -0.748323 
0.000000 0.424257 -0.793729 
0.000000 0.344415 -0.831492 
0.000000 0.261256 -0.861246 
0.000000 0.175581 -0.882707 
0.000000 0.088215 -0.895666 
0.000000 0.000000 -0.900000 
0.000000 -0.088215 -0.895666 
0.000000 -0.175581 -0.882707 
0.000000 -0.261256 -0.861246 
0.000000 -0.344415 -0.831492 
0.000000 -0.424257 -0.793729 
0.000000 -0.500013 -0.748323 
0.000000 -0.570954 -0.695709 
0.000000 -0.636396 -0.636396 
0.000000 -0.695709 -0.570954 
0.000000 -0.748323 -0.500013 
0.000000 -0.793729 -0.424257 
0.000000 -0.831492 -0.344415 
0.000000 -0.861246 -0.261256 
0.000000 -0.882707 -0.175581 
0.000000 -0.895666 -0.088215 
0.000000 -0.900000 -0.000000 
0.000000 -0.895666 0.088215 
0.000000 -0.882707 0.175581 
0.000000 -0.861246 0.261256 
0.000000 -0.831492 0.344415 
0.000000 -0.793729 0.424257 
0.000000 -0.748323 0.500013 
0.000000 -0.695709 0.570954 
0.000000 -0.636396 0.636396 
0.000000 -0.570954 0.695709 
0.000000 -0.500013 0.748323 
0.000000 -0.424257 0.793729 
0.000000 -0.344415 0.831492 
0.000000 -0.261256 0.861246 
0.000000 -0.175581 0.882707 
0.000000 -0.088215 0.895666 
0.000000 -0.000000 0.900000 
0.000000 0.088215 0.895666 
0.000000 0.175581 0.882707 
0.000000 0.261256 0.861246 
0.000000 0.344415 0.831492 
0.000000 0.424257 0.793729 
0.000000 0.500013 0.748323 
0.000000 0.570954 0.695709 
0.000000 0.636396 0.636396 
0.000000 0.695709 0.570954 
0.000000 0.748323 0.500013 
0.000000 0.793729 0.424257 
0.000000 0.831492 0.344415 
0.000000 0.861246 0.261256 
0.000000 0.882707 0.175581 
0.000000 0.895666 0.088215 
0.000000 0.900000 0.000000 
0.055938 0.860193 0.000000 
0.110821 0.819552 0.000000 
0.163592 0.777241 0.000000 
0.213198 0.732425 0.000000 
0.258581 0.684271 0.000000 
0.298687 0.631943 0.000000 
0.332876 0.574994 0.000000 
0.362357 0.514692 0.000000 
0.388854 0.452787 0.000000 
0.413658 0.390617 0.000000 
0.436114 0.327682 0.000000 
0.455429 0.263577 0.000000 
0.471225 0.198518 0.000000 
0.483254 0.132743 0.000000 
0.492359 0.066491 0.000000 
0.405857 0.267808 0.311379 
0.463356 0.099788 0.210473 
0.443578 0.054650 0.299368 
0.436048 -0.305978 0.117831 
0.349484 -0.528535 -0.121384 
0.404603 -0.199010 -0.362891 
0.415232 -0.180501 -0.341740 
0.431638 -0.103041 -0.325081 
0.427738 -0.033948 -0.350640 
0.402294 0.083504 -0.411294 
0.423161 0.083008 -0.355543 
0.422483 0.149021 -0.335353 
0.350741 0.000113 -0.539684 
0.461280 0.240618 -0.017943 
0.428117 0.269420 0.225285 
0.456448 -0.033316 0.257673 
0.389363 0.263888 0.366414 
0.425008 0.226031 0.280169 
0.405673 -0.216663 0.349456 
0.431391 -0.244923 0.238328 
0.415324 -0.342989 -0.177594 
0.419471 -0.248329 -0.281224 
0.397540 -0.116475 -0.415497 
0.392882 0.084779 -0.434779 
0.437652 -0.269481 -0.178050 
0.434914 0.187374 -0.273229 
0.451138 0.274741 -0.048162 
0.438788 0.319133 -0.014950 
0.219751 -0.725964 0.005080 
0.383869 0.338187 0.318900 
0.388257 0.293030 0.347079 
0.361611 0.246316 0.453806 
0.351274 0.179287 0.507854 
0.398238 0.169173 0.395093 
0.445266 -0.276127 -0.114205 
0.378343 -0.408771 0.247788 
0.394883 -0.396047 0.187207 
0.405726 -0.394560 0.115213 
0.379605 -0.464788 -0.098055 
0.412513 -0.230454 -0.319090 
0.392265 -0.225713 -0.382902 
0.352160 -0.089909 -0.529131 
0.386471 0.122930 -0.441775 
0.412811 0.222930 -0.323450 
0.410885 0.369592 -0.147218 
0.344596 0.551652 -0.026062 
0.365725 0.490624 0.128488 
0.374826 0.393353 0.285901 
0.338939 0.350517 0.441145 
0.327921 0.277716 0.513852 
0.358998 0.135630 0.504150 
0.383300 0.036497 0.464766 
0.380441 -0.126915 0.455686 
0.353072 -0.265945 0.463980 
0.358098 -0.293317 0.434254 
0.370710 -0.371095 0.328828 
0.345008 -0.510298 0.208997 
0.378408 -0.464171 0.113531 
0.377722 -0.477169 0.046983 
0.371530 -0.456134 -0.189502 
0.393216 -0.310100 -0.315176 
0.393209 -0.250324 -0.364485 
0.381781 -0.245965 -0.400306 
0.380578 -0.161908 -0.444112 
0.315613 -0.027708 -0.604804 
0.331226 0.106634 -0.568139 
0.369161 0.148692 -0.476722 
0.363062 0.210496 -0.467964 
0.369945 0.297359 -0.398950 
0.377918 0.345174 -0.332126 
0.379542 0.423302 -0.215869 
0.382739 0.459335 -0.087221 
0.404002 0.410443 -0.063934 
0.308395 0.598687 0.149752 
0.338738 0.525789 0.203609 
0.322496 0.412613 0.426921 
0.250934 0.370747 0.585534 
0.239998 0.260273 0.655269 
0.330051 0.150373 0.560397 
0.339600 0.052924 0.559664 
0.333448 -0.085340 0.567543 
0.317511 -0.246189 0.549649 
0.320920 -0.430710 0.412614 
0.335890 -0.459842 0.335648 
0.309033 -0.581226 0.204408 
0.328940 -0.571214 0.112835 
0.305357 -0.611195 0.114773 
0.316046 -0.604671 -0.007558 
0.358776 -0.500812 -0.149187 
0.350075 -0.455087 -0.292665 
0.365909 -0.352309 -0.364251 
0.361000 -0.274303 -0.439046 
0.322649 -0.219464 -0.551389 
0.334074 -0.130679 -0.557641 
0.282190 -0.033708 -0.654096 
0.262377 0.114900 -0.670019 
0.244541 0.198980 -0.671270 
0.307338 0.263550 -0.559864 
0.314351 0.379727 -0.474231 
0.325777 0.444819 -0.384470 
0.346600 0.468931 -0.283973 
0.373621 0.457905 -0.171838 
0.362828 0.508659 -0.071407 
0.224552 0.698257 0.180329 
0.271734 0.623418 0.241064 
0.268767 0.555040 0.378968 
0.216125 0.441527 0.580792 
0.281651 0.053738 0.653471 
0.280894 -0.045010 0.655130 
0.258590 -0.228398 0.645017 
0.238846 -0.413963 0.572276 
0.252532 -0.487322 0.490224 
0.271921 -0.535450 0.399677 
0.285013 -0.598813 0.255882 
0.283817 -0.635565 0.149010 
0.284681 -0.651637 0.002440 
0.266362 -0.670942 -0.074017 
0.290708 -0.597791 -0.237890 
0.262662 -0.525747 -0.430413 
0.293135 -0.390819 -0.506776 
0.216810 -0.325029 -0.652410 
0.150520 0.177255 -0.767940 
0.216330 0.475755 -0.552837 
0.256045 0.531251 -0.435930 
0.264650 0.587936 -0.335812 
0.286164 0.617693 -0.201211 
0.276116 0.657688 -0.082698 
0.101808 0.795287 0.224644 
0.121443 0.699127 0.411725 
0.177351 0.621526 0.446725 
0.173233 0.516743 0.569502 
0.158826 0.264714 0.735034 
0.151638 0.124993 0.777225 
0.185342 -0.062169 0.755800 
0.146813 -0.292381 0.735156 
0.151816 -0.414997 0.668767 
0.160378 -0.521018 0.580396 
0.174152 -0.604909 0.473513 
0.186010 0.394926 -0.646704 
0.161020 -0.745169 0.228476 
0.192289 -0.741477 0.125887 
0.252346 -0.691006 0.024578 
0.127641 -0.798358 -0.114351 
0.136750 -0.753398 -0.266926 
0.178862 -0.604133 -0.467822 
0.208680 -0.537544 -0.503883 
0.169638 -0.442678 -0.632585 
0.181431 -0.226443 -0.727396 
0.180063 -0.024491 -0.762641 
0.111163 0.270133 -0.773475 
0.267460 0.282491 -0.611587 
0.078205 0.633302 -0.557894 
0.178721 0.643088 -0.412868 
0.148585 0.754725 -0.232475 
0.438190 0.220372 0.233860 
0.462727 0.035849 0.232745 
0.447696 -0.104611 0.271255 
0.474698 -0.132764 0.123821 
0.423376 -0.357148 0.072891 
0.417482 -0.380365 -0.010553 
0.425338 -0.203977 -0.295489 
0.415605 -0.200491 -0.329258 
0.423255 -0.146994 -0.333924 
0.427784 0.023600 -0.351356 
0.437321 -0.127475 -0.297874 
0.412387 0.082989 -0.385097 
0.433829 0.083734 -0.323900 
0.438874 0.015706 -0.318830 
0.467838 0.204471 0.062891 
0.469107 0.179203 -0.106131 
0.470907 0.197793 -0.029693 
0.460673 0.209798 0.123956 
0.396107 0.265645 0.344531 
0.446983 0.114679 0.269755 
0.429540 0.180829 0.296296 
0.392415 -0.266349 0.355374 
0.449240 -0.185232 0.217240 
0.437372 -0.270771 0.177651 
0.420325 -0.227400 0.295492 
0.426042 -0.170056 -0.313986 
0.412429 -0.297875 0.257622 
0.376852 0.321267 0.358685 
0.487301 -0.004318 -0.105229 
0.483736 -0.125334 -0.033133 
0.445864 -0.292934 -0.047986 
0.446730 -0.069724 -0.285577 
0.409107 -0.199835 -0.349289 
0.397415 -0.196931 -0.384302 
0.413666 -0.074891 -0.383350 
0.413444 0.151813 0.360518 
0.416666 -0.023062 -0.381988 
0.423455 -0.086276 -0.353929 
0.408571 -0.122115 -0.384880 
0.405315 0.036710 -0.410438 
0.450385 0.003897 -0.281520 
0.374440 0.090568 -0.478685 
0.386020 0.086510 -0.451436 
0.391833 0.002434 -0.445524 
0.493600 -0.038892 -0.040598 
0.339945 -0.026613 -0.560856 
0.477067 0.087390 0.144790 
0.407611 0.207125 -0.349474 
0.430229 0.161847 -0.304822 
0.405617 0.372770 0.173838 
0.457858 0.096142 -0.235675 
0.438471 0.268932 0.174283 
0.452844 0.266196 0.060188 
0.416861 0.268797 0.271660 
0.414875 0.316654 0.223219 
0.414571 0.192508 0.337130 
0.396337 0.302692 0.311696 
0.382053 0.279346 0.376960 
0.389096 0.244239 0.380565 
0.356726 0.213167 0.481962 
0.400536 0.204137 0.371713 
0.411892 0.231103 0.320612 
0.375072 0.230569 0.427485 
0.414503 -0.355188 0.157154 
0.399438 -0.223811 -0.363423 
0.431219 -0.018639 0.341737 
0.391879 0.258581 -0.362676 
0.387291 -0.326431 0.319227 
0.476104 0.040273 -0.169544 
0.396577 -0.368175 0.229587 
0.376010 -0.388779 0.287452 
0.400203 -0.416836 -0.082428 
0.492282 0.045110 -0.049709 
0.422026 -0.347367 -0.122175 
0.377803 -0.457734 -0.142100 
0.394968 0.437348 -0.021037 
0.410483 -0.169180 -0.361217 
0.367140 -0.075660 -0.498261 
0.383475 -0.113884 -0.451640 
0.447071 0.270729 -0.111589 
0.348629 -0.055432 -0.541229 
0.337533 0.035666 -0.565041 
0.299881 0.481300 0.406784 
0.394835 0.129766 -0.418525 
0.413422 0.141094 -0.364907 
0.466428 -0.190278 -0.110551 
0.434395 0.296674 -0.150931 
0.437024 0.257227 -0.198498 
0.429344 0.239942 -0.251616 
0.453864 0.258874 -0.074075 
0.422269 0.349435 -0.113997 
0.452407 0.274243 -0.011057 
0.427913 0.346908 -0.058356 
0.347577 -0.322870 -0.440580 
0.374360 -0.032242 0.486297 
0.389087 0.435485 0.121889 
0.413572 0.386283 0.059534 
0.391404 0.351757 0.275136 
0.380735 0.409733 0.234977 
0.363817 0.474820 0.190059 
0.368541 0.373660 0.333418 
0.346191 0.261824 0.482595 
0.366116 0.275688 0.424646 
0.356614 0.325098 0.415084 
0.387598 0.216254 0.401272 
0.322354 0.236994 0.544644 
0.365442 0.166901 0.479595 
0.197268 -0.658941 0.352963 
0.397804 0.070071 0.425125 
0.392720 0.132731 0.423030 
0.371432 0.119672 0.479449 
0.457654 -0.169934 -0.190527 
0.394299 -0.003054 0.439485 
0.366183 -0.259110 0.434783 
0.389336 -0.214539 0.397404 
0.377840 -0.175317 0.445975 
0.350754 -0.289943 0.455153 
0.368162 -0.301195 0.401168 
0.390485 -0.352937 -0.277263 
0.346640 -0.495635 0.234085 
0.361434 -0.447085 0.259092 
0.388502 -0.428844 0.147930 
0.377263 -0.432659 0.209146 
0.357843 -0.487304 0.194233 
0.388440 -0.453726 0.007769 
0.351446 -0.129469 -0.522407 
0.392795 -0.436143 0.078670 
0.376998 -0.477682 -0.057940 
0.362165 -0.502799 -0.111983 
0.343860 -0.544006 -0.103393 
0.407189 -0.299521 -0.276037 
0.403777 -0.346701 -0.229827 
0.401748 -0.244492 -0.342794 
0.405093 -0.266867 -0.314728 
0.112851 -0.578251 0.578568 
0.386347 -0.248718 -0.385606 
0.392915 -0.160335 -0.412845 
0.384455 -0.226310 -0.404406 
0.330021 -0.051835 -0.577956 
0.337644 -0.093440 -0.558184 
0.347212 0.067427 -0.542795 
0.372462 -0.007562 -0.491720 
0.326576 0.004698 -0.586500 
0.379397 0.112172 -0.462091 
0.384201 0.063155 -0.459716 
0.368461 0.061852 -0.497138 
0.376275 0.164849 -0.453872 
0.273987 0.038098 -0.664481 
0.385690 0.247623 -0.388195 
0.392410 0.186642 -0.403000 
0.370764 0.225179 -0.441601 
0.385622 0.316391 -0.334752 
0.376596 0.305076 -0.373331 
0.399646 0.361560 -0.225830 
0.414138 0.247677 -0.300429 
0.391132 0.323009 -0.309338 
0.403798 0.406704 -0.087010 
0.387471 0.433795 -0.141016 
0.396151 0.395350 -0.181310 
0.344443 -0.552437 -0.012355 
0.370452 0.495867 -0.023308 
0.328622 -0.172542 -0.556704 
0.365410 0.503731 0.064777 
0.331787 -0.366696 0.445518 
0.336225 0.502577 0.266090 
0.372839 -0.219993 0.438850 
0.339515 0.545122 0.138034 
0.344503 0.381688 0.399400 
0.327682 0.445854 0.378008 
0.284257 0.353854 0.547873 
0.317067 0.375405 0.471903 
0.305778 0.292134 0.548251 
0.245567 0.316326 0.623344 
0.335452 0.188111 0.538218 
0.272701 0.254410 0.616783 
0.352409 0.068642 0.531778 
0.352571 0.107063 0.525046 
0.325806 0.112226 0.577083 
0.354563 -0.059290 0.528315 
0.367139 0.007307 0.503922 
0.344073 0.019233 0.552984 
0.338983 -0.216365 0.520156 
0.359546 -0.148615 0.499228 
0.336713 -0.130068 0.552638 
0.325717 -0.345655 0.475741 
0.338963 -0.287232 0.484684 
0.319458 -0.285065 0.526780 
0.339421 -0.384816 0.410285 
0.346833 -0.328150 0.438560 
0.336045 -0.526263 0.216394 
0.353826 -0.415461 0.334203 
0.328891 -0.446890 0.373375 
0.321840 -0.551215 0.223672 
0.329718 -0.518679 0.261415 
0.341625 -0.471855 0.298204 
0.341267 -0.541375 0.138835 
0.339041 -0.531763 0.185683 
0.319262 -0.570718 0.182865 
0.362664 0.287278 -0.426239 
0.365824 -0.500368 0.081402 
0.340146 -0.554839 0.083552 
0.334833 -0.570886 0.022168 
0.361673 -0.515931 0.016876 
0.314788 -0.600489 0.087325 
0.339941 -0.505083 -0.245290 
0.342800 -0.535244 -0.149978 
0.326109 -0.585731 -0.043633 
0.371441 -0.404230 -0.284200 
0.362108 -0.455724 -0.240403 
0.351285 -0.502294 -0.194258 
0.381466 -0.312379 -0.351955 
0.377702 -0.354996 -0.322367 
0.397262 0.337197 -0.270364 
0.364921 -0.294696 -0.414983 
0.355758 -0.341264 -0.404305 
0.360721 -0.244031 -0.457263 
0.373924 -0.256829 -0.415399 
0.342700 -0.293524 -0.472275 
0.365689 -0.167012 -0.478967 
0.345049 -0.215043 -0.507689 
0.304050 -0.062020 -0.620798 
0.287931 0.075946 -0.642757 
0.296563 0.003515 -0.635041 
0.257200 0.001374 -0.685877 
0.339997 0.138807 -0.543955 
0.311218 0.149269 -0.594166 
0.274964 0.155364 -0.645913 
0.329859 0.213402 -0.539931 
0.355417 0.191488 -0.493994 
0.256069 0.242316 -0.643046 
0.336146 0.326463 -0.465811 
0.346618 0.259223 -0.483012 
0.317153 0.290358 -0.528336 
0.344690 0.396930 -0.383713 
0.353325 0.345712 -0.407327 
0.325110 0.388719 -0.442688 
0.365248 0.415697 -0.292412 
0.366113 0.385404 -0.328324 
0.337660 0.441473 -0.354073 
0.368330 0.493876 -0.085774 
0.358178 0.482455 -0.204120 
0.363070 0.448142 -0.249902 
0.382002 0.464466 -0.067219 
0.345398 0.538142 -0.116703 
0.400485 0.422109 -0.042121 
0.354771 0.528796 -0.050364 
0.305335 0.617300 0.075593 
0.225816 0.082541 0.715137 
0.308812 0.575511 0.220962 
0.338599 -0.174570 0.536415 
0.270394 0.649699 0.163960 
0.304061 0.516466 0.349970 
0.350783 0.431940 -0.323409 
0.271136 0.591367 0.313118 
0.256189 0.421629 0.542461 
0.265350 0.514075 0.439345 
0.294288 0.199529 0.606342 
0.211643 0.384716 0.625021 
0.335200 0.394246 -0.412527 
0.234789 0.201804 0.681349 
0.202128 0.263241 0.694798 
0.284766 0.102459 0.643420 
0.311595 0.151973 0.592851 
0.261889 0.148078 0.664069 
0.305582 -0.022628 0.621118 
0.323801 0.037672 0.590242 
0.304783 0.065428 0.619316 
0.288077 -0.192611 0.617694 
0.310996 -0.113890 0.602312 
0.282928 -0.094986 0.647050 
0.293692 -0.282763 0.573231 
0.454445 -0.105740 -0.245350 
0.262155 -0.277952 0.620667 
0.282218 -0.434695 0.489867 
0.300946 -0.357444 0.517066 
0.270266 -0.365887 0.561544 
0.318380 -0.584798 0.137727 
0.298988 -0.481176 0.408977 
0.261735 -0.515078 0.444812 
0.305306 -0.555755 0.279226 
0.316604 -0.506285 0.328989 
0.283407 -0.548711 0.354652 
0.296062 -0.610296 0.178191 
0.263962 -0.640875 0.220992 
0.296408 -0.620697 0.135315 
0.278066 -0.658907 0.043790 
0.263514 -0.643125 -0.216045 
0.291679 -0.634962 0.094970 
0.317010 -0.592565 -0.112260 
0.294134 -0.637331 -0.039406 
0.469209 0.131692 -0.160756 
0.316689 -0.551278 -0.245925 
0.312728 -0.582605 -0.181367 
0.278903 -0.648328 -0.119647 
0.337145 -0.449115 -0.345951 
0.326457 -0.503599 -0.301069 
0.280627 -0.543111 -0.369745 
0.324389 -0.353419 -0.472944 
0.309211 -0.418741 -0.451567 
0.295704 -0.482076 -0.415297 
0.317564 -0.267587 -0.539455 
0.342437 -0.255632 -0.494402 
0.271679 -0.344554 -0.572832 
0.275702 -0.145686 -0.647201 
0.293724 -0.214660 -0.602007 
0.237071 -0.256732 -0.660021 
0.314268 -0.120730 -0.595547 
0.264596 -0.072286 -0.673276 
0.197727 0.194536 -0.721323 
0.204635 0.074840 -0.736842 
0.232245 0.155327 -0.696151 
0.187337 0.147246 -0.742099 
0.257948 0.406599 -0.551284 
0.279034 0.488159 -0.442854 
0.289550 0.433613 -0.477493 
0.241403 0.485191 -0.509488 
0.293530 0.538994 -0.343990 
0.304646 0.492015 -0.382122 
0.268643 0.533864 -0.408511 
0.316360 0.561731 -0.222503 
0.324570 0.523043 -0.273181 
0.280089 0.586784 -0.297142 
0.305842 0.617378 -0.068134 
0.351359 0.514536 -0.158497 
0.308245 0.594032 -0.168134 
0.245736 0.697464 -0.043640 
0.106308 -0.465792 0.678497 
0.170120 0.745325 0.199950 
0.220684 0.719342 0.090825 
0.110665 0.264126 0.775949 
0.227131 0.668012 0.264700 
0.256266 -0.177343 0.663673 
0.116438 0.746444 0.327761 
0.226432 0.589942 0.411460 
0.177405 0.667620 0.374258 
0.220313 0.494514 0.530747 
0.166505 0.396648 0.665536 
0.175854 0.570969 0.511717 
0.170112 0.458269 0.620877 
0.222941 0.022207 0.722450 
0.162758 0.331755 0.703660 
0.193216 0.134624 0.739080 
0.221489 -0.038075 0.723247 
0.254724 0.038852 0.687636 
0.148912 0.053592 0.787629 
0.221813 -0.156091 0.706896 
0.253082 -0.070335 0.687017 
0.185125 -0.126998 0.747840 
0.193041 -0.366554 0.655928 
0.226243 -0.268265 0.667564 
0.187260 -0.251713 0.713539 
0.202555 -0.466202 0.578014 
0.155820 -0.470613 0.626733 
0.269960 -0.605035 0.289216 
0.217035 -0.544626 0.484089 
0.166627 -0.566262 0.528635 
0.215617 -0.668998 0.292291 
0.239023 -0.594766 0.380592 
0.259653 -0.435740 -0.525968 
0.267003 -0.654726 0.161010 
0.211332 -0.707536 0.196194 
0.251801 -0.688206 0.072936 
0.275831 -0.652792 0.117206 
0.229386 -0.705814 0.121708 
0.231552 -0.705100 -0.112322 
0.180287 -0.758177 -0.084184 
0.257731 -0.684797 -0.025219 
0.256676 -0.676181 0.118494 
0.197895 -0.713132 -0.222174 
0.131365 -0.780660 -0.190505 
0.224697 -0.566005 -0.446663 
0.194865 -0.637493 -0.394590 
0.245548 -0.501801 -0.486667 
0.158690 -0.527800 -0.576154 
0.167019 -0.566623 -0.527758 
0.204700 -0.453877 -0.585185 
0.146716 0.075363 -0.787646 
0.195633 -0.507467 -0.550925 
0.157742 -0.300671 -0.722053 
0.191007 -0.388105 -0.645573 
0.209650 0.005305 -0.735835 
0.145875 0.124606 -0.782064 
0.170932 0.074587 -0.767365 
0.158879 0.027101 -0.780734 
0.157514 0.232990 -0.746845 
0.106865 0.205742 -0.796425 
0.175303 0.343618 -0.685946 
0.116868 0.334087 -0.743270 
0.262718 0.487004 -0.473711 
0.278946 0.317774 -0.577572 
0.159248 0.563582 -0.540529 
0.199122 0.440585 -0.601750 
0.132217 0.454748 -0.661697 
0.216305 0.605406 -0.406806 
0.240190 0.560835 -0.426958 
0.202531 0.695508 -0.260284 
0.230395 0.636927 -0.325300 
0.179968 0.670772 -0.363887 
0.242751 0.694595 -0.102335 
0.250116 0.672490 -0.171278 
0.170403 0.752266 -0.170906 
0.189981 -0.310920 0.687110 
0.155744 0.780378 -0.073340 
0.048854 0.844946 0.186524 
0.111566 0.812204 0.105138 
0.185958 -0.190495 0.733468 
0.049697 0.811132 0.299572 
0.149307 -0.355757 0.704384 
0.062217 0.724580 0.455114 
0.063296 0.615797 0.592960 
0.122721 0.648827 0.485495 
0.061519 0.486707 0.704363 
0.120529 0.535934 0.610102 
0.058938 0.340677 0.787496 
0.115956 0.406552 0.707055 
0.056245 0.182720 0.840336 
0.155197 0.195292 0.759567 
0.054016 0.018616 0.861377 
0.105724 0.113394 0.815593 
0.052819 -0.145614 0.850058 
0.102259 -0.040272 0.825083 
0.052931 -0.303969 0.807011 
0.101175 -0.191582 0.804384 
0.054340 -0.450588 0.734088 
0.102549 -0.335176 0.754770 
0.125166 -0.637106 -0.497679 
0.057114 -0.579908 0.634178 
0.061744 -0.686823 0.510888 
0.069442 -0.766928 0.367434 
0.123692 -0.667463 0.458200 
0.230747 0.337200 -0.630294 
0.079372 -0.818675 0.201596 
0.069561 -0.850010 0.022866 
0.182211 -0.759183 0.054508 
0.066906 -0.839864 -0.144774 
0.127582 -0.805688 -0.037344 
0.070353 -0.792541 -0.306491 
0.067223 -0.849766 -0.061935 
0.068811 -0.714382 -0.462198 
0.141505 -0.716522 -0.345493 
0.113546 -0.543243 -0.610843 
0.061579 -0.614483 -0.596109 
0.060902 -0.495492 -0.698759 
0.157702 -0.487411 -0.611757 
0.073785 -0.355973 -0.768820 
0.105739 -0.175825 -0.804436 
0.214676 -0.165219 -0.712068 
0.065188 0.004082 -0.853490 
0.138024 -0.052141 -0.796562 
0.206704 0.727157 -0.129915 
0.208555 -0.074063 -0.733172 
0.058412 0.307084 -0.801600 
0.145600 -0.088658 0.787175 
0.064927 0.447949 -0.726723 
0.187183 0.603189 -0.456907 
0.074243 0.574807 -0.621957 
0.143268 0.510114 -0.608514 
0.072883 0.691255 -0.491005 
0.188341 0.688160 -0.312191 
0.068940 0.774661 -0.351722 
0.130266 0.686600 -0.419167 
0.080522 0.818464 -0.198893 
0.435402 -0.169828 0.282755 
0.444723 0.169089 0.248525 
0.458185 -0.207574 0.145152 
0.439040 -0.318153 0.018718 
0.396520 -0.432564 -0.035671 
0.422853 -0.360004 -0.065718 
0.479077 0.149121 -0.052124 
0.422662 -0.284008 -0.231619 
0.423417 0.321216 0.172064 
0.473817 -0.061471 -0.175526 
0.417048 -0.131430 -0.358324 
0.462658 -0.016903 -0.235161 
0.416391 0.030028 -0.382237 
0.394082 0.046712 -0.437543 
0.437436 -0.047899 -0.320087 
0.403936 0.135243 -0.392937 
0.482538 0.087667 -0.105641 
0.445014 0.086611 -0.286850 
0.451011 0.181787 -0.212138 
0.355467 0.434607 0.302821 
0.454782 0.216521 -0.154418 
0.430265 0.324588 0.116972 
0.447004 0.267822 0.118950 
0.434664 0.326746 0.059134 
0.458971 0.158837 0.193433 
0.362337 0.350803 0.376685 
0.345707 0.144773 0.530631 
0.424998 0.083412 0.350208 
0.378426 0.257693 0.402365 
0.429897 0.132976 0.319521 
0.399768 0.236497 0.354312 
0.426726 -0.098481 0.341223 
0.393769 -0.345363 0.273909 
0.384236 -0.277145 -0.372076 
0.392965 -0.403111 -0.183147 
0.401019 -0.064455 -0.417931 
0.109321 -0.524730 0.631034 
0.384173 -0.052027 -0.461174 
0.360434 -0.034873 -0.517761 
0.320836 0.073263 -0.592087 
0.396232 0.271414 -0.339613 
0.402790 -0.162477 -0.385609 
0.410755 0.380251 0.118102 
0.360231 0.456020 0.248602 
0.359486 -0.514847 -0.079902 
0.428241 0.340766 -0.083499 
0.353151 -0.532564 -0.046915 
0.141895 -0.784895 0.127314 
0.372659 0.067346 0.486684 
0.390281 0.445091 0.061481 
0.398918 0.363089 0.226798 
0.385720 0.423634 0.180218 
0.405513 0.310277 0.270415 
0.351310 0.294959 0.450530 
0.402924 -0.110085 0.403350 
0.370874 0.300629 0.393810 
0.340933 0.225372 0.512157 
0.384277 0.184506 0.425577 
0.370845 0.199044 0.453776 
0.408026 0.109761 0.390032 
0.378896 0.151192 0.452088 
0.403246 -0.052177 0.414022 
0.413447 0.033182 0.389761 
0.379526 -0.260151 0.397670 
0.397651 -0.165252 0.398320 
0.393390 -0.275620 -0.345186 
0.345380 -0.483481 0.263635 
0.361273 -0.465809 0.224509 
0.406530 -0.407284 0.037393 
0.418501 0.377338 -0.018353 
0.399056 -0.406747 -0.132417 
0.367646 -0.121857 -0.487835 
0.406685 -0.217500 -0.345904 
0.339158 -0.067279 -0.558988 
0.360487 0.030316 -0.517931 
0.108160 0.189334 0.799470 
0.379847 0.029860 -0.473503 
0.382076 0.311475 -0.350809 
0.247883 0.075854 -0.692309 
0.400413 0.195836 -0.376498 
0.384105 0.176735 -0.429310 
0.074258 -0.839652 0.110452 
0.416979 0.299509 -0.236865 
0.397085 0.289917 -0.321128 
0.365849 0.489628 -0.131158 
0.418056 0.328245 -0.189414 
0.324798 -0.587043 0.055751 
0.348515 -0.171463 -0.516582 
0.337767 0.561414 0.069623 
0.356282 -0.232862 0.473827 
0.350103 0.409491 0.353568 
0.332405 0.475706 0.324549 
0.311500 0.334942 0.512416 
0.369244 0.350999 -0.354944 
0.378396 -0.312375 0.361654 
0.278560 0.304903 0.585034 
0.300049 0.246302 0.579779 
0.362608 0.090917 0.506033 
0.340853 0.111908 0.548407 
0.359546 0.040870 0.519275 
0.358829 -0.193136 0.485434 
0.358429 -0.103712 0.512936 
0.340935 -0.312601 0.464083 
0.339055 -0.255274 0.502050 
0.355049 -0.342446 0.405292 
0.364368 -0.490046 0.142036 
0.347161 -0.400849 0.372299 
0.333859 -0.523094 0.234257 
0.358875 -0.430915 0.295221 
0.351110 -0.512872 0.165504 
0.329317 -0.545176 0.202481 
0.320852 0.183289 -0.567721 
0.353523 -0.522022 0.111710 
0.370718 -0.495401 -0.019941 
0.351346 -0.535983 0.051179 
0.329843 -0.564258 -0.136796 
0.335789 -0.564337 -0.076533 
0.383306 -0.402967 -0.234400 
0.359145 -0.401295 -0.333456 
0.377567 -0.269775 -0.396824 
0.371977 -0.306850 -0.385736 
0.374361 -0.232563 -0.428296 
0.384116 0.097691 0.453842 
0.362741 -0.207320 -0.470162 
0.378444 0.236902 -0.414898 
0.309169 0.039188 -0.614657 
0.355352 0.098511 -0.520712 
0.300129 0.113459 -0.619504 
0.322289 -0.082349 -0.588352 
0.347843 0.167532 -0.519322 
0.354817 0.274819 -0.454457 
0.338275 0.238851 -0.511736 
0.361447 0.350053 -0.380063 
0.345105 0.337448 -0.435887 
0.380360 0.365731 -0.300303 
0.354945 0.394154 -0.355544 
0.297995 0.577702 -0.258651 
0.381889 0.391123 -0.259856 
0.359324 0.512083 -0.097941 
0.377379 0.478093 -0.045816 
0.266368 0.669908 0.082790 
0.316104 -0.204674 0.568925 
0.307231 0.547835 0.288081 
0.316882 0.194542 0.571095 
0.289834 0.399281 0.506049 
0.329951 -0.042684 0.578833 
0.267181 0.201463 0.643204 
0.307566 0.108326 0.608876 
0.289219 0.150899 0.627567 
0.326577 -0.001879 0.586514 
0.323592 0.074729 0.587073 
0.314083 -0.160267 0.586461 
0.308380 -0.068403 0.613352 
0.291193 -0.239625 0.596366 
0.306505 -0.387410 0.484183 
0.297179 -0.322982 0.545742 
0.326851 0.310952 -0.496724 
0.290314 -0.461028 0.449561 
0.324079 -0.513481 0.292510 
0.308190 -0.496305 0.367331 
0.307968 -0.597040 0.158828 
0.288084 -0.636518 0.116092 
0.264195 -0.604231 -0.306730 
0.298387 -0.629138 0.064015 
0.311716 -0.495700 -0.358625 
0.305253 -0.617028 -0.078785 
0.331862 -0.543635 -0.193014 
0.294652 -0.618032 -0.157589 
0.398037 0.415302 -0.112554 
0.299009 -0.552080 -0.306530 
0.335187 -0.377702 -0.427760 
0.323652 -0.437023 -0.398905 
0.316217 -0.315814 -0.515365 
0.304566 -0.163970 -0.601135 
0.282568 -0.272016 -0.595256 
0.291033 -0.100618 -0.635009 
0.230888 0.039173 -0.713605 
0.219060 0.113284 -0.717784 
0.219205 0.292234 -0.665159 
0.290881 0.345891 -0.542211 
0.303111 0.439226 -0.445091 
0.274450 0.423763 -0.512476 
0.317766 0.489640 -0.349940 
0.292592 0.490165 -0.412656 
0.341750 0.504707 -0.237841 
0.308662 0.533975 -0.308546 
0.326172 0.579432 -0.095455 
0.334885 0.539152 -0.188693 
0.283403 0.652379 -0.035636 
0.280797 0.004064 0.656789 
0.168856 0.766357 0.099299 
0.175087 0.709391 0.292656 
0.266155 -0.324313 0.592286 
0.227761 0.631272 0.341872 
0.223901 0.543948 0.474501 
0.315076 0.442772 -0.414230 
0.118440 0.473017 0.662072 
0.230122 0.142170 0.701204 
0.253531 -0.016217 0.689906 
0.189820 0.068793 0.751184 
0.254591 -0.124695 0.677505 
0.221421 -0.097878 0.717673 
0.229978 -0.320939 0.639617 
0.224002 -0.213560 0.689402 
0.197553 -0.418893 0.618806 
0.134322 -0.678447 -0.426223 
0.209201 -0.508603 0.532389 
0.253709 -0.605723 0.330230 
0.227085 -0.573979 0.432344 
0.208258 0.244013 -0.695633 
0.244021 -0.678388 0.175448 
0.274846 -0.659353 0.082426 
0.223623 -0.720067 -0.054213 
0.108132 0.078085 -0.817886 
0.244832 -0.679366 -0.167958 
0.186948 -0.741357 -0.152675 
0.243102 -0.589596 -0.380492 
0.123795 0.395981 -0.706061 
0.279222 -0.460882 -0.470834 
0.227438 -0.475763 -0.538056 
0.056044 0.158158 -0.845450 
0.236296 -0.035221 -0.708140 
0.177823 0.105235 -0.757729 
0.186660 0.045298 -0.755817 
0.146996 -0.017920 0.790812 
0.165844 0.289179 -0.719386 
0.237284 0.537079 -0.461266 
0.207713 0.548573 -0.493236 
0.492041 -0.063585 0.027001 
0.244916 0.571201 -0.404166 
0.245741 0.639753 -0.281188 
0.220692 0.624849 -0.367769 
0.278028 0.645477 -0.139640 
0.223663 0.690521 -0.211088 
0.197616 0.199269 0.720136 
0.203644 0.739520 -0.055082 
0.206996 0.324850 0.663096 
0.055510 0.855221 0.095185 
0.145880 -0.226752 0.758768 
0.033513 0.840018 0.249379 
0.058520 0.770843 0.377532 
0.122153 0.594432 0.551407 
0.063401 0.672816 0.527253 
0.187358 0.002864 0.756542 
0.062585 0.553606 0.652080 
0.113379 0.336567 0.745101 
0.060290 0.415487 0.749603 
0.057586 0.262810 0.817813 
0.103856 0.036472 0.824049 
0.055058 0.101032 0.854878 
0.145532 -0.158695 0.776150 
0.053292 -0.063885 0.859729 
0.101756 -0.264816 0.782869 
0.101563 -0.116684 0.818314 
0.104315 -0.402583 0.719542 
0.053511 -0.379126 0.774085 
0.143469 -0.728107 0.316398 
0.055575 -0.517767 0.687241 
0.059175 -0.636486 0.575153 
0.131971 -0.701765 0.390483 
0.065134 -0.730467 0.441527 
0.074794 -0.796080 0.287762 
0.221839 -0.721083 0.063773 
0.131867 -0.802072 0.042013 
0.481559 -0.096111 -0.106328 
0.178784 -0.764003 -0.015455 
0.068395 -0.820548 -0.226243 
0.114659 -0.491212 -0.652346 
0.215694 -0.666206 -0.298417 
0.071511 -0.756291 -0.385545 
0.117940 -0.591628 -0.559187 
0.064978 -0.666947 -0.532826 
0.186312 -0.483563 -0.583052 
0.059940 -0.557215 -0.651521 
0.137921 -0.371058 -0.706878 
0.065569 -0.428613 -0.737753 
0.242564 -0.114825 -0.692846 
0.086305 -0.274628 -0.791732 
0.118584 0.014170 -0.813451 
0.078948 -0.078488 -0.839783 
0.105138 0.141743 -0.811599 
0.168787 -0.117363 -0.763858 
0.056419 0.233314 -0.827587 
0.243497 0.376447 -0.591678 
0.061303 0.379009 -0.767874 
0.069280 0.513305 -0.678164 
0.220755 0.577316 -0.438526 
0.139097 0.638019 -0.478317 
0.136107 0.742990 -0.296049 
0.130025 0.720337 -0.358526 
0.069161 0.738237 -0.422542 
0.072631 0.801311 -0.277729 
0.094853 0.824756 -0.106773 
0.444783 0.298926 -0.029683 
0.463774 -0.117872 0.198913 
0.487098 0.076510 0.074466 
0.470906 0.149684 0.132664 
0.479317 0.141262 0.067581 
0.450458 0.214864 0.181552 
0.473582 -0.047525 0.181012 
0.478246 0.021532 0.161220 
0.460183 -0.238368 0.059159 
0.467523 -0.212758 -0.033055 
0.485200 -0.058977 0.104445 
0.489958 0.009679 0.085009 
0.480799 -0.141036 0.044591 
0.417640 -0.162536 0.343584 
0.403957 -0.279524 0.307428 
0.416434 -0.323263 0.205961 
0.436596 -0.217277 -0.243329 
0.439779 -0.164001 -0.270575 
0.404500 -0.012223 -0.413958 
0.372539 -0.459905 0.173654 
0.388296 -0.196618 -0.409370 
0.376916 -0.200010 -0.437855 
0.362351 0.126335 -0.498960 
0.286423 0.194738 -0.619394 
0.376849 0.469416 -0.107344 
0.295104 0.441809 0.459102 
0.261094 0.469255 0.493961 
0.408712 0.287370 -0.283145 
0.306842 -0.618901 0.028801 
0.184386 -0.636592 0.413695 
0.347707 0.086386 0.539076 
0.338217 0.081725 0.558901 
0.349642 -0.018638 0.541648 
0.333424 0.315014 0.479799 
0.379878 -0.078570 0.467817 
0.363487 -0.356688 0.367564 
0.345637 0.544210 -0.080747 
0.257375 -0.196375 -0.656953 
0.423761 0.361540 -0.037191 
0.316203 0.603716 -0.029918 
0.322009 -0.318853 0.501847 
0.304573 0.021366 0.622719 
0.285713 -0.144705 0.633944 
0.313408 -0.411720 0.448839 
0.314299 -0.554415 0.248628 
0.298218 -0.590407 0.227256 
0.329936 -0.557488 0.161582 
0.303081 0.365744 -0.507261 
0.297092 0.231342 -0.590588 
0.346975 -0.392806 -0.381321 
0.331926 0.481883 -0.316930 
0.331735 0.574255 -0.057413 
0.265081 0.633053 -0.238705 
0.257877 0.093300 0.678709 
0.234362 -0.370039 0.607183 
0.275802 -0.403295 0.526571 
0.245429 -0.454003 0.531707 
0.295024 -0.554672 0.313778 
0.282047 -0.624743 0.197289 
0.280762 0.537614 -0.377386 
0.253534 0.581314 -0.371889 
0.328425 0.566155 -0.139907 
0.303888 0.613500 -0.114735 
0.241763 -0.657050 0.250450 
0.058382 0.082083 -0.854496 
0.123107 -0.434391 -0.683738 
0.233682 -0.406956 -0.583953 
0.052747 -0.225923 0.832377 
0.117695 -0.626177 0.520505 

1017 1 96 1008
1010 1008 96 95
304 114 251 111
1013 1017 1008 297
316 744 253 112
1016 1012 1007 254
1012 112 253 1007
253 713 273 1007
1014 100 255 716
1015 281 131 336
781 375 717 256
276 258 103 259
261 1023 257 276
136 258 276 257
724 291 730 301
727 105 260 264
261 276 259 104
260 725 262 107
334 728 262 106
792 298 108 335
362 336 131 121
722 362 522 724
323 719 2 1
2 719 267 3
94 265 1010 95
303 735 268 265
97 312 114 304
270 99 252 98
737 714 270 98
271 714 251 114
270 714 271 742
115 275 713 1019
1014 715 274 100
273 116 274 715
1023 261 282 522
314 100 274 1021
1014 716 281 1015
283 785 315 102
277 1021 274 116
362 722 977 336
134 314 133 372
256 716 255 781
378 135 322 717
379 757 380 101
977 280 1015 336
362 121 720 1022
718 281 716 256
718 256 717 322
729 266 719 323
295 323 1 941
382 720 121 117
278 127 307 126
376 138 328 784
327 723 259 103
294 1024 748 750
259 723 288 104
727 104 288 105
287 105 288 285
289 723 327 754
288 723 289 285
260 105 287 725
120 726 395 293
301 319 722 724
725 290 106 262
290 725 287 1024
293 395 292 394
120 106 290 726
282 291 724 522
1019 713 253 744
789 392 787 396
1023 522 362 1022
260 107 263 264
264 263 730 291
298 317 753 140
263 108 299 730
763 305 721 300
729 323 295 279
1009 737 98 297
109 751 331 296
804 419 803 732
291 282 727 264
109 787 392 751
732 144 349 756
299 140 405 122
733 338 798 337
301 730 299 122
541 731 338 733
337 330 266 733
340 123 267 719
341 758 340 330
735 303 736 734
267 123 1006 110
4 110 342 5
267 110 4 3
303 265 94 93
302 735 734 721
302 1011 268 735
92 736 303 93
734 736 347 755
111 251 1011 302
1011 251 714 737
238 612 975 125
354 768 278 738
272 1020 275 115
335 108 263 107
97 307 127 269
269 127 308 113
306 312 743 311
309 743 269 113
97 269 743 312
308 741 309 113
128 313 741 353
312 306 271 114
311 743 309 355
310 771 313 128
355 309 741 313
270 742 740 99
130 286 306 311
785 383 158 315
833 464 832 746
320 745 321 132
277 745 320 1021
318 745 277 1020
321 745 318 152
283 103 258 785
373 133 320 132
382 830 458 369
718 324 131 281
783 324 718 322
747 830 382 117
305 111 302 721
315 158 386 137
283 102 327 103
772 359 775 740
160 469 784 329
387 160 329 119
767 744 316 774
750 328 751 392
748 285 289 119
748 119 329 750
334 106 120 139
340 719 266 330
1024 287 285 748
331 751 328 138
666 962 669 788
1028 163 394 292
750 329 784 328
851 490 168 1030
726 290 1024 294
838 472 840 752
1031 172 419 333
289 754 387 119
107 262 728 335
753 790 402 796
400 792 335 728
399 317 298 792
977 279 295 280
764 349 763 300
300 721 734 755
339 731 301 122
338 731 339 795
337 798 409 141
122 405 1033 339
156 460 455 459
341 330 337 141
901 573 223 576
1044 782 124 1006
343 1044 1006 123
457 829 759 410
343 123 340 758
124 782 7 6
342 124 6 5
810 426 812 761
495 326 782 1044
468 188 464 344
347 736 92 91
346 762 413 143
347 762 346 755
90 762 347 91
348 765 305 763
348 763 349 144
346 764 300 755
350 764 346 143
349 764 350 756
304 765 307 97
278 126 351 738
1039 146 352 766
351 126 348 144
126 307 765 348
353 741 308 768
352 128 353 766
722 319 279 977
768 308 127 278
354 738 418 145
353 768 354 766
771 357 773 770
424 769 356 856
129 310 769 424
352 769 310 128
356 769 352 146
770 130 311 355
129 357 771 310
739 147 357 129
313 771 770 355
360 772 286 130
359 772 360 835
772 740 742 286
770 773 360 130
361 773 357 147
360 773 361 835
774 1040 149 767
775 363 774 316
775 316 99 740
363 775 359 148
365 776 272 115
364 776 365 416
777 1019 744 767
366 777 767 149
365 777 366 416
364 150 367 151
368 776 364 151
720 381 118 1022
371 780 373 132
746 158 383 778
370 780 371 779
372 133 373 1025
374 780 370 153
373 780 374 1025
377 781 255 134
375 781 377 155
377 134 372 154
826 378 717 375
747 117 324 783
185 325 135 379
783 322 135 325
237 611 236 760
720 382 369 381
783 325 156 747
315 137 284 102
136 383 785 258
157 381 369 462
136 384 778 383
385 233 603 749
749 603 232 577
754 284 1026 387
160 387 1026 1027
1026 284 137 388
137 386 159 388
754 327 102 284
469 800 376 784
390 786 331 138
389 786 390 841
331 786 389 296
376 190 390 138
390 190 557 841
391 787 109 332
294 750 392 789
393 296 389 161
109 296 393 332
752 162 391 332
294 789 395 726
396 787 391 839
395 789 396 292
397 793 334 139
683 976 760 794
400 728 334 793
139 120 293 394
890 791 889 560
397 163 479 164
399 792 400 837
806 166 402 790
401 793 397 164
400 793 401 837
753 317 403 790
403 317 399 165
339 1033 463 795
795 463 850 404
141 409 198 408
753 796 405 140
406 796 402 166
405 796 406 1033
408 881 341 141
797 574 1067 494
341 881 407 758
798 338 795 404
409 798 404 167
797 1030 881 408
1034 184 452 799
169 407 168 493
169 495 1044 343
169 343 758 407
826 759 757 378
774 363 345 1040
8 326 411 9
782 326 8 7
412 190 376 800
557 190 412 886
411 142 10 9
413 762 90 89
417 143 413 801
88 801 413 89
111 305 765 304
813 432 816 802
350 171 415 756
417 171 350 143
417 801 497 170
802 150 364 416
732 803 351 144
418 803 419 172
351 803 418 738
415 804 732 756
855 502 804 415
419 804 502 333
1039 766 354 145
1039 145 421 805
418 172 421 145
845 484 848 806
422 809 356 146
439 151 367 815
856 356 809 507
422 805 420 808
423 808 420 173
425 809 422 808
175 739 129 424
100 314 134 255
1041 152 318 807
425 808 423 174
859 425 174 510
427 810 361 147
426 810 427 1036
361 810 761 835
1037 1036 427 811
428 811 739 175
430 345 363 148
177 858 865 519
761 812 430 148
431 812 426 176
430 812 431 1038
433 813 366 149
432 813 433 500
366 813 802 416
1040 814 433 149
434 814 429 177
433 814 434 500
436 815 367 150
435 815 436 1046
802 816 436 150
437 816 432 178
437 1046 436 816
439 817 368 151
438 817 439 414
368 817 1041 807
439 815 435 414
435 867 1049 414
441 821 321 152
820 443 823 440
821 371 132 321
1041 819 441 152
442 819 438 179
441 819 442 180
444 820 370 779
443 820 444 1050
822 446 825 818
445 821 441 180
445 779 371 821
447 822 374 153
446 822 447 1052
374 822 818 1025
440 823 447 153
448 823 443 181
447 823 448 1052
450 155 377 154
843 481 846 449
1054 194 478 824
818 825 450 154
451 825 446 182
451 827 450 825
826 375 155 453
453 410 759 826
378 757 379 135
450 827 453 155
451 799 452 827
827 452 410 453
879 460 185 456
460 156 325 185
380 828 456 101
759 829 380 757
457 410 452 184
829 457 878 539
459 830 747 156
458 830 459 186
118 381 157 384
879 456 828 543
546 186 459 455
185 379 101 456
461 157 462 187
384 157 461 778
462 369 458 831
847 487 850 463
1055 187 462 831
746 832 386 158
467 159 386 832
461 833 746 778
465 833 461 187
464 833 465 344
467 834 388 159
466 188 468 552
388 834 1027 1026
467 832 464 188
761 148 359 835
466 834 467 188
1027 836 469 160
470 552 551 189
469 836 470 800
471 888 558 191
557 888 471 841
449 165 399 837
473 838 393 161
472 838 473 398
393 838 752 332
471 191 473 161
890 561 192 791
473 191 474 398
839 391 162 475
475 162 476 824
396 839 1028 292
752 840 476 162
477 840 472 192
476 840 477 1029
791 192 472 398
479 844 482 164
471 161 389 841
1028 842 479 163
475 824 478 842
842 478 844 479
482 843 401 164
481 843 482 869
401 843 449 837
483 844 478 194
482 844 483 869
485 845 403 165
484 845 485 509
403 845 806 790
449 846 485 165
486 846 481 195
485 846 486 509
488 847 406 166
487 847 488 503
406 847 463 1033
806 848 488 166
489 848 484 196
488 848 489 503
491 198 409 167
851 494 899 1042
408 198 574 797
167 492 897 491
492 850 487 197
900 574 198 491
493 168 490 199
1058 222 570 849
490 851 1042 199
142 1045 11 10
493 852 495 169
496 852 493 199
852 411 326 495
497 801 88 87
501 170 497 853
86 853 497 87
910 592 912 498
864 518 866 854
499 170 501 201
499 171 417 170
501 853 579 200
854 178 432 500
856 513 175 424
502 855 504 202
855 415 171 499
504 855 499 201
1056 197 487 503
1031 857 421 172
505 1032 586 203
420 805 421 857
506 1032 1031 333
506 333 502 202
508 949 423 173
510 910 514 859
423 949 511 174
505 203 508 173
908 196 484 509
507 809 425 859
507 861 513 856
862 515 865 858
513 860 428 175
512 861 514 1059
428 863 1037 811
859 514 861 507
947 592 910 510
512 860 513 861
516 862 431 176
515 862 516 1047
431 862 858 1038
1037 863 516 176
1059 594 204 512
516 863 517 1047
519 864 434 177
518 864 519 1048
434 864 854 500
177 429 1038 858
520 865 515 205
519 865 520 1048
178 521 868 437
941 1018 280 295
854 866 521 178
523 866 518 206
521 866 523 905
435 1046 525 867
524 867 525 1061
179 438 414 1049
905 1060 207 526
525 868 526 1061
528 872 442 179
873 535 183 527
442 872 531 180
1049 870 528 179
529 870 524 208
528 870 529 209
531 871 445 180
530 871 531 1063
871 444 779 445
1053 195 481 869
532 872 528 209
531 872 532 1063
533 873 448 181
211 535 873 533
448 873 527 1052
1064 533 181 1051
210 1051 1050 530
1064 1051 210 534
929 547 882 875
875 214 537 981
182 454 799 451
183 454 182 527
538 876 454 183
238 617 212 536
454 876 1034 799
215 547 929 621
538 874 613 924
880 544 927 537
540 878 457 184
544 880 539 878
829 539 828 380
301 731 541 319
184 1034 212 540
542 879 543 214
460 879 542 455
539 880 543 828
544 878 540 213
543 880 537 214
1030 168 407 881
545 186 546 877
458 186 545 831
542 882 546 455
875 882 542 214
546 882 547 877
1055 883 465 187
548 883 549 216
465 883 548 344
545 884 1055 831
877 547 215 550
549 884 550 931
368 807 272 776
553 887 551 885
468 885 551 552
548 885 468 344
553 885 548 216
470 836 466 552
412 800 470 189
554 886 555 1043
412 189 555 886
551 887 555 189
553 217 556 887
555 887 556 1043
558 934 474 191
557 886 554 888
558 888 554 989
560 936 633 935
559 561 890 562
474 889 791 398
562 890 560 935
477 193 480 1029
561 193 477 192
562 935 632 218
559 922 193 561
922 891 480 193
1054 1029 480 247
483 892 1053 869
565 893 486 195
564 893 565 639
486 893 908 509
1053 894 565 195
566 894 563 219
565 894 566 639
568 895 489 196
567 895 568 1065
489 895 1056 503
908 896 568 196
569 896 564 220
568 896 569 1065
571 897 492 197
570 897 571 849
298 140 299 108
1056 898 571 197
572 898 567 221
571 898 572 849
494 1067 1068 899
899 1068 223 573
1042 899 573 1057
900 491 897 570
575 900 570 222
574 900 575 1067
1057 1045 142 496
12 901 576 13
1045 901 12 11
901 1045 1057 573
266 729 541 733
967 674 970 577
579 853 86 85
578 903 655 224
579 903 578 200
84 903 579 85
958 664 960 580
512 204 517 860
905 526 868 521
585 906 581 904
581 200 578 904
581 201 501 200
583 904 578 224
913 596 916 582
584 906 585 226
504 906 584 202
581 906 504 201
585 904 583 225
586 907 588 227
506 907 586 1032
584 907 506 202
588 907 584 226
742 271 306 286
893 564 896 908
508 203 589 587
589 227 663 909
703 230 956 937
665 909 662 959
591 949 508 587
592 947 667 229
514 910 498 1059
510 174 511 947
902 1047 517 204
593 911 594 590
902 204 594 911
498 590 594 1059
595 912 592 229
912 956 590 498
597 913 520 205
596 914 598 656
520 913 582 1048
597 911 593 914
598 914 593 230
596 913 597 914
600 915 523 206
599 915 600 652
523 915 1060 905
582 916 600 206
601 656 951 231
600 916 601 652
526 207 1062 1061
1060 917 602 207
603 917 599 232
602 917 603 233
605 921 529 208
920 607 1069 604
529 921 608 209
1062 919 605 208
605 919 606 234
608 920 532 209
607 920 608 358
532 920 604 1063
676 241 622 918
1035 921 605 234
608 921 1035 358
210 604 1069 534
534 923 610 1064
535 211 613 874
932 626 1072 609
611 1069 607 236
611 923 534 1069
538 183 535 874
612 924 613 618
536 876 538 924
938 637 891 922
611 237 614 923
618 610 923 614
617 213 540 212
928 615 925 616
617 925 615 213
238 536 924 612
991 698 1070 926
121 131 324 117
927 615 928 619
619 981 537 927
927 544 213 615
928 616 239 620
619 928 620 240
622 929 875 981
621 929 622 241
877 550 884 545
976 686 978 684
622 981 690 918
643 930 704 998
623 215 621 242
550 215 623 931
628 242 625 624
625 242 621 241
609 216 549 931
609 1072 553 216
623 932 609 931
628 932 623 242
694 980 1071 243
629 244 556 217
556 244 697 1043
626 243 630 1072
699 245 701 994
987 629 217 630
560 889 631 936
632 935 633 627
631 889 474 934
634 936 631 245
633 936 634 627
595 961 671 937
246 636 995 702
562 218 635 559
993 636 218 632
642 219 563 996
246 635 218 636
247 480 891 681
635 938 922 559
638 938 635 246
637 938 638 930
640 892 483 194
996 563 892 640
705 999 939 940
640 194 1054 247
939 220 564 639
641 940 566 219
641 219 642 707
566 940 939 639
642 996 681 235
681 891 637 235
642 235 643 707
645 942 569 220
644 942 645 999
569 942 1066 1065
939 999 645 220
705 940 641 1000
647 943 572 221
646 943 647 709
572 943 1058 849
1066 944 647 221
648 944 644 249
647 944 648 709
650 945 575 222
649 945 650 700
575 945 1068 1067
1058 946 650 222
651 946 646 250
650 946 651 700
229 667 788 669
228 591 958 580
576 948 14 13
223 649 948 576
653 948 649 700
14 948 653 15
655 903 84 83
654 950 80 79
224 655 950 654
82 950 655 83
80 950 82 81
658 232 599 652
953 583 224 657
601 916 596 656
583 953 659 225
654 952 657 224
78 952 654 79
657 952 78 77
661 226 585 225
675 231 951 965
661 225 659 955
966 671 964 670
76 953 657 77
659 953 76 75
661 954 588 226
660 955 74 73
663 227 588 954
972 1035 234 680
74 955 659 75
660 954 661 955
505 173 420 857
662 957 72 71
956 230 593 590
663 954 660 957
72 957 660 73
662 909 663 957
665 958 591 587
664 959 70 69
228 511 949 591
665 587 589 909
70 959 662 71
664 958 665 959
667 228 580 788
666 960 68 67
947 511 228 667
68 960 664 69
788 580 960 666
669 961 595 229
668 962 66 65
912 595 937 956
66 962 666 67
668 961 669 962
703 963 598 230
670 964 64 63
598 963 951 656
671 961 668 964
64 964 668 65
606 919 602 233
658 652 601 231
672 1073 62 61
965 951 963 673
673 963 703 966
62 1073 670 63
672 965 673 1073
967 658 231 675
674 968 60 59
577 232 658 967
675 965 672 968
60 968 672 61
674 967 675 968
984 692 983 676
749 677 971 385
577 970 677 749
58 970 674 59
677 970 58 57
678 971 56 55
972 679 974 969
56 971 677 57
678 1074 385 971
680 234 606 1074
679 973 54 53
969 358 1035 972
680 1074 678 973
54 973 678 55
679 972 680 973
760 236 682 794
711 249 705 1000
760 976 684 237
969 974 682 236
52 974 679 53
682 974 52 51
684 975 614 237
683 794 50 49
614 975 612 618
701 245 631 934
50 794 682 51
978 125 975 684
978 616 925 125
685 688 48 47
239 686 688 685
925 617 238 125
48 688 683 49
978 686 239 616
979 685 47 46
687 979 46 45
620 979 687 240
691 986 693 980
979 620 239 685
976 683 688 686
619 240 690 981
689 982 44 43
918 690 982 689
687 982 690 240
44 982 687 45
676 983 625 241
986 691 983 692
625 983 691 624
689 984 676 918
42 984 689 43
692 984 42 41
694 985 628 624
693 986 40 39
985 626 932 628
691 980 694 624
986 692 41 40
694 243 626 985
695 988 38 37
696 994 697 244
1071 987 630 243
38 988 693 39
695 987 1071 988
696 990 36 35
701 989 697 994
990 629 987 695
36 990 695 37
696 244 629 990
699 991 634 245
698 992 34 33
634 991 926 627
699 994 696 992
34 992 696 35
698 991 699 992
993 926 1070 933
933 1070 32 31
701 934 558 989
32 1070 698 33
995 636 993 933
702 995 30 29
638 246 702 997
30 995 933 31
937 671 966 703
681 996 640 247
704 997 28 27
704 930 638 997
28 997 702 29
998 704 27 26
706 998 26 25
643 998 706 707
705 249 644 999
235 637 930 643
706 248 641 707
1000 641 248 708
708 248 24 23
1002 710 1004 1001
24 248 706 25
1001 250 646 709
711 1002 648 249
710 1003 22 21
648 1002 1001 709
711 1000 708 1003
22 1003 708 23
710 1002 711 1003
712 1005 651 250
712 1004 20 19
651 1005 653 700
1001 1004 712 250
20 1004 710 21
16 1005 18 17
653 1005 16 15
18 1005 712 19
124 342 110 1006
273 715 254 1007
1012 1013 252 112
268 1011 737 1009
1013 297 98 252
316 112 252 99
1013 1012 1016 1017
1018 254 715 1014
1015 280 1018 1014
1016 941 1 1017
1008 1010 1009 297
941 1016 254 1018
777 365 115 1019
272 807 318 1020
116 273 713 275
541 729 279 319
277 116 275 1020
320 133 314 1021
1022 118 257 1023
118 384 136 257
1010 265 268 1009
139 394 163 397
818 154 372 1025
834 466 836 1027
839 475 842 1028
824 476 1029 1054
1032 505 857 1031
203 586 227 589
404 850 492 167
876 536 212 1034
811 427 147 739
1037 176 426 1036
860 517 863 428
1038 429 345 430
422 146 1039 805
345 429 814 1040
817 438 819 1041
440 153 370 820
851 1030 797 494
697 989 554 1043
496 142 411 852
525 1046 437 868
902 205 515 1047
582 206 518 1048
867 524 870 1049
1051 181 443 1050
530 1050 444 871
527 182 446 1052
892 563 894 1053
884 549 883 1055
895 567 898 1056
496 199 1042 1057
943 646 946 1058
597 205 902 911
915 599 917 1060
1062 208 524 1061
207 602 919 1062
604 210 530 1063
211 533 1064 610
1066 221 567 1065
942 644 944 1066
104 727 282 261
223 1068 945 649
618 613 211 610
236 607 358 969
993 632 627 926
980 693 988 1071
630 217 553 1072
673 966 670 1073
1074 606 233 385
96
0.500000 0.000000 0.000000
0.492359 0.066491 0.000000
0.492359 0.066491 0.000000
0.483254 0.132743 0.000000
0.492359 0.066491 0.000000
0.500000 0.000000 0.000000
0.483254 0.132743 0.000000
0.492359 0.066491 0.000000
0.483254 0.132743 0.000000
0.471225 0.198518 0.000000
0.455429 0.263577 0.000000
0.471225 0.198518 0.000000
0.471225 0.198518 0.000000
0.483254 0.132743 0.000000
0.471225 0.198518 0.000000
0.455429 0.263577 0.000000
0.455429 0.263577 0.000000
0.436114 0.327682 0.000000
0.413658 0.390617 0.000000
0.436114 0.327682 0.000000
0.436114 0.327682 0.000000
0.455429 0.263577 0.000000
0.436114 0.327682 0.000000
0.413658 0.390617 0.000000
0.413658 0.390617 0.000000
0.388854 0.452787 0.000000
0.362357 0.514692 0.000000
0.388854 0.452787 0.000000
0.388854 0.452787 0.000000
0.413658 0.390617 0.000000
0.332876 0.574994 0.000000
0.362357 0.514692 0.000000
0.388854 0.452787 0.000000
0.362357 0.514692 0.000000
0.362357 0.514692 0.000000
0.332876 0.574994 0.000000
0.298687 0.631943 0.000000
0.332876 0.574994 0.000000
0.332876 0.574994 0.000000
0.298687 0.631943 0.000000
0.298687 0.631943 0.000000
0.258581 0.684271 0.000000
0.213198 0.732425 0.000000
0.258581 0.684271 0.000000
0.258581 0.684271 0.000000
0.298687 0.631943 0.000000
0.258581 0.684271 0.000000
0.213198 0.732425 0.000000
0.213198 0.732425 0.000000
0.163592 0.777241 0.000000
0.163592 0.777241 0.000000
0.213198 0.732425 0.000000
0.110821 0.819552 0.000000
0.163592 0.777241 0.000000
0.163592 0.777241 0.000000
0.110821 0.819552 0.000000
0.000000 0.895666 0.088215
0.000000 0.882707 0.175581
0.110821 0.819552 0.000000
0.055938 0.860193 0.000000
0.055938 0.860193 0.000000
0.000000 0.900000 0.000000
0.000000 0.900000 0.000000
0.000000 0.895666 0.088215
0.000000 0.882707 0.175581
0.000000 0.861246 0.261256
0.000000 0.861246 0.261256
0.000000 0.831492 0.344415
0.000000 0.831492 0.344415
0.000000 0.793729 0.424257
0.000000 0.793729 0.424257
0.000000 0.748323 0.500013
0.000000 0.695709 0.570954
0.000000 0.636396 0.636396
0.000000 0.748323 0.500013
0.000000 0.695709 0.570954
0.000000 0.570954 0.695709
0.000000 0.500013 0.748323
0.000000 0.636396 0.636396
0.000000 0.570954 0.695709
0.000000 0.424257 0.793729
0.000000 0.344415 0.831492
0.000000 0.500013 0.748323
0.000000 0.424257 0.793729
0.000000 0.261256 0.861246
0.000000 0.175581 0.882707
0.000000 0.344415 0.831492
0.000000 0.261256 0.861246
0.000000 0.088215 0.895666
0.000000 -0.000000 0.900000
0.000000 0.175581 0.882707
0.000000 0.088215 0.895666
0.000000 -0.088215 0.895666
0.000000 -0.175581 0.882707
0.000000 -0.000000 0.900000
0.000000 -0.088215 0.895666
0.000000 -0.261256 0.861246
0.000000 -0.344415 0.831492
0.000000 -0.175581 0.882707
0.000000 -0.261256 0.861246
0.000000 -0.424257 0.793729
0.000000 -0.500013 0.748323
0.000000 -0.344415 0.831492
0.000000 -0.424257 0.793729
0.000000 -0.500013 0.748323
0.000000 -0.570954 0.695709
0.000000 -0.570954 0.695709
0.000000 -0.636396 0.636396
0.000000 -0.695709 0.570954
0.000000 -0.748323 0.500013
0.000000 -0.636396 0.636396
0.000000 -0.695709 0.570954
0.000000 -0.793729 0.424257
0.000000 -0.831492 0.344415
0.000000 -0.748323 0.500013
0.000000 -0.793729 0.424257
0.000000 -0.831492 0.344415
0.000000 -0.861246 0.261256
0.000000 -0.861246 0.261256
0.000000 -0.882707 0.175581
0.000000 -0.895666 0.088215
0.000000 -0.900000 -0.000000
0.000000 -0.882707 0.175581
0.000000 -0.895666 0.088215
0.000000 -0.895666 -0.088215
0.000000 -0.882707 -0.175581
0.000000 -0.900000 -0.000000
0.000000 -0.895666 -0.088215
0.000000 -0.882707 -0.175581
0.000000 -0.861246 -0.261256
0.000000 -0.861246 -0.261256
0.000000 -0.831492 -0.344415
0.000000 -0.793729 -0.424257
0.000000 -0.748323 -0.500013
0.000000 -0.831492 -0.344415
0.000000 -0.793729 -0.424257
0.000000 -0.748323 -0.500013
0.000000 -0.695709 -0.570954
0.000000 -0.695709 -0.570954
0.000000 -0.636396 -0.636396
0.000000 -0.570954 -0.695709
0.000000 -0.500013 -0.748323
0.000000 -0.636396 -0.636396
0.000000 -0.570954 -0.695709
0.000000 -0.424257 -0.793729
0.000000 -0.344415 -0.831492
0.000000 -0.500013 -0.748323
0.000000 -0.424257 -0.793729
0.000000 -0.261256 -0.861246
0.000000 -0.175581 -0.882707
0.000000 -0.344415 -0.831492
0.000000 -0.261256 -0.861246
0.000000 -0.088215 -0.895666
0.000000 0.000000 -0.900000
0.000000 -0.175581 -0.882707
0.000000 -0.088215 -0.895666
0.000000 0.088215 -0.895666
0.000000 0.175581 -0.882707
0.000000 0.000000 -0.900000
0.000000 0.088215 -0.895666
0.000000 0.261256 -0.861246
0.000000 0.344415 -0.831492
0.000000 0.175581 -0.882707
0.000000 0.261256 -0.861246
0.000000 0.424257 -0.793729
0.000000 0.500013 -0.748323
0.000000 0.344415 -0.831492
0.000000 0.424257 -0.793729
0.000000 0.500013 -0.748323
0.000000 0.570954 -0.695709
0.000000 0.570954 -0.695709
0.000000 0.636396 -0.636396
0.000000 0.695709 -0.570954
0.000000 0.748323 -0.500013
0.000000 0.636396 -0.636396
0.000000 0.695709 -0.570954
0.000000 0.793729 -0.424257
0.000000 0.831492 -0.344415
0.000000 0.748323 -0.500013
0.000000 0.793729 -0.424257
0.000000 0.861246 -0.261256
0.000000 0.882707 -0.175581
0.000000 0.831492 -0.344415
0.000000 0.861246 -0.261256
0.000000 0.895666 -0.088215
0.000000 0.900000 0.000000
0.000000 0.900000 0.000000
0.055938 0.860193 0.000000
0.055938 0.860193 0.000000
0.110821 0.819552 0.000000
0.000000 0.882707 -0.175581
0.000000 0.895666 -0.088215
