1.574697 0.264983 -3.872983 60
1.571946 0.249728 -3.872983 59


1.571946 0.249728 -3.872983 59
1.529259 0.242947 -3.767811 58


1.596598 0.287008 -3.872983 62
1.584509 0.276983 -3.872983 61


1.609663 0.295725 -3.872983 63
1.596598 0.287008 -3.872983 62


1.584509 0.276983 -3.872983 61
1.574697 0.264983 -3.872983 60


1.637319 0.310617 -3.872983 64
1.609663 0.295725 -3.872983 63


1.725679 0.343133 -3.872983 66
1.666130 0.323130 -3.872983 65


1.529259 0.242947 -3.767811 58
1.486572 0.236165 -3.662638 57


1.486572 0.236165 -3.662638 57
1.443885 0.229384 -3.557465 56


1.443885 0.229384 -3.557465 56
1.401198 0.222602 -3.452292 55


1.401198 0.222602 -3.452292 55
1.358511 0.215821 -3.347120 54


1.358511 0.215821 -3.347120 54
1.315824 0.209039 -3.241947 53


1.315824 0.209039 -3.241947 53
1.273137 0.202258 -3.136774 52


1.273137 0.202258 -3.136774 52
1.230450 0.195476 -3.031602 51


1.187764 0.188695 -2.926429 50
1.145077 0.181913 -2.821256 49


1.230450 0.195476 -3.031602 51
1.187764 0.188695 -2.926429 50


1.145077 0.181913 -2.821256 49
1.102390 0.175132 -2.716083 48


1.848649 0.368566 -3.872983 68
1.786721 0.357965 -3.872983 67


1.911097 0.375475 -3.872983 69
1.848649 0.368566 -3.872983 68


1.973825 0.379116 -3.872983 70
1.911097 0.375475 -3.872983 69


2.036642 0.380527 -3.872983 71
1.973825 0.379116 -3.872983 70


2.099475 0.380142 -3.872983 72
2.036642 0.380527 -3.872983 71


2.162277 0.378117 -3.872983 73
2.099475 0.380142 -3.872983 72


2.225012 0.374562 -3.872983 74
2.162277 0.378117 -3.872983 73


2.287647 0.369552 -3.872983 75
2.225012 0.374562 -3.872983 74


2.350152 0.363126 -3.872983 76
2.287647 0.369552 -3.872983 75


2.412498 0.355297 -3.872983 77
2.350152 0.363126 -3.872983 76


2.474648 0.346047 -3.872983 78
2.412498 0.355297 -3.872983 77


2.483282 0.316085 -3.649305 81
2.509922 0.325710 -3.761144 80


2.509922 0.325710 -3.761144 80
2.536563 0.335335 -3.872983 79


2.536563 0.335335 -3.872983 79
2.474648 0.346047 -3.872983 78


2.456642 0.306460 -3.537466 82
2.483282 0.316085 -3.649305 81


2.430002 0.296835 -3.425627 83
2.456642 0.306460 -3.537466 82


2.403362 0.287209 -3.313788 84
2.430002 0.296835 -3.425627 83


2.376721 0.277584 -3.201949 85
2.403362 0.287209 -3.313788 84


2.323441 0.258334 -2.978271 87
2.350081 0.267959 -3.090110 86


2.350081 0.267959 -3.090110 86
2.376721 0.277584 -3.201949 85


2.270160 0.239083 -2.754593 89
2.296801 0.248709 -2.866432 88


2.296801 0.248709 -2.866432 88
2.323441 0.258334 -2.978271 87


2.216880 0.219833 -2.530915 91
2.243520 0.229458 -2.642754 90


2.243520 0.229458 -2.642754 90
2.270160 0.239083 -2.754593 89


1.102390 0.175132 -2.716083 48
1.059703 0.168350 -2.610911 47


1.059703 0.168350 -2.610911 47
1.017016 0.161569 -2.505738 46


1.017016 0.161569 -2.505738 46
0.974329 0.154787 -2.400565 45


0.974329 0.154787 -2.400565 45
0.931642 0.148006 -2.295393 44


0.931642 0.148006 -2.295393 44
0.888955 0.141224 -2.190220 43


0.888955 0.141224 -2.190220 43
0.846268 0.134443 -2.085047 42


0.846268 0.134443 -2.085047 42
0.803581 0.127661 -1.979874 41


0.803581 0.127661 -1.979874 41
0.760894 0.120880 -1.874702 40


0.760894 0.120880 -1.874702 40
0.718207 0.114098 -1.769529 39


0.675520 0.107317 -1.664356 38
0.632833 0.100536 -1.559184 37


0.718207 0.114098 -1.769529 39
0.675520 0.107317 -1.664356 38


0.635468 0.180461 -0.416474 15
0.691874 0.181932 -0.406777 14


2.163599 0.200583 -2.307237 93
2.190240 0.210208 -2.419076 92


2.190240 0.210208 -2.419076 92
2.216880 0.219833 -2.530915 91


2.136959 0.190958 -2.195398 94
2.163599 0.200583 -2.307237 93


2.110319 0.181332 -2.083559 95
2.136959 0.190958 -2.195398 94


2.083679 0.171707 -1.971720 96
2.110319 0.181332 -2.083559 95


2.057038 0.162082 -1.859881 97
2.083679 0.171707 -1.971720 96


1.786721 0.357965 -3.872983 67
1.725679 0.343133 -3.872983 66


2.003758 0.142832 -1.636203 99
2.030398 0.152457 -1.748042 98


2.030398 0.152457 -1.748042 98
2.057038 0.162082 -1.859881 97


1.977118 0.133207 -1.524364 100
2.003758 0.142832 -1.636203 99


1.950478 0.123581 -1.412525 101
1.977118 0.133207 -1.524364 100


0.632833 0.100536 -1.559184 37
0.590146 0.093754 -1.454011 36


0.274723 0.104489 -0.489999 20
0.302779 0.117221 -0.483820 19


0.590146 0.093754 -1.454011 36
0.547459 0.086973 -1.348838 35


0.547459 0.086973 -1.348838 35
0.504772 0.080191 -1.243666 34


0.504772 0.080191 -1.243666 34
0.462085 0.073410 -1.138493 33


0.462085 0.073410 -1.138493 33
0.419398 0.066628 -1.033320 32


0.419398 0.066628 -1.033320 32
0.376712 0.059847 -0.928147 31


0.376712 0.059847 -0.928147 31
0.334025 0.053065 -0.822975 30


0.334025 0.053065 -0.822975 30
0.291338 0.046284 -0.717802 29


0.205701 0.042608 -0.506721 26
0.208776 0.051959 -0.505510 25


0.291338 0.046284 -0.717802 29
0.248651 0.039502 -0.612629 28


0.248651 0.039502 -0.612629 28
0.205964 0.032721 -0.507457 27


0.205964 0.032721 -0.507457 27
0.205701 0.042608 -0.506721 26


0.208776 0.051959 -0.505510 25
0.213504 0.059696 -0.504149 24


0.213504 0.059696 -0.504149 24
0.219299 0.066643 -0.502659 23


0.232885 0.078892 -0.499417 22
0.247827 0.089389 -0.496002 21


0.219299 0.066643 -0.502659 23
0.232885 0.078892 -0.499417 22


0.247827 0.089389 -0.496002 21
0.274723 0.104489 -0.489999 20


0.372826 0.141249 -0.468614 18
0.444849 0.158459 -0.453391 17


0.302779 0.117221 -0.483820 19
0.372826 0.141249 -0.468614 18


1.041460 0.158363 -0.358226 8
1.098806 0.150890 -0.351630 7


0.984048 0.164959 -0.365175 9
1.041460 0.158363 -0.358226 8


1.666130 0.323130 -3.872983 65
1.637319 0.310617 -3.872983 64


1.923837 0.113956 -1.300686 102
1.950478 0.123581 -1.412525 101


1.897197 0.104331 -1.188847 103
1.923837 0.113956 -1.300686 102


1.843917 0.085081 -0.965169 105
1.870557 0.094706 -1.077008 104


1.870557 0.094706 -1.077008 104
1.897197 0.104331 -1.188847 103


1.817276 0.075455 -0.853330 106
1.843917 0.085081 -0.965169 105


1.790636 0.065830 -0.741491 107
1.817276 0.075455 -0.853330 106


1.763996 0.056205 -0.629652 108
1.790636 0.065830 -0.741491 107


1.737356 0.046580 -0.517813 109
1.763996 0.056205 -0.629652 108


1.098806 0.150890 -0.351630 7
1.207375 0.134437 -0.339987 6


1.207375 0.134437 -0.339987 6
1.315574 0.115149 -0.329286 5


1.413723 0.095186 -0.320092 4
1.511398 0.072938 -0.311094 3


1.315574 0.115149 -0.329286 5
1.413723 0.095186 -0.320092 4


1.598023 0.051113 -0.302896 2
1.684075 0.027330 -0.294135 1


1.684075 0.027330 -0.294135 1
1.710715 0.036955 -0.405974 110


1.710715 0.036955 -0.405974 110
1.737356 0.046580 -0.517813 109


1.511398 0.072938 -0.311094 3
1.598023 0.051113 -0.302896 2


0.539626 0.173027 -0.434311 16
0.635468 0.180461 -0.416474 15


0.444849 0.158459 -0.453391 17
0.539626 0.173027 -0.434311 16


0.691874 0.181932 -0.406777 14
0.748400 0.181472 -0.397703 13


0.866533 0.175489 -0.380551 11
0.925310 0.170741 -0.372661 10


0.925310 0.170741 -0.372661 10
0.984048 0.164959 -0.365175 9


0.748400 0.181472 -0.397703 13
0.807466 0.179146 -0.388889 12


0.807466 0.179146 -0.388889 12
0.866533 0.175489 -0.380551 11


