2.475654 0.327109 -3.872983 60
2.536452 0.332898 -3.872983 59


2.414883 0.321036 -3.872983 61
2.475654 0.327109 -3.872983 60


2.536452 0.332898 -3.872983 59
2.509803 0.323228 -3.761156 58


2.509803 0.323228 -3.761156 58
2.483153 0.313557 -3.649330 57


2.354146 0.314633 -3.872983 62
2.414883 0.321036 -3.872983 61


2.293447 0.307876 -3.872983 63
2.354146 0.314633 -3.872983 62


2.232789 0.300770 -3.872983 64
2.293447 0.307876 -3.872983 63


2.172168 0.293348 -3.872983 65
2.232789 0.300770 -3.872983 64


2.111578 0.285677 -3.872983 66
2.172168 0.293348 -3.872983 65


2.051007 0.277859 -3.872983 67
2.111578 0.285677 -3.872983 66


2.483153 0.313557 -3.649330 57
2.456503 0.303887 -3.537503 56


2.456503 0.303887 -3.537503 56
2.429853 0.294217 -3.425676 55


2.429853 0.294217 -3.425676 55
2.403204 0.284547 -3.313849 54


2.403204 0.284547 -3.313849 54
2.376554 0.274877 -3.202022 53


2.376554 0.274877 -3.202022 53
2.349904 0.265207 -3.090195 52


2.349904 0.265207 -3.090195 52
2.323255 0.255537 -2.978368 51


2.323255 0.255537 -2.978368 51
2.296605 0.245866 -2.866541 50


2.296605 0.245866 -2.866541 50
2.269955 0.236196 -2.754714 49


2.269955 0.236196 -2.754714 49
2.243306 0.226526 -2.642887 48


2.243306 0.226526 -2.642887 48
2.216656 0.216856 -2.531060 47


1.990436 0.270045 -3.872983 68
2.051007 0.277859 -3.872983 67


1.929856 0.262295 -3.872983 69
1.990436 0.270045 -3.872983 68


1.869335 0.254098 -3.872983 70
1.929856 0.262295 -3.872983 69


1.808833 0.245759 -3.872983 71
1.869335 0.254098 -3.872983 70


1.748267 0.237917 -3.872983 72
1.808833 0.245759 -3.872983 71


1.687514 0.231693 -3.872983 73
1.748267 0.237917 -3.872983 72


1.657035 0.229881 -3.872983 74
1.687514 0.231693 -3.872983 73


1.626501 0.229799 -3.872983 75
1.657035 0.229881 -3.872983 74


1.611276 0.230900 -3.872983 76
1.626501 0.229799 -3.872983 75


1.596215 0.233395 -3.872983 77
1.611276 0.230900 -3.872983 76


1.582031 0.238517 -3.872983 78
1.596215 0.233395 -3.872983 77


1.486572 0.236165 -3.662638 81
1.529259 0.242947 -3.767811 80


1.529259 0.242947 -3.767811 80
1.571946 0.249728 -3.872983 79


1.571946 0.249728 -3.872983 79
1.582031 0.238517 -3.872983 78


1.401198 0.222602 -3.452292 83
1.443885 0.229384 -3.557465 82


1.443885 0.229384 -3.557465 82
1.486572 0.236165 -3.662638 81


1.315824 0.209039 -3.241947 85
1.358511 0.215821 -3.347120 84


1.358511 0.215821 -3.347120 84
1.401198 0.222602 -3.452292 83


1.230450 0.195476 -3.031602 87
1.273137 0.202258 -3.136774 86


1.273137 0.202258 -3.136774 86
1.315824 0.209039 -3.241947 85


1.145077 0.181913 -2.821256 89
1.187764 0.188695 -2.926429 88


1.187764 0.188695 -2.926429 88
1.230450 0.195476 -3.031602 87


1.059703 0.168350 -2.610911 91
1.102390 0.175132 -2.716083 90


1.102390 0.175132 -2.716083 90
1.145077 0.181913 -2.821256 89


2.216656 0.216856 -2.531060 47
2.190006 0.207186 -2.419233 46


2.190006 0.207186 -2.419233 46
2.163357 0.197516 -2.307407 45


2.163357 0.197516 -2.307407 45
2.136707 0.187846 -2.195580 44


2.136707 0.187846 -2.195580 44
2.110057 0.178175 -2.083753 43


2.110057 0.178175 -2.083753 43
2.083408 0.168505 -1.971926 42


2.083408 0.168505 -1.971926 42
2.056758 0.158835 -1.860099 41


2.056758 0.158835 -1.860099 41
2.030108 0.149165 -1.748272 40


2.030108 0.149165 -1.748272 40
2.003459 0.139495 -1.636445 39


2.003459 0.139495 -1.636445 39
1.976809 0.129825 -1.524618 38


1.976809 0.129825 -1.524618 38
1.950159 0.120155 -1.412791 37


0.974329 0.154787 -2.400565 93
1.017016 0.161569 -2.505738 92


1.017016 0.161569 -2.505738 92
1.059703 0.168350 -2.610911 91


0.888955 0.141224 -2.190220 95
0.931642 0.148006 -2.295393 94


0.931642 0.148006 -2.295393 94
0.974329 0.154787 -2.400565 93


0.803581 0.127661 -1.979874 97
0.846268 0.134443 -2.085047 96


0.846268 0.134443 -2.085047 96
0.888955 0.141224 -2.190220 95


0.718207 0.114098 -1.769529 99
0.760894 0.120880 -1.874702 98


0.760894 0.120880 -1.874702 98
0.803581 0.127661 -1.979874 97


0.632833 0.100536 -1.559184 101
0.675520 0.107317 -1.664356 100


0.675520 0.107317 -1.664356 100
0.718207 0.114098 -1.769529 99


1.950159 0.120155 -1.412791 37
1.923510 0.110484 -1.300964 36


1.923510 0.110484 -1.300964 36
1.896860 0.100814 -1.189137 35


1.896860 0.100814 -1.189137 35
1.870210 0.091144 -1.077311 34


1.870210 0.091144 -1.077311 34
1.843561 0.081474 -0.965484 33


1.843561 0.081474 -0.965484 33
1.816911 0.071804 -0.853657 32


1.816911 0.071804 -0.853657 32
1.790261 0.062134 -0.741830 31


1.790261 0.062134 -0.741830 31
1.763611 0.052464 -0.630003 30


1.763611 0.052464 -0.630003 30
1.736962 0.042793 -0.518176 29


1.736962 0.042793 -0.518176 29
1.710312 0.033123 -0.406349 28


1.710312 0.033123 -0.406349 28
1.683662 0.023453 -0.294522 27


1.683662 0.023453 -0.294522 27
1.619433 0.023469 -0.303299 26


1.619433 0.023469 -0.303299 26
1.555250 0.023302 -0.312414 25


1.555250 0.023302 -0.312414 25
1.493364 0.022936 -0.321494 24


1.493364 0.022936 -0.321494 24
1.431517 0.022342 -0.330818 23


1.431517 0.022342 -0.330818 23
1.372103 0.021543 -0.339974 22


1.372103 0.021543 -0.339974 22
1.312718 0.020510 -0.349287 21


1.312718 0.020510 -0.349287 21
1.255716 0.019296 -0.358344 20


1.255716 0.019296 -0.358344 20
1.198732 0.017871 -0.367482 19


1.198732 0.017871 -0.367482 19
1.090071 0.014619 -0.385022 18


1.090071 0.014619 -0.385022 18
0.981421 0.010818 -0.402523 17


0.319483 -0.009340 -0.496422 9
0.287857 -0.006234 -0.499990 8


0.287857 -0.006234 -0.499990 8
0.256555 -0.000645 -0.503389 7


0.547459 0.086973 -1.348838 103
0.590146 0.093754 -1.454011 102


0.590146 0.093754 -1.454011 102
0.632833 0.100536 -1.559184 101


0.462085 0.073410 -1.138493 105
0.504772 0.080191 -1.243666 104


0.504772 0.080191 -1.243666 104
0.547459 0.086973 -1.348838 103


0.376712 0.059847 -0.928147 107
0.419398 0.066628 -1.033320 106


0.419398 0.066628 -1.033320 106
0.462085 0.073410 -1.138493 105


0.291338 0.046284 -0.717802 109
0.334025 0.053065 -0.822975 108


0.334025 0.053065 -0.822975 108
0.376712 0.059847 -0.928147 107


0.256555 -0.000645 -0.503389 7
0.241462 0.003660 -0.504950 6


0.241462 0.003660 -0.504950 6
0.226973 0.009731 -0.506350 5


0.226973 0.009731 -0.506350 5
0.219152 0.014515 -0.507021 4


0.219152 0.014515 -0.507021 4
0.212316 0.020645 -0.507484 3


0.205964 0.032721 -0.507457 1
0.248651 0.039502 -0.612629 110


0.248651 0.039502 -0.612629 110
0.291338 0.046284 -0.717802 109


0.212316 0.020645 -0.507484 3
0.208376 0.026281 -0.507606 2


0.208376 0.026281 -0.507606 2
0.205964 0.032721 -0.507457 1


0.981421 0.010818 -0.402523 17
0.873777 0.006799 -0.419609 16


0.873777 0.006799 -0.419609 16
0.766059 0.002883 -0.436255 15


0.766059 0.002883 -0.436255 15
0.661429 -0.001735 -0.451811 14


0.661429 -0.001735 -0.451811 14
0.556706 -0.006814 -0.466580 13


0.442798 -0.011046 -0.481564 11
0.381143 -0.011569 -0.489173 10


0.381143 -0.011569 -0.489173 10
0.319483 -0.009340 -0.496422 9


0.556706 -0.006814 -0.466580 13
0.499783 -0.009262 -0.474216 12


0.499783 -0.009262 -0.474216 12
0.442798 -0.011046 -0.481564 11


