2.412498 0.355297 3.872983 3
2.474648 0.346047 3.872983 2


2.474648 0.346047 3.872983 2
2.536563 0.335335 3.872983 1


2.536563 0.335335 3.872983 1
2.509922 0.325710 3.761144 112


2.350152 0.363126 3.872983 4
2.412498 0.355297 3.872983 3


2.287647 0.369552 3.872983 5
2.350152 0.363126 3.872983 4


2.225012 0.374562 3.872983 6
2.287647 0.369552 3.872983 5


2.162277 0.378117 3.872983 7
2.225012 0.374562 3.872983 6


2.099475 0.380142 3.872983 8
2.162277 0.378117 3.872983 7


2.036642 0.380527 3.872983 9
2.099475 0.380142 3.872983 8


2.509922 0.325710 3.761144 112
2.483282 0.316085 3.649305 111


2.483282 0.316085 3.649305 111
2.456642 0.306460 3.537466 110


2.456642 0.306460 3.537466 110
2.430002 0.296835 3.425627 109


2.430002 0.296835 3.425627 109
2.403362 0.287209 3.313788 108


2.403362 0.287209 3.313788 108
2.376721 0.277584 3.201949 107


2.376721 0.277584 3.201949 107
2.350081 0.267959 3.090110 106


2.350081 0.267959 3.090110 106
2.323441 0.258334 2.978271 105


2.323441 0.258334 2.978271 105
2.296801 0.248709 2.866432 104


2.296801 0.248709 2.866432 104
2.270160 0.239083 2.754593 103


2.270160 0.239083 2.754593 103
2.243520 0.229458 2.642754 102


1.911097 0.375475 3.872983 11
1.973825 0.379116 3.872983 10


1.973825 0.379116 3.872983 10
2.036642 0.380527 3.872983 9


1.848649 0.368566 3.872983 12
1.911097 0.375475 3.872983 11


1.786721 0.357965 3.872983 13
1.848649 0.368566 3.872983 12


1.666130 0.323130 3.872983 15
1.725679 0.343133 3.872983 14


1.725679 0.343133 3.872983 14
1.786721 0.357965 3.872983 13


1.637319 0.310617 3.872983 16
1.666130 0.323130 3.872983 15


1.609663 0.295725 3.872983 17
1.637319 0.310617 3.872983 16


1.596598 0.287008 3.872983 18
1.609663 0.295725 3.872983 17


1.584509 0.276983 3.872983 19
1.596598 0.287008 3.872983 18


1.574697 0.264983 3.872983 20
1.584509 0.276983 3.872983 19


1.486572 0.236165 3.662638 23
1.529259 0.242947 3.767811 22


1.529259 0.242947 3.767811 22
1.571946 0.249728 3.872983 21


1.571946 0.249728 3.872983 21
1.574697 0.264983 3.872983 20


1.443885 0.229384 3.557465 24
1.486572 0.236165 3.662638 23


1.401198 0.222602 3.452292 25
1.443885 0.229384 3.557465 24


1.315824 0.209039 3.241947 27
1.358511 0.215821 3.347120 26


1.358511 0.215821 3.347120 26
1.401198 0.222602 3.452292 25


1.230450 0.195476 3.031602 29
1.273137 0.202258 3.136774 28


1.273137 0.202258 3.136774 28
1.315824 0.209039 3.241947 27


1.145077 0.181913 2.821256 31
1.187764 0.188695 2.926429 30


1.187764 0.188695 2.926429 30
1.230450 0.195476 3.031602 29


1.059703 0.168350 2.610911 33
1.102390 0.175132 2.716083 32


1.102390 0.175132 2.716083 32
1.145077 0.181913 2.821256 31


1.017016 0.161569 2.505738 34
1.059703 0.168350 2.610911 33


2.243520 0.229458 2.642754 102
2.216880 0.219833 2.530915 101


2.216880 0.219833 2.530915 101
2.190240 0.210208 2.419076 100


2.190240 0.210208 2.419076 100
2.163599 0.200583 2.307237 99


2.163599 0.200583 2.307237 99
2.136959 0.190958 2.195398 98


2.136959 0.190958 2.195398 98
2.110319 0.181332 2.083559 97


2.110319 0.181332 2.083559 97
2.083679 0.171707 1.971720 96


2.083679 0.171707 1.971720 96
2.057038 0.162082 1.859881 95


2.057038 0.162082 1.859881 95
2.030398 0.152457 1.748042 94


2.030398 0.152457 1.748042 94
2.003758 0.142832 1.636203 93


2.003758 0.142832 1.636203 93
1.977118 0.133207 1.524364 92


0.974329 0.154787 2.400565 35
1.017016 0.161569 2.505738 34


0.888955 0.141224 2.190220 37
0.931642 0.148006 2.295393 36


0.931642 0.148006 2.295393 36
0.974329 0.154787 2.400565 35


0.846268 0.134443 2.085047 38
0.888955 0.141224 2.190220 37


0.803581 0.127661 1.979874 39
0.846268 0.134443 2.085047 38


0.718207 0.114098 1.769529 41
0.760894 0.120880 1.874702 40


0.760894 0.120880 1.874702 40
0.803581 0.127661 1.979874 39


0.632833 0.100536 1.559184 43
0.675520 0.107317 1.664356 42


0.675520 0.107317 1.664356 42
0.718207 0.114098 1.769529 41


0.590146 0.093754 1.454011 44
0.632833 0.100536 1.559184 43


1.977118 0.133207 1.524364 92
1.950478 0.123581 1.412525 91


1.950478 0.123581 1.412525 91
1.923837 0.113956 1.300686 90


1.923837 0.113956 1.300686 90
1.897197 0.104331 1.188847 89


1.897197 0.104331 1.188847 89
1.870557 0.094706 1.077008 88


1.870557 0.094706 1.077008 88
1.843917 0.085081 0.965169 87


1.843917 0.085081 0.965169 87
1.817276 0.075455 0.853330 86


1.817276 0.075455 0.853330 86
1.790636 0.065830 0.741491 85


1.790636 0.065830 0.741491 85
1.763996 0.056205 0.629652 84


1.763996 0.056205 0.629652 84
1.737356 0.046580 0.517813 83


1.593681 0.052256 0.303317 80
1.502662 0.075027 0.311903 79


1.737356 0.046580 0.517813 83
1.710715 0.036955 0.405974 82


1.710715 0.036955 0.405974 82
1.684075 0.027330 0.294135 81


1.684075 0.027330 0.294135 81
1.593681 0.052256 0.303317 80


1.502662 0.075027 0.311903 79
1.399560 0.098213 0.321401 78


1.399560 0.098213 0.321401 78
1.295945 0.118859 0.331174 77


1.295945 0.118859 0.331174 77
1.239940 0.128932 0.336684 76


1.239940 0.128932 0.336684 76
1.183828 0.138256 0.342426 75


1.125286 0.147151 0.348693 74
1.066655 0.155187 0.355287 73


1.183828 0.138256 0.342426 75
1.125286 0.147151 0.348693 74


1.006075 0.162536 0.362467 72
0.945431 0.168874 0.370053 71


1.066655 0.155187 0.355287 73
1.006075 0.162536 0.362467 72


0.883635 0.174220 0.378213 70
0.821809 0.178365 0.386826 69


0.945431 0.168874 0.370053 71
0.883635 0.174220 0.378213 70


0.399879 0.148448 0.462837 63
0.331737 0.128256 0.477496 62


0.331737 0.128256 0.477496 62
0.266379 0.100180 0.491850 61


0.253964 0.093177 0.494621 60
0.241940 0.085502 0.497337 59


0.266379 0.100180 0.491850 61
0.253964 0.093177 0.494621 60


0.547459 0.086973 1.348838 45
0.590146 0.093754 1.454011 44


0.462085 0.073410 1.138493 47
0.504772 0.080191 1.243666 46


0.504772 0.080191 1.243666 46
0.547459 0.086973 1.348838 45


0.419398 0.066628 1.033320 48
0.462085 0.073410 1.138493 47


0.376712 0.059847 0.928147 49
0.419398 0.066628 1.033320 48


0.291338 0.046284 0.717802 51
0.334025 0.053065 0.822975 50


0.334025 0.053065 0.822975 50
0.376712 0.059847 0.928147 49


0.241940 0.085502 0.497337 59
0.231803 0.078038 0.499668 58


0.231803 0.078038 0.499668 58
0.222326 0.069728 0.501916 57


0.214945 0.061594 0.503767 56
0.208967 0.052346 0.505450 55


0.222326 0.069728 0.501916 57
0.214945 0.061594 0.503767 56


0.205964 0.032721 0.507457 53
0.248651 0.039502 0.612629 52


0.248651 0.039502 0.612629 52
0.291338 0.046284 0.717802 51


0.208967 0.052346 0.505450 55
0.205737 0.042823 0.506699 54


0.205737 0.042823 0.506699 54
0.205964 0.032721 0.507457 53


0.760535 0.181129 0.395843 68
0.699308 0.181980 0.405546 67


0.821809 0.178365 0.386826 69
0.760535 0.181129 0.395843 68


0.699308 0.181980 0.405546 67
0.642500 0.180755 0.415231 66


0.642500 0.180755 0.415231 66
0.585879 0.177439 0.425500 65


0.492194 0.166740 0.443702 64
0.399879 0.148448 0.462837 63


0.585879 0.177439 0.425500 65
0.492194 0.166740 0.443702 64


