5.000000 0.000000 -0.075000 13
5.000000 0.077892 -0.070224 14


5.000000 0.077892 -0.070224 14
5.000000 0.154616 -0.055966 15


5.000000 -0.000000 0.075000 5
5.000000 -0.077892 0.070224 6


5.000000 -0.077892 0.070224 6
5.000000 -0.154616 0.055966 7


5.000000 0.154616 0.055966 3
5.000000 0.077892 0.070224 4


5.000000 0.077892 0.070224 4
5.000000 -0.000000 0.075000 5


5.000000 0.154616 -0.055966 15
5.000000 0.229024 -0.032440 16


5.000000 0.229024 -0.032440 16
5.000000 0.300000 0.000000 1


5.000000 0.300000 0.000000 1
5.000000 0.229024 0.032440 2


5.000000 0.229024 0.032440 2
5.000000 0.154616 0.055966 3


5.000000 -0.154616 -0.055966 11
5.000000 -0.077892 -0.070224 12


5.000000 -0.077892 -0.070224 12
5.000000 0.000000 -0.075000 13


5.000000 -0.229024 -0.032440 10
5.000000 -0.154616 -0.055966 11


5.000000 -0.154616 0.055966 7
5.000000 -0.229024 0.032440 8


5.000000 -0.229024 0.032440 8
5.000000 -0.300000 0.000000 9


5.000000 -0.300000 0.000000 9
5.000000 -0.229024 -0.032440 10


