

 #FACE 7 ---> MIN MAX ANGLES (0.411363 2.543024)   MIN MAX RATIOS (0.411363  0.997569 )
#Vertices by angles : 
 #[0, 15] = 0 [15,40] = 36 [40, 155] = 40 [155, 180] = 0  
#Vertices by triangle aspect ratio : 
 #[0, 0.1] = 0 [0.1, 0.25] = 0 [0.26,0.6] 40 [0.6,1] = 36
5.000000 0.049121 -0.020145 63.630823 115.426472 0.902925 0.902925 1 
5.000000 -0.022329 -0.025708 63.630823 115.426472 0.902925 0.902925 1


5.000000 0.053916 -0.028492 63.630823 115.426472 0.902925 0.902925 1 
5.000000 -0.018607 -0.033923 63.630823 115.426472 0.902925 0.902925 1


5.000000 0.058711 -0.036838 63.630823 115.426472 0.902925 0.902925 1 
5.000000 -0.014886 -0.042139 63.630823 115.426472 0.902925 0.902925 1


5.000000 0.063506 -0.045184 63.630823 115.426472 0.902925 0.902925 1 
5.000000 -0.011164 -0.050354 63.630823 115.426472 0.902925 0.902925 1


5.000000 0.068302 -0.053531 63.630823 115.426472 0.902925 0.902925 1 
5.000000 -0.007443 -0.058569 63.630823 115.426472 0.902925 0.902925 1


5.000000 0.073097 -0.061877 63.630823 115.426472 0.902925 0.902925 1 
5.000000 -0.003721 -0.066785 63.630823 115.426472 0.902925 0.902925 1


5.000000 0.077892 -0.070224 63.630823 115.426472 0.902925 0.902925 1 
5.000000 0.000000 -0.075000 63.630823 115.426472 0.902925 0.902925 1


5.000000 0.049121 -0.020145 63.630823 115.426472 0.902925 0.902925 1
5.000000 0.077892 -0.070224 63.630823 115.426472 0.902925 0.902925 1


5.000000 0.037213 -0.021072 63.630823 115.426472 0.902925 0.902925 1
5.000000 0.064910 -0.071020 63.630823 115.426472 0.902925 0.902925 1


5.000000 0.025304 -0.021999 63.630823 115.426472 0.902925 0.902925 1
5.000000 0.051928 -0.071816 63.630823 115.426472 0.902925 0.902925 1


5.000000 0.013396 -0.022927 63.630823 115.426472 0.902925 0.902925 1
5.000000 0.038946 -0.072612 63.630823 115.426472 0.902925 0.902925 1


5.000000 0.001488 -0.023854 63.630823 115.426472 0.902925 0.902925 1
5.000000 0.025964 -0.073408 63.630823 115.426472 0.902925 0.902925 1


5.000000 -0.010421 -0.024781 63.630823 115.426472 0.902925 0.902925 1
5.000000 0.012982 -0.074204 63.630823 115.426472 0.902925 0.902925 1


5.000000 -0.022329 -0.025708 63.630823 115.426472 0.902925 0.902925 1
5.000000 0.000000 -0.075000 63.630823 115.426472 0.902925 0.902925 1




5.000000 0.118208 -0.010857 62.124409 123.268239 0.797729 0.797729 2 
5.000000 0.089937 0.028731 62.124409 123.268239 0.797729 0.797729 2


5.000000 0.106694 -0.012405 62.124409 123.268239 0.797729 0.797729 2 
5.000000 0.078702 0.028286 62.124409 123.268239 0.797729 0.797729 2


5.000000 0.095179 -0.013953 62.124409 123.268239 0.797729 0.797729 2 
5.000000 0.067468 0.027842 62.124409 123.268239 0.797729 0.797729 2


5.000000 0.083665 -0.015501 62.124409 123.268239 0.797729 0.797729 2 
5.000000 0.056233 0.027398 62.124409 123.268239 0.797729 0.797729 2


5.000000 0.072150 -0.017049 62.124409 123.268239 0.797729 0.797729 2 
5.000000 0.044999 0.026954 62.124409 123.268239 0.797729 0.797729 2


5.000000 0.060635 -0.018597 62.124409 123.268239 0.797729 0.797729 2 
5.000000 0.033764 0.026509 62.124409 123.268239 0.797729 0.797729 2


5.000000 0.049121 -0.020145 62.124409 123.268239 0.797729 0.797729 2 
5.000000 0.022530 0.026065 62.124409 123.268239 0.797729 0.797729 2


5.000000 0.118208 -0.010857 62.124409 123.268239 0.797729 0.797729 2
5.000000 0.049121 -0.020145 62.124409 123.268239 0.797729 0.797729 2


5.000000 0.113496 -0.004259 62.124409 123.268239 0.797729 0.797729 2
5.000000 0.044689 -0.012444 62.124409 123.268239 0.797729 0.797729 2


5.000000 0.108784 0.002339 62.124409 123.268239 0.797729 0.797729 2
5.000000 0.040257 -0.004742 62.124409 123.268239 0.797729 0.797729 2


5.000000 0.104072 0.008937 62.124409 123.268239 0.797729 0.797729 2
5.000000 0.035825 0.002960 62.124409 123.268239 0.797729 0.797729 2


5.000000 0.099360 0.015535 62.124409 123.268239 0.797729 0.797729 2
5.000000 0.031394 0.010662 62.124409 123.268239 0.797729 0.797729 2


5.000000 0.094648 0.022133 62.124409 123.268239 0.797729 0.797729 2
5.000000 0.026962 0.018363 62.124409 123.268239 0.797729 0.797729 2


5.000000 0.089937 0.028731 62.124409 123.268239 0.797729 0.797729 2
5.000000 0.022530 0.026065 62.124409 123.268239 0.797729 0.797729 2




5.000000 0.049121 -0.020145 64.534175 115.506318 0.997569 0.997569 3 
5.000000 0.022530 0.026065 64.534175 115.506318 0.997569 0.997569 3


5.000000 0.037213 -0.021072 64.534175 115.506318 0.997569 0.997569 3 
5.000000 0.010633 0.025147 64.534175 115.506318 0.997569 0.997569 3


5.000000 0.025304 -0.021999 64.534175 115.506318 0.997569 0.997569 3 
5.000000 -0.001263 0.024230 64.534175 115.506318 0.997569 0.997569 3


5.000000 0.013396 -0.022927 64.534175 115.506318 0.997569 0.997569 3 
5.000000 -0.013160 0.023312 64.534175 115.506318 0.997569 0.997569 3


5.000000 0.001488 -0.023854 64.534175 115.506318 0.997569 0.997569 3 
5.000000 -0.025056 0.022394 64.534175 115.506318 0.997569 0.997569 3


5.000000 -0.010421 -0.024781 64.534175 115.506318 0.997569 0.997569 3 
5.000000 -0.036952 0.021476 64.534175 115.506318 0.997569 0.997569 3


5.000000 -0.022329 -0.025708 64.534175 115.506318 0.997569 0.997569 3 
5.000000 -0.048849 0.020559 64.534175 115.506318 0.997569 0.997569 3


5.000000 0.049121 -0.020145 64.534175 115.506318 0.997569 0.997569 3
5.000000 -0.022329 -0.025708 64.534175 115.506318 0.997569 0.997569 3


5.000000 0.044689 -0.012444 64.534175 115.506318 0.997569 0.997569 3
5.000000 -0.026749 -0.017997 64.534175 115.506318 0.997569 0.997569 3


5.000000 0.040257 -0.004742 64.534175 115.506318 0.997569 0.997569 3
5.000000 -0.031169 -0.010286 64.534175 115.506318 0.997569 0.997569 3


5.000000 0.035825 0.002960 64.534175 115.506318 0.997569 0.997569 3
5.000000 -0.035589 -0.002575 64.534175 115.506318 0.997569 0.997569 3


5.000000 0.031394 0.010662 64.534175 115.506318 0.997569 0.997569 3
5.000000 -0.040009 0.005137 64.534175 115.506318 0.997569 0.997569 3


5.000000 0.026962 0.018363 64.534175 115.506318 0.997569 0.997569 3
5.000000 -0.044429 0.012848 64.534175 115.506318 0.997569 0.997569 3


5.000000 0.022530 0.026065 64.534175 115.506318 0.997569 0.997569 3
5.000000 -0.048849 0.020559 64.534175 115.506318 0.997569 0.997569 3




5.000000 -0.077892 0.070224 63.190831 115.906957 0.902617 0.902617 4 
5.000000 -0.048849 0.020559 63.190831 115.906957 0.902617 0.902617 4


5.000000 -0.064910 0.071020 63.190831 115.906957 0.902617 0.902617 4 
5.000000 -0.036952 0.021476 63.190831 115.906957 0.902617 0.902617 4


5.000000 -0.051928 0.071816 63.190831 115.906957 0.902617 0.902617 4 
5.000000 -0.025056 0.022394 63.190831 115.906957 0.902617 0.902617 4


5.000000 -0.038946 0.072612 63.190831 115.906957 0.902617 0.902617 4 
5.000000 -0.013160 0.023312 63.190831 115.906957 0.902617 0.902617 4


5.000000 -0.025964 0.073408 63.190831 115.906957 0.902617 0.902617 4 
5.000000 -0.001263 0.024230 63.190831 115.906957 0.902617 0.902617 4


5.000000 -0.012982 0.074204 63.190831 115.906957 0.902617 0.902617 4 
5.000000 0.010633 0.025147 63.190831 115.906957 0.902617 0.902617 4


5.000000 0.000000 0.075000 63.190831 115.906957 0.902617 0.902617 4 
5.000000 0.022530 0.026065 63.190831 115.906957 0.902617 0.902617 4


5.000000 -0.077892 0.070224 63.190831 115.906957 0.902617 0.902617 4
5.000000 0.000000 0.075000 63.190831 115.906957 0.902617 0.902617 4


5.000000 -0.073051 0.061946 63.190831 115.906957 0.902617 0.902617 4
5.000000 0.003755 0.066844 63.190831 115.906957 0.902617 0.902617 4


5.000000 -0.068211 0.053669 63.190831 115.906957 0.902617 0.902617 4
5.000000 0.007510 0.058688 63.190831 115.906957 0.902617 0.902617 4


5.000000 -0.063370 0.045391 63.190831 115.906957 0.902617 0.902617 4
5.000000 0.011265 0.050533 63.190831 115.906957 0.902617 0.902617 4


5.000000 -0.058530 0.037114 63.190831 115.906957 0.902617 0.902617 4
5.000000 0.015020 0.042377 63.190831 115.906957 0.902617 0.902617 4


5.000000 -0.053689 0.028836 63.190831 115.906957 0.902617 0.902617 4
5.000000 0.018775 0.034221 63.190831 115.906957 0.902617 0.902617 4


5.000000 -0.048849 0.020559 63.190831 115.906957 0.902617 0.902617 4
5.000000 0.022530 0.026065 63.190831 115.906957 0.902617 0.902617 4




5.000000 -0.117981 0.011247 61.201274 121.654363 0.812540 0.812540 5 
5.000000 -0.048849 0.020559 61.201274 121.654363 0.812540 0.812540 5


5.000000 -0.124086 0.018700 61.201274 121.654363 0.812540 0.812540 5 
5.000000 -0.053689 0.028836 61.201274 121.654363 0.812540 0.812540 5


5.000000 -0.130192 0.026153 61.201274 121.654363 0.812540 0.812540 5 
5.000000 -0.058530 0.037114 61.201274 121.654363 0.812540 0.812540 5


5.000000 -0.136298 0.033606 61.201274 121.654363 0.812540 0.812540 5 
5.000000 -0.063370 0.045391 61.201274 121.654363 0.812540 0.812540 5


5.000000 -0.142404 0.041059 61.201274 121.654363 0.812540 0.812540 5 
5.000000 -0.068211 0.053669 61.201274 121.654363 0.812540 0.812540 5


5.000000 -0.148510 0.048513 61.201274 121.654363 0.812540 0.812540 5 
5.000000 -0.073051 0.061946 61.201274 121.654363 0.812540 0.812540 5


5.000000 -0.154616 0.055966 61.201274 121.654363 0.812540 0.812540 5 
5.000000 -0.077892 0.070224 61.201274 121.654363 0.812540 0.812540 5


5.000000 -0.117981 0.011247 61.201274 121.654363 0.812540 0.812540 5
5.000000 -0.154616 0.055966 61.201274 121.654363 0.812540 0.812540 5


5.000000 -0.106459 0.012799 61.201274 121.654363 0.812540 0.812540 5
5.000000 -0.141829 0.058342 61.201274 121.654363 0.812540 0.812540 5


5.000000 -0.094937 0.014351 61.201274 121.654363 0.812540 0.812540 5
5.000000 -0.129042 0.060718 61.201274 121.654363 0.812540 0.812540 5


5.000000 -0.083415 0.015903 61.201274 121.654363 0.812540 0.812540 5
5.000000 -0.116254 0.063095 61.201274 121.654363 0.812540 0.812540 5


5.000000 -0.071893 0.017455 61.201274 121.654363 0.812540 0.812540 5
5.000000 -0.103467 0.065471 61.201274 121.654363 0.812540 0.812540 5


5.000000 -0.060371 0.019007 61.201274 121.654363 0.812540 0.812540 5
5.000000 -0.090679 0.067847 61.201274 121.654363 0.812540 0.812540 5


5.000000 -0.048849 0.020559 61.201274 121.654363 0.812540 0.812540 5
5.000000 -0.077892 0.070224 61.201274 121.654363 0.812540 0.812540 5




5.000000 0.077892 0.070224 63.285676 118.112113 0.441988 0.441988 6 
5.000000 0.089937 0.028731 63.285676 118.112113 0.441988 0.441988 6


5.000000 0.090679 0.067847 63.285676 118.112113 0.441988 0.441988 6 
5.000000 0.098499 0.028906 63.285676 118.112113 0.441988 0.441988 6


5.000000 0.103467 0.065471 63.285676 118.112113 0.441988 0.441988 6 
5.000000 0.107061 0.029081 63.285676 118.112113 0.441988 0.441988 6


5.000000 0.116254 0.063095 63.285676 118.112113 0.441988 0.441988 6 
5.000000 0.115623 0.029256 63.285676 118.112113 0.441988 0.441988 6


5.000000 0.129042 0.060718 63.285676 118.112113 0.441988 0.441988 6 
5.000000 0.124185 0.029431 63.285676 118.112113 0.441988 0.441988 6


5.000000 0.141829 0.058342 63.285676 118.112113 0.441988 0.441988 6 
5.000000 0.132747 0.029606 63.285676 118.112113 0.441988 0.441988 6


5.000000 0.154616 0.055966 63.285676 118.112113 0.441988 0.441988 6 
5.000000 0.141309 0.029781 63.285676 118.112113 0.441988 0.441988 6


5.000000 0.077892 0.070224 63.285676 118.112113 0.441988 0.441988 6
5.000000 0.154616 0.055966 63.285676 118.112113 0.441988 0.441988 6


5.000000 0.079899 0.063308 63.285676 118.112113 0.441988 0.441988 6
5.000000 0.152399 0.051602 63.285676 118.112113 0.441988 0.441988 6


5.000000 0.081907 0.056393 63.285676 118.112113 0.441988 0.441988 6
5.000000 0.150181 0.047238 63.285676 118.112113 0.441988 0.441988 6


5.000000 0.083914 0.049477 63.285676 118.112113 0.441988 0.441988 6
5.000000 0.147963 0.042874 63.285676 118.112113 0.441988 0.441988 6


5.000000 0.085922 0.042562 63.285676 118.112113 0.441988 0.441988 6
5.000000 0.145745 0.038510 63.285676 118.112113 0.441988 0.441988 6


5.000000 0.087929 0.035646 63.285676 118.112113 0.441988 0.441988 6
5.000000 0.143527 0.034145 63.285676 118.112113 0.441988 0.441988 6


5.000000 0.089937 0.028731 63.285676 118.112113 0.441988 0.441988 6
5.000000 0.141309 0.029781 63.285676 118.112113 0.441988 0.441988 6




5.000000 0.022530 0.026065 61.769292 112.457162 0.763767 0.763767 7 
5.000000 0.089937 0.028731 61.769292 112.457162 0.763767 0.763767 7


5.000000 0.018775 0.034221 61.769292 112.457162 0.763767 0.763767 7 
5.000000 0.087929 0.035646 61.769292 112.457162 0.763767 0.763767 7


5.000000 0.015020 0.042377 61.769292 112.457162 0.763767 0.763767 7 
5.000000 0.085922 0.042562 61.769292 112.457162 0.763767 0.763767 7


5.000000 0.011265 0.050533 61.769292 112.457162 0.763767 0.763767 7 
5.000000 0.083914 0.049477 61.769292 112.457162 0.763767 0.763767 7


5.000000 0.007510 0.058688 61.769292 112.457162 0.763767 0.763767 7 
5.000000 0.081907 0.056393 61.769292 112.457162 0.763767 0.763767 7


5.000000 0.003755 0.066844 61.769292 112.457162 0.763767 0.763767 7 
5.000000 0.079899 0.063308 61.769292 112.457162 0.763767 0.763767 7


5.000000 0.000000 0.075000 61.769292 112.457162 0.763767 0.763767 7 
5.000000 0.077892 0.070224 61.769292 112.457162 0.763767 0.763767 7


5.000000 0.022530 0.026065 61.769292 112.457162 0.763767 0.763767 7
5.000000 0.000000 0.075000 61.769292 112.457162 0.763767 0.763767 7


5.000000 0.033764 0.026509 61.769292 112.457162 0.763767 0.763767 7
5.000000 0.012982 0.074204 61.769292 112.457162 0.763767 0.763767 7


5.000000 0.044999 0.026954 61.769292 112.457162 0.763767 0.763767 7
5.000000 0.025964 0.073408 61.769292 112.457162 0.763767 0.763767 7


5.000000 0.056233 0.027398 61.769292 112.457162 0.763767 0.763767 7
5.000000 0.038946 0.072612 61.769292 112.457162 0.763767 0.763767 7


5.000000 0.067468 0.027842 61.769292 112.457162 0.763767 0.763767 7
5.000000 0.051928 0.071816 61.769292 112.457162 0.763767 0.763767 7


5.000000 0.078702 0.028286 61.769292 112.457162 0.763767 0.763767 7
5.000000 0.064910 0.071020 61.769292 112.457162 0.763767 0.763767 7


5.000000 0.089937 0.028731 61.769292 112.457162 0.763767 0.763767 7
5.000000 0.077892 0.070224 61.769292 112.457162 0.763767 0.763767 7




5.000000 0.118208 -0.010857 61.619586 121.250431 0.812386 0.812386 8 
5.000000 0.049121 -0.020145 61.619586 121.250431 0.812386 0.812386 8


5.000000 0.124276 -0.018375 61.619586 121.250431 0.812386 0.812386 8 
5.000000 0.053916 -0.028492 61.619586 121.250431 0.812386 0.812386 8


5.000000 0.130344 -0.025893 61.619586 121.250431 0.812386 0.812386 8 
5.000000 0.058711 -0.036838 61.619586 121.250431 0.812386 0.812386 8


5.000000 0.136412 -0.033411 61.619586 121.250431 0.812386 0.812386 8 
5.000000 0.063506 -0.045184 61.619586 121.250431 0.812386 0.812386 8


5.000000 0.142480 -0.040929 61.619586 121.250431 0.812386 0.812386 8 
5.000000 0.068302 -0.053531 61.619586 121.250431 0.812386 0.812386 8


5.000000 0.148548 -0.048448 61.619586 121.250431 0.812386 0.812386 8 
5.000000 0.073097 -0.061877 61.619586 121.250431 0.812386 0.812386 8


5.000000 0.154616 -0.055966 61.619586 121.250431 0.812386 0.812386 8 
5.000000 0.077892 -0.070224 61.619586 121.250431 0.812386 0.812386 8


5.000000 0.118208 -0.010857 61.619586 121.250431 0.812386 0.812386 8
5.000000 0.154616 -0.055966 61.619586 121.250431 0.812386 0.812386 8


5.000000 0.106694 -0.012405 61.619586 121.250431 0.812386 0.812386 8
5.000000 0.141829 -0.058342 61.619586 121.250431 0.812386 0.812386 8


5.000000 0.095179 -0.013953 61.619586 121.250431 0.812386 0.812386 8
5.000000 0.129042 -0.060718 61.619586 121.250431 0.812386 0.812386 8


5.000000 0.083665 -0.015501 61.619586 121.250431 0.812386 0.812386 8
5.000000 0.116254 -0.063095 61.619586 121.250431 0.812386 0.812386 8


5.000000 0.072150 -0.017049 61.619586 121.250431 0.812386 0.812386 8
5.000000 0.103467 -0.065471 61.619586 121.250431 0.812386 0.812386 8


5.000000 0.060635 -0.018597 61.619586 121.250431 0.812386 0.812386 8
5.000000 0.090679 -0.067847 61.619586 121.250431 0.812386 0.812386 8


5.000000 0.049121 -0.020145 61.619586 121.250431 0.812386 0.812386 8
5.000000 0.077892 -0.070224 61.619586 121.250431 0.812386 0.812386 8




5.000000 0.229024 -0.032440 54.304934 129.016496 0.721187 0.721187 9 
5.000000 0.179374 0.004648 54.304934 129.016496 0.721187 0.721187 9


5.000000 0.216623 -0.036361 54.304934 129.016496 0.721187 0.721187 9 
5.000000 0.169180 0.002064 54.304934 129.016496 0.721187 0.721187 9


5.000000 0.204222 -0.040282 54.304934 129.016496 0.721187 0.721187 9 
5.000000 0.158986 -0.000520 54.304934 129.016496 0.721187 0.721187 9


5.000000 0.191820 -0.044203 54.304934 129.016496 0.721187 0.721187 9 
5.000000 0.148791 -0.003105 54.304934 129.016496 0.721187 0.721187 9


5.000000 0.179419 -0.048124 54.304934 129.016496 0.721187 0.721187 9 
5.000000 0.138597 -0.005689 54.304934 129.016496 0.721187 0.721187 9


5.000000 0.167018 -0.052045 54.304934 129.016496 0.721187 0.721187 9 
5.000000 0.128403 -0.008273 54.304934 129.016496 0.721187 0.721187 9


5.000000 0.154616 -0.055966 54.304934 129.016496 0.721187 0.721187 9 
5.000000 0.118208 -0.010857 54.304934 129.016496 0.721187 0.721187 9


5.000000 0.229024 -0.032440 54.304934 129.016496 0.721187 0.721187 9
5.000000 0.154616 -0.055966 54.304934 129.016496 0.721187 0.721187 9


5.000000 0.220749 -0.026259 54.304934 129.016496 0.721187 0.721187 9
5.000000 0.148548 -0.048448 54.304934 129.016496 0.721187 0.721187 9


5.000000 0.212474 -0.020078 54.304934 129.016496 0.721187 0.721187 9
5.000000 0.142480 -0.040929 54.304934 129.016496 0.721187 0.721187 9


5.000000 0.204199 -0.013896 54.304934 129.016496 0.721187 0.721187 9
5.000000 0.136412 -0.033411 54.304934 129.016496 0.721187 0.721187 9


5.000000 0.195924 -0.007715 54.304934 129.016496 0.721187 0.721187 9
5.000000 0.130344 -0.025893 54.304934 129.016496 0.721187 0.721187 9


5.000000 0.187649 -0.001534 54.304934 129.016496 0.721187 0.721187 9
5.000000 0.124276 -0.018375 54.304934 129.016496 0.721187 0.721187 9


5.000000 0.179374 0.004648 54.304934 129.016496 0.721187 0.721187 9
5.000000 0.118208 -0.010857 54.304934 129.016496 0.721187 0.721187 9




5.000000 0.229024 0.032440 49.126717 126.197662 0.699530 0.699530 10 
5.000000 0.179374 0.004648 49.126717 126.197662 0.699530 0.699530 10


5.000000 0.240853 0.027034 49.126717 126.197662 0.699530 0.699530 10 
5.000000 0.187649 -0.001534 49.126717 126.197662 0.699530 0.699530 10


5.000000 0.252683 0.021627 49.126717 126.197662 0.699530 0.699530 10 
5.000000 0.195924 -0.007715 49.126717 126.197662 0.699530 0.699530 10


5.000000 0.264512 0.016220 49.126717 126.197662 0.699530 0.699530 10 
5.000000 0.204199 -0.013896 49.126717 126.197662 0.699530 0.699530 10


5.000000 0.276341 0.010813 49.126717 126.197662 0.699530 0.699530 10 
5.000000 0.212474 -0.020078 49.126717 126.197662 0.699530 0.699530 10


5.000000 0.288171 0.005407 49.126717 126.197662 0.699530 0.699530 10 
5.000000 0.220749 -0.026259 49.126717 126.197662 0.699530 0.699530 10


5.000000 0.300000 0.000000 49.126717 126.197662 0.699530 0.699530 10 
5.000000 0.229024 -0.032440 49.126717 126.197662 0.699530 0.699530 10


5.000000 0.229024 0.032440 49.126717 126.197662 0.699530 0.699530 10
5.000000 0.300000 0.000000 49.126717 126.197662 0.699530 0.699530 10


5.000000 0.220749 0.027808 49.126717 126.197662 0.699530 0.699530 10
5.000000 0.288171 -0.005407 49.126717 126.197662 0.699530 0.699530 10


5.000000 0.212474 0.023176 49.126717 126.197662 0.699530 0.699530 10
5.000000 0.276341 -0.010813 49.126717 126.197662 0.699530 0.699530 10


5.000000 0.204199 0.018544 49.126717 126.197662 0.699530 0.699530 10
5.000000 0.264512 -0.016220 49.126717 126.197662 0.699530 0.699530 10


5.000000 0.195924 0.013912 49.126717 126.197662 0.699530 0.699530 10
5.000000 0.252683 -0.021627 49.126717 126.197662 0.699530 0.699530 10


5.000000 0.187649 0.009280 49.126717 126.197662 0.699530 0.699530 10
5.000000 0.240853 -0.027034 49.126717 126.197662 0.699530 0.699530 10


5.000000 0.179374 0.004648 49.126717 126.197662 0.699530 0.699530 10
5.000000 0.229024 -0.032440 49.126717 126.197662 0.699530 0.699530 10




5.000000 0.141309 0.029781 46.784308 117.325162 0.411363 0.411363 11 
5.000000 0.179374 0.004648 46.784308 117.325162 0.411363 0.411363 11


5.000000 0.143527 0.034145 46.784308 117.325162 0.411363 0.411363 11 
5.000000 0.187649 0.009280 46.784308 117.325162 0.411363 0.411363 11


5.000000 0.145745 0.038510 46.784308 117.325162 0.411363 0.411363 11 
5.000000 0.195924 0.013912 46.784308 117.325162 0.411363 0.411363 11


5.000000 0.147963 0.042874 46.784308 117.325162 0.411363 0.411363 11 
5.000000 0.204199 0.018544 46.784308 117.325162 0.411363 0.411363 11


5.000000 0.150181 0.047238 46.784308 117.325162 0.411363 0.411363 11 
5.000000 0.212474 0.023176 46.784308 117.325162 0.411363 0.411363 11


5.000000 0.152399 0.051602 46.784308 117.325162 0.411363 0.411363 11 
5.000000 0.220749 0.027808 46.784308 117.325162 0.411363 0.411363 11


5.000000 0.154616 0.055966 46.784308 117.325162 0.411363 0.411363 11 
5.000000 0.229024 0.032440 46.784308 117.325162 0.411363 0.411363 11


5.000000 0.141309 0.029781 46.784308 117.325162 0.411363 0.411363 11
5.000000 0.154616 0.055966 46.784308 117.325162 0.411363 0.411363 11


5.000000 0.147653 0.025592 46.784308 117.325162 0.411363 0.411363 11
5.000000 0.167018 0.052045 46.784308 117.325162 0.411363 0.411363 11


5.000000 0.153998 0.021404 46.784308 117.325162 0.411363 0.411363 11
5.000000 0.179419 0.048124 46.784308 117.325162 0.411363 0.411363 11


5.000000 0.160342 0.017215 46.784308 117.325162 0.411363 0.411363 11
5.000000 0.191820 0.044203 46.784308 117.325162 0.411363 0.411363 11


5.000000 0.166686 0.013026 46.784308 117.325162 0.411363 0.411363 11
5.000000 0.204222 0.040282 46.784308 117.325162 0.411363 0.411363 11


5.000000 0.173030 0.008837 46.784308 117.325162 0.411363 0.411363 11
5.000000 0.216623 0.036361 46.784308 117.325162 0.411363 0.411363 11


5.000000 0.179374 0.004648 46.784308 117.325162 0.411363 0.411363 11
5.000000 0.229024 0.032440 46.784308 117.325162 0.411363 0.411363 11




5.000000 -0.077892 -0.070224 63.660217 118.066244 0.444389 0.444389 12 
5.000000 -0.089735 -0.028404 63.660217 118.066244 0.444389 0.444389 12


5.000000 -0.090679 -0.067847 63.660217 118.066244 0.444389 0.444389 12 
5.000000 -0.098300 -0.028572 63.660217 118.066244 0.444389 0.444389 12


5.000000 -0.103467 -0.065471 63.660217 118.066244 0.444389 0.444389 12 
5.000000 -0.106864 -0.028741 63.660217 118.066244 0.444389 0.444389 12


5.000000 -0.116254 -0.063095 63.660217 118.066244 0.444389 0.444389 12 
5.000000 -0.115428 -0.028909 63.660217 118.066244 0.444389 0.444389 12


5.000000 -0.129042 -0.060718 63.660217 118.066244 0.444389 0.444389 12 
5.000000 -0.123993 -0.029077 63.660217 118.066244 0.444389 0.444389 12


5.000000 -0.141829 -0.058342 63.660217 118.066244 0.444389 0.444389 12 
5.000000 -0.132557 -0.029245 63.660217 118.066244 0.444389 0.444389 12


5.000000 -0.154616 -0.055966 63.660217 118.066244 0.444389 0.444389 12 
5.000000 -0.141122 -0.029413 63.660217 118.066244 0.444389 0.444389 12


5.000000 -0.077892 -0.070224 63.660217 118.066244 0.444389 0.444389 12
5.000000 -0.154616 -0.055966 63.660217 118.066244 0.444389 0.444389 12


5.000000 -0.079866 -0.063254 63.660217 118.066244 0.444389 0.444389 12
5.000000 -0.152367 -0.051540 63.660217 118.066244 0.444389 0.444389 12


5.000000 -0.081840 -0.056284 63.660217 118.066244 0.444389 0.444389 12
5.000000 -0.150118 -0.047115 63.660217 118.066244 0.444389 0.444389 12


5.000000 -0.083814 -0.049314 63.660217 118.066244 0.444389 0.444389 12
5.000000 -0.147869 -0.042690 63.660217 118.066244 0.444389 0.444389 12


5.000000 -0.085788 -0.042344 63.660217 118.066244 0.444389 0.444389 12
5.000000 -0.145620 -0.038264 63.660217 118.066244 0.444389 0.444389 12


5.000000 -0.087761 -0.035374 63.660217 118.066244 0.444389 0.444389 12
5.000000 -0.143371 -0.033839 63.660217 118.066244 0.444389 0.444389 12


5.000000 -0.089735 -0.028404 63.660217 118.066244 0.444389 0.444389 12
5.000000 -0.141122 -0.029413 63.660217 118.066244 0.444389 0.444389 12




5.000000 -0.022329 -0.025708 62.120904 112.079437 0.763726 0.763726 13 
5.000000 -0.089735 -0.028404 62.120904 112.079437 0.763726 0.763726 13


5.000000 -0.018607 -0.033923 62.120904 112.079437 0.763726 0.763726 13 
5.000000 -0.087761 -0.035374 62.120904 112.079437 0.763726 0.763726 13


5.000000 -0.014886 -0.042139 62.120904 112.079437 0.763726 0.763726 13 
5.000000 -0.085788 -0.042344 62.120904 112.079437 0.763726 0.763726 13


5.000000 -0.011164 -0.050354 62.120904 112.079437 0.763726 0.763726 13 
5.000000 -0.083814 -0.049314 62.120904 112.079437 0.763726 0.763726 13


5.000000 -0.007443 -0.058569 62.120904 112.079437 0.763726 0.763726 13 
5.000000 -0.081840 -0.056284 62.120904 112.079437 0.763726 0.763726 13


5.000000 -0.003721 -0.066785 62.120904 112.079437 0.763726 0.763726 13 
5.000000 -0.079866 -0.063254 62.120904 112.079437 0.763726 0.763726 13


5.000000 0.000000 -0.075000 62.120904 112.079437 0.763726 0.763726 13 
5.000000 -0.077892 -0.070224 62.120904 112.079437 0.763726 0.763726 13


5.000000 -0.022329 -0.025708 62.120904 112.079437 0.763726 0.763726 13
5.000000 0.000000 -0.075000 62.120904 112.079437 0.763726 0.763726 13


5.000000 -0.033563 -0.026157 62.120904 112.079437 0.763726 0.763726 13
5.000000 -0.012982 -0.074204 62.120904 112.079437 0.763726 0.763726 13


5.000000 -0.044798 -0.026607 62.120904 112.079437 0.763726 0.763726 13
5.000000 -0.025964 -0.073408 62.120904 112.079437 0.763726 0.763726 13


5.000000 -0.056032 -0.027056 62.120904 112.079437 0.763726 0.763726 13
5.000000 -0.038946 -0.072612 62.120904 112.079437 0.763726 0.763726 13


5.000000 -0.067267 -0.027505 62.120904 112.079437 0.763726 0.763726 13
5.000000 -0.051928 -0.071816 62.120904 112.079437 0.763726 0.763726 13


5.000000 -0.078501 -0.027955 62.120904 112.079437 0.763726 0.763726 13
5.000000 -0.064910 -0.071020 62.120904 112.079437 0.763726 0.763726 13


5.000000 -0.089735 -0.028404 62.120904 112.079437 0.763726 0.763726 13
5.000000 -0.077892 -0.070224 62.120904 112.079437 0.763726 0.763726 13




5.000000 -0.179279 -0.004472 47.552564 145.704558 0.459261 0.459261 14 
5.000000 -0.141122 -0.029413 47.552564 145.704558 0.459261 0.459261 14


5.000000 -0.169063 -0.001852 47.552564 145.704558 0.459261 0.459261 14 
5.000000 -0.132557 -0.029245 47.552564 145.704558 0.459261 0.459261 14


5.000000 -0.158846 0.000768 47.552564 145.704558 0.459261 0.459261 14 
5.000000 -0.123993 -0.029077 47.552564 145.704558 0.459261 0.459261 14


5.000000 -0.148630 0.003388 47.552564 145.704558 0.459261 0.459261 14 
5.000000 -0.115428 -0.028909 47.552564 145.704558 0.459261 0.459261 14


5.000000 -0.138413 0.006007 47.552564 145.704558 0.459261 0.459261 14 
5.000000 -0.106864 -0.028741 47.552564 145.704558 0.459261 0.459261 14


5.000000 -0.128197 0.008627 47.552564 145.704558 0.459261 0.459261 14 
5.000000 -0.098300 -0.028572 47.552564 145.704558 0.459261 0.459261 14


5.000000 -0.117981 0.011247 47.552564 145.704558 0.459261 0.459261 14 
5.000000 -0.089735 -0.028404 47.552564 145.704558 0.459261 0.459261 14


5.000000 -0.179279 -0.004472 47.552564 145.704558 0.459261 0.459261 14
5.000000 -0.117981 0.011247 47.552564 145.704558 0.459261 0.459261 14


5.000000 -0.172920 -0.008629 47.552564 145.704558 0.459261 0.459261 14
5.000000 -0.113273 0.004638 47.552564 145.704558 0.459261 0.459261 14


5.000000 -0.166560 -0.012786 47.552564 145.704558 0.459261 0.459261 14
5.000000 -0.108565 -0.001970 47.552564 145.704558 0.459261 0.459261 14


5.000000 -0.160200 -0.016942 47.552564 145.704558 0.459261 0.459261 14
5.000000 -0.103858 -0.008579 47.552564 145.704558 0.459261 0.459261 14


5.000000 -0.153841 -0.021099 47.552564 145.704558 0.459261 0.459261 14
5.000000 -0.099150 -0.015187 47.552564 145.704558 0.459261 0.459261 14


5.000000 -0.147481 -0.025256 47.552564 145.704558 0.459261 0.459261 14
5.000000 -0.094443 -0.021796 47.552564 145.704558 0.459261 0.459261 14


5.000000 -0.141122 -0.029413 47.552564 145.704558 0.459261 0.459261 14
5.000000 -0.089735 -0.028404 47.552564 145.704558 0.459261 0.459261 14




5.000000 -0.141122 -0.029413 46.891852 117.483030 0.415139 0.415139 15 
5.000000 -0.179279 -0.004472 46.891852 117.483030 0.415139 0.415139 15


5.000000 -0.143371 -0.033839 46.891852 117.483030 0.415139 0.415139 15 
5.000000 -0.187570 -0.009133 46.891852 117.483030 0.415139 0.415139 15


5.000000 -0.145620 -0.038264 46.891852 117.483030 0.415139 0.415139 15 
5.000000 -0.195861 -0.013795 46.891852 117.483030 0.415139 0.415139 15


5.000000 -0.147869 -0.042690 46.891852 117.483030 0.415139 0.415139 15 
5.000000 -0.204152 -0.018456 46.891852 117.483030 0.415139 0.415139 15


5.000000 -0.150118 -0.047115 46.891852 117.483030 0.415139 0.415139 15 
5.000000 -0.212442 -0.023117 46.891852 117.483030 0.415139 0.415139 15


5.000000 -0.152367 -0.051540 46.891852 117.483030 0.415139 0.415139 15 
5.000000 -0.220733 -0.027779 46.891852 117.483030 0.415139 0.415139 15


5.000000 -0.154616 -0.055966 46.891852 117.483030 0.415139 0.415139 15 
5.000000 -0.229024 -0.032440 46.891852 117.483030 0.415139 0.415139 15


5.000000 -0.141122 -0.029413 46.891852 117.483030 0.415139 0.415139 15
5.000000 -0.154616 -0.055966 46.891852 117.483030 0.415139 0.415139 15


5.000000 -0.147481 -0.025256 46.891852 117.483030 0.415139 0.415139 15
5.000000 -0.167018 -0.052045 46.891852 117.483030 0.415139 0.415139 15


5.000000 -0.153841 -0.021099 46.891852 117.483030 0.415139 0.415139 15
5.000000 -0.179419 -0.048124 46.891852 117.483030 0.415139 0.415139 15


5.000000 -0.160200 -0.016942 46.891852 117.483030 0.415139 0.415139 15
5.000000 -0.191820 -0.044203 46.891852 117.483030 0.415139 0.415139 15


5.000000 -0.166560 -0.012786 46.891852 117.483030 0.415139 0.415139 15
5.000000 -0.204222 -0.040282 46.891852 117.483030 0.415139 0.415139 15


5.000000 -0.172920 -0.008629 46.891852 117.483030 0.415139 0.415139 15
5.000000 -0.216623 -0.036361 46.891852 117.483030 0.415139 0.415139 15


5.000000 -0.179279 -0.004472 46.891852 117.483030 0.415139 0.415139 15
5.000000 -0.229024 -0.032440 46.891852 117.483030 0.415139 0.415139 15




5.000000 -0.179279 -0.004472 54.121739 129.041472 0.726748 0.726748 16 
5.000000 -0.117981 0.011247 54.121739 129.041472 0.726748 0.726748 16


5.000000 -0.187570 0.001680 54.121739 129.041472 0.726748 0.726748 16 
5.000000 -0.124086 0.018700 54.121739 129.041472 0.726748 0.726748 16


5.000000 -0.195861 0.007832 54.121739 129.041472 0.726748 0.726748 16 
5.000000 -0.130192 0.026153 54.121739 129.041472 0.726748 0.726748 16


5.000000 -0.204152 0.013984 54.121739 129.041472 0.726748 0.726748 16 
5.000000 -0.136298 0.033606 54.121739 129.041472 0.726748 0.726748 16


5.000000 -0.212442 0.020136 54.121739 129.041472 0.726748 0.726748 16 
5.000000 -0.142404 0.041059 54.121739 129.041472 0.726748 0.726748 16


5.000000 -0.220733 0.026288 54.121739 129.041472 0.726748 0.726748 16 
5.000000 -0.148510 0.048513 54.121739 129.041472 0.726748 0.726748 16


5.000000 -0.229024 0.032440 54.121739 129.041472 0.726748 0.726748 16 
5.000000 -0.154616 0.055966 54.121739 129.041472 0.726748 0.726748 16


5.000000 -0.179279 -0.004472 54.121739 129.041472 0.726748 0.726748 16
5.000000 -0.229024 0.032440 54.121739 129.041472 0.726748 0.726748 16


5.000000 -0.169063 -0.001852 54.121739 129.041472 0.726748 0.726748 16
5.000000 -0.216623 0.036361 54.121739 129.041472 0.726748 0.726748 16


5.000000 -0.158846 0.000768 54.121739 129.041472 0.726748 0.726748 16
5.000000 -0.204222 0.040282 54.121739 129.041472 0.726748 0.726748 16


5.000000 -0.148630 0.003388 54.121739 129.041472 0.726748 0.726748 16
5.000000 -0.191820 0.044203 54.121739 129.041472 0.726748 0.726748 16


5.000000 -0.138413 0.006007 54.121739 129.041472 0.726748 0.726748 16
5.000000 -0.179419 0.048124 54.121739 129.041472 0.726748 0.726748 16


5.000000 -0.128197 0.008627 54.121739 129.041472 0.726748 0.726748 16
5.000000 -0.167018 0.052045 54.121739 129.041472 0.726748 0.726748 16


5.000000 -0.117981 0.011247 54.121739 129.041472 0.726748 0.726748 16
5.000000 -0.154616 0.055966 54.121739 129.041472 0.726748 0.726748 16




5.000000 -0.229024 -0.032440 49.126717 126.090118 0.700871 0.700871 17 
5.000000 -0.179279 -0.004472 49.126717 126.090118 0.700871 0.700871 17


5.000000 -0.240853 -0.027034 49.126717 126.090118 0.700871 0.700871 17 
5.000000 -0.187570 0.001680 49.126717 126.090118 0.700871 0.700871 17


5.000000 -0.252683 -0.021627 49.126717 126.090118 0.700871 0.700871 17 
5.000000 -0.195861 0.007832 49.126717 126.090118 0.700871 0.700871 17


5.000000 -0.264512 -0.016220 49.126717 126.090118 0.700871 0.700871 17 
5.000000 -0.204152 0.013984 49.126717 126.090118 0.700871 0.700871 17


5.000000 -0.276341 -0.010813 49.126717 126.090118 0.700871 0.700871 17 
5.000000 -0.212442 0.020136 49.126717 126.090118 0.700871 0.700871 17


5.000000 -0.288171 -0.005407 49.126717 126.090118 0.700871 0.700871 17 
5.000000 -0.220733 0.026288 49.126717 126.090118 0.700871 0.700871 17


5.000000 -0.300000 0.000000 49.126717 126.090118 0.700871 0.700871 17 
5.000000 -0.229024 0.032440 49.126717 126.090118 0.700871 0.700871 17


5.000000 -0.229024 -0.032440 49.126717 126.090118 0.700871 0.700871 17
5.000000 -0.300000 0.000000 49.126717 126.090118 0.700871 0.700871 17


5.000000 -0.220733 -0.027779 49.126717 126.090118 0.700871 0.700871 17
5.000000 -0.288171 0.005407 49.126717 126.090118 0.700871 0.700871 17


5.000000 -0.212442 -0.023117 49.126717 126.090118 0.700871 0.700871 17
5.000000 -0.276341 0.010813 49.126717 126.090118 0.700871 0.700871 17


5.000000 -0.204152 -0.018456 49.126717 126.090118 0.700871 0.700871 17
5.000000 -0.264512 0.016220 49.126717 126.090118 0.700871 0.700871 17


5.000000 -0.195861 -0.013795 49.126717 126.090118 0.700871 0.700871 17
5.000000 -0.252683 0.021627 49.126717 126.090118 0.700871 0.700871 17


5.000000 -0.187570 -0.009133 49.126717 126.090118 0.700871 0.700871 17
5.000000 -0.240853 0.027034 49.126717 126.090118 0.700871 0.700871 17


5.000000 -0.179279 -0.004472 49.126717 126.090118 0.700871 0.700871 17
5.000000 -0.229024 0.032440 49.126717 126.090118 0.700871 0.700871 17




5.000000 -0.048849 0.020559 62.207645 123.173269 0.797834 0.797834 18 
5.000000 -0.117981 0.011247 62.207645 123.173269 0.797834 0.797834 18


5.000000 -0.044429 0.012848 62.207645 123.173269 0.797834 0.797834 18 
5.000000 -0.113273 0.004638 62.207645 123.173269 0.797834 0.797834 18


5.000000 -0.040009 0.005137 62.207645 123.173269 0.797834 0.797834 18 
5.000000 -0.108565 -0.001970 62.207645 123.173269 0.797834 0.797834 18


5.000000 -0.035589 -0.002575 62.207645 123.173269 0.797834 0.797834 18 
5.000000 -0.103858 -0.008579 62.207645 123.173269 0.797834 0.797834 18


5.000000 -0.031169 -0.010286 62.207645 123.173269 0.797834 0.797834 18 
5.000000 -0.099150 -0.015187 62.207645 123.173269 0.797834 0.797834 18


5.000000 -0.026749 -0.017997 62.207645 123.173269 0.797834 0.797834 18 
5.000000 -0.094443 -0.021796 62.207645 123.173269 0.797834 0.797834 18


5.000000 -0.022329 -0.025708 62.207645 123.173269 0.797834 0.797834 18 
5.000000 -0.089735 -0.028404 62.207645 123.173269 0.797834 0.797834 18


5.000000 -0.048849 0.020559 62.207645 123.173269 0.797834 0.797834 18
5.000000 -0.022329 -0.025708 62.207645 123.173269 0.797834 0.797834 18


5.000000 -0.060371 0.019007 62.207645 123.173269 0.797834 0.797834 18
5.000000 -0.033563 -0.026157 62.207645 123.173269 0.797834 0.797834 18


5.000000 -0.071893 0.017455 62.207645 123.173269 0.797834 0.797834 18
5.000000 -0.044798 -0.026607 62.207645 123.173269 0.797834 0.797834 18


5.000000 -0.083415 0.015903 62.207645 123.173269 0.797834 0.797834 18
5.000000 -0.056032 -0.027056 62.207645 123.173269 0.797834 0.797834 18


5.000000 -0.094937 0.014351 62.207645 123.173269 0.797834 0.797834 18
5.000000 -0.067267 -0.027505 62.207645 123.173269 0.797834 0.797834 18


5.000000 -0.106459 0.012799 62.207645 123.173269 0.797834 0.797834 18
5.000000 -0.078501 -0.027955 62.207645 123.173269 0.797834 0.797834 18


5.000000 -0.117981 0.011247 62.207645 123.173269 0.797834 0.797834 18
5.000000 -0.089735 -0.028404 62.207645 123.173269 0.797834 0.797834 18




5.000000 0.089937 0.028731 47.659757 145.392427 0.465486 0.465486 19 
5.000000 0.118208 -0.010857 47.659757 145.392427 0.465486 0.465486 19


5.000000 0.098499 0.028906 47.659757 145.392427 0.465486 0.465486 19 
5.000000 0.128403 -0.008273 47.659757 145.392427 0.465486 0.465486 19


5.000000 0.107061 0.029081 47.659757 145.392427 0.465486 0.465486 19 
5.000000 0.138597 -0.005689 47.659757 145.392427 0.465486 0.465486 19


5.000000 0.115623 0.029256 47.659757 145.392427 0.465486 0.465486 19 
5.000000 0.148791 -0.003105 47.659757 145.392427 0.465486 0.465486 19


5.000000 0.124185 0.029431 47.659757 145.392427 0.465486 0.465486 19 
5.000000 0.158986 -0.000520 47.659757 145.392427 0.465486 0.465486 19


5.000000 0.132747 0.029606 47.659757 145.392427 0.465486 0.465486 19 
5.000000 0.169180 0.002064 47.659757 145.392427 0.465486 0.465486 19


5.000000 0.141309 0.029781 47.659757 145.392427 0.465486 0.465486 19 
5.000000 0.179374 0.004648 47.659757 145.392427 0.465486 0.465486 19


5.000000 0.089937 0.028731 47.659757 145.392427 0.465486 0.465486 19
5.000000 0.141309 0.029781 47.659757 145.392427 0.465486 0.465486 19


5.000000 0.094648 0.022133 47.659757 145.392427 0.465486 0.465486 19
5.000000 0.147653 0.025592 47.659757 145.392427 0.465486 0.465486 19


5.000000 0.099360 0.015535 47.659757 145.392427 0.465486 0.465486 19
5.000000 0.153998 0.021404 47.659757 145.392427 0.465486 0.465486 19


5.000000 0.104072 0.008937 47.659757 145.392427 0.465486 0.465486 19
5.000000 0.160342 0.017215 47.659757 145.392427 0.465486 0.465486 19


5.000000 0.108784 0.002339 47.659757 145.392427 0.465486 0.465486 19
5.000000 0.166686 0.013026 47.659757 145.392427 0.465486 0.465486 19


5.000000 0.113496 -0.004259 47.659757 145.392427 0.465486 0.465486 19
5.000000 0.173030 0.008837 47.659757 145.392427 0.465486 0.465486 19


5.000000 0.118208 -0.010857 47.659757 145.392427 0.465486 0.465486 19
5.000000 0.179374 0.004648 47.659757 145.392427 0.465486 0.465486 19




