-0.379620 0.500000 -0.204741 24 -0.104741 0.170380 
-0.396949 0.500000 -0.165503 34 -0.065503 0.153051 
-0.387635 0.500000 -0.138827 36 -0.038827 0.162365 
-0.369629 0.500000 -0.186409 23 -0.086409 0.180371 
-0.379620 0.500000 -0.204741 24 -0.104741 0.170380


-0.383458 0.500000 -0.173870 1 -0.073870 0.166542


-0.408702 0.500000 -0.188316 2 -0.088316 0.141298 
-0.396949 0.500000 -0.165503 34 -0.065503 0.153051 
-0.379620 0.500000 -0.204741 24 -0.104741 0.170380 
-0.391467 0.500000 -0.221931 1 -0.121931 0.158533 
-0.408702 0.500000 -0.188316 2 -0.088316 0.141298


-0.394184 0.500000 -0.195123 2 -0.095123 0.155816


-0.404783 0.500000 -0.101933 48 -0.001933 0.145217 
-0.387635 0.500000 -0.138827 36 -0.038827 0.162365 
-0.396949 0.500000 -0.165503 34 -0.065503 0.153051 
-0.412248 0.500000 -0.130196 32 -0.030196 0.137752 
-0.404783 0.500000 -0.101933 48 -0.001933 0.145217


-0.400404 0.500000 -0.134115 3 -0.034115 0.149596


-0.350569 0.500000 -0.084931 18 0.015069 0.199431 
-0.353583 0.500000 -0.079833 35 0.020167 0.196417 
-0.354934 0.500000 -0.069295 27 0.030705 0.195066 
-0.353226 0.500000 -0.064223 17 0.035777 0.196774 
-0.350569 0.500000 -0.084931 18 0.015069 0.199431


-0.353078 0.500000 -0.074570 4 0.025430 0.196922


-0.355246 0.500000 -0.085274 26 0.014726 0.194754 
-0.353583 0.500000 -0.079833 35 0.020167 0.196417 
-0.350569 0.500000 -0.084931 18 0.015069 0.199431 
-0.350084 0.500000 -0.105803 19 -0.005803 0.199916 
-0.355246 0.500000 -0.085274 26 0.014726 0.194754


-0.352370 0.500000 -0.088960 5 0.011040 0.197630


-0.355246 0.500000 -0.085274 26 0.014726 0.194754 
-0.357944 0.500000 -0.063934 39 0.036066 0.192056 
-0.354934 0.500000 -0.069295 27 0.030705 0.195066 
-0.353583 0.500000 -0.079833 35 0.020167 0.196417 
-0.355246 0.500000 -0.085274 26 0.014726 0.194754


-0.355427 0.500000 -0.074584 6 0.025416 0.194573


-0.363538 0.500000 -0.057336 29 0.042664 0.186462 
-0.371927 0.500000 -0.049809 45 0.050191 0.178073 
-0.373832 0.500000 -0.005318 14 0.094682 0.176168 
-0.364921 0.500000 -0.024198 15 0.075802 0.185079 
-0.363538 0.500000 -0.057336 29 0.042664 0.186462


-0.368554 0.500000 -0.034165 7 0.065835 0.181446


-0.379843 0.500000 -0.101537 46 -0.001537 0.170157 
-0.383731 0.500000 -0.039167 42 0.060833 0.166269 
-0.371927 0.500000 -0.049809 45 0.050191 0.178073 
-0.366618 0.500000 -0.097498 33 0.002502 0.183382 
-0.379843 0.500000 -0.101537 46 -0.001537 0.170157


-0.375530 0.500000 -0.072003 8 0.027997 0.174470


-0.371927 0.500000 -0.049809 45 0.050191 0.178073 
-0.383731 0.500000 -0.039167 42 0.060833 0.166269 
-0.384662 0.500000 0.012531 13 0.112531 0.165338 
-0.373832 0.500000 -0.005318 14 0.094682 0.176168 
-0.371927 0.500000 -0.049809 45 0.050191 0.178073


-0.378538 0.500000 -0.020441 9 0.079559 0.171462


-0.397293 0.500000 0.029154 12 0.129154 0.152707 
-0.398782 0.500000 -0.018369 43 0.081631 0.151218 
-0.414440 0.500000 0.001261 47 0.101261 0.135560 
-0.411589 0.500000 0.044369 11 0.144369 0.138411 
-0.397293 0.500000 0.029154 12 0.129154 0.152707


-0.405526 0.500000 0.014104 10 0.114104 0.144474


-0.383731 0.500000 -0.039167 42 0.060833 0.166269 
-0.398782 0.500000 -0.018369 43 0.081631 0.151218 
-0.397293 0.500000 0.029154 12 0.129154 0.152707 
-0.384662 0.500000 0.012531 13 0.112531 0.165338 
-0.383731 0.500000 -0.039167 42 0.060833 0.166269


-0.391117 0.500000 -0.003963 11 0.096037 0.158883


-0.433475 0.500000 -0.053579 40 0.046421 0.116525 
-0.447933 0.500000 -0.043080 6 0.056920 0.102067 
-0.449968 0.500000 -0.005359 7 0.094641 0.100032 
-0.432654 0.500000 -0.019826 31 0.080174 0.117346 
-0.433475 0.500000 -0.053579 40 0.046421 0.116525


-0.441008 0.500000 -0.030461 12 0.069539 0.108992


-0.448832 0.500000 0.032400 8 0.132400 0.101168 
-0.430823 0.500000 0.018062 37 0.118062 0.119177 
-0.432654 0.500000 -0.019826 31 0.080174 0.117346 
-0.449968 0.500000 -0.005359 7 0.094641 0.100032 
-0.448832 0.500000 0.032400 8 0.132400 0.101168


-0.440569 0.500000 0.006319 13 0.106319 0.109431


-0.427393 0.500000 0.058011 10 0.158011 0.122607 
-0.430823 0.500000 0.018062 37 0.118062 0.119177 
-0.448832 0.500000 0.032400 8 0.132400 0.101168 
-0.444533 0.500000 0.069931 9 0.169931 0.105467 
-0.427393 0.500000 0.058011 10 0.158011 0.122607


-0.437895 0.500000 0.044601 14 0.144601 0.112105


-0.414440 0.500000 0.001261 47 0.101261 0.135560 
-0.430823 0.500000 0.018062 37 0.118062 0.119177 
-0.427393 0.500000 0.058011 10 0.158011 0.122607 
-0.411589 0.500000 0.044369 11 0.144369 0.138411 
-0.414440 0.500000 0.001261 47 0.101261 0.135560


-0.421061 0.500000 0.030426 15 0.130426 0.128939


-0.379843 0.500000 -0.101537 46 -0.001537 0.170157 
-0.366618 0.500000 -0.097498 33 0.002502 0.183382 
-0.355632 0.500000 -0.147130 21 -0.047130 0.194368 
-0.361604 0.500000 -0.167135 22 -0.067135 0.188396 
-0.379843 0.500000 -0.101537 46 -0.001537 0.170157


-0.365924 0.500000 -0.128325 16 -0.028325 0.184076


-0.387635 0.500000 -0.138827 36 -0.038827 0.162365 
-0.379843 0.500000 -0.101537 46 -0.001537 0.170157 
-0.361604 0.500000 -0.167135 22 -0.067135 0.188396 
-0.369629 0.500000 -0.186409 23 -0.086409 0.180371 
-0.387635 0.500000 -0.138827 36 -0.038827 0.162365


-0.374678 0.500000 -0.148477 17 -0.048477 0.175322


-0.412248 0.500000 -0.130196 32 -0.030196 0.137752 
-0.396949 0.500000 -0.165503 34 -0.065503 0.153051 
-0.408702 0.500000 -0.188316 2 -0.088316 0.141298 
-0.423056 0.500000 -0.153373 3 -0.053373 0.126944 
-0.412248 0.500000 -0.130196 32 -0.030196 0.137752


-0.410239 0.500000 -0.159347 18 -0.059347 0.139761


-0.358028 0.500000 -0.043905 16 0.056095 0.191972 
-0.357944 0.500000 -0.063934 39 0.036066 0.192056 
-0.363538 0.500000 -0.057336 29 0.042664 0.186462 
-0.364921 0.500000 -0.024198 15 0.075802 0.185079 
-0.358028 0.500000 -0.043905 16 0.056095 0.191972


-0.361108 0.500000 -0.047343 19 0.052657 0.188892


-0.354934 0.500000 -0.069295 27 0.030705 0.195066 
-0.357944 0.500000 -0.063934 39 0.036066 0.192056 
-0.358028 0.500000 -0.043905 16 0.056095 0.191972 
-0.353226 0.500000 -0.064223 17 0.035777 0.196774 
-0.354934 0.500000 -0.069295 27 0.030705 0.195066


-0.356033 0.500000 -0.060339 20 0.039661 0.193967


-0.355246 0.500000 -0.085274 26 0.014726 0.194754 
-0.359295 0.500000 -0.091676 44 0.008324 0.190705 
-0.363538 0.500000 -0.057336 29 0.042664 0.186462 
-0.357944 0.500000 -0.063934 39 0.036066 0.192056 
-0.355246 0.500000 -0.085274 26 0.014726 0.194754


-0.359006 0.500000 -0.074555 21 0.025445 0.190994


-0.404783 0.500000 -0.101933 48 -0.001933 0.145217 
-0.399776 0.500000 -0.065121 25 0.034879 0.150224 
-0.379843 0.500000 -0.101537 46 -0.001537 0.170157 
-0.387635 0.500000 -0.138827 36 -0.038827 0.162365 
-0.404783 0.500000 -0.101933 48 -0.001933 0.145217


-0.393009 0.500000 -0.101855 22 -0.001855 0.156991


-0.447933 0.500000 -0.043080 6 0.056920 0.102067 
-0.433475 0.500000 -0.053579 40 0.046421 0.116525 
-0.433658 0.500000 -0.077945 28 0.022055 0.116342 
-0.442741 0.500000 -0.080498 5 0.019502 0.107259 
-0.447933 0.500000 -0.043080 6 0.056920 0.102067


-0.439452 0.500000 -0.063776 23 0.036224 0.110548


-0.434430 0.500000 -0.117349 4 -0.017349 0.115570 
-0.424984 0.500000 -0.099784 41 0.000216 0.125016 
-0.412248 0.500000 -0.130196 32 -0.030196 0.137752 
-0.423056 0.500000 -0.153373 3 -0.053373 0.126944 
-0.434430 0.500000 -0.117349 4 -0.017349 0.115570


-0.423680 0.500000 -0.125175 24 -0.025175 0.126320


-0.419743 0.500000 -0.073568 30 0.026432 0.130257 
-0.404783 0.500000 -0.101933 48 -0.001933 0.145217 
-0.412248 0.500000 -0.130196 32 -0.030196 0.137752 
-0.424984 0.500000 -0.099784 41 0.000216 0.125016 
-0.419743 0.500000 -0.073568 30 0.026432 0.130257


-0.415440 0.500000 -0.101370 25 -0.001370 0.134560


-0.399776 0.500000 -0.065121 25 0.034879 0.150224 
-0.404783 0.500000 -0.101933 48 -0.001933 0.145217 
-0.419743 0.500000 -0.073568 30 0.026432 0.130257 
-0.416607 0.500000 -0.039213 38 0.060787 0.133393 
-0.399776 0.500000 -0.065121 25 0.034879 0.150224


-0.410227 0.500000 -0.069959 26 0.030041 0.139773


-0.351778 0.500000 -0.126611 20 -0.026611 0.198222 
-0.359295 0.500000 -0.091676 44 0.008324 0.190705 
-0.355246 0.500000 -0.085274 26 0.014726 0.194754 
-0.350084 0.500000 -0.105803 19 -0.005803 0.199916 
-0.351778 0.500000 -0.126611 20 -0.026611 0.198222


-0.354101 0.500000 -0.102341 27 -0.002341 0.195899


-0.366618 0.500000 -0.097498 33 0.002502 0.183382 
-0.359295 0.500000 -0.091676 44 0.008324 0.190705 
-0.351778 0.500000 -0.126611 20 -0.026611 0.198222 
-0.355632 0.500000 -0.147130 21 -0.047130 0.194368 
-0.366618 0.500000 -0.097498 33 0.002502 0.183382


-0.358331 0.500000 -0.115729 28 -0.015729 0.191669


-0.419743 0.500000 -0.073568 30 0.026432 0.130257 
-0.424984 0.500000 -0.099784 41 0.000216 0.125016 
-0.433658 0.500000 -0.077945 28 0.022055 0.116342 
-0.433475 0.500000 -0.053579 40 0.046421 0.116525 
-0.419743 0.500000 -0.073568 30 0.026432 0.130257


-0.427965 0.500000 -0.076219 29 0.023781 0.122035


-0.399776 0.500000 -0.065121 25 0.034879 0.150224 
-0.416607 0.500000 -0.039213 38 0.060787 0.133393 
-0.414440 0.500000 0.001261 47 0.101261 0.135560 
-0.398782 0.500000 -0.018369 43 0.081631 0.151218 
-0.399776 0.500000 -0.065121 25 0.034879 0.150224


-0.407401 0.500000 -0.030361 30 0.069639 0.142599


-0.433658 0.500000 -0.077945 28 0.022055 0.116342 
-0.424984 0.500000 -0.099784 41 0.000216 0.125016 
-0.434430 0.500000 -0.117349 4 -0.017349 0.115570 
-0.442741 0.500000 -0.080498 5 0.019502 0.107259 
-0.433658 0.500000 -0.077945 28 0.022055 0.116342


-0.433953 0.500000 -0.093894 31 0.006106 0.116047


-0.371927 0.500000 -0.049809 45 0.050191 0.178073 
-0.363538 0.500000 -0.057336 29 0.042664 0.186462 
-0.359295 0.500000 -0.091676 44 0.008324 0.190705 
-0.366618 0.500000 -0.097498 33 0.002502 0.183382 
-0.371927 0.500000 -0.049809 45 0.050191 0.178073


-0.365344 0.500000 -0.074080 32 0.025920 0.184656


-0.416607 0.500000 -0.039213 38 0.060787 0.133393 
-0.419743 0.500000 -0.073568 30 0.026432 0.130257 
-0.433475 0.500000 -0.053579 40 0.046421 0.116525 
-0.432654 0.500000 -0.019826 31 0.080174 0.117346 
-0.416607 0.500000 -0.039213 38 0.060787 0.133393


-0.425620 0.500000 -0.046546 33 0.053454 0.124380


-0.416607 0.500000 -0.039213 38 0.060787 0.133393 
-0.432654 0.500000 -0.019826 31 0.080174 0.117346 
-0.430823 0.500000 0.018062 37 0.118062 0.119177 
-0.414440 0.500000 0.001261 47 0.101261 0.135560 
-0.416607 0.500000 -0.039213 38 0.060787 0.133393


-0.423631 0.500000 -0.009929 34 0.090071 0.126369


-0.399776 0.500000 -0.065121 25 0.034879 0.150224 
-0.398782 0.500000 -0.018369 43 0.081631 0.151218 
-0.383731 0.500000 -0.039167 42 0.060833 0.166269 
-0.379843 0.500000 -0.101537 46 -0.001537 0.170157 
-0.399776 0.500000 -0.065121 25 0.034879 0.150224


-0.390533 0.500000 -0.056049 35 0.043951 0.159467


