-0.474776 0.500000 0.029499 89 0.129499 0.075224 
-0.464873 0.500000 0.051140 83 0.151140 0.085127 
-0.448832 0.500000 0.032400 42 0.132400 0.101168 
-0.449968 0.500000 -0.005359 43 0.094641 0.100032 
-0.474776 0.500000 0.029499 89 0.129499 0.075224


-0.459612 0.500000 0.026920 1 0.126920 0.090388


-0.464873 0.500000 0.051140 83 0.151140 0.085127 
-0.456576 0.500000 0.076839 40 0.176839 0.093424 
-0.444533 0.500000 0.069931 41 0.169931 0.105467 
-0.448832 0.500000 0.032400 42 0.132400 0.101168 
-0.464873 0.500000 0.051140 83 0.151140 0.085127


-0.453704 0.500000 0.057578 2 0.157578 0.096296


-0.481954 0.500000 0.088068 38 0.188068 0.068046 
-0.491105 0.500000 0.081470 84 0.181470 0.058895 
-0.497545 0.500000 0.087509 60 0.187509 0.052455 
-0.495165 0.500000 0.092336 37 0.192336 0.054835 
-0.481954 0.500000 0.088068 38 0.188068 0.068046


-0.491442 0.500000 0.087346 3 0.187346 0.058558


-0.480915 0.500000 0.069879 59 0.169879 0.069085 
-0.491105 0.500000 0.081470 84 0.181470 0.058895 
-0.481954 0.500000 0.088068 38 0.188068 0.068046 
-0.469070 0.500000 0.082894 39 0.182894 0.080930 
-0.480915 0.500000 0.069879 59 0.169879 0.069085


-0.480761 0.500000 0.080578 4 0.180578 0.069239


-0.464873 0.500000 0.051140 83 0.151140 0.085127 
-0.480915 0.500000 0.069879 59 0.169879 0.069085 
-0.469070 0.500000 0.082894 39 0.182894 0.080930 
-0.456576 0.500000 0.076839 40 0.176839 0.093424 
-0.464873 0.500000 0.051140 83 0.151140 0.085127


-0.467859 0.500000 0.070188 5 0.170188 0.082141


-0.571551 0.500000 -0.180593 81 -0.080593 -0.021551 
-0.623762 0.500000 -0.123858 104 -0.023858 -0.073762 
-0.617248 0.500000 -0.081743 122 0.018257 -0.067248 
-0.555715 0.500000 -0.157883 71 -0.057883 -0.005715 
-0.571551 0.500000 -0.180593 81 -0.080593 -0.021551


-0.592069 0.500000 -0.136019 6 -0.036019 -0.042069


-0.497545 0.500000 0.087509 60 0.187509 0.052455 
-0.506691 0.500000 0.088788 87 0.188788 0.043309 
-0.508641 0.500000 0.095677 36 0.195677 0.041359 
-0.495165 0.500000 0.092336 37 0.192336 0.054835 
-0.497545 0.500000 0.087509 60 0.187509 0.052455


-0.502011 0.500000 0.091077 7 0.191077 0.047989


-0.508641 0.500000 0.095677 36 0.195677 0.041359 
-0.506691 0.500000 0.088788 87 0.188788 0.043309 
-0.516493 0.500000 0.091480 90 0.191480 0.033507 
-0.522316 0.500000 0.098075 35 0.198075 0.027684 
-0.508641 0.500000 0.095677 36 0.195677 0.041359


-0.513535 0.500000 0.093505 8 0.193505 0.036465


-0.516493 0.500000 0.091480 90 0.191480 0.033507 
-0.520471 0.500000 0.087578 85 0.187578 0.029529 
-0.536125 0.500000 0.099518 34 0.199518 0.013875 
-0.522316 0.500000 0.098075 35 0.198075 0.027684 
-0.516493 0.500000 0.091480 90 0.191480 0.033507


-0.523851 0.500000 0.094163 9 0.194163 0.026149


-0.474776 0.500000 0.029499 89 0.129499 0.075224 
-0.495296 0.500000 0.002713 64 0.102713 0.054704 
-0.541942 0.500000 0.048368 120 0.148368 0.008058 
-0.528796 0.500000 0.063938 106 0.163938 0.021204 
-0.474776 0.500000 0.029499 89 0.129499 0.075224


-0.510203 0.500000 0.036129 10 0.136129 0.039797


-0.536125 0.500000 0.099518 34 0.199518 0.013875 
-0.520471 0.500000 0.087578 85 0.187578 0.029529 
-0.525264 0.500000 0.078873 62 0.178873 0.024736 
-0.550000 0.500000 0.100000 33 0.200000 0.000000 
-0.536125 0.500000 0.099518 34 0.199518 0.013875


-0.532965 0.500000 0.091492 11 0.191492 0.017035


-0.688017 0.500000 -0.216835 113 -0.116835 -0.138017 
-0.675858 0.500000 -0.217967 86 -0.117967 -0.125858 
-0.644279 0.500000 -0.276384 6 -0.176384 -0.094279 
-0.661114 0.500000 -0.266294 7 -0.166294 -0.111114 
-0.688017 0.500000 -0.216835 113 -0.116835 -0.138017


-0.667317 0.500000 -0.244370 12 -0.144370 -0.117317


-0.496958 0.500000 0.064621 119 0.164621 0.053042 
-0.504251 0.500000 0.080496 57 0.180496 0.045749 
-0.491105 0.500000 0.081470 84 0.181470 0.058895 
-0.480915 0.500000 0.069879 59 0.169879 0.069085 
-0.496958 0.500000 0.064621 119 0.164621 0.053042


-0.493307 0.500000 0.074116 13 0.174116 0.056693


-0.644279 0.500000 -0.276384 6 -0.176384 -0.094279 
-0.675858 0.500000 -0.217967 86 -0.117967 -0.125858 
-0.660479 0.500000 -0.219757 63 -0.119757 -0.110479 
-0.626537 0.500000 -0.284776 5 -0.184776 -0.076537 
-0.644279 0.500000 -0.276384 6 -0.176384 -0.094279


-0.651788 0.500000 -0.249721 14 -0.149721 -0.101788


-0.676879 0.500000 0.054602 26 0.154602 -0.126879 
-0.654887 0.500000 -0.005386 68 0.094614 -0.104887 
-0.678068 0.500000 0.015585 107 0.115585 -0.128068 
-0.691421 0.500000 0.041421 25 0.141421 -0.141421 
-0.676879 0.500000 0.054602 26 0.154602 -0.126879


-0.675314 0.500000 0.026556 15 0.126556 -0.125314


-0.621521 0.500000 -0.003884 76 0.096116 -0.071521 
-0.654887 0.500000 -0.005386 68 0.094614 -0.104887 
-0.676879 0.500000 0.054602 26 0.154602 -0.126879 
-0.661114 0.500000 0.066294 27 0.166294 -0.111114 
-0.621521 0.500000 -0.003884 76 0.096116 -0.071521


-0.653600 0.500000 0.027906 16 0.127906 -0.103600


-0.720997 0.500000 -0.176675 66 -0.076675 -0.170997 
-0.697960 0.500000 -0.215178 88 -0.115178 -0.147960 
-0.706191 0.500000 -0.212716 114 -0.112716 -0.156191 
-0.722891 0.500000 -0.184868 115 -0.084868 -0.172891 
-0.720997 0.500000 -0.176675 66 -0.076675 -0.170997


-0.712010 0.500000 -0.197359 17 -0.097359 -0.162010


-0.741388 0.500000 -0.158057 14 -0.058057 -0.191388 
-0.722891 0.500000 -0.184868 115 -0.084868 -0.172891 
-0.723039 0.500000 -0.192068 67 -0.092068 -0.173039 
-0.734776 0.500000 -0.176537 13 -0.076537 -0.184776 
-0.741388 0.500000 -0.158057 14 -0.058057 -0.191388


-0.730524 0.500000 -0.177882 18 -0.077882 -0.180524


-0.720997 0.500000 -0.176675 66 -0.076675 -0.170997 
-0.722891 0.500000 -0.184868 115 -0.084868 -0.172891 
-0.741388 0.500000 -0.158057 14 -0.058057 -0.191388 
-0.746157 0.500000 -0.139018 15 -0.039018 -0.196157 
-0.720997 0.500000 -0.176675 66 -0.076675 -0.170997


-0.732858 0.500000 -0.164654 19 -0.064654 -0.182858


-0.706191 0.500000 -0.212716 114 -0.112716 -0.156191 
-0.712646 0.500000 -0.209434 112 -0.109434 -0.162646 
-0.723039 0.500000 -0.192068 67 -0.092068 -0.173039 
-0.722891 0.500000 -0.184868 115 -0.084868 -0.172891 
-0.706191 0.500000 -0.212716 114 -0.112716 -0.156191


-0.716192 0.500000 -0.199771 20 -0.099771 -0.166192


-0.726384 0.500000 -0.005721 22 0.094279 -0.176384 
-0.675973 0.500000 -0.042890 116 0.057110 -0.125973 
-0.678711 0.500000 -0.074378 75 0.025622 -0.128711 
-0.734776 0.500000 -0.023463 21 0.076537 -0.184776 
-0.726384 0.500000 -0.005721 22 0.094279 -0.176384


-0.703961 0.500000 -0.036613 21 0.063387 -0.153961


-0.683742 0.500000 -0.006648 117 0.093352 -0.133742 
-0.675973 0.500000 -0.042890 116 0.057110 -0.125973 
-0.726384 0.500000 -0.005721 22 0.094279 -0.176384 
-0.716294 0.500000 0.011114 23 0.111114 -0.166294 
-0.683742 0.500000 -0.006648 117 0.093352 -0.133742


-0.700598 0.500000 -0.011036 22 0.088964 -0.150598


-0.704602 0.500000 0.026879 24 0.126879 -0.154602 
-0.688556 0.500000 0.011597 110 0.111597 -0.138556 
-0.683742 0.500000 -0.006648 117 0.093352 -0.133742 
-0.716294 0.500000 0.011114 23 0.111114 -0.166294 
-0.704602 0.500000 0.026879 24 0.126879 -0.154602


-0.698298 0.500000 0.010735 23 0.110735 -0.148298


-0.678068 0.500000 0.015585 107 0.115585 -0.128068 
-0.688556 0.500000 0.011597 110 0.111597 -0.138556 
-0.704602 0.500000 0.026879 24 0.126879 -0.154602 
-0.691421 0.500000 0.041421 25 0.141421 -0.141421 
-0.678068 0.500000 0.015585 107 0.115585 -0.128068


-0.690662 0.500000 0.023870 24 0.123870 -0.140662


-0.644279 0.500000 0.076384 28 0.176384 -0.094279 
-0.592913 0.500000 0.000492 95 0.100492 -0.042913 
-0.621521 0.500000 -0.003884 76 0.096116 -0.071521 
-0.661114 0.500000 0.066294 27 0.166294 -0.111114 
-0.644279 0.500000 0.076384 28 0.176384 -0.094279


-0.629957 0.500000 0.034821 25 0.134821 -0.079957


-0.567888 0.500000 0.013229 111 0.113229 -0.017888 
-0.592913 0.500000 0.000492 95 0.100492 -0.042913 
-0.644279 0.500000 0.076384 28 0.176384 -0.094279 
-0.626537 0.500000 0.084776 29 0.184776 -0.076537 
-0.567888 0.500000 0.013229 111 0.113229 -0.017888


-0.607904 0.500000 0.043720 26 0.143720 -0.057904


-0.525264 0.500000 0.078873 62 0.178873 0.024736 
-0.528796 0.500000 0.063938 106 0.163938 0.021204 
-0.569603 0.500000 0.099037 32 0.199037 -0.019603 
-0.550000 0.500000 0.100000 33 0.200000 0.000000 
-0.525264 0.500000 0.078873 62 0.178873 0.024736


-0.543416 0.500000 0.085462 27 0.185462 0.006584


-0.569603 0.500000 0.099037 32 0.199037 -0.019603 
-0.528796 0.500000 0.063938 106 0.163938 0.021204 
-0.541942 0.500000 0.048368 120 0.148368 0.008058 
-0.589018 0.500000 0.096157 31 0.196157 -0.039018 
-0.569603 0.500000 0.099037 32 0.199037 -0.019603


-0.557340 0.500000 0.076875 28 0.176875 -0.007340


-0.741388 0.500000 -0.041943 20 0.058057 -0.191388 
-0.681819 0.500000 -0.105253 121 -0.005253 -0.131819 
-0.678731 0.500000 -0.147546 82 -0.047546 -0.128731 
-0.746157 0.500000 -0.060982 19 0.039018 -0.196157 
-0.741388 0.500000 -0.041943 20 0.058057 -0.191388


-0.712024 0.500000 -0.088931 29 0.011069 -0.162024


-0.678711 0.500000 -0.074378 75 0.025622 -0.128711 
-0.681819 0.500000 -0.105253 121 -0.005253 -0.131819 
-0.741388 0.500000 -0.041943 20 0.058057 -0.191388 
-0.734776 0.500000 -0.023463 21 0.076537 -0.184776 
-0.678711 0.500000 -0.074378 75 0.025622 -0.128711


-0.709174 0.500000 -0.061259 30 0.038741 -0.159174


-0.749037 0.500000 -0.119603 16 -0.019603 -0.199037 
-0.717178 0.500000 -0.168003 91 -0.068003 -0.167178 
-0.720997 0.500000 -0.176675 66 -0.076675 -0.170997 
-0.746157 0.500000 -0.139018 15 -0.039018 -0.196157 
-0.749037 0.500000 -0.119603 16 -0.019603 -0.199037


-0.733342 0.500000 -0.150825 31 -0.050825 -0.183342


-0.710716 0.500000 -0.159174 69 -0.059174 -0.160716 
-0.717178 0.500000 -0.168003 91 -0.068003 -0.167178 
-0.749037 0.500000 -0.119603 16 -0.019603 -0.199037 
-0.750000 0.500000 -0.100000 17 -0.000000 -0.200000 
-0.710716 0.500000 -0.159174 69 -0.059174 -0.160716


-0.731733 0.500000 -0.136695 32 -0.036695 -0.181733


-0.706191 0.500000 -0.212716 114 -0.112716 -0.156191 
-0.697960 0.500000 -0.215178 88 -0.115178 -0.147960 
-0.676879 0.500000 -0.254602 8 -0.154602 -0.126879 
-0.691421 0.500000 -0.241421 9 -0.141421 -0.141421 
-0.706191 0.500000 -0.212716 114 -0.112716 -0.156191


-0.693113 0.500000 -0.230979 33 -0.130979 -0.143113


-0.676879 0.500000 -0.254602 8 -0.154602 -0.126879 
-0.697960 0.500000 -0.215178 88 -0.115178 -0.147960 
-0.688017 0.500000 -0.216835 113 -0.116835 -0.138017 
-0.661114 0.500000 -0.266294 7 -0.166294 -0.111114 
-0.676879 0.500000 -0.254602 8 -0.154602 -0.126879


-0.680992 0.500000 -0.238227 34 -0.138227 -0.130992


-0.716968 0.500000 -0.206017 70 -0.106017 -0.166968 
-0.712646 0.500000 -0.209434 112 -0.109434 -0.162646 
-0.704602 0.500000 -0.226879 10 -0.126879 -0.154602 
-0.716294 0.500000 -0.211114 11 -0.111114 -0.166294 
-0.716968 0.500000 -0.206017 70 -0.106017 -0.166968


-0.712627 0.500000 -0.213361 35 -0.113361 -0.162627


-0.704602 0.500000 -0.226879 10 -0.126879 -0.154602 
-0.712646 0.500000 -0.209434 112 -0.109434 -0.162646 
-0.706191 0.500000 -0.212716 114 -0.112716 -0.156191 
-0.691421 0.500000 -0.241421 9 -0.141421 -0.141421 
-0.704602 0.500000 -0.226879 10 -0.126879 -0.154602


-0.703715 0.500000 -0.222612 36 -0.122612 -0.153715


-0.723039 0.500000 -0.192068 67 -0.092068 -0.173039 
-0.722130 0.500000 -0.197455 93 -0.097455 -0.172130 
-0.726384 0.500000 -0.194279 12 -0.094279 -0.176384 
-0.734776 0.500000 -0.176537 13 -0.076537 -0.184776 
-0.723039 0.500000 -0.192068 67 -0.092068 -0.173039


-0.726582 0.500000 -0.190085 37 -0.090085 -0.176582


-0.654887 0.500000 -0.005386 68 0.094614 -0.104887 
-0.621521 0.500000 -0.003884 76 0.096116 -0.071521 
-0.576499 0.500000 -0.077753 100 0.022247 -0.026499 
-0.617248 0.500000 -0.081743 122 0.018257 -0.067248 
-0.654887 0.500000 -0.005386 68 0.094614 -0.104887


-0.617539 0.500000 -0.042192 38 0.057808 -0.067539


-0.726384 0.500000 -0.194279 12 -0.094279 -0.176384 
-0.722130 0.500000 -0.197455 93 -0.097455 -0.172130 
-0.716968 0.500000 -0.206017 70 -0.106017 -0.166968 
-0.716294 0.500000 -0.211114 11 -0.111114 -0.166294 
-0.726384 0.500000 -0.194279 12 -0.094279 -0.176384


-0.720444 0.500000 -0.202216 39 -0.102216 -0.170444


-0.660479 0.500000 -0.219757 63 -0.119757 -0.110479 
-0.639346 0.500000 -0.225658 65 -0.125658 -0.089346 
-0.608057 0.500000 -0.291388 4 -0.191388 -0.058057 
-0.626537 0.500000 -0.284776 5 -0.184776 -0.076537 
-0.660479 0.500000 -0.219757 63 -0.119757 -0.110479


-0.633605 0.500000 -0.255395 40 -0.155395 -0.083605


-0.497231 0.500000 -0.142630 98 -0.042630 0.052769 
-0.460446 0.500000 -0.147508 72 -0.047508 0.089554 
-0.434379 0.500000 -0.193960 97 -0.093960 0.115621 
-0.460056 0.500000 -0.199604 78 -0.099604 0.089944 
-0.497231 0.500000 -0.142630 98 -0.042630 0.052769


-0.463028 0.500000 -0.170926 41 -0.070926 0.086972


-0.639346 0.500000 -0.225658 65 -0.125658 -0.089346 
-0.609145 0.500000 -0.244834 73 -0.144834 -0.059145 
-0.589018 0.500000 -0.296157 3 -0.196157 -0.039018 
-0.608057 0.500000 -0.291388 4 -0.191388 -0.058057 
-0.639346 0.500000 -0.225658 65 -0.125658 -0.089346


-0.611391 0.500000 -0.264509 42 -0.164509 -0.061391


-0.408702 0.500000 -0.188316 48 -0.088316 0.141298 
-0.434379 0.500000 -0.193960 97 -0.093960 0.115621 
-0.460446 0.500000 -0.147508 72 -0.047508 0.089554 
-0.423056 0.500000 -0.153373 47 -0.053373 0.126944 
-0.408702 0.500000 -0.188316 48 -0.088316 0.141298


-0.431646 0.500000 -0.170789 43 -0.070789 0.118354


-0.500159 0.500000 -0.055666 96 0.044334 0.049841 
-0.539204 0.500000 -0.077853 92 0.022147 0.010796 
-0.592913 0.500000 0.000492 95 0.100492 -0.042913 
-0.567888 0.500000 0.013229 111 0.113229 -0.017888 
-0.500159 0.500000 -0.055666 96 0.044334 0.049841


-0.550041 0.500000 -0.029950 44 0.070050 -0.000041


-0.525569 0.500000 -0.234781 105 -0.134781 0.024431 
-0.571551 0.500000 -0.180593 81 -0.080593 -0.021551 
-0.555715 0.500000 -0.157883 71 -0.057883 -0.005715 
-0.506654 0.500000 -0.220463 61 -0.120463 0.043346 
-0.525569 0.500000 -0.234781 105 -0.134781 0.024431


-0.539872 0.500000 -0.198430 45 -0.098430 0.010128


-0.541489 0.500000 -0.249610 80 -0.149610 0.008511 
-0.581888 0.500000 -0.204751 94 -0.104751 -0.031888 
-0.571551 0.500000 -0.180593 81 -0.080593 -0.021551 
-0.525569 0.500000 -0.234781 105 -0.134781 0.024431 
-0.541489 0.500000 -0.249610 80 -0.149610 0.008511


-0.555124 0.500000 -0.217434 46 -0.117434 -0.005124


-0.581826 0.500000 -0.262739 58 -0.162739 -0.031826 
-0.586004 0.500000 -0.231590 79 -0.131590 -0.036004 
-0.554150 0.500000 -0.263871 102 -0.163871 -0.004150 
-0.561979 0.500000 -0.275550 77 -0.175550 -0.011979 
-0.581826 0.500000 -0.262739 58 -0.162739 -0.031826


-0.570990 0.500000 -0.258438 47 -0.158438 -0.020990


-0.586004 0.500000 -0.231590 79 -0.131590 -0.036004 
-0.581826 0.500000 -0.262739 58 -0.162739 -0.031826 
-0.609145 0.500000 -0.244834 73 -0.144834 -0.059145 
-0.625687 0.500000 -0.195220 108 -0.095220 -0.075687 
-0.586004 0.500000 -0.231590 79 -0.131590 -0.036004


-0.600665 0.500000 -0.233596 48 -0.133596 -0.050665


-0.586004 0.500000 -0.231590 79 -0.131590 -0.036004 
-0.625687 0.500000 -0.195220 108 -0.095220 -0.075687 
-0.628350 0.500000 -0.157234 118 -0.057234 -0.078350 
-0.581888 0.500000 -0.204751 94 -0.104751 -0.031888 
-0.586004 0.500000 -0.231590 79 -0.131590 -0.036004


-0.605482 0.500000 -0.197199 49 -0.097199 -0.055482


-0.541942 0.500000 0.048368 120 0.148368 0.008058 
-0.553943 0.500000 0.030524 109 0.130524 -0.003943 
-0.608057 0.500000 0.091388 30 0.191388 -0.058057 
-0.589018 0.500000 0.096157 31 0.196157 -0.039018 
-0.541942 0.500000 0.048368 120 0.148368 0.008058


-0.573240 0.500000 0.066609 50 0.166609 -0.023240


-0.608057 0.500000 0.091388 30 0.191388 -0.058057 
-0.553943 0.500000 0.030524 109 0.130524 -0.003943 
-0.567888 0.500000 0.013229 111 0.113229 -0.017888 
-0.626537 0.500000 0.084776 29 0.184776 -0.076537 
-0.608057 0.500000 0.091388 30 0.191388 -0.058057


-0.589106 0.500000 0.054979 51 0.154979 -0.039106


-0.460056 0.500000 -0.199604 78 -0.099604 0.089944 
-0.434379 0.500000 -0.193960 97 -0.093960 0.115621 
-0.406421 0.500000 -0.239231 50 -0.139231 0.143579 
-0.423252 0.500000 -0.254710 51 -0.154710 0.126748 
-0.460056 0.500000 -0.199604 78 -0.099604 0.089944


-0.431027 0.500000 -0.221876 52 -0.121876 0.118973


-0.623762 0.500000 -0.123858 104 -0.023858 -0.073762 
-0.571551 0.500000 -0.180593 81 -0.080593 -0.021551 
-0.581888 0.500000 -0.204751 94 -0.104751 -0.031888 
-0.628350 0.500000 -0.157234 118 -0.057234 -0.078350 
-0.623762 0.500000 -0.123858 104 -0.023858 -0.073762


-0.601388 0.500000 -0.166609 53 -0.066609 -0.051388


-0.434379 0.500000 -0.193960 97 -0.093960 0.115621 
-0.408702 0.500000 -0.188316 48 -0.088316 0.141298 
-0.391467 0.500000 -0.221931 49 -0.121931 0.158533 
-0.406421 0.500000 -0.239231 50 -0.139231 0.143579 
-0.434379 0.500000 -0.193960 97 -0.093960 0.115621


-0.410242 0.500000 -0.210859 54 -0.110859 0.139758


-0.569603 0.500000 -0.299037 2 -0.199037 -0.019603 
-0.581826 0.500000 -0.262739 58 -0.162739 -0.031826 
-0.561979 0.500000 -0.275550 77 -0.175550 -0.011979 
-0.550000 0.500000 -0.300000 1 -0.200000 0.000000 
-0.569603 0.500000 -0.299037 2 -0.199037 -0.019603


-0.565852 0.500000 -0.284332 55 -0.184332 -0.015852


-0.609145 0.500000 -0.244834 73 -0.144834 -0.059145 
-0.581826 0.500000 -0.262739 58 -0.162739 -0.031826 
-0.569603 0.500000 -0.299037 2 -0.199037 -0.019603 
-0.589018 0.500000 -0.296157 3 -0.196157 -0.039018 
-0.609145 0.500000 -0.244834 73 -0.144834 -0.059145


-0.587398 0.500000 -0.275692 56 -0.175692 -0.037398


-0.527171 0.500000 -0.298693 56 -0.198693 0.022829 
-0.554150 0.500000 -0.263871 102 -0.163871 -0.004150 
-0.541489 0.500000 -0.249610 80 -0.149610 0.008511 
-0.504640 0.500000 -0.294788 55 -0.194788 0.045360 
-0.527171 0.500000 -0.298693 56 -0.198693 0.022829


-0.531862 0.500000 -0.276741 57 -0.176741 0.018138


-0.561979 0.500000 -0.275550 77 -0.175550 -0.011979 
-0.554150 0.500000 -0.263871 102 -0.163871 -0.004150 
-0.527171 0.500000 -0.298693 56 -0.198693 0.022829 
-0.550000 0.500000 -0.300000 1 -0.200000 0.000000 
-0.561979 0.500000 -0.275550 77 -0.175550 -0.011979


-0.548325 0.500000 -0.284529 58 -0.184529 0.001675


-0.500159 0.500000 -0.055666 96 0.044334 0.049841 
-0.567888 0.500000 0.013229 111 0.113229 -0.017888 
-0.553943 0.500000 0.030524 109 0.130524 -0.003943 
-0.498618 0.500000 -0.024597 103 0.075403 0.051382 
-0.500159 0.500000 -0.055666 96 0.044334 0.049841


-0.530152 0.500000 -0.009127 59 0.090873 0.019848


-0.441740 0.500000 -0.268166 52 -0.168166 0.108260 
-0.484281 0.500000 -0.208694 99 -0.108694 0.065719 
-0.460056 0.500000 -0.199604 78 -0.099604 0.089944 
-0.423252 0.500000 -0.254710 51 -0.154710 0.126748 
-0.441740 0.500000 -0.268166 52 -0.168166 0.108260


-0.452332 0.500000 -0.232793 60 -0.132793 0.097668


-0.506654 0.500000 -0.220463 61 -0.120463 0.043346 
-0.484281 0.500000 -0.208694 99 -0.108694 0.065719 
-0.441740 0.500000 -0.268166 52 -0.168166 0.108260 
-0.461644 0.500000 -0.279424 53 -0.179424 0.088356 
-0.506654 0.500000 -0.220463 61 -0.120463 0.043346


-0.473580 0.500000 -0.244187 61 -0.144187 0.076420


-0.460446 0.500000 -0.147508 72 -0.047508 0.089554 
-0.500159 0.500000 -0.055666 96 0.044334 0.049841 
-0.434430 0.500000 -0.117349 46 -0.017349 0.115570 
-0.423056 0.500000 -0.153373 47 -0.053373 0.126944 
-0.460446 0.500000 -0.147508 72 -0.047508 0.089554


-0.454523 0.500000 -0.118474 62 -0.018474 0.095477


-0.506691 0.500000 0.088788 87 0.188788 0.043309 
-0.504251 0.500000 0.080496 57 0.180496 0.045749 
-0.520471 0.500000 0.087578 85 0.187578 0.029529 
-0.516493 0.500000 0.091480 90 0.191480 0.033507 
-0.506691 0.500000 0.088788 87 0.188788 0.043309


-0.511977 0.500000 0.087086 63 0.187086 0.038023


-0.434430 0.500000 -0.117349 46 -0.017349 0.115570 
-0.500159 0.500000 -0.055666 96 0.044334 0.049841 
-0.498618 0.500000 -0.024597 103 0.075403 0.051382 
-0.442741 0.500000 -0.080498 45 0.019502 0.107259 
-0.434430 0.500000 -0.117349 46 -0.017349 0.115570


-0.468987 0.500000 -0.069527 64 0.030473 0.081013


-0.749037 0.500000 -0.080397 18 0.019603 -0.199037 
-0.699763 0.500000 -0.151648 101 -0.051648 -0.149763 
-0.710716 0.500000 -0.159174 69 -0.059174 -0.160716 
-0.750000 0.500000 -0.100000 17 -0.000000 -0.200000 
-0.749037 0.500000 -0.080397 18 0.019603 -0.199037


-0.727379 0.500000 -0.122805 65 -0.022805 -0.177379


-0.678731 0.500000 -0.147546 82 -0.047546 -0.128731 
-0.699763 0.500000 -0.151648 101 -0.051648 -0.149763 
-0.749037 0.500000 -0.080397 18 0.019603 -0.199037 
-0.746157 0.500000 -0.060982 19 0.039018 -0.196157 
-0.678731 0.500000 -0.147546 82 -0.047546 -0.128731


-0.718422 0.500000 -0.110143 66 -0.010143 -0.168422


-0.628350 0.500000 -0.157234 118 -0.057234 -0.078350 
-0.625687 0.500000 -0.195220 108 -0.095220 -0.075687 
-0.678731 0.500000 -0.147546 82 -0.047546 -0.128731 
-0.681819 0.500000 -0.105253 121 -0.005253 -0.131819 
-0.628350 0.500000 -0.157234 118 -0.057234 -0.078350


-0.653647 0.500000 -0.151313 67 -0.051313 -0.103647


-0.541942 0.500000 0.048368 120 0.148368 0.008058 
-0.495296 0.500000 0.002713 64 0.102713 0.054704 
-0.498618 0.500000 -0.024597 103 0.075403 0.051382 
-0.553943 0.500000 0.030524 109 0.130524 -0.003943 
-0.541942 0.500000 0.048368 120 0.148368 0.008058


-0.522450 0.500000 0.014252 68 0.114252 0.027550


-0.495296 0.500000 0.002713 64 0.102713 0.054704 
-0.474776 0.500000 0.029499 89 0.129499 0.075224 
-0.449968 0.500000 -0.005359 43 0.094641 0.100032 
-0.447933 0.500000 -0.043080 44 0.056920 0.102067 
-0.495296 0.500000 0.002713 64 0.102713 0.054704


-0.466993 0.500000 -0.004057 69 0.095943 0.083007


-0.528614 0.500000 -0.146542 74 -0.046542 0.021386 
-0.576499 0.500000 -0.077753 100 0.022247 -0.026499 
-0.539204 0.500000 -0.077853 92 0.022147 0.010796 
-0.497231 0.500000 -0.142630 98 -0.042630 0.052769 
-0.528614 0.500000 -0.146542 74 -0.046542 0.021386


-0.535387 0.500000 -0.111195 70 -0.011195 0.014613


-0.617248 0.500000 -0.081743 122 0.018257 -0.067248 
-0.576499 0.500000 -0.077753 100 0.022247 -0.026499 
-0.528614 0.500000 -0.146542 74 -0.046542 0.021386 
-0.555715 0.500000 -0.157883 71 -0.057883 -0.005715 
-0.617248 0.500000 -0.081743 122 0.018257 -0.067248


-0.569519 0.500000 -0.115980 71 -0.015980 -0.019519


-0.683742 0.500000 -0.006648 117 0.093352 -0.133742 
-0.654887 0.500000 -0.005386 68 0.094614 -0.104887 
-0.617248 0.500000 -0.081743 122 0.018257 -0.067248 
-0.675973 0.500000 -0.042890 116 0.057110 -0.125973 
-0.683742 0.500000 -0.006648 117 0.093352 -0.133742


-0.657962 0.500000 -0.034167 72 0.065833 -0.107962


-0.482702 0.500000 -0.288337 54 -0.188337 0.067298 
-0.525569 0.500000 -0.234781 105 -0.134781 0.024431 
-0.506654 0.500000 -0.220463 61 -0.120463 0.043346 
-0.461644 0.500000 -0.279424 53 -0.179424 0.088356 
-0.482702 0.500000 -0.288337 54 -0.188337 0.067298


-0.494142 0.500000 -0.255751 73 -0.155751 0.055858


-0.541489 0.500000 -0.249610 80 -0.149610 0.008511 
-0.525569 0.500000 -0.234781 105 -0.134781 0.024431 
-0.482702 0.500000 -0.288337 54 -0.188337 0.067298 
-0.504640 0.500000 -0.294788 55 -0.194788 0.045360 
-0.541489 0.500000 -0.249610 80 -0.149610 0.008511


-0.513600 0.500000 -0.266879 74 -0.166879 0.036400


-0.541489 0.500000 -0.249610 80 -0.149610 0.008511 
-0.554150 0.500000 -0.263871 102 -0.163871 -0.004150 
-0.586004 0.500000 -0.231590 79 -0.131590 -0.036004 
-0.581888 0.500000 -0.204751 94 -0.104751 -0.031888 
-0.541489 0.500000 -0.249610 80 -0.149610 0.008511


-0.565883 0.500000 -0.237456 75 -0.137456 -0.015883


-0.683742 0.500000 -0.006648 117 0.093352 -0.133742 
-0.688556 0.500000 0.011597 110 0.111597 -0.138556 
-0.678068 0.500000 0.015585 107 0.115585 -0.128068 
-0.654887 0.500000 -0.005386 68 0.094614 -0.104887 
-0.683742 0.500000 -0.006648 117 0.093352 -0.133742


-0.676313 0.500000 0.003787 76 0.103787 -0.126313


-0.496958 0.500000 0.064621 119 0.164621 0.053042 
-0.480915 0.500000 0.069879 59 0.169879 0.069085 
-0.464873 0.500000 0.051140 83 0.151140 0.085127 
-0.474776 0.500000 0.029499 89 0.129499 0.075224 
-0.496958 0.500000 0.064621 119 0.164621 0.053042


-0.479380 0.500000 0.053785 77 0.153785 0.070620


-0.525264 0.500000 0.078873 62 0.178873 0.024736 
-0.520471 0.500000 0.087578 85 0.187578 0.029529 
-0.504251 0.500000 0.080496 57 0.180496 0.045749 
-0.496958 0.500000 0.064621 119 0.164621 0.053042 
-0.525264 0.500000 0.078873 62 0.178873 0.024736


-0.511736 0.500000 0.077892 78 0.177892 0.038264


-0.497231 0.500000 -0.142630 98 -0.042630 0.052769 
-0.539204 0.500000 -0.077853 92 0.022147 0.010796 
-0.500159 0.500000 -0.055666 96 0.044334 0.049841 
-0.460446 0.500000 -0.147508 72 -0.047508 0.089554 
-0.497231 0.500000 -0.142630 98 -0.042630 0.052769


-0.499260 0.500000 -0.105914 79 -0.005914 0.050740


-0.447933 0.500000 -0.043080 44 0.056920 0.102067 
-0.442741 0.500000 -0.080498 45 0.019502 0.107259 
-0.498618 0.500000 -0.024597 103 0.075403 0.051382 
-0.495296 0.500000 0.002713 64 0.102713 0.054704 
-0.447933 0.500000 -0.043080 44 0.056920 0.102067


-0.471147 0.500000 -0.036366 80 0.063634 0.078853


-0.712646 0.500000 -0.209434 112 -0.109434 -0.162646 
-0.716968 0.500000 -0.206017 70 -0.106017 -0.166968 
-0.722130 0.500000 -0.197455 93 -0.097455 -0.172130 
-0.723039 0.500000 -0.192068 67 -0.092068 -0.173039 
-0.712646 0.500000 -0.209434 112 -0.109434 -0.162646


-0.718696 0.500000 -0.201243 81 -0.101243 -0.168696


-0.617248 0.500000 -0.081743 122 0.018257 -0.067248 
-0.623762 0.500000 -0.123858 104 -0.023858 -0.073762 
-0.678711 0.500000 -0.074378 75 0.025622 -0.128711 
-0.675973 0.500000 -0.042890 116 0.057110 -0.125973 
-0.617248 0.500000 -0.081743 122 0.018257 -0.067248


-0.648924 0.500000 -0.080717 82 0.019283 -0.098924


-0.474776 0.500000 0.029499 89 0.129499 0.075224 
-0.528796 0.500000 0.063938 106 0.163938 0.021204 
-0.525264 0.500000 0.078873 62 0.178873 0.024736 
-0.496958 0.500000 0.064621 119 0.164621 0.053042 
-0.474776 0.500000 0.029499 89 0.129499 0.075224


-0.506448 0.500000 0.059233 83 0.159233 0.043552


-0.621521 0.500000 -0.003884 76 0.096116 -0.071521 
-0.592913 0.500000 0.000492 95 0.100492 -0.042913 
-0.539204 0.500000 -0.077853 92 0.022147 0.010796 
-0.576499 0.500000 -0.077753 100 0.022247 -0.026499 
-0.621521 0.500000 -0.003884 76 0.096116 -0.071521


-0.582534 0.500000 -0.039750 84 0.060250 -0.032534


-0.717178 0.500000 -0.168003 91 -0.068003 -0.167178 
-0.688017 0.500000 -0.216835 113 -0.116835 -0.138017 
-0.697960 0.500000 -0.215178 88 -0.115178 -0.147960 
-0.720997 0.500000 -0.176675 66 -0.076675 -0.170997 
-0.717178 0.500000 -0.168003 91 -0.068003 -0.167178


-0.706038 0.500000 -0.194173 85 -0.094173 -0.156038


-0.506691 0.500000 0.088788 87 0.188788 0.043309 
-0.497545 0.500000 0.087509 60 0.187509 0.052455 
-0.491105 0.500000 0.081470 84 0.181470 0.058895 
-0.504251 0.500000 0.080496 57 0.180496 0.045749 
-0.506691 0.500000 0.088788 87 0.188788 0.043309


-0.499898 0.500000 0.084566 86 0.184566 0.050102


-0.460056 0.500000 -0.199604 78 -0.099604 0.089944 
-0.484281 0.500000 -0.208694 99 -0.108694 0.065719 
-0.528614 0.500000 -0.146542 74 -0.046542 0.021386 
-0.497231 0.500000 -0.142630 98 -0.042630 0.052769 
-0.460056 0.500000 -0.199604 78 -0.099604 0.089944


-0.492546 0.500000 -0.174368 87 -0.074368 0.057454


-0.699763 0.500000 -0.151648 101 -0.051648 -0.149763 
-0.660479 0.500000 -0.219757 63 -0.119757 -0.110479 
-0.675858 0.500000 -0.217967 86 -0.117967 -0.125858 
-0.710716 0.500000 -0.159174 69 -0.059174 -0.160716 
-0.699763 0.500000 -0.151648 101 -0.051648 -0.149763


-0.686704 0.500000 -0.187137 88 -0.087137 -0.136704


-0.625687 0.500000 -0.195220 108 -0.095220 -0.075687 
-0.609145 0.500000 -0.244834 73 -0.144834 -0.059145 
-0.639346 0.500000 -0.225658 65 -0.125658 -0.089346 
-0.678731 0.500000 -0.147546 82 -0.047546 -0.128731 
-0.625687 0.500000 -0.195220 108 -0.095220 -0.075687


-0.638227 0.500000 -0.203314 89 -0.103314 -0.088227


-0.639346 0.500000 -0.225658 65 -0.125658 -0.089346 
-0.660479 0.500000 -0.219757 63 -0.119757 -0.110479 
-0.699763 0.500000 -0.151648 101 -0.051648 -0.149763 
-0.678731 0.500000 -0.147546 82 -0.047546 -0.128731 
-0.639346 0.500000 -0.225658 65 -0.125658 -0.089346


-0.669580 0.500000 -0.186152 90 -0.086152 -0.119580


-0.555715 0.500000 -0.157883 71 -0.057883 -0.005715 
-0.528614 0.500000 -0.146542 74 -0.046542 0.021386 
-0.484281 0.500000 -0.208694 99 -0.108694 0.065719 
-0.506654 0.500000 -0.220463 61 -0.120463 0.043346 
-0.555715 0.500000 -0.157883 71 -0.057883 -0.005715


-0.518816 0.500000 -0.183396 91 -0.083396 0.031184


-0.710716 0.500000 -0.159174 69 -0.059174 -0.160716 
-0.675858 0.500000 -0.217967 86 -0.117967 -0.125858 
-0.688017 0.500000 -0.216835 113 -0.116835 -0.138017 
-0.717178 0.500000 -0.168003 91 -0.068003 -0.167178 
-0.710716 0.500000 -0.159174 69 -0.059174 -0.160716


-0.697942 0.500000 -0.190495 92 -0.090495 -0.147942


-0.628350 0.500000 -0.157234 118 -0.057234 -0.078350 
-0.681819 0.500000 -0.105253 121 -0.005253 -0.131819 
-0.678711 0.500000 -0.074378 75 0.025622 -0.128711 
-0.623762 0.500000 -0.123858 104 -0.023858 -0.073762 
-0.628350 0.500000 -0.157234 118 -0.057234 -0.078350


-0.653161 0.500000 -0.115181 93 -0.015181 -0.103161


