5.000000 0.049121 -0.020145 21 0.501664 0.211884 
5.000000 -0.022329 -0.025708 27 0.463132 0.272310 
5.000000 0.000000 -0.075000 13 0.430147 0.229412 
5.000000 0.077892 -0.070224 14 0.471017 0.162931 
5.000000 0.049121 -0.020145 21 0.501664 0.211884


5.000000 0.026171 -0.047769 1 0.466490 0.219134


5.000000 0.118208 -0.010857 19 0.542371 0.155295 
5.000000 0.089937 0.028731 23 0.563997 0.198870 
5.000000 0.022530 0.026065 17 0.529924 0.257092 
5.000000 0.049121 -0.020145 21 0.501664 0.211884 
5.000000 0.118208 -0.010857 19 0.542371 0.155295


5.000000 0.069949 0.005948 2 0.534489 0.205786


5.000000 0.049121 -0.020145 21 0.501664 0.211884 
5.000000 0.022530 0.026065 17 0.529924 0.257092 
5.000000 -0.048849 0.020559 22 0.491476 0.317483 
5.000000 -0.022329 -0.025708 27 0.463132 0.272310 
5.000000 0.049121 -0.020145 21 0.501664 0.211884


5.000000 0.000118 0.000193 3 0.496549 0.264692


5.000000 -0.077892 0.070224 6 0.521631 0.366480 
5.000000 -0.048849 0.020559 22 0.491476 0.317483 
5.000000 0.022530 0.026065 17 0.529924 0.257092 
5.000000 -0.000000 0.075000 5 0.562500 0.300000 
5.000000 -0.077892 0.070224 6 0.521631 0.366480


5.000000 -0.026053 0.047962 4 0.526383 0.310264


5.000000 -0.117981 0.011247 18 0.450727 0.374099 
5.000000 -0.048849 0.020559 22 0.491476 0.317483 
5.000000 -0.077892 0.070224 6 0.521631 0.366480 
5.000000 -0.154616 0.055966 7 0.472944 0.427469 
5.000000 -0.117981 0.011247 18 0.450727 0.374099


5.000000 -0.099834 0.039499 5 0.484194 0.371383


5.000000 0.077892 0.070224 4 0.594940 0.229024 
5.000000 0.089937 0.028731 23 0.563997 0.198870 
5.000000 0.141309 0.029781 28 0.589100 0.154036 
5.000000 0.154616 0.055966 3 0.618466 0.154616 
5.000000 0.077892 0.070224 4 0.594940 0.229024


5.000000 0.115938 0.046175 6 0.591626 0.184137


5.000000 0.022530 0.026065 17 0.529924 0.257092 
5.000000 0.089937 0.028731 23 0.563997 0.198870 
5.000000 0.077892 0.070224 4 0.594940 0.229024 
5.000000 -0.000000 0.075000 5 0.562500 0.300000 
5.000000 0.022530 0.026065 17 0.529924 0.257092


5.000000 0.047590 0.050005 7 0.562841 0.246247


5.000000 0.118208 -0.010857 19 0.542371 0.155295 
5.000000 0.049121 -0.020145 21 0.501664 0.211884 
5.000000 0.077892 -0.070224 14 0.471017 0.162931 
5.000000 0.154616 -0.055966 15 0.519703 0.101943 
5.000000 0.118208 -0.010857 19 0.542371 0.155295


5.000000 0.099959 -0.039298 8 0.508689 0.158013


5.000000 0.229024 -0.032440 16 0.575476 0.047360 
5.000000 0.179374 0.004648 24 0.584836 0.108621 
5.000000 0.118208 -0.010857 19 0.542371 0.155295 
5.000000 0.154616 -0.055966 15 0.519703 0.101943 
5.000000 0.229024 -0.032440 16 0.575476 0.047360


5.000000 0.170306 -0.023654 9 0.555596 0.103305


5.000000 0.229024 0.032440 2 0.632723 0.077892 
5.000000 0.179374 0.004648 24 0.584836 0.108621 
5.000000 0.229024 -0.032440 16 0.575476 0.047360 
5.000000 0.300000 0.000000 1 0.637500 0.000000 
5.000000 0.229024 0.032440 2 0.632723 0.077892


5.000000 0.234356 0.001162 10 0.607634 0.058468


5.000000 0.141309 0.029781 28 0.589100 0.154036 
5.000000 0.179374 0.004648 24 0.584836 0.108621 
5.000000 0.229024 0.032440 2 0.632723 0.077892 
5.000000 0.154616 0.055966 3 0.618466 0.154616 
5.000000 0.141309 0.029781 28 0.589100 0.154036


5.000000 0.176081 0.030709 11 0.606281 0.123791


5.000000 -0.077892 -0.070224 12 0.397707 0.300388 
5.000000 -0.089735 -0.028404 25 0.429033 0.330518 
5.000000 -0.141122 -0.029413 20 0.403961 0.375383 
5.000000 -0.154616 -0.055966 11 0.374181 0.374795 
5.000000 -0.077892 -0.070224 12 0.397707 0.300388


5.000000 -0.115841 -0.046002 12 0.401220 0.345271


5.000000 -0.022329 -0.025708 27 0.463132 0.272310 
5.000000 -0.089735 -0.028404 25 0.429033 0.330518 
5.000000 -0.077892 -0.070224 12 0.397707 0.300388 
5.000000 0.000000 -0.075000 13 0.430147 0.229412 
5.000000 -0.022329 -0.025708 27 0.463132 0.272310


5.000000 -0.047489 -0.049834 13 0.430005 0.283157


5.000000 -0.179279 -0.004472 26 0.408011 0.420789 
5.000000 -0.141122 -0.029413 20 0.403961 0.375383 
5.000000 -0.089735 -0.028404 25 0.429033 0.330518 
5.000000 -0.117981 0.011247 18 0.450727 0.374099 
5.000000 -0.179279 -0.004472 26 0.408011 0.420789


5.000000 -0.132029 -0.012761 14 0.422933 0.375197


5.000000 -0.141122 -0.029413 20 0.403961 0.375383 
5.000000 -0.179279 -0.004472 26 0.408011 0.420789 
5.000000 -0.229024 -0.032440 10 0.359924 0.451520 
5.000000 -0.154616 -0.055966 11 0.374181 0.374795 
5.000000 -0.141122 -0.029413 20 0.403961 0.375383


5.000000 -0.176010 -0.030573 15 0.386519 0.405622


5.000000 -0.179279 -0.004472 26 0.408011 0.420789 
5.000000 -0.117981 0.011247 18 0.450727 0.374099 
5.000000 -0.154616 0.055966 7 0.472944 0.427469 
5.000000 -0.229024 0.032440 8 0.417171 0.482052 
5.000000 -0.179279 -0.004472 26 0.408011 0.420789


5.000000 -0.170225 0.023795 16 0.437213 0.426102


5.000000 -0.229024 -0.032440 10 0.359924 0.451520 
5.000000 -0.179279 -0.004472 26 0.408011 0.420789 
5.000000 -0.229024 0.032440 8 0.417171 0.482052 
5.000000 -0.300000 0.000000 9 0.355147 0.529412 
5.000000 -0.229024 -0.032440 10 0.359924 0.451520


5.000000 -0.234332 -0.001118 17 0.385063 0.470943


5.000000 -0.048849 0.020559 22 0.491476 0.317483 
5.000000 -0.117981 0.011247 18 0.450727 0.374099 
5.000000 -0.089735 -0.028404 25 0.429033 0.330518 
5.000000 -0.022329 -0.025708 27 0.463132 0.272310 
5.000000 -0.048849 0.020559 22 0.491476 0.317483


5.000000 -0.069723 -0.005577 18 0.458592 0.323602


5.000000 0.089937 0.028731 23 0.563997 0.198870 
5.000000 0.118208 -0.010857 19 0.542371 0.155295 
5.000000 0.179374 0.004648 24 0.584836 0.108621 
5.000000 0.141309 0.029781 28 0.589100 0.154036 
5.000000 0.089937 0.028731 23 0.563997 0.198870


5.000000 0.132207 0.013076 19 0.570076 0.154206


