2.397365 0.335853 -3.872983 43 0.138607 0.012821 
2.471059 0.335790 -3.872983 73 0.065207 0.006243 
2.475654 0.327109 -3.872983 24 0.061398 -0.002810 
2.414883 0.321036 -3.872983 25 0.122467 -0.003487 
2.397365 0.335853 -3.872983 43 0.138607 0.012821


2.439740 0.329947 -3.872983 1 0.096920 0.003192


2.083381 0.345144 -3.872983 72 0.450540 0.049831 
2.067223 0.311245 -3.872983 56 0.469632 0.017493 
2.006005 0.306075 -3.872983 71 0.531068 0.017756 
2.021404 0.342683 -3.872983 75 0.512492 0.052859 
2.083381 0.345144 -3.872983 72 0.450540 0.049831


2.044503 0.326287 -3.872983 2 0.490933 0.034485


2.475654 0.327109 -3.872983 24 0.061398 -0.002810 
2.471059 0.335790 -3.872983 73 0.065207 0.006243 
2.536507 0.334117 -3.872983 22 0.000163 -0.001209 
2.536452 0.332898 -3.872983 23 0.000325 -0.002418 
2.475654 0.327109 -3.872983 24 0.061398 -0.002810


2.504918 0.332478 -3.872983 3 0.031773 -0.000049


1.587136 0.256565 -3.872983 57 0.952673 0.005467 
1.600677 0.254255 -3.872983 76 0.939389 0.001969 
1.596215 0.233395 -3.872983 41 0.945678 -0.018415 
1.582031 0.238517 -3.872983 42 0.959353 -0.012059 
1.587136 0.256565 -3.872983 57 0.952673 0.005467


1.591515 0.245683 -3.872983 4 0.949273 -0.005760


1.574697 0.264983 -3.872983 2 0.964319 0.014952 
1.587136 0.256565 -3.872983 57 0.952673 0.005467 
1.582031 0.238517 -3.872983 42 0.959353 -0.012059 
1.571946 0.249728 -3.872983 1 0.968408 -0.000000 
1.574697 0.264983 -3.872983 2 0.964319 0.014952


1.578953 0.252448 -3.872983 5 0.961188 0.002090


1.591126 0.268461 -3.872983 44 0.947647 0.016964 
1.587136 0.256565 -3.872983 57 0.952673 0.005467 
1.574697 0.264983 -3.872983 2 0.964319 0.014952 
1.584509 0.276983 -3.872983 3 0.953485 0.026037 
1.591126 0.268461 -3.872983 44 0.947647 0.016964


1.584367 0.266748 -3.872983 6 0.954531 0.015855


1.617621 0.255260 -3.872983 58 0.922423 0.001473 
1.639763 0.258442 -3.872983 77 0.900086 0.002685 
1.626501 0.229799 -3.872983 39 0.915828 -0.024674 
1.611276 0.230900 -3.872983 40 0.930897 -0.022232 
1.617621 0.255260 -3.872983 58 0.922423 0.001473


1.623790 0.243600 -3.872983 7 0.917308 -0.010687


1.600677 0.254255 -3.872983 76 0.939389 0.001969 
1.617621 0.255260 -3.872983 58 0.922423 0.001473 
1.611276 0.230900 -3.872983 40 0.930897 -0.022232 
1.596215 0.233395 -3.872983 41 0.945678 -0.018415 
1.600677 0.254255 -3.872983 76 0.939389 0.001969


1.606447 0.243452 -3.872983 8 0.934597 -0.009301


1.723296 0.306243 -3.872983 62 0.812655 0.042914 
1.778482 0.317184 -3.872983 49 0.756717 0.048934 
1.765846 0.277745 -3.872983 63 0.772790 0.010766 
1.712343 0.269866 -3.872983 45 0.826781 0.007647 
1.723296 0.306243 -3.872983 62 0.812655 0.042914


1.744992 0.292759 -3.872983 9 0.792236 0.027565


1.618248 0.277154 -3.872983 46 0.919863 0.023225 
1.601692 0.271752 -3.872983 59 0.936831 0.019308 
1.596598 0.287008 -3.872983 4 0.940557 0.034955 
1.609663 0.295725 -3.872983 5 0.926773 0.042483 
1.618248 0.277154 -3.872983 46 0.919863 0.023225


1.606550 0.282910 -3.872983 10 0.931006 0.029993


1.587136 0.256565 -3.872983 57 0.952673 0.005467 
1.591126 0.268461 -3.872983 44 0.947647 0.016964 
1.601692 0.271752 -3.872983 59 0.936831 0.019308 
1.600677 0.254255 -3.872983 76 0.939389 0.001969 
1.587136 0.256565 -3.872983 57 0.952673 0.005467


1.595158 0.262758 -3.872983 11 0.944135 0.010927


1.596598 0.287008 -3.872983 4 0.940557 0.034955 
1.601692 0.271752 -3.872983 59 0.936831 0.019308 
1.591126 0.268461 -3.872983 44 0.947647 0.016964 
1.584509 0.276983 -3.872983 3 0.953485 0.026037 
1.596598 0.287008 -3.872983 4 0.940557 0.034955


1.593481 0.276051 -3.872983 12 0.944630 0.024316


1.671548 0.263281 -3.872983 60 0.867998 0.004695 
1.712343 0.269866 -3.872983 45 0.826781 0.007647 
1.687514 0.231693 -3.872983 37 0.854887 -0.028181 
1.657035 0.229881 -3.872983 38 0.885407 -0.027291 
1.671548 0.263281 -3.872983 60 0.867998 0.004695


1.682110 0.248680 -3.872983 13 0.858768 -0.010782


1.639763 0.258442 -3.872983 77 0.900086 0.002685 
1.671548 0.263281 -3.872983 60 0.867998 0.004695 
1.657035 0.229881 -3.872983 38 0.885407 -0.027291 
1.626501 0.229799 -3.872983 39 0.915828 -0.024674 
1.639763 0.258442 -3.872983 77 0.900086 0.002685


1.648712 0.245351 -3.872983 14 0.892330 -0.011146


2.249811 0.322509 -3.872983 66 0.286763 0.012572 
2.189434 0.319572 -3.872983 53 0.347163 0.014985 
2.207236 0.346465 -3.872983 68 0.327054 0.040199 
2.269078 0.345245 -3.872983 47 0.265561 0.033517 
2.249811 0.322509 -3.872983 66 0.286763 0.012572


2.228890 0.333448 -3.872983 15 0.306635 0.025318


1.676394 0.294658 -3.872983 48 0.860397 0.035520 
1.643097 0.285298 -3.872983 61 0.894392 0.029140 
1.637319 0.310617 -3.872983 6 0.897908 0.054871 
1.666130 0.323130 -3.872983 7 0.868104 0.064789 
1.676394 0.294658 -3.872983 48 0.860397 0.035520


1.655735 0.303426 -3.872983 16 0.880200 0.046080


1.617621 0.255260 -3.872983 58 0.922423 0.001473 
1.618248 0.277154 -3.872983 46 0.919863 0.023225 
1.643097 0.285298 -3.872983 61 0.894392 0.029140 
1.639763 0.258442 -3.872983 77 0.900086 0.002685 
1.617621 0.255260 -3.872983 58 0.922423 0.001473


1.629682 0.269038 -3.872983 17 0.909191 0.014131


1.637319 0.310617 -3.872983 6 0.897908 0.054871 
1.643097 0.285298 -3.872983 61 0.894392 0.029140 
1.618248 0.277154 -3.872983 46 0.919863 0.023225 
1.609663 0.295725 -3.872983 5 0.926773 0.042483 
1.637319 0.310617 -3.872983 6 0.897908 0.054871


1.627082 0.292198 -3.872983 18 0.909734 0.037430


1.671548 0.263281 -3.872983 60 0.867998 0.004695 
1.676394 0.294658 -3.872983 48 0.860397 0.035520 
1.723296 0.306243 -3.872983 62 0.812655 0.042914 
1.712343 0.269866 -3.872983 45 0.826781 0.007647 
1.671548 0.263281 -3.872983 60 0.867998 0.004695


1.695895 0.283512 -3.872983 19 0.841958 0.022694


1.725679 0.343133 -3.872983 8 0.807020 0.079449 
1.723296 0.306243 -3.872983 62 0.812655 0.042914 
1.676394 0.294658 -3.872983 48 0.860397 0.035520 
1.666130 0.323130 -3.872983 7 0.868104 0.064789 
1.725679 0.343133 -3.872983 8 0.807020 0.079449


1.697874 0.316791 -3.872983 20 0.837044 0.055668


1.778482 0.317184 -3.872983 49 0.756717 0.048934 
1.723296 0.306243 -3.872983 62 0.812655 0.042914 
1.725679 0.343133 -3.872983 8 0.807020 0.079449 
1.786721 0.357965 -3.872983 9 0.744905 0.088827 
1.778482 0.317184 -3.872983 49 0.756717 0.048934


1.753544 0.331131 -3.872983 21 0.780324 0.065031


1.748267 0.237917 -3.872983 36 0.793821 -0.027352 
1.765846 0.277745 -3.872983 63 0.772790 0.010766 
1.824121 0.285919 -3.872983 50 0.714021 0.013757 
1.808833 0.245759 -3.872983 35 0.732799 -0.024895 
1.748267 0.237917 -3.872983 36 0.793821 -0.027352


1.786767 0.261835 -3.872983 22 0.753358 -0.006931


1.712343 0.269866 -3.872983 45 0.826781 0.007647 
1.765846 0.277745 -3.872983 63 0.772790 0.010766 
1.748267 0.237917 -3.872983 36 0.793821 -0.027352 
1.687514 0.231693 -3.872983 37 0.854887 -0.028181 
1.712343 0.269866 -3.872983 45 0.826781 0.007647


1.728493 0.254305 -3.872983 23 0.812070 -0.009280


1.837347 0.326349 -3.872983 64 0.697273 0.052859 
1.824121 0.285919 -3.872983 50 0.714021 0.013757 
1.765846 0.277745 -3.872983 63 0.772790 0.010766 
1.778482 0.317184 -3.872983 49 0.756717 0.048934 
1.837347 0.326349 -3.872983 64 0.697273 0.052859


1.801449 0.301799 -3.872983 24 0.735200 0.031579


1.824121 0.285919 -3.872983 50 0.714021 0.013757 
1.884113 0.293494 -3.872983 69 0.653594 0.015999 
1.869335 0.254098 -3.872983 34 0.671797 -0.021937 
1.808833 0.245759 -3.872983 35 0.732799 -0.024895 
1.824121 0.285919 -3.872983 50 0.714021 0.013757


1.846601 0.269817 -3.872983 25 0.693053 -0.004269


1.837347 0.326349 -3.872983 64 0.697273 0.052859 
1.778482 0.317184 -3.872983 49 0.756717 0.048934 
1.786721 0.357965 -3.872983 9 0.744905 0.088827 
1.848649 0.368566 -3.872983 10 0.682283 0.093912 
1.837347 0.326349 -3.872983 64 0.697273 0.052859


1.812800 0.342516 -3.872983 26 0.720294 0.071133


1.898065 0.333641 -3.872983 51 0.636148 0.054755 
1.837347 0.326349 -3.872983 64 0.697273 0.052859 
1.848649 0.368566 -3.872983 10 0.682283 0.093912 
1.911097 0.375475 -3.872983 11 0.619469 0.095273 
1.898065 0.333641 -3.872983 51 0.636148 0.054755


1.873790 0.351008 -3.872983 27 0.658793 0.074200


2.331167 0.342171 -3.872983 65 0.203988 0.024966 
2.269078 0.345245 -3.872983 47 0.265561 0.033517 
2.287647 0.369552 -3.872983 17 0.244917 0.056086 
2.350152 0.363126 -3.872983 18 0.183224 0.044161 
2.331167 0.342171 -3.872983 65 0.203988 0.024966


2.309511 0.355024 -3.872983 28 0.224422 0.039683


2.331167 0.342171 -3.872983 65 0.203988 0.024966 
2.307891 0.324387 -3.872983 52 0.228744 0.009309 
2.249811 0.322509 -3.872983 66 0.286763 0.012572 
2.269078 0.345245 -3.872983 47 0.265561 0.033517 
2.331167 0.342171 -3.872983 65 0.203988 0.024966


2.289487 0.333578 -3.872983 29 0.246264 0.020091


2.232789 0.300770 -3.872983 28 0.305640 -0.007576 
2.249811 0.322509 -3.872983 66 0.286763 0.012572 
2.307891 0.324387 -3.872983 52 0.228744 0.009309 
2.293447 0.307876 -3.872983 27 0.244591 -0.005860 
2.232789 0.300770 -3.872983 28 0.305640 -0.007576


2.270985 0.313886 -3.872983 30 0.266435 0.002111


2.189434 0.319572 -3.872983 53 0.347163 0.014985 
2.249811 0.322509 -3.872983 66 0.286763 0.012572 
2.232789 0.300770 -3.872983 28 0.305640 -0.007576 
2.172168 0.293348 -3.872983 29 0.366680 -0.009610 
2.189434 0.319572 -3.872983 53 0.347163 0.014985


2.211050 0.309050 -3.872983 31 0.326561 0.002593


2.128402 0.315739 -3.872983 67 0.408295 0.016562 
2.189434 0.319572 -3.872983 53 0.347163 0.014985 
2.172168 0.293348 -3.872983 29 0.366680 -0.009610 
2.111578 0.285677 -3.872983 30 0.427710 -0.011896 
2.128402 0.315739 -3.872983 67 0.408295 0.016562


2.150396 0.303584 -3.872983 32 0.387462 0.002510


2.067223 0.311245 -3.872983 56 0.469632 0.017493 
2.083381 0.345144 -3.872983 72 0.450540 0.049831 
2.145361 0.346419 -3.872983 54 0.388690 0.045623 
2.128402 0.315739 -3.872983 67 0.408295 0.016562 
2.067223 0.311245 -3.872983 56 0.469632 0.017493


2.106092 0.329637 -3.872983 33 0.429289 0.032377


2.225012 0.374562 -3.872983 16 0.306864 0.066614 
2.207236 0.346465 -3.872983 68 0.327054 0.040199 
2.145361 0.346419 -3.872983 54 0.388690 0.045623 
2.162277 0.378117 -3.872983 15 0.369038 0.075701 
2.225012 0.374562 -3.872983 16 0.306864 0.066614


2.184971 0.361391 -3.872983 34 0.347911 0.057034


2.269078 0.345245 -3.872983 47 0.265561 0.033517 
2.207236 0.346465 -3.872983 68 0.327054 0.040199 
2.225012 0.374562 -3.872983 16 0.306864 0.066614 
2.287647 0.369552 -3.872983 17 0.244917 0.056086 
2.269078 0.345245 -3.872983 47 0.265561 0.033517


2.247243 0.358956 -3.872983 35 0.286099 0.049104


2.128402 0.315739 -3.872983 67 0.408295 0.016562 
2.145361 0.346419 -3.872983 54 0.388690 0.045623 
2.207236 0.346465 -3.872983 68 0.327054 0.040199 
2.189434 0.319572 -3.872983 53 0.347163 0.014985 
2.128402 0.315739 -3.872983 67 0.408295 0.016562


2.167608 0.332049 -3.872983 36 0.367801 0.029342


1.869335 0.254098 -3.872983 34 0.671797 -0.021937 
1.884113 0.293494 -3.872983 69 0.653594 0.015999 
1.944906 0.300255 -3.872983 55 0.592441 0.017360 
1.929856 0.262295 -3.872983 33 0.610788 -0.019121 
1.869335 0.254098 -3.872983 34 0.671797 -0.021937


1.907052 0.277536 -3.872983 37 0.632155 -0.001925


1.824121 0.285919 -3.872983 50 0.714021 0.013757 
1.837347 0.326349 -3.872983 64 0.697273 0.052859 
1.898065 0.333641 -3.872983 51 0.636148 0.054755 
1.884113 0.293494 -3.872983 69 0.653594 0.015999 
1.824121 0.285919 -3.872983 50 0.714021 0.013757


1.860912 0.309851 -3.872983 38 0.675259 0.034342


1.959562 0.338948 -3.872983 70 0.574422 0.054605 
1.944906 0.300255 -3.872983 55 0.592441 0.017360 
1.884113 0.293494 -3.872983 69 0.653594 0.015999 
1.898065 0.333641 -3.872983 51 0.636148 0.054755 
1.959562 0.338948 -3.872983 70 0.574422 0.054605


1.921662 0.316584 -3.872983 39 0.614151 0.035680


1.944906 0.300255 -3.872983 55 0.592441 0.017360 
2.006005 0.306075 -3.872983 71 0.531068 0.017756 
1.990436 0.270045 -3.872983 32 0.549761 -0.016757 
1.929856 0.262295 -3.872983 33 0.610788 -0.019121 
1.944906 0.300255 -3.872983 55 0.592441 0.017360


1.967801 0.284668 -3.872983 40 0.571014 -0.000191


1.959562 0.338948 -3.872983 70 0.574422 0.054605 
1.898065 0.333641 -3.872983 51 0.636148 0.054755 
1.911097 0.375475 -3.872983 11 0.619469 0.095273 
1.973825 0.379116 -3.872983 12 0.556665 0.093356 
1.959562 0.338948 -3.872983 70 0.574422 0.054605


1.935637 0.356795 -3.872983 41 0.596676 0.074497


2.021404 0.342683 -3.872983 75 0.512492 0.052859 
1.959562 0.338948 -3.872983 70 0.574422 0.054605 
1.973825 0.379116 -3.872983 12 0.556665 0.093356 
2.036642 0.380527 -3.872983 13 0.493969 0.089207 
2.021404 0.342683 -3.872983 75 0.512492 0.052859


1.997858 0.360319 -3.872983 42 0.534387 0.072507


1.990436 0.270045 -3.872983 32 0.549761 -0.016757 
2.006005 0.306075 -3.872983 71 0.531068 0.017756 
2.067223 0.311245 -3.872983 56 0.469632 0.017493 
2.051007 0.277859 -3.872983 31 0.488736 -0.014328 
1.990436 0.270045 -3.872983 32 0.549761 -0.016757


2.028667 0.291306 -3.872983 43 0.509799 0.001041


1.944906 0.300255 -3.872983 55 0.592441 0.017360 
1.959562 0.338948 -3.872983 70 0.574422 0.054605 
2.021404 0.342683 -3.872983 75 0.512492 0.052859 
2.006005 0.306075 -3.872983 71 0.531068 0.017756 
1.944906 0.300255 -3.872983 55 0.592441 0.017360


1.982969 0.321991 -3.872983 44 0.552606 0.035645


2.145361 0.346419 -3.872983 54 0.388690 0.045623 
2.083381 0.345144 -3.872983 72 0.450540 0.049831 
2.099475 0.380142 -3.872983 14 0.431415 0.083270 
2.162277 0.378117 -3.872983 15 0.369038 0.075701 
2.145361 0.346419 -3.872983 54 0.388690 0.045623


2.122624 0.362456 -3.872983 45 0.409921 0.063606


2.067223 0.311245 -3.872983 56 0.469632 0.017493 
2.128402 0.315739 -3.872983 67 0.408295 0.016562 
2.111578 0.285677 -3.872983 30 0.427710 -0.011896 
2.051007 0.277859 -3.872983 31 0.488736 -0.014328 
2.067223 0.311245 -3.872983 56 0.469632 0.017493


2.089553 0.297630 -3.872983 46 0.448593 0.001958


2.099475 0.380142 -3.872983 14 0.431415 0.083270 
2.083381 0.345144 -3.872983 72 0.450540 0.049831 
2.021404 0.342683 -3.872983 75 0.512492 0.052859 
2.036642 0.380527 -3.872983 13 0.493969 0.089207 
2.099475 0.380142 -3.872983 14 0.431415 0.083270


2.060226 0.362124 -3.872983 47 0.472104 0.068792


2.536507 0.334117 -3.872983 22 0.000163 -0.001209 
2.471059 0.335790 -3.872983 73 0.065207 0.006243 
2.474648 0.346047 -3.872983 20 0.060726 0.016143 
2.536563 0.335335 -3.872983 21 -0.000000 -0.000000 
2.536507 0.334117 -3.872983 22 0.000163 -0.001209


2.504694 0.337822 -3.872983 48 0.031524 0.005294


2.474648 0.346047 -3.872983 20 0.060726 0.016143 
2.471059 0.335790 -3.872983 73 0.065207 0.006243 
2.397365 0.335853 -3.872983 43 0.138607 0.012821 
2.412498 0.355297 -3.872983 19 0.121815 0.030850 
2.474648 0.346047 -3.872983 20 0.060726 0.016143


2.438892 0.343247 -3.872983 49 0.096589 0.016514


2.354146 0.314633 -3.872983 26 0.183533 -0.004496 
2.356791 0.324795 -3.872983 74 0.179999 0.005392 
2.397365 0.335853 -3.872983 43 0.138607 0.012821 
2.414883 0.321036 -3.872983 25 0.122467 -0.003487 
2.354146 0.314633 -3.872983 26 0.183533 -0.004496


2.380796 0.324079 -3.872983 50 0.156152 0.002558


2.307891 0.324387 -3.872983 52 0.228744 0.009309 
2.356791 0.324795 -3.872983 74 0.179999 0.005392 
2.354146 0.314633 -3.872983 26 0.183533 -0.004496 
2.293447 0.307876 -3.872983 27 0.244591 -0.005860 
2.307891 0.324387 -3.872983 52 0.228744 0.009309


2.328069 0.317923 -3.872983 51 0.209217 0.001086


2.397365 0.335853 -3.872983 43 0.138607 0.012821 
2.356791 0.324795 -3.872983 74 0.179999 0.005392 
2.307891 0.324387 -3.872983 52 0.228744 0.009309 
2.331167 0.342171 -3.872983 65 0.203988 0.024966 
2.397365 0.335853 -3.872983 43 0.138607 0.012821


2.348303 0.331802 -3.872983 52 0.187835 0.013122


2.397365 0.335853 -3.872983 43 0.138607 0.012821 
2.331167 0.342171 -3.872983 65 0.203988 0.024966 
2.350152 0.363126 -3.872983 18 0.183224 0.044161 
2.412498 0.355297 -3.872983 19 0.121815 0.030850 
2.397365 0.335853 -3.872983 43 0.138607 0.012821


2.372795 0.349112 -3.872983 53 0.161908 0.028200


1.601692 0.271752 -3.872983 59 0.936831 0.019308 
1.618248 0.277154 -3.872983 46 0.919863 0.023225 
1.617621 0.255260 -3.872983 58 0.922423 0.001473 
1.600677 0.254255 -3.872983 76 0.939389 0.001969 
1.601692 0.271752 -3.872983 59 0.936831 0.019308


1.609560 0.264605 -3.872983 54 0.929626 0.011494


1.643097 0.285298 -3.872983 61 0.894392 0.029140 
1.676394 0.294658 -3.872983 48 0.860397 0.035520 
1.671548 0.263281 -3.872983 60 0.867998 0.004695 
1.639763 0.258442 -3.872983 77 0.900086 0.002685 
1.643097 0.285298 -3.872983 61 0.894392 0.029140


1.657700 0.275420 -3.872983 55 0.880718 0.018010


