0.232059 0.500000 -0.385550 2 0.014450 -0.167941 
0.245081 0.500000 -0.388114 214 0.011886 -0.154919 
0.235956 0.500000 -0.398808 91 0.001192 -0.164044 
0.200024 0.500000 -0.403101 1 -0.003101 -0.199976 
0.232059 0.500000 -0.385550 2 0.014450 -0.167941


0.228280 0.500000 -0.393893 1 0.006107 -0.171720


0.267227 0.500000 -0.379986 90 0.020014 -0.132773 
0.245081 0.500000 -0.388114 214 0.011886 -0.154919 
0.232059 0.500000 -0.385550 2 0.014450 -0.167941 
0.262566 0.500000 -0.365458 3 0.034542 -0.137434 
0.267227 0.500000 -0.379986 90 0.020014 -0.132773


0.251733 0.500000 -0.379777 2 0.020223 -0.148267


0.235956 0.500000 -0.398808 91 0.001192 -0.164044 
0.245081 0.500000 -0.388114 214 0.011886 -0.154919 
0.267227 0.500000 -0.379986 90 0.020014 -0.132773 
0.271888 0.500000 -0.394514 81 0.005486 -0.128112 
0.235956 0.500000 -0.398808 91 0.001192 -0.164044


0.255038 0.500000 -0.390356 3 0.009644 -0.144962


0.235956 0.500000 -0.398808 91 0.001192 -0.164044 
0.225122 0.500000 -0.413132 215 -0.013132 -0.174878 
0.201269 0.500000 -0.422495 56 -0.022495 -0.198731 
0.200024 0.500000 -0.403101 1 -0.003101 -0.199976 
0.235956 0.500000 -0.398808 91 0.001192 -0.164044


0.215593 0.500000 -0.409384 4 -0.009384 -0.184407


0.238139 0.500000 -0.418095 92 -0.018095 -0.161861 
0.225122 0.500000 -0.413132 215 -0.013132 -0.174878 
0.235956 0.500000 -0.398808 91 0.001192 -0.164044 
0.271888 0.500000 -0.394514 81 0.005486 -0.128112 
0.238139 0.500000 -0.418095 92 -0.018095 -0.161861


0.242776 0.500000 -0.406137 5 -0.006137 -0.157224


0.201269 0.500000 -0.422495 56 -0.022495 -0.198731 
0.225122 0.500000 -0.413132 215 -0.013132 -0.174878 
0.238139 0.500000 -0.418095 92 -0.018095 -0.161861 
0.204390 0.500000 -0.441676 55 -0.041676 -0.195610 
0.201269 0.500000 -0.422495 56 -0.022495 -0.198731


0.217230 0.500000 -0.423849 6 -0.023849 -0.182770


0.291342 0.500000 -0.342958 4 0.057042 -0.108658 
0.306257 0.500000 -0.340560 216 0.059440 -0.093743 
0.299806 0.500000 -0.351176 94 0.048824 -0.100194 
0.262566 0.500000 -0.365458 3 0.034542 -0.137434 
0.291342 0.500000 -0.342958 4 0.057042 -0.108658


0.289992 0.500000 -0.350038 7 0.049962 -0.110008


0.327622 0.500000 -0.327546 93 0.072454 -0.072378 
0.306257 0.500000 -0.340560 216 0.059440 -0.093743 
0.291342 0.500000 -0.342958 4 0.057042 -0.108658 
0.318198 0.500000 -0.318198 5 0.081802 -0.081802 
0.327622 0.500000 -0.327546 93 0.072454 -0.072378


0.310855 0.500000 -0.332315 8 0.067685 -0.089145


0.299806 0.500000 -0.351176 94 0.048824 -0.100194 
0.306257 0.500000 -0.340560 216 0.059440 -0.093743 
0.327622 0.500000 -0.327546 93 0.072454 -0.072378 
0.337046 0.500000 -0.336894 63 0.063106 -0.062954 
0.299806 0.500000 -0.351176 94 0.048824 -0.100194


0.317683 0.500000 -0.339044 9 0.060956 -0.082317


0.299806 0.500000 -0.351176 94 0.048824 -0.100194 
0.290500 0.500000 -0.365622 217 0.034378 -0.109500 
0.267227 0.500000 -0.379986 90 0.020014 -0.132773 
0.262566 0.500000 -0.365458 3 0.034542 -0.137434 
0.299806 0.500000 -0.351176 94 0.048824 -0.100194


0.280025 0.500000 -0.365560 10 0.034440 -0.119975


0.304467 0.500000 -0.365704 95 0.034296 -0.095533 
0.290500 0.500000 -0.365622 217 0.034378 -0.109500 
0.299806 0.500000 -0.351176 94 0.048824 -0.100194 
0.337046 0.500000 -0.336894 63 0.063106 -0.062954 
0.304467 0.500000 -0.365704 95 0.034296 -0.095533


0.307955 0.500000 -0.354849 11 0.045151 -0.092045


0.267227 0.500000 -0.379986 90 0.020014 -0.132773 
0.290500 0.500000 -0.365622 217 0.034378 -0.109500 
0.304467 0.500000 -0.365704 95 0.034296 -0.095533 
0.271888 0.500000 -0.394514 81 0.005486 -0.128112 
0.267227 0.500000 -0.379986 90 0.020014 -0.132773


0.283521 0.500000 -0.376457 12 0.023543 -0.116479


0.238139 0.500000 -0.418095 92 -0.018095 -0.161861 
0.254855 0.500000 -0.419414 218 -0.019414 -0.145145 
0.246338 0.500000 -0.431864 97 -0.031864 -0.153662 
0.204390 0.500000 -0.441676 55 -0.041676 -0.195610 
0.238139 0.500000 -0.418095 92 -0.018095 -0.161861


0.235931 0.500000 -0.427762 13 -0.027762 -0.164069


0.280087 0.500000 -0.408284 96 -0.008284 -0.119913 
0.254855 0.500000 -0.419414 218 -0.019414 -0.145145 
0.238139 0.500000 -0.418095 92 -0.018095 -0.161861 
0.271888 0.500000 -0.394514 81 0.005486 -0.128112 
0.280087 0.500000 -0.408284 96 -0.008284 -0.119913


0.261243 0.500000 -0.410077 14 -0.010077 -0.138757


0.246338 0.500000 -0.431864 97 -0.031864 -0.153662 
0.254855 0.500000 -0.419414 218 -0.019414 -0.145145 
0.280087 0.500000 -0.408284 96 -0.008284 -0.119913 
0.288286 0.500000 -0.422053 82 -0.022053 -0.111714 
0.246338 0.500000 -0.431864 97 -0.031864 -0.153662


0.267392 0.500000 -0.420404 15 -0.020404 -0.132608


0.246338 0.500000 -0.431864 97 -0.031864 -0.153662 
0.235968 0.500000 -0.447565 219 -0.047565 -0.164032 
0.209359 0.500000 -0.460463 54 -0.060463 -0.190641 
0.204390 0.500000 -0.441676 55 -0.041676 -0.195610 
0.246338 0.500000 -0.431864 97 -0.031864 -0.153662


0.224014 0.500000 -0.445392 16 -0.045392 -0.175986


0.252206 0.500000 -0.450367 98 -0.050367 -0.147794 
0.235968 0.500000 -0.447565 219 -0.047565 -0.164032 
0.246338 0.500000 -0.431864 97 -0.031864 -0.153662 
0.288286 0.500000 -0.422053 82 -0.022053 -0.111714 
0.252206 0.500000 -0.450367 98 -0.050367 -0.147794


0.255700 0.500000 -0.437962 17 -0.037962 -0.144300


0.209359 0.500000 -0.460463 54 -0.060463 -0.190641 
0.235968 0.500000 -0.447565 219 -0.047565 -0.164032 
0.252206 0.500000 -0.450367 98 -0.050367 -0.147794 
0.216127 0.500000 -0.478680 53 -0.078680 -0.183873 
0.209359 0.500000 -0.460463 54 -0.060463 -0.190641


0.228415 0.500000 -0.459269 18 -0.059269 -0.171585


0.304467 0.500000 -0.365704 95 0.034296 -0.095533 
0.322328 0.500000 -0.363134 220 0.036866 -0.077672 
0.314968 0.500000 -0.376254 100 0.023746 -0.085032 
0.271888 0.500000 -0.394514 81 0.005486 -0.128112 
0.304467 0.500000 -0.365704 95 0.034296 -0.095533


0.303413 0.500000 -0.374902 19 0.025098 -0.096587


0.347547 0.500000 -0.347444 99 0.052556 -0.052453 
0.322328 0.500000 -0.363134 220 0.036866 -0.077672 
0.304467 0.500000 -0.365704 95 0.034296 -0.095533 
0.337046 0.500000 -0.336894 63 0.063106 -0.062954 
0.347547 0.500000 -0.347444 99 0.052556 -0.052453


0.327847 0.500000 -0.353294 20 0.046706 -0.072153


0.314968 0.500000 -0.376254 100 0.023746 -0.085032 
0.322328 0.500000 -0.363134 220 0.036866 -0.077672 
0.347547 0.500000 -0.347444 99 0.052556 -0.052453 
0.358048 0.500000 -0.357993 64 0.042007 -0.041952 
0.314968 0.500000 -0.376254 100 0.023746 -0.085032


0.335723 0.500000 -0.361206 21 0.038794 -0.064277


0.314968 0.500000 -0.376254 100 0.023746 -0.085032 
0.306074 0.500000 -0.391520 221 0.008480 -0.093926 
0.280087 0.500000 -0.408284 96 -0.008284 -0.119913 
0.271888 0.500000 -0.394514 81 0.005486 -0.128112 
0.314968 0.500000 -0.376254 100 0.023746 -0.085032


0.293254 0.500000 -0.392643 22 0.007357 -0.106746


0.323167 0.500000 -0.390023 101 0.009977 -0.076833 
0.306074 0.500000 -0.391520 221 0.008480 -0.093926 
0.314968 0.500000 -0.376254 100 0.023746 -0.085032 
0.358048 0.500000 -0.357993 64 0.042007 -0.041952 
0.323167 0.500000 -0.390023 101 0.009977 -0.076833


0.325564 0.500000 -0.378948 23 0.021052 -0.074436


0.280087 0.500000 -0.408284 96 -0.008284 -0.119913 
0.306074 0.500000 -0.391520 221 0.008480 -0.093926 
0.323167 0.500000 -0.390023 101 0.009977 -0.076833 
0.288286 0.500000 -0.422053 82 -0.022053 -0.111714 
0.280087 0.500000 -0.408284 96 -0.008284 -0.119913


0.299404 0.500000 -0.402970 24 -0.002970 -0.100596


0.252206 0.500000 -0.450367 98 -0.050367 -0.147794 
0.271045 0.500000 -0.449993 222 -0.049993 -0.128955 
0.262424 0.500000 -0.463963 103 -0.063963 -0.137576 
0.216127 0.500000 -0.478680 53 -0.078680 -0.183873 
0.252206 0.500000 -0.450367 98 -0.050367 -0.147794


0.250451 0.500000 -0.460751 25 -0.060751 -0.149549


0.298504 0.500000 -0.435649 102 -0.035649 -0.101496 
0.271045 0.500000 -0.449993 222 -0.049993 -0.128955 
0.252206 0.500000 -0.450367 98 -0.050367 -0.147794 
0.288286 0.500000 -0.422053 82 -0.022053 -0.111714 
0.298504 0.500000 -0.435649 102 -0.035649 -0.101496


0.277510 0.500000 -0.439516 26 -0.039516 -0.122490


0.262424 0.500000 -0.463963 103 -0.063963 -0.137576 
0.271045 0.500000 -0.449993 222 -0.049993 -0.128955 
0.298504 0.500000 -0.435649 102 -0.035649 -0.101496 
0.308722 0.500000 -0.449245 65 -0.049245 -0.091278 
0.262424 0.500000 -0.463963 103 -0.063963 -0.137576


0.285174 0.500000 -0.449712 27 -0.049712 -0.114826


0.262424 0.500000 -0.463963 103 -0.063963 -0.137576 
0.252937 0.500000 -0.480367 223 -0.080367 -0.147063 
0.224631 0.500000 -0.496154 52 -0.096154 -0.175369 
0.216127 0.500000 -0.478680 53 -0.078680 -0.183873 
0.262424 0.500000 -0.463963 103 -0.063963 -0.137576


0.239030 0.500000 -0.479791 28 -0.079791 -0.160970


0.271757 0.500000 -0.480983 104 -0.080983 -0.128243 
0.252937 0.500000 -0.480367 223 -0.080367 -0.147063 
0.262424 0.500000 -0.463963 103 -0.063963 -0.137576 
0.308722 0.500000 -0.449245 65 -0.049245 -0.091278 
0.271757 0.500000 -0.480983 104 -0.080983 -0.128243


0.273960 0.500000 -0.468639 29 -0.068639 -0.126040


0.224631 0.500000 -0.496154 52 -0.096154 -0.175369 
0.252937 0.500000 -0.480367 223 -0.080367 -0.147063 
0.271757 0.500000 -0.480983 104 -0.080983 -0.128243 
0.234791 0.500000 -0.512720 51 -0.112720 -0.165209 
0.224631 0.500000 -0.496154 52 -0.096154 -0.175369


0.246029 0.500000 -0.492556 30 -0.092556 -0.153971


0.323167 0.500000 -0.390023 101 0.009977 -0.076833 
0.342394 0.500000 -0.387207 224 0.012793 -0.057606 
0.334568 0.500000 -0.401814 106 -0.001814 -0.065432 
0.288286 0.500000 -0.422053 82 -0.022053 -0.111714 
0.323167 0.500000 -0.390023 101 0.009977 -0.076833


0.322104 0.500000 -0.400275 31 -0.000275 -0.077896


0.369448 0.500000 -0.369784 105 0.030216 -0.030552 
0.342394 0.500000 -0.387207 224 0.012793 -0.057606 
0.323167 0.500000 -0.390023 101 0.009977 -0.076833 
0.358048 0.500000 -0.357993 64 0.042007 -0.041952 
0.369448 0.500000 -0.369784 105 0.030216 -0.030552


0.348264 0.500000 -0.376252 32 0.023748 -0.051736


0.334568 0.500000 -0.401814 106 -0.001814 -0.065432 
0.342394 0.500000 -0.387207 224 0.012793 -0.057606 
0.369448 0.500000 -0.369784 105 0.030216 -0.030552 
0.380849 0.500000 -0.381575 57 0.018425 -0.019151 
0.334568 0.500000 -0.401814 106 -0.001814 -0.065432


0.356815 0.500000 -0.385095 33 0.014905 -0.043185


0.334568 0.500000 -0.401814 106 -0.001814 -0.065432 
0.325952 0.500000 -0.417625 225 -0.017625 -0.074048 
0.298504 0.500000 -0.435649 102 -0.035649 -0.101496 
0.288286 0.500000 -0.422053 82 -0.022053 -0.111714 
0.334568 0.500000 -0.401814 106 -0.001814 -0.065432


0.311828 0.500000 -0.419285 34 -0.019285 -0.088172


0.344786 0.500000 -0.415410 107 -0.015410 -0.055214 
0.325952 0.500000 -0.417625 225 -0.017625 -0.074048 
0.334568 0.500000 -0.401814 106 -0.001814 -0.065432 
0.380849 0.500000 -0.381575 57 0.018425 -0.019151 
0.344786 0.500000 -0.415410 107 -0.015410 -0.055214


0.346539 0.500000 -0.404106 35 -0.004106 -0.053461


0.298504 0.500000 -0.435649 102 -0.035649 -0.101496 
0.325952 0.500000 -0.417625 225 -0.017625 -0.074048 
0.344786 0.500000 -0.415410 107 -0.015410 -0.055214 
0.308722 0.500000 -0.449245 65 -0.049245 -0.091278 
0.298504 0.500000 -0.435649 102 -0.035649 -0.101496


0.319491 0.500000 -0.429482 36 -0.029482 -0.080509


0.342958 0.500000 -0.291342 6 0.108658 -0.057042 
0.359835 0.500000 -0.284527 226 0.115473 -0.040165 
0.356458 0.500000 -0.295028 109 0.104972 -0.043542 
0.318198 0.500000 -0.318198 5 0.081802 -0.081802 
0.342958 0.500000 -0.291342 6 0.108658 -0.057042


0.344362 0.500000 -0.297274 37 0.102726 -0.055638


0.380088 0.500000 -0.267212 108 0.132788 -0.019912 
0.359835 0.500000 -0.284527 226 0.115473 -0.040165 
0.342958 0.500000 -0.291342 6 0.108658 -0.057042 
0.365458 0.500000 -0.262566 7 0.137434 -0.034542 
0.380088 0.500000 -0.267212 108 0.132788 -0.019912


0.362085 0.500000 -0.276411 38 0.123589 -0.037915


0.356458 0.500000 -0.295028 109 0.104972 -0.043542 
0.359835 0.500000 -0.284527 226 0.115473 -0.040165 
0.380088 0.500000 -0.267212 108 0.132788 -0.019912 
0.394719 0.500000 -0.271858 66 0.128142 -0.005281 
0.356458 0.500000 -0.295028 109 0.104972 -0.043542


0.372775 0.500000 -0.279656 39 0.120344 -0.027225


0.356458 0.500000 -0.295028 109 0.104972 -0.043542 
0.349988 0.500000 -0.308983 227 0.091017 -0.050012 
0.327622 0.500000 -0.327546 93 0.072454 -0.072378 
0.318198 0.500000 -0.318198 5 0.081802 -0.081802 
0.356458 0.500000 -0.295028 109 0.104972 -0.043542


0.338067 0.500000 -0.312439 40 0.087561 -0.061933


0.365882 0.500000 -0.304376 110 0.095624 -0.034118 
0.349988 0.500000 -0.308983 227 0.091017 -0.050012 
0.356458 0.500000 -0.295028 109 0.104972 -0.043542 
0.394719 0.500000 -0.271858 66 0.128142 -0.005281 
0.365882 0.500000 -0.304376 110 0.095624 -0.034118


0.366762 0.500000 -0.295061 41 0.104939 -0.033238


0.327622 0.500000 -0.327546 93 0.072454 -0.072378 
0.349988 0.500000 -0.308983 227 0.091017 -0.050012 
0.365882 0.500000 -0.304376 110 0.095624 -0.034118 
0.337046 0.500000 -0.336894 63 0.063106 -0.062954 
0.327622 0.500000 -0.327546 93 0.072454 -0.072378


0.345135 0.500000 -0.319450 42 0.080550 -0.054865


0.365882 0.500000 -0.304376 110 0.095624 -0.034118 
0.384696 0.500000 -0.299082 228 0.100918 -0.015304 
0.379685 0.500000 -0.312694 112 0.087306 -0.020315 
0.337046 0.500000 -0.336894 63 0.063106 -0.062954 
0.365882 0.500000 -0.304376 110 0.095624 -0.034118


0.366828 0.500000 -0.313261 43 0.086739 -0.033172


0.408521 0.500000 -0.280176 111 0.119824 0.008521 
0.384696 0.500000 -0.299082 228 0.100918 -0.015304 
0.365882 0.500000 -0.304376 110 0.095624 -0.034118 
0.394719 0.500000 -0.271858 66 0.128142 -0.005281 
0.408521 0.500000 -0.280176 111 0.119824 0.008521


0.388455 0.500000 -0.288873 44 0.111127 -0.011545


0.379685 0.500000 -0.312694 112 0.087306 -0.020315 
0.384696 0.500000 -0.299082 228 0.100918 -0.015304 
0.408521 0.500000 -0.280176 111 0.119824 0.008521 
0.422324 0.500000 -0.288494 67 0.111506 0.022324 
0.379685 0.500000 -0.312694 112 0.087306 -0.020315


0.398807 0.500000 -0.295111 45 0.104889 -0.001193


0.379685 0.500000 -0.312694 112 0.087306 -0.020315 
0.372473 0.500000 -0.327794 229 0.072206 -0.027527 
0.347547 0.500000 -0.347444 99 0.052556 -0.052453 
0.337046 0.500000 -0.336894 63 0.063106 -0.062954 
0.379685 0.500000 -0.312694 112 0.087306 -0.020315


0.359188 0.500000 -0.331206 46 0.068794 -0.040812


0.390186 0.500000 -0.323244 113 0.076756 -0.009814 
0.372473 0.500000 -0.327794 229 0.072206 -0.027527 
0.379685 0.500000 -0.312694 112 0.087306 -0.020315 
0.422324 0.500000 -0.288494 67 0.111506 0.022324 
0.390186 0.500000 -0.323244 113 0.076756 -0.009814


0.391167 0.500000 -0.313056 47 0.086944 -0.008833


0.347547 0.500000 -0.347444 99 0.052556 -0.052453 
0.372473 0.500000 -0.327794 229 0.072206 -0.027527 
0.390186 0.500000 -0.323244 113 0.076756 -0.009814 
0.358048 0.500000 -0.357993 64 0.042007 -0.041952 
0.347547 0.500000 -0.347444 99 0.052556 -0.052453


0.367063 0.500000 -0.339119 48 0.060881 -0.032937


0.390186 0.500000 -0.323244 113 0.076756 -0.009814 
0.409895 0.500000 -0.318750 230 0.081250 0.009895 
0.403681 0.500000 -0.333877 115 0.066123 0.003681 
0.358048 0.500000 -0.357993 64 0.042007 -0.041952 
0.390186 0.500000 -0.323244 113 0.076756 -0.009814


0.390452 0.500000 -0.333466 49 0.066534 -0.009548


0.435819 0.500000 -0.299128 114 0.100872 0.035819 
0.409895 0.500000 -0.318750 230 0.081250 0.009895 
0.390186 0.500000 -0.323244 113 0.076756 -0.009814 
0.422324 0.500000 -0.288494 67 0.111506 0.022324 
0.435819 0.500000 -0.299128 114 0.100872 0.035819


0.414556 0.500000 -0.307404 50 0.092596 0.014556


0.403681 0.500000 -0.333877 115 0.066123 0.003681 
0.409895 0.500000 -0.318750 230 0.081250 0.009895 
0.435819 0.500000 -0.299128 114 0.100872 0.035819 
0.449314 0.500000 -0.309761 58 0.090239 0.049314 
0.403681 0.500000 -0.333877 115 0.066123 0.003681


0.424677 0.500000 -0.315379 51 0.084621 0.024677


0.403681 0.500000 -0.333877 115 0.066123 0.003681 
0.396070 0.500000 -0.349777 231 0.050223 -0.003930 
0.369448 0.500000 -0.369784 105 0.030216 -0.030552 
0.358048 0.500000 -0.357993 64 0.042007 -0.041952 
0.403681 0.500000 -0.333877 115 0.066123 0.003681


0.381812 0.500000 -0.352858 52 0.047142 -0.018188


0.415082 0.500000 -0.345668 116 0.054332 0.015082 
0.396070 0.500000 -0.349777 231 0.050223 -0.003930 
0.403681 0.500000 -0.333877 115 0.066123 0.003681 
0.449314 0.500000 -0.309761 58 0.090239 0.049314 
0.415082 0.500000 -0.345668 116 0.054332 0.015082


0.416037 0.500000 -0.334771 53 0.065229 0.016037


0.369448 0.500000 -0.369784 105 0.030216 -0.030552 
0.396070 0.500000 -0.349777 231 0.050223 -0.003930 
0.415082 0.500000 -0.345668 116 0.054332 0.015082 
0.380849 0.500000 -0.381575 57 0.018425 -0.019151 
0.369448 0.500000 -0.369784 105 0.030216 -0.030552


0.390362 0.500000 -0.361701 54 0.038299 -0.009638


0.385550 0.500000 -0.232059 8 0.167941 -0.014450 
0.403934 0.500000 -0.222279 232 0.177721 0.003934 
0.403661 0.500000 -0.233498 117 0.166502 0.003661 
0.365458 0.500000 -0.262566 7 0.137434 -0.034542 
0.385550 0.500000 -0.232059 8 0.167941 -0.014450


0.389651 0.500000 -0.237601 55 0.162399 -0.010349


0.422591 0.500000 -0.201280 10 0.198720 0.022591 
0.403934 0.500000 -0.222279 232 0.177721 0.003934 
0.385550 0.500000 -0.232059 8 0.167941 -0.014450 
0.403101 0.500000 -0.200024 9 0.199976 0.003101 
0.422591 0.500000 -0.201280 10 0.198720 0.022591


0.403794 0.500000 -0.213911 56 0.186089 0.003794


0.403661 0.500000 -0.233498 117 0.166502 0.003661 
0.403934 0.500000 -0.222279 232 0.177721 0.003934 
0.422591 0.500000 -0.201280 10 0.198720 0.022591 
0.441865 0.500000 -0.204431 11 0.195569 0.041865 
0.403661 0.500000 -0.233498 117 0.166502 0.003661


0.418013 0.500000 -0.215372 57 0.184628 0.018013


0.403661 0.500000 -0.233498 117 0.166502 0.003661 
0.400681 0.500000 -0.246285 233 0.153715 0.000681 
0.380088 0.500000 -0.267212 108 0.132788 -0.019912 
0.365458 0.500000 -0.262566 7 0.137434 -0.034542 
0.403661 0.500000 -0.233498 117 0.166502 0.003661


0.387472 0.500000 -0.252390 58 0.147610 -0.012528


0.418292 0.500000 -0.238144 118 0.161856 0.018292 
0.400681 0.500000 -0.246285 233 0.153715 0.000681 
0.403661 0.500000 -0.233498 117 0.166502 0.003661 
0.441865 0.500000 -0.204431 11 0.195569 0.041865 
0.418292 0.500000 -0.238144 118 0.161856 0.018292


0.416125 0.500000 -0.230590 59 0.169410 0.016125


0.380088 0.500000 -0.267212 108 0.132788 -0.019912 
0.400681 0.500000 -0.246285 233 0.153715 0.000681 
0.418292 0.500000 -0.238144 118 0.161856 0.018292 
0.394719 0.500000 -0.271858 66 0.128142 -0.005281 
0.380088 0.500000 -0.267212 108 0.132788 -0.019912


0.398445 0.500000 -0.255875 60 0.144125 -0.001555


0.418292 0.500000 -0.238144 118 0.161856 0.018292 
0.438637 0.500000 -0.230553 234 0.169447 0.038637 
0.436878 0.500000 -0.244069 119 0.155931 0.036878 
0.394719 0.500000 -0.271858 66 0.128142 -0.005281 
0.418292 0.500000 -0.238144 118 0.161856 0.018292


0.422131 0.500000 -0.246156 61 0.153844 0.022131


0.460740 0.500000 -0.209447 12 0.190553 0.060740 
0.438637 0.500000 -0.230553 234 0.169447 0.038637 
0.418292 0.500000 -0.238144 118 0.161856 0.018292 
0.441865 0.500000 -0.204431 11 0.195569 0.041865 
0.460740 0.500000 -0.209447 12 0.190553 0.060740


0.439884 0.500000 -0.220644 62 0.179356 0.039884


0.436878 0.500000 -0.244069 119 0.155931 0.036878 
0.438637 0.500000 -0.230553 234 0.169447 0.038637 
0.460740 0.500000 -0.209447 12 0.190553 0.060740 
0.479036 0.500000 -0.216279 13 0.183721 0.079036 
0.436878 0.500000 -0.244069 119 0.155931 0.036878


0.453823 0.500000 -0.225087 63 0.174913 0.053823


0.436878 0.500000 -0.244069 119 0.155931 0.036878 
0.432026 0.500000 -0.258877 235 0.141123 0.032026 
0.408521 0.500000 -0.280176 111 0.119824 0.008521 
0.394719 0.500000 -0.271858 66 0.128142 -0.005281 
0.436878 0.500000 -0.244069 119 0.155931 0.036878


0.418036 0.500000 -0.263745 64 0.136255 0.018036


0.450680 0.500000 -0.252387 120 0.147613 0.050680 
0.432026 0.500000 -0.258877 235 0.141123 0.032026 
0.436878 0.500000 -0.244069 119 0.155931 0.036878 
0.479036 0.500000 -0.216279 13 0.183721 0.079036 
0.450680 0.500000 -0.252387 120 0.147613 0.050680


0.449655 0.500000 -0.242903 65 0.157097 0.049655


0.408521 0.500000 -0.280176 111 0.119824 0.008521 
0.432026 0.500000 -0.258877 235 0.141123 0.032026 
0.450680 0.500000 -0.252387 120 0.147613 0.050680 
0.422324 0.500000 -0.288494 67 0.111506 0.022324 
0.408521 0.500000 -0.280176 111 0.119824 0.008521


0.428388 0.500000 -0.269983 66 0.130017 0.028388


0.450680 0.500000 -0.252387 120 0.147613 0.050680 
0.471674 0.500000 -0.246353 236 0.153647 0.071674 
0.467762 0.500000 -0.261807 121 0.138193 0.067762 
0.422324 0.500000 -0.288494 67 0.111506 0.022324 
0.450680 0.500000 -0.252387 120 0.147613 0.050680


0.453110 0.500000 -0.262260 67 0.137740 0.053110


0.496579 0.500000 -0.224864 14 0.175136 0.096579 
0.471674 0.500000 -0.246353 236 0.153647 0.071674 
0.450680 0.500000 -0.252387 120 0.147613 0.050680 
0.479036 0.500000 -0.216279 13 0.183721 0.079036 
0.496579 0.500000 -0.224864 14 0.175136 0.096579


0.474492 0.500000 -0.234971 68 0.165029 0.074492


0.467762 0.500000 -0.261807 121 0.138193 0.067762 
0.471674 0.500000 -0.246353 236 0.153647 0.071674 
0.496579 0.500000 -0.224864 14 0.175136 0.096579 
0.513200 0.500000 -0.235119 15 0.164881 0.113200 
0.467762 0.500000 -0.261807 121 0.138193 0.067762


0.487304 0.500000 -0.242036 69 0.157964 0.087304


0.467762 0.500000 -0.261807 121 0.138193 0.067762 
0.461613 0.500000 -0.277791 237 0.122209 0.061613 
0.435819 0.500000 -0.299128 114 0.100872 0.035819 
0.422324 0.500000 -0.288494 67 0.111506 0.022324 
0.467762 0.500000 -0.261807 121 0.138193 0.067762


0.446879 0.500000 -0.281805 70 0.118195 0.046879


0.481257 0.500000 -0.272440 122 0.127560 0.081257 
0.461613 0.500000 -0.277791 237 0.122209 0.061613 
0.467762 0.500000 -0.261807 121 0.138193 0.067762 
0.513200 0.500000 -0.235119 15 0.164881 0.113200 
0.481257 0.500000 -0.272440 122 0.127560 0.081257


0.480958 0.500000 -0.261789 71 0.138211 0.080958


0.435819 0.500000 -0.299128 114 0.100872 0.035819 
0.461613 0.500000 -0.277791 237 0.122209 0.061613 
0.481257 0.500000 -0.272440 122 0.127560 0.081257 
0.449314 0.500000 -0.309761 58 0.090239 0.049314 
0.435819 0.500000 -0.299128 114 0.100872 0.035819


0.457001 0.500000 -0.289780 72 0.110220 0.057001


0.271757 0.500000 -0.480983 104 -0.080983 -0.128243 
0.291820 0.500000 -0.479303 238 -0.079303 -0.108180 
0.283369 0.500000 -0.494331 124 -0.094331 -0.116631 
0.234791 0.500000 -0.512720 51 -0.112720 -0.165209 
0.271757 0.500000 -0.480983 104 -0.080983 -0.128243


0.270434 0.500000 -0.491834 73 -0.091834 -0.129566


0.320335 0.500000 -0.462594 123 -0.062594 -0.079665 
0.291820 0.500000 -0.479303 238 -0.079303 -0.108180 
0.271757 0.500000 -0.480983 104 -0.080983 -0.128243 
0.308722 0.500000 -0.449245 65 -0.049245 -0.091278 
0.320335 0.500000 -0.462594 123 -0.062594 -0.079665


0.298159 0.500000 -0.468031 74 -0.068031 -0.101841


0.283369 0.500000 -0.494331 124 -0.094331 -0.116631 
0.291820 0.500000 -0.479303 238 -0.079303 -0.108180 
0.320335 0.500000 -0.462594 123 -0.062594 -0.079665 
0.331948 0.500000 -0.475943 83 -0.075943 -0.068052 
0.283369 0.500000 -0.494331 124 -0.094331 -0.116631


0.306868 0.500000 -0.478043 75 -0.078043 -0.093132


0.283369 0.500000 -0.494331 124 -0.094331 -0.116631 
0.275231 0.500000 -0.510594 239 -0.110594 -0.124769 
0.246510 0.500000 -0.528222 50 -0.128222 -0.153490 
0.234791 0.500000 -0.512720 51 -0.112720 -0.165209 
0.283369 0.500000 -0.494331 124 -0.094331 -0.116631


0.259975 0.500000 -0.511467 76 -0.111467 -0.140025


0.295814 0.500000 -0.509228 125 -0.109228 -0.104186 
0.275231 0.500000 -0.510594 239 -0.110594 -0.124769 
0.283369 0.500000 -0.494331 124 -0.094331 -0.116631 
0.331948 0.500000 -0.475943 83 -0.075943 -0.068052 
0.295814 0.500000 -0.509228 125 -0.109228 -0.104186


0.296590 0.500000 -0.497524 77 -0.097524 -0.103410


0.246510 0.500000 -0.528222 50 -0.128222 -0.153490 
0.275231 0.500000 -0.510594 239 -0.110594 -0.124769 
0.295814 0.500000 -0.509228 125 -0.109228 -0.104186 
0.259679 0.500000 -0.542513 49 -0.142513 -0.140321 
0.246510 0.500000 -0.528222 50 -0.128222 -0.153490


0.269309 0.500000 -0.522639 78 -0.122639 -0.130691


0.344786 0.500000 -0.415410 107 -0.015410 -0.055214 
0.364779 0.500000 -0.412873 240 -0.012873 -0.035221 
0.356744 0.500000 -0.428522 127 -0.028522 -0.043256 
0.308722 0.500000 -0.449245 65 -0.049245 -0.091278 
0.344786 0.500000 -0.415410 107 -0.015410 -0.055214


0.343758 0.500000 -0.426513 79 -0.026513 -0.056242


0.392807 0.500000 -0.394688 126 0.005312 -0.007193 
0.364779 0.500000 -0.412873 240 -0.012873 -0.035221 
0.344786 0.500000 -0.415410 107 -0.015410 -0.055214 
0.380849 0.500000 -0.381575 57 0.018425 -0.019151 
0.392807 0.500000 -0.394688 126 0.005312 -0.007193


0.370805 0.500000 -0.401137 80 -0.001137 -0.029195


0.356744 0.500000 -0.428522 127 -0.028522 -0.043256 
0.364779 0.500000 -0.412873 240 -0.012873 -0.035221 
0.392807 0.500000 -0.394688 126 0.005312 -0.007193 
0.404765 0.500000 -0.407800 68 -0.007800 0.004765 
0.356744 0.500000 -0.428522 127 -0.028522 -0.043256


0.379773 0.500000 -0.410971 81 -0.010971 -0.020227


0.356744 0.500000 -0.428522 127 -0.028522 -0.043256 
0.348478 0.500000 -0.444329 241 -0.044329 -0.051522 
0.320335 0.500000 -0.462594 123 -0.062594 -0.079665 
0.308722 0.500000 -0.449245 65 -0.049245 -0.091278 
0.356744 0.500000 -0.428522 127 -0.028522 -0.043256


0.333570 0.500000 -0.446173 82 -0.046173 -0.066430


0.368356 0.500000 -0.441871 128 -0.041871 -0.031644 
0.348478 0.500000 -0.444329 241 -0.044329 -0.051522 
0.356744 0.500000 -0.428522 127 -0.028522 -0.043256 
0.404765 0.500000 -0.407800 68 -0.007800 0.004765 
0.368356 0.500000 -0.441871 128 -0.041871 -0.031644


0.369586 0.500000 -0.430631 83 -0.030631 -0.030414


0.320335 0.500000 -0.462594 123 -0.062594 -0.079665 
0.348478 0.500000 -0.444329 241 -0.044329 -0.051522 
0.368356 0.500000 -0.441871 128 -0.041871 -0.031644 
0.331948 0.500000 -0.475943 83 -0.075943 -0.068052 
0.320335 0.500000 -0.462594 123 -0.062594 -0.079665


0.342279 0.500000 -0.456184 84 -0.056184 -0.057721


0.295814 0.500000 -0.509228 125 -0.109228 -0.104186 
0.315172 0.500000 -0.507657 242 -0.107657 -0.084828 
0.306784 0.500000 -0.523514 130 -0.123514 -0.093216 
0.259679 0.500000 -0.542513 49 -0.142513 -0.140321 
0.295814 0.500000 -0.509228 125 -0.109228 -0.104186


0.294362 0.500000 -0.520728 85 -0.120728 -0.105638


0.342918 0.500000 -0.490228 129 -0.090228 -0.057082 
0.315172 0.500000 -0.507657 242 -0.107657 -0.084828 
0.295814 0.500000 -0.509228 125 -0.109228 -0.104186 
0.331948 0.500000 -0.475943 83 -0.075943 -0.068052 
0.342918 0.500000 -0.490228 129 -0.090228 -0.057082


0.321463 0.500000 -0.495764 86 -0.095764 -0.078537


0.306784 0.500000 -0.523514 130 -0.123514 -0.093216 
0.315172 0.500000 -0.507657 242 -0.107657 -0.084828 
0.342918 0.500000 -0.490228 129 -0.090228 -0.057082 
0.353888 0.500000 -0.504514 69 -0.104514 -0.046112 
0.306784 0.500000 -0.523514 130 -0.123514 -0.093216


0.329690 0.500000 -0.506478 87 -0.106478 -0.070310


0.306784 0.500000 -0.523514 130 -0.123514 -0.093216 
0.300943 0.500000 -0.538233 243 -0.138233 -0.099057 
0.274173 0.500000 -0.555459 48 -0.155459 -0.125827 
0.259679 0.500000 -0.542513 49 -0.142513 -0.140321 
0.306784 0.500000 -0.523514 130 -0.123514 -0.093216


0.285395 0.500000 -0.539930 88 -0.139930 -0.114605


0.321871 0.500000 -0.535726 131 -0.135726 -0.078129 
0.300943 0.500000 -0.538233 243 -0.138233 -0.099057 
0.306784 0.500000 -0.523514 130 -0.123514 -0.093216 
0.353888 0.500000 -0.504514 69 -0.104514 -0.046112 
0.321871 0.500000 -0.535726 131 -0.135726 -0.078129


0.320871 0.500000 -0.525497 89 -0.125497 -0.079129


0.274173 0.500000 -0.555459 48 -0.155459 -0.125827 
0.300943 0.500000 -0.538233 243 -0.138233 -0.099057 
0.321871 0.500000 -0.535726 131 -0.135726 -0.078129 
0.289855 0.500000 -0.566937 47 -0.166937 -0.110145 
0.274173 0.500000 -0.555459 48 -0.155459 -0.125827


0.296710 0.500000 -0.549089 90 -0.149089 -0.103290


0.368356 0.500000 -0.441871 128 -0.041871 -0.031644 
0.386883 0.500000 -0.442262 244 -0.042262 -0.013117 
0.377942 0.500000 -0.459493 133 -0.059493 -0.022058 
0.331948 0.500000 -0.475943 83 -0.075943 -0.068052 
0.368356 0.500000 -0.441871 128 -0.041871 -0.031644


0.366282 0.500000 -0.454892 91 -0.054892 -0.033718


0.414350 0.500000 -0.425422 132 -0.025422 0.014350 
0.386883 0.500000 -0.442262 244 -0.042262 -0.013117 
0.368356 0.500000 -0.441871 128 -0.041871 -0.031644 
0.404765 0.500000 -0.407800 68 -0.007800 0.004765 
0.414350 0.500000 -0.425422 132 -0.025422 0.014350


0.393588 0.500000 -0.429339 92 -0.029339 -0.006412


0.377942 0.500000 -0.459493 133 -0.059493 -0.022058 
0.386883 0.500000 -0.442262 244 -0.042262 -0.013117 
0.414350 0.500000 -0.425422 132 -0.025422 0.014350 
0.423936 0.500000 -0.443044 59 -0.043044 0.023936 
0.377942 0.500000 -0.459493 133 -0.059493 -0.022058


0.400778 0.500000 -0.442555 93 -0.042555 0.000778


0.377942 0.500000 -0.459493 133 -0.059493 -0.022058 
0.369924 0.500000 -0.474500 245 -0.074500 -0.030076 
0.342918 0.500000 -0.490228 129 -0.090228 -0.057082 
0.331948 0.500000 -0.475943 83 -0.075943 -0.068052 
0.377942 0.500000 -0.459493 133 -0.059493 -0.022058


0.355683 0.500000 -0.475041 94 -0.075041 -0.044317


0.388912 0.500000 -0.473779 134 -0.073779 -0.011088 
0.369924 0.500000 -0.474500 245 -0.074500 -0.030076 
0.377942 0.500000 -0.459493 133 -0.059493 -0.022058 
0.423936 0.500000 -0.443044 59 -0.043044 0.023936 
0.388912 0.500000 -0.473779 134 -0.073779 -0.011088


0.390178 0.500000 -0.462704 95 -0.062704 -0.009822


0.342918 0.500000 -0.490228 129 -0.090228 -0.057082 
0.369924 0.500000 -0.474500 245 -0.074500 -0.030076 
0.388912 0.500000 -0.473779 134 -0.073779 -0.011088 
0.353888 0.500000 -0.504514 69 -0.104514 -0.046112 
0.342918 0.500000 -0.490228 129 -0.090228 -0.057082


0.363910 0.500000 -0.485756 96 -0.085756 -0.036090


0.415082 0.500000 -0.345668 116 0.054332 0.015082 
0.434771 0.500000 -0.342614 246 0.057386 0.034771 
0.427499 0.500000 -0.359040 136 0.040960 0.027499 
0.380849 0.500000 -0.381575 57 0.018425 -0.019151 
0.415082 0.500000 -0.345668 116 0.054332 0.015082


0.414550 0.500000 -0.357224 97 0.042776 0.014550


0.461731 0.500000 -0.323133 135 0.076867 0.061731 
0.434771 0.500000 -0.342614 246 0.057386 0.034771 
0.415082 0.500000 -0.345668 116 0.054332 0.015082 
0.449314 0.500000 -0.309761 58 0.090239 0.049314 
0.461731 0.500000 -0.323133 135 0.076867 0.061731


0.440224 0.500000 -0.330294 98 0.069706 0.040224


0.427499 0.500000 -0.359040 136 0.040960 0.027499 
0.434771 0.500000 -0.342614 246 0.057386 0.034771 
0.461731 0.500000 -0.323133 135 0.076867 0.061731 
0.474149 0.500000 -0.336505 70 0.063495 0.074149 
0.427499 0.500000 -0.359040 136 0.040960 0.027499


0.449537 0.500000 -0.340323 99 0.059677 0.049537


0.427499 0.500000 -0.359040 136 0.040960 0.027499 
0.419921 0.500000 -0.375293 247 0.024707 0.019921 
0.392807 0.500000 -0.394688 126 0.005312 -0.007193 
0.380849 0.500000 -0.381575 57 0.018425 -0.019151 
0.427499 0.500000 -0.359040 136 0.040960 0.027499


0.405269 0.500000 -0.377649 100 0.022351 0.005269


0.439457 0.500000 -0.372152 137 0.027848 0.039457 
0.419921 0.500000 -0.375293 247 0.024707 0.019921 
0.427499 0.500000 -0.359040 136 0.040960 0.027499 
0.474149 0.500000 -0.336505 70 0.063495 0.074149 
0.439457 0.500000 -0.372152 137 0.027848 0.039457


0.440256 0.500000 -0.360748 101 0.039252 0.040256


0.392807 0.500000 -0.394688 126 0.005312 -0.007193 
0.419921 0.500000 -0.375293 247 0.024707 0.019921 
0.439457 0.500000 -0.372152 137 0.027848 0.039457 
0.404765 0.500000 -0.407800 68 -0.007800 0.004765 
0.392807 0.500000 -0.394688 126 0.005312 -0.007193


0.414237 0.500000 -0.387483 102 0.012517 0.014237


0.439457 0.500000 -0.372152 137 0.027848 0.039457 
0.459727 0.500000 -0.369429 248 0.030571 0.059727 
0.452516 0.500000 -0.385891 139 0.014109 0.052516 
0.404765 0.500000 -0.407800 68 -0.007800 0.004765 
0.439457 0.500000 -0.372152 137 0.027848 0.039457


0.439116 0.500000 -0.383818 103 0.016182 0.039116


0.487208 0.500000 -0.350244 138 0.049756 0.087208 
0.459727 0.500000 -0.369429 248 0.030571 0.059727 
0.439457 0.500000 -0.372152 137 0.027848 0.039457 
0.474149 0.500000 -0.336505 70 0.063495 0.074149 
0.487208 0.500000 -0.350244 138 0.049756 0.087208


0.465135 0.500000 -0.357082 104 0.042918 0.065135


0.452516 0.500000 -0.385891 139 0.014109 0.052516 
0.459727 0.500000 -0.369429 248 0.030571 0.059727 
0.487208 0.500000 -0.350244 138 0.049756 0.087208 
0.500267 0.500000 -0.363982 60 0.036018 0.100267 
0.452516 0.500000 -0.385891 139 0.014109 0.052516


0.474929 0.500000 -0.367387 105 0.032613 0.074929


0.452516 0.500000 -0.385891 139 0.014109 0.052516 
0.442989 0.500000 -0.404942 249 -0.004942 0.042989 
0.414350 0.500000 -0.425422 132 -0.025422 0.014350 
0.404765 0.500000 -0.407800 68 -0.007800 0.004765 
0.452516 0.500000 -0.385891 139 0.014109 0.052516


0.428655 0.500000 -0.406014 106 -0.006014 0.028655


0.462101 0.500000 -0.403513 140 -0.003513 0.062101 
0.442989 0.500000 -0.404942 249 -0.004942 0.042989 
0.452516 0.500000 -0.385891 139 0.014109 0.052516 
0.500267 0.500000 -0.363982 60 0.036018 0.100267 
0.462101 0.500000 -0.403513 140 -0.003513 0.062101


0.464468 0.500000 -0.389582 107 0.010418 0.064468


0.414350 0.500000 -0.425422 132 -0.025422 0.014350 
0.442989 0.500000 -0.404942 249 -0.004942 0.042989 
0.462101 0.500000 -0.403513 140 -0.003513 0.062101 
0.423936 0.500000 -0.443044 59 -0.043044 0.023936 
0.414350 0.500000 -0.425422 132 -0.025422 0.014350


0.435844 0.500000 -0.419230 108 -0.019230 0.035844


0.481257 0.500000 -0.272440 122 0.127560 0.081257 
0.502062 0.500000 -0.268128 250 0.131872 0.102062 
0.496185 0.500000 -0.284997 141 0.115003 0.096185 
0.449314 0.500000 -0.309761 58 0.090239 0.049314 
0.481257 0.500000 -0.272440 122 0.127560 0.081257


0.482205 0.500000 -0.283832 109 0.116168 0.082205


0.528742 0.500000 -0.246946 16 0.153054 0.128742 
0.502062 0.500000 -0.268128 250 0.131872 0.102062 
0.481257 0.500000 -0.272440 122 0.127560 0.081257 
0.513200 0.500000 -0.235119 15 0.164881 0.113200 
0.528742 0.500000 -0.246946 16 0.153054 0.128742


0.506315 0.500000 -0.255658 110 0.144342 0.106315


0.496185 0.500000 -0.284997 141 0.115003 0.096185 
0.502062 0.500000 -0.268128 250 0.131872 0.102062 
0.528742 0.500000 -0.246946 16 0.153054 0.128742 
0.543056 0.500000 -0.260233 17 0.139767 0.143056 
0.496185 0.500000 -0.284997 141 0.115003 0.096185


0.517511 0.500000 -0.265076 111 0.134924 0.117511


0.496185 0.500000 -0.284997 141 0.115003 0.096185 
0.488840 0.500000 -0.302166 251 0.097834 0.088840 
0.461731 0.500000 -0.323133 135 0.076867 0.061731 
0.449314 0.500000 -0.309761 58 0.090239 0.049314 
0.496185 0.500000 -0.284997 141 0.115003 0.096185


0.474018 0.500000 -0.305014 112 0.094986 0.074018


0.508603 0.500000 -0.298369 142 0.101631 0.108603 
0.488840 0.500000 -0.302166 251 0.097834 0.088840 
0.496185 0.500000 -0.284997 141 0.115003 0.096185 
0.543056 0.500000 -0.260233 17 0.139767 0.143056 
0.508603 0.500000 -0.298369 142 0.101631 0.108603


0.509171 0.500000 -0.286441 113 0.113559 0.109171


0.461731 0.500000 -0.323133 135 0.076867 0.061731 
0.488840 0.500000 -0.302166 251 0.097834 0.088840 
0.508603 0.500000 -0.298369 142 0.101631 0.108603 
0.474149 0.500000 -0.336505 70 0.063495 0.074149 
0.461731 0.500000 -0.323133 135 0.076867 0.061731


0.483331 0.500000 -0.315043 114 0.084957 0.083331


0.508603 0.500000 -0.298369 142 0.101631 0.108603 
0.528473 0.500000 -0.295602 252 0.104398 0.128473 
0.520809 0.500000 -0.313585 143 0.086415 0.120809 
0.474149 0.500000 -0.336505 70 0.063495 0.074149 
0.508603 0.500000 -0.298369 142 0.101631 0.108603


0.508008 0.500000 -0.311015 115 0.088985 0.108008


0.556006 0.500000 -0.274852 18 0.125148 0.156006 
0.528473 0.500000 -0.295602 252 0.104398 0.128473 
0.508603 0.500000 -0.298369 142 0.101631 0.108603 
0.543056 0.500000 -0.260233 17 0.139767 0.143056 
0.556006 0.500000 -0.274852 18 0.125148 0.156006


0.534034 0.500000 -0.282264 116 0.117736 0.134034


0.520809 0.500000 -0.313585 143 0.086415 0.120809 
0.528473 0.500000 -0.295602 252 0.104398 0.128473 
0.556006 0.500000 -0.274852 18 0.125148 0.156006 
0.567469 0.500000 -0.290665 19 0.109335 0.167469 
0.520809 0.500000 -0.313585 143 0.086415 0.120809


0.543189 0.500000 -0.293676 117 0.106324 0.143189


0.520809 0.500000 -0.313585 143 0.086415 0.120809 
0.513962 0.500000 -0.330384 253 0.069616 0.113962 
0.487208 0.500000 -0.350244 138 0.049756 0.087208 
0.474149 0.500000 -0.336505 70 0.063495 0.074149 
0.520809 0.500000 -0.313585 143 0.086415 0.120809


0.499032 0.500000 -0.332679 118 0.067321 0.099032


0.533868 0.500000 -0.327324 144 0.072676 0.133868 
0.513962 0.500000 -0.330384 253 0.069616 0.113962 
0.520809 0.500000 -0.313585 143 0.086415 0.120809 
0.567469 0.500000 -0.290665 19 0.109335 0.167469 
0.533868 0.500000 -0.327324 144 0.072676 0.133868


0.534027 0.500000 -0.315489 119 0.084511 0.134027


0.487208 0.500000 -0.350244 138 0.049756 0.087208 
0.513962 0.500000 -0.330384 253 0.069616 0.113962 
0.533868 0.500000 -0.327324 144 0.072676 0.133868 
0.500267 0.500000 -0.363982 60 0.036018 0.100267 
0.487208 0.500000 -0.350244 138 0.049756 0.087208


0.508826 0.500000 -0.342983 120 0.057017 0.108826


0.321871 0.500000 -0.535726 131 -0.135726 -0.078129 
0.339441 0.500000 -0.535764 254 -0.135764 -0.060559 
0.332217 0.500000 -0.551388 146 -0.151388 -0.067783 
0.289855 0.500000 -0.566937 47 -0.166937 -0.110145 
0.321871 0.500000 -0.535726 131 -0.135726 -0.078129


0.320846 0.500000 -0.547454 121 -0.147454 -0.079154


0.364234 0.500000 -0.520177 145 -0.120177 -0.035766 
0.339441 0.500000 -0.535764 254 -0.135764 -0.060559 
0.321871 0.500000 -0.535726 131 -0.135726 -0.078129 
0.353888 0.500000 -0.504514 69 -0.104514 -0.046112 
0.364234 0.500000 -0.520177 145 -0.120177 -0.035766


0.344858 0.500000 -0.524045 122 -0.124045 -0.055142


0.332217 0.500000 -0.551388 146 -0.151388 -0.067783 
0.339441 0.500000 -0.535764 254 -0.135764 -0.060559 
0.364234 0.500000 -0.520177 145 -0.120177 -0.035766 
0.374579 0.500000 -0.535839 84 -0.135839 -0.025421 
0.332217 0.500000 -0.551388 146 -0.151388 -0.067783


0.352618 0.500000 -0.535792 123 -0.135792 -0.047382


0.332217 0.500000 -0.551388 146 -0.151388 -0.067783 
0.329391 0.500000 -0.562894 255 -0.162894 -0.070609 
0.306576 0.500000 -0.576839 46 -0.176839 -0.093424 
0.289855 0.500000 -0.566937 47 -0.166937 -0.110145 
0.332217 0.500000 -0.551388 146 -0.151388 -0.067783


0.314510 0.500000 -0.564515 124 -0.164515 -0.085490


0.349380 0.500000 -0.560455 147 -0.160455 -0.050620 
0.329391 0.500000 -0.562894 255 -0.162894 -0.070609 
0.332217 0.500000 -0.551388 146 -0.151388 -0.067783 
0.374579 0.500000 -0.535839 84 -0.135839 -0.025421 
0.349380 0.500000 -0.560455 147 -0.160455 -0.050620


0.346392 0.500000 -0.552644 125 -0.152644 -0.053608


0.306576 0.500000 -0.576839 46 -0.176839 -0.093424 
0.329391 0.500000 -0.562894 255 -0.162894 -0.070609 
0.349380 0.500000 -0.560455 147 -0.160455 -0.050620 
0.324180 0.500000 -0.585071 45 -0.185071 -0.075820 
0.306576 0.500000 -0.576839 46 -0.176839 -0.093424


0.327382 0.500000 -0.571315 126 -0.171315 -0.072618


0.388912 0.500000 -0.473779 134 -0.073779 -0.011088 
0.399326 0.500000 -0.484291 256 -0.084291 -0.000674 
0.387021 0.500000 -0.504914 149 -0.104914 -0.012979 
0.353888 0.500000 -0.504514 69 -0.104514 -0.046112 
0.388912 0.500000 -0.473779 134 -0.073779 -0.011088


0.382287 0.500000 -0.491874 127 -0.091874 -0.017713


0.422044 0.500000 -0.474179 148 -0.074179 0.022044 
0.399326 0.500000 -0.484291 256 -0.084291 -0.000674 
0.388912 0.500000 -0.473779 134 -0.073779 -0.011088 
0.423936 0.500000 -0.443044 59 -0.043044 0.023936 
0.422044 0.500000 -0.474179 148 -0.074179 0.022044


0.408554 0.500000 -0.468823 128 -0.068823 0.008554


0.387021 0.500000 -0.504914 149 -0.104914 -0.012979 
0.399326 0.500000 -0.484291 256 -0.084291 -0.000674 
0.422044 0.500000 -0.474179 148 -0.074179 0.022044 
0.420153 0.500000 -0.505314 71 -0.105314 0.020153 
0.387021 0.500000 -0.504914 149 -0.104914 -0.012979


0.407136 0.500000 -0.492174 129 -0.092174 0.007136


0.387021 0.500000 -0.504914 149 -0.104914 -0.012979 
0.382874 0.500000 -0.515222 257 -0.115222 -0.017126 
0.364234 0.500000 -0.520177 145 -0.120177 -0.035766 
0.353888 0.500000 -0.504514 69 -0.104514 -0.046112 
0.387021 0.500000 -0.504914 149 -0.104914 -0.012979


0.372004 0.500000 -0.511207 130 -0.111207 -0.027996


0.397366 0.500000 -0.520576 150 -0.120576 -0.002634 
0.382874 0.500000 -0.515222 257 -0.115222 -0.017126 
0.387021 0.500000 -0.504914 149 -0.104914 -0.012979 
0.420153 0.500000 -0.505314 71 -0.105314 0.020153 
0.397366 0.500000 -0.520576 150 -0.120576 -0.002634


0.396853 0.500000 -0.511507 131 -0.111507 -0.003147


0.364234 0.500000 -0.520177 145 -0.120177 -0.035766 
0.382874 0.500000 -0.515222 257 -0.115222 -0.017126 
0.397366 0.500000 -0.520576 150 -0.120576 -0.002634 
0.374579 0.500000 -0.535839 84 -0.135839 -0.025421 
0.364234 0.500000 -0.520177 145 -0.120177 -0.035766


0.379763 0.500000 -0.522954 132 -0.122954 -0.020237


0.349380 0.500000 -0.560455 147 -0.160455 -0.050620 
0.367199 0.500000 -0.562105 258 -0.162105 -0.032801 
0.363509 0.500000 -0.575237 152 -0.175237 -0.036491 
0.324180 0.500000 -0.585071 45 -0.185071 -0.075820 
0.349380 0.500000 -0.560455 147 -0.160455 -0.050620


0.351067 0.500000 -0.570717 133 -0.170717 -0.048933


0.388708 0.500000 -0.550621 151 -0.150621 -0.011292 
0.367199 0.500000 -0.562105 258 -0.162105 -0.032801 
0.349380 0.500000 -0.560455 147 -0.160455 -0.050620 
0.374579 0.500000 -0.535839 84 -0.135839 -0.025421 
0.388708 0.500000 -0.550621 151 -0.150621 -0.011292


0.369966 0.500000 -0.552255 134 -0.152255 -0.030034


0.363509 0.500000 -0.575237 152 -0.175237 -0.036491 
0.367199 0.500000 -0.562105 258 -0.162105 -0.032801 
0.388708 0.500000 -0.550621 151 -0.150621 -0.011292 
0.402837 0.500000 -0.565403 85 -0.165403 0.002837 
0.363509 0.500000 -0.575237 152 -0.175237 -0.036491


0.380563 0.500000 -0.563342 135 -0.163342 -0.019437


0.363509 0.500000 -0.575237 152 -0.175237 -0.036491 
0.362703 0.500000 -0.582537 259 -0.182537 -0.037297 
0.342500 0.500000 -0.591556 44 -0.191556 -0.057500 
0.324180 0.500000 -0.585071 45 -0.185071 -0.075820 
0.363509 0.500000 -0.575237 152 -0.175237 -0.036491


0.348223 0.500000 -0.583600 136 -0.183600 -0.051777


0.382100 0.500000 -0.580818 153 -0.180818 -0.017900 
0.362703 0.500000 -0.582537 259 -0.182537 -0.037297 
0.363509 0.500000 -0.575237 152 -0.175237 -0.036491 
0.402837 0.500000 -0.565403 85 -0.165403 0.002837 
0.382100 0.500000 -0.580818 153 -0.180818 -0.017900


0.377787 0.500000 -0.575999 137 -0.175999 -0.022213


0.342500 0.500000 -0.591556 44 -0.191556 -0.057500 
0.362703 0.500000 -0.582537 259 -0.182537 -0.037297 
0.382100 0.500000 -0.580818 153 -0.180818 -0.017900 
0.361362 0.500000 -0.596232 43 -0.196232 -0.038638 
0.342500 0.500000 -0.591556 44 -0.191556 -0.057500


0.362166 0.500000 -0.587786 138 -0.187786 -0.037834


0.397366 0.500000 -0.520576 150 -0.120576 -0.002634 
0.412760 0.500000 -0.529252 260 -0.129252 0.012760 
0.409064 0.500000 -0.541221 155 -0.141221 0.009064 
0.374579 0.500000 -0.535839 84 -0.135839 -0.025421 
0.397366 0.500000 -0.520576 150 -0.120576 -0.002634


0.398442 0.500000 -0.531722 139 -0.131722 -0.001558


0.431851 0.500000 -0.525958 154 -0.125958 0.031851 
0.412760 0.500000 -0.529252 260 -0.129252 0.012760 
0.397366 0.500000 -0.520576 150 -0.120576 -0.002634 
0.420153 0.500000 -0.505314 71 -0.105314 0.020153 
0.431851 0.500000 -0.525958 154 -0.125958 0.031851


0.415533 0.500000 -0.520275 140 -0.120275 0.015533


0.409064 0.500000 -0.541221 155 -0.141221 0.009064 
0.412760 0.500000 -0.529252 260 -0.129252 0.012760 
0.431851 0.500000 -0.525958 154 -0.125958 0.031851 
0.443549 0.500000 -0.546602 72 -0.146602 0.043549 
0.409064 0.500000 -0.541221 155 -0.141221 0.009064


0.424306 0.500000 -0.535758 141 -0.135758 0.024306


0.409064 0.500000 -0.541221 155 -0.141221 0.009064 
0.406988 0.500000 -0.549282 261 -0.149282 0.006988 
0.388708 0.500000 -0.550621 151 -0.150621 -0.011292 
0.374579 0.500000 -0.535839 84 -0.135839 -0.025421 
0.409064 0.500000 -0.541221 155 -0.141221 0.009064


0.394835 0.500000 -0.544241 142 -0.144241 -0.005165


0.423193 0.500000 -0.556003 156 -0.156003 0.023193 
0.406988 0.500000 -0.549282 261 -0.149282 0.006988 
0.409064 0.500000 -0.541221 155 -0.141221 0.009064 
0.443549 0.500000 -0.546602 72 -0.146602 0.043549 
0.423193 0.500000 -0.556003 156 -0.156003 0.023193


0.420699 0.500000 -0.548277 143 -0.148277 0.020699


0.388708 0.500000 -0.550621 151 -0.150621 -0.011292 
0.406988 0.500000 -0.549282 261 -0.149282 0.006988 
0.423193 0.500000 -0.556003 156 -0.156003 0.023193 
0.402837 0.500000 -0.565403 85 -0.165403 0.002837 
0.388708 0.500000 -0.550621 151 -0.150621 -0.011292


0.405432 0.500000 -0.555327 144 -0.155327 0.005432


0.382100 0.500000 -0.580818 153 -0.180818 -0.017900 
0.401009 0.500000 -0.585943 262 -0.185943 0.001009 
0.400095 0.500000 -0.596214 158 -0.196214 0.000095 
0.361362 0.500000 -0.596232 43 -0.196232 -0.038638 
0.382100 0.500000 -0.580818 153 -0.180818 -0.017900


0.386142 0.500000 -0.589802 145 -0.189802 -0.013858


0.420833 0.500000 -0.580799 157 -0.180799 0.020833 
0.401009 0.500000 -0.585943 262 -0.185943 0.001009 
0.382100 0.500000 -0.580818 153 -0.180818 -0.017900 
0.402837 0.500000 -0.565403 85 -0.165403 0.002837 
0.420833 0.500000 -0.580799 157 -0.180799 0.020833


0.401695 0.500000 -0.578241 146 -0.178241 0.001695


0.400095 0.500000 -0.596214 158 -0.196214 0.000095 
0.401009 0.500000 -0.585943 262 -0.185943 0.001009 
0.420833 0.500000 -0.580799 157 -0.180799 0.020833 
0.438828 0.500000 -0.596195 39 -0.196195 0.038828 
0.400095 0.500000 -0.596214 158 -0.196214 0.000095


0.415191 0.500000 -0.589788 147 -0.189788 0.015191


0.400095 0.500000 -0.596214 158 -0.196214 0.000095 
0.400064 0.500000 -0.598105 263 -0.198105 0.000064 
0.380589 0.500000 -0.599056 42 -0.199056 -0.019411 
0.361362 0.500000 -0.596232 43 -0.196232 -0.038638 
0.400095 0.500000 -0.596214 158 -0.196214 0.000095


0.385528 0.500000 -0.597402 148 -0.197402 -0.014472


0.419507 0.500000 -0.599046 40 -0.199046 0.019507 
0.400064 0.500000 -0.598105 263 -0.198105 0.000064 
0.400095 0.500000 -0.596214 158 -0.196214 0.000095 
0.438828 0.500000 -0.596195 39 -0.196195 0.038828 
0.419507 0.500000 -0.599046 40 -0.199046 0.019507


0.414623 0.500000 -0.597390 149 -0.197390 0.014623


0.380589 0.500000 -0.599056 42 -0.199056 -0.019411 
0.400064 0.500000 -0.598105 263 -0.198105 0.000064 
0.419507 0.500000 -0.599046 40 -0.199046 0.019507 
0.400000 0.500000 -0.600000 41 -0.200000 0.000000 
0.380589 0.500000 -0.599056 42 -0.199056 -0.019411


0.400040 0.500000 -0.599052 150 -0.199052 0.000040


0.423193 0.500000 -0.556003 156 -0.156003 0.023193 
0.440855 0.500000 -0.565643 264 -0.165643 0.040855 
0.439508 0.500000 -0.575164 160 -0.175164 0.039508 
0.402837 0.500000 -0.565403 85 -0.165403 0.002837 
0.423193 0.500000 -0.556003 156 -0.156003 0.023193


0.426598 0.500000 -0.565553 151 -0.165553 0.026598


0.459864 0.500000 -0.565763 159 -0.165763 0.059864 
0.440855 0.500000 -0.565643 264 -0.165643 0.040855 
0.423193 0.500000 -0.556003 156 -0.156003 0.023193 
0.443549 0.500000 -0.546602 72 -0.146602 0.043549 
0.459864 0.500000 -0.565763 159 -0.165763 0.059864


0.441865 0.500000 -0.558503 152 -0.158503 0.041865


0.439508 0.500000 -0.575164 160 -0.175164 0.039508 
0.440855 0.500000 -0.565643 264 -0.165643 0.040855 
0.459864 0.500000 -0.565763 159 -0.165763 0.059864 
0.476178 0.500000 -0.584924 37 -0.184924 0.076178 
0.439508 0.500000 -0.575164 160 -0.175164 0.039508


0.454101 0.500000 -0.572873 153 -0.172873 0.054101


0.439508 0.500000 -0.575164 160 -0.175164 0.039508 
0.439373 0.500000 -0.582478 265 -0.182478 0.039373 
0.420833 0.500000 -0.580799 157 -0.180799 0.020833 
0.402837 0.500000 -0.565403 85 -0.165403 0.002837 
0.439508 0.500000 -0.575164 160 -0.175164 0.039508


0.425638 0.500000 -0.575961 154 -0.175961 0.025638


0.457779 0.500000 -0.591472 38 -0.191472 0.057779 
0.439373 0.500000 -0.582478 265 -0.182478 0.039373 
0.439508 0.500000 -0.575164 160 -0.175164 0.039508 
0.476178 0.500000 -0.584924 37 -0.184924 0.076178 
0.457779 0.500000 -0.591472 38 -0.191472 0.057779


0.453209 0.500000 -0.583510 155 -0.183510 0.053209


0.420833 0.500000 -0.580799 157 -0.180799 0.020833 
0.439373 0.500000 -0.582478 265 -0.182478 0.039373 
0.457779 0.500000 -0.591472 38 -0.191472 0.057779 
0.438828 0.500000 -0.596195 39 -0.196195 0.038828 
0.420833 0.500000 -0.580799 157 -0.180799 0.020833


0.439203 0.500000 -0.587736 156 -0.187736 0.039203


0.443943 0.500000 -0.444993 163 -0.044993 0.043943 
0.449392 0.500000 -0.460824 266 -0.060824 0.049392 
0.442114 0.500000 -0.467765 162 -0.067765 0.042114 
0.423936 0.500000 -0.443044 59 -0.043044 0.023936 
0.443943 0.500000 -0.444993 163 -0.044993 0.043943


0.439846 0.500000 -0.454156 157 -0.054156 0.039846


0.462121 0.500000 -0.469713 161 -0.069713 0.062121 
0.449392 0.500000 -0.460824 266 -0.060824 0.049392 
0.443943 0.500000 -0.444993 163 -0.044993 0.043943 
0.463950 0.500000 -0.446941 73 -0.046941 0.063950 
0.462121 0.500000 -0.469713 161 -0.069713 0.062121


0.454851 0.500000 -0.455618 158 -0.055618 0.054851


0.442114 0.500000 -0.467765 162 -0.067765 0.042114 
0.449392 0.500000 -0.460824 266 -0.060824 0.049392 
0.462121 0.500000 -0.469713 161 -0.069713 0.062121 
0.460292 0.500000 -0.492486 86 -0.092486 0.060292 
0.442114 0.500000 -0.467765 162 -0.067765 0.042114


0.453480 0.500000 -0.472697 159 -0.072697 0.053480


0.442114 0.500000 -0.467765 162 -0.067765 0.042114 
0.434794 0.500000 -0.480281 267 -0.080281 0.034794 
0.422044 0.500000 -0.474179 148 -0.074179 0.022044 
0.423936 0.500000 -0.443044 59 -0.043044 0.023936 
0.442114 0.500000 -0.467765 162 -0.067765 0.042114


0.430722 0.500000 -0.466317 160 -0.066317 0.030722


0.440223 0.500000 -0.498900 164 -0.098900 0.040223 
0.434794 0.500000 -0.480281 267 -0.080281 0.034794 
0.442114 0.500000 -0.467765 162 -0.067765 0.042114 
0.460292 0.500000 -0.492486 86 -0.092486 0.060292 
0.440223 0.500000 -0.498900 164 -0.098900 0.040223


0.444355 0.500000 -0.484858 161 -0.084858 0.044355


0.422044 0.500000 -0.474179 148 -0.074179 0.022044 
0.434794 0.500000 -0.480281 267 -0.080281 0.034794 
0.440223 0.500000 -0.498900 164 -0.098900 0.040223 
0.420153 0.500000 -0.505314 71 -0.105314 0.020153 
0.422044 0.500000 -0.474179 148 -0.074179 0.022044


0.429303 0.500000 -0.489668 162 -0.089668 0.029303


0.475057 0.500000 -0.452529 167 -0.052529 0.075057 
0.481882 0.500000 -0.462937 268 -0.062937 0.081882 
0.479741 0.500000 -0.465347 166 -0.065347 0.079741 
0.463950 0.500000 -0.446941 73 -0.046941 0.063950 
0.475057 0.500000 -0.452529 167 -0.052529 0.075057


0.475157 0.500000 -0.456938 163 -0.056938 0.075157


0.490848 0.500000 -0.470934 165 -0.070934 0.090848 
0.481882 0.500000 -0.462937 268 -0.062937 0.081882 
0.475057 0.500000 -0.452529 167 -0.052529 0.075057 
0.486163 0.500000 -0.458116 61 -0.058116 0.086163 
0.490848 0.500000 -0.470934 165 -0.070934 0.090848


0.483487 0.500000 -0.461129 164 -0.061129 0.083487


0.479741 0.500000 -0.465347 166 -0.065347 0.079741 
0.481882 0.500000 -0.462937 268 -0.062937 0.081882 
0.490848 0.500000 -0.470934 165 -0.070934 0.090848 
0.495533 0.500000 -0.483753 74 -0.083753 0.095533 
0.479741 0.500000 -0.465347 166 -0.065347 0.079741


0.487001 0.500000 -0.470743 165 -0.070743 0.087001


0.479741 0.500000 -0.465347 166 -0.065347 0.079741 
0.473258 0.500000 -0.474393 269 -0.074393 0.073258 
0.462121 0.500000 -0.469713 161 -0.069713 0.062121 
0.463950 0.500000 -0.446941 73 -0.046941 0.063950 
0.479741 0.500000 -0.465347 166 -0.065347 0.079741


0.469768 0.500000 -0.464099 166 -0.064099 0.069768


0.477913 0.500000 -0.488119 168 -0.088119 0.077913 
0.473258 0.500000 -0.474393 269 -0.074393 0.073258 
0.479741 0.500000 -0.465347 166 -0.065347 0.079741 
0.495533 0.500000 -0.483753 74 -0.083753 0.095533 
0.477913 0.500000 -0.488119 168 -0.088119 0.077913


0.481611 0.500000 -0.477903 167 -0.077903 0.081611


0.462121 0.500000 -0.469713 161 -0.069713 0.062121 
0.473258 0.500000 -0.474393 269 -0.074393 0.073258 
0.477913 0.500000 -0.488119 168 -0.088119 0.077913 
0.460292 0.500000 -0.492486 86 -0.092486 0.060292 
0.462121 0.500000 -0.469713 161 -0.069713 0.062121


0.468396 0.500000 -0.481178 168 -0.081178 0.068396


0.440223 0.500000 -0.498900 164 -0.098900 0.040223 
0.453815 0.500000 -0.509608 270 -0.109608 0.053815 
0.450577 0.500000 -0.518169 170 -0.118169 0.050577 
0.420153 0.500000 -0.505314 71 -0.105314 0.020153 
0.440223 0.500000 -0.498900 164 -0.098900 0.040223


0.441192 0.500000 -0.507997 169 -0.107997 0.041192


0.470647 0.500000 -0.511755 169 -0.111755 0.070647 
0.453815 0.500000 -0.509608 270 -0.109608 0.053815 
0.440223 0.500000 -0.498900 164 -0.098900 0.040223 
0.460292 0.500000 -0.492486 86 -0.092486 0.060292 
0.470647 0.500000 -0.511755 169 -0.111755 0.070647


0.456244 0.500000 -0.503187 170 -0.103187 0.056244


0.450577 0.500000 -0.518169 170 -0.118169 0.050577 
0.453815 0.500000 -0.509608 270 -0.109608 0.053815 
0.470647 0.500000 -0.511755 169 -0.111755 0.070647 
0.481001 0.500000 -0.531024 87 -0.131024 0.081001 
0.450577 0.500000 -0.518169 170 -0.118169 0.050577


0.464010 0.500000 -0.517639 171 -0.117639 0.064010


0.450577 0.500000 -0.518169 170 -0.118169 0.050577 
0.448234 0.500000 -0.527647 271 -0.127647 0.048234 
0.431851 0.500000 -0.525958 154 -0.125958 0.031851 
0.420153 0.500000 -0.505314 71 -0.105314 0.020153 
0.450577 0.500000 -0.518169 170 -0.118169 0.050577


0.437704 0.500000 -0.519272 172 -0.119272 0.037704


0.462275 0.500000 -0.538813 171 -0.138813 0.062275 
0.448234 0.500000 -0.527647 271 -0.127647 0.048234 
0.450577 0.500000 -0.518169 170 -0.118169 0.050577 
0.481001 0.500000 -0.531024 87 -0.131024 0.081001 
0.462275 0.500000 -0.538813 171 -0.138813 0.062275


0.460522 0.500000 -0.528913 173 -0.128913 0.060522


0.431851 0.500000 -0.525958 154 -0.125958 0.031851 
0.448234 0.500000 -0.527647 271 -0.127647 0.048234 
0.462275 0.500000 -0.538813 171 -0.138813 0.062275 
0.443549 0.500000 -0.546602 72 -0.146602 0.043549 
0.431851 0.500000 -0.525958 154 -0.125958 0.031851


0.446477 0.500000 -0.534755 174 -0.134755 0.046477


0.477913 0.500000 -0.488119 168 -0.088119 0.077913 
0.490177 0.500000 -0.495944 272 -0.095944 0.090177 
0.487499 0.500000 -0.502040 173 -0.102040 0.087499 
0.460292 0.500000 -0.492486 86 -0.092486 0.060292 
0.477913 0.500000 -0.488119 168 -0.088119 0.077913


0.478970 0.500000 -0.494647 175 -0.094647 0.078970


0.505120 0.500000 -0.497673 172 -0.097673 0.105120 
0.490177 0.500000 -0.495944 272 -0.095944 0.090177 
0.477913 0.500000 -0.488119 168 -0.088119 0.077913 
0.495533 0.500000 -0.483753 74 -0.083753 0.095533 
0.505120 0.500000 -0.497673 172 -0.097673 0.105120


0.492186 0.500000 -0.491372 176 -0.091372 0.092186


0.487499 0.500000 -0.502040 173 -0.102040 0.087499 
0.490177 0.500000 -0.495944 272 -0.095944 0.090177 
0.505120 0.500000 -0.497673 172 -0.097673 0.105120 
0.514707 0.500000 -0.511594 75 -0.111594 0.114707 
0.487499 0.500000 -0.502040 173 -0.102040 0.087499


0.499376 0.500000 -0.501813 177 -0.101813 0.099376


0.487499 0.500000 -0.502040 173 -0.102040 0.087499 
0.485333 0.500000 -0.511701 273 -0.111701 0.085333 
0.470647 0.500000 -0.511755 169 -0.111755 0.070647 
0.460292 0.500000 -0.492486 86 -0.092486 0.060292 
0.487499 0.500000 -0.502040 173 -0.102040 0.087499


0.475943 0.500000 -0.504495 178 -0.104495 0.075943


0.497854 0.500000 -0.521309 174 -0.121309 0.097854 
0.485333 0.500000 -0.511701 273 -0.111701 0.085333 
0.487499 0.500000 -0.502040 173 -0.102040 0.087499 
0.514707 0.500000 -0.511594 75 -0.111594 0.114707 
0.497854 0.500000 -0.521309 174 -0.121309 0.097854


0.496348 0.500000 -0.511661 179 -0.111661 0.096348


0.470647 0.500000 -0.511755 169 -0.111755 0.070647 
0.485333 0.500000 -0.511701 273 -0.111701 0.085333 
0.497854 0.500000 -0.521309 174 -0.121309 0.097854 
0.481001 0.500000 -0.531024 87 -0.131024 0.081001 
0.470647 0.500000 -0.511755 169 -0.111755 0.070647


0.483709 0.500000 -0.518947 180 -0.118947 0.083709


0.462275 0.500000 -0.538813 171 -0.138813 0.062275 
0.478393 0.500000 -0.548081 274 -0.148081 0.078393 
0.477089 0.500000 -0.556609 176 -0.156609 0.077089 
0.443549 0.500000 -0.546602 72 -0.146602 0.043549 
0.462275 0.500000 -0.538813 171 -0.138813 0.062275


0.465327 0.500000 -0.547526 181 -0.147526 0.065327


0.495816 0.500000 -0.548820 175 -0.148820 0.095816 
0.478393 0.500000 -0.548081 274 -0.148081 0.078393 
0.462275 0.500000 -0.538813 171 -0.138813 0.062275 
0.481001 0.500000 -0.531024 87 -0.131024 0.081001 
0.495816 0.500000 -0.548820 175 -0.148820 0.095816


0.479371 0.500000 -0.541684 182 -0.141684 0.079371


0.477089 0.500000 -0.556609 176 -0.156609 0.077089 
0.478393 0.500000 -0.548081 274 -0.148081 0.078393 
0.495816 0.500000 -0.548820 175 -0.148820 0.095816 
0.510630 0.500000 -0.566616 35 -0.166616 0.110630 
0.477089 0.500000 -0.556609 176 -0.156609 0.077089


0.490482 0.500000 -0.555032 183 -0.155032 0.090482


0.477089 0.500000 -0.556609 176 -0.156609 0.077089 
0.476935 0.500000 -0.566328 275 -0.166328 0.076935 
0.459864 0.500000 -0.565763 159 -0.165763 0.059864 
0.443549 0.500000 -0.546602 72 -0.146602 0.043549 
0.477089 0.500000 -0.556609 176 -0.156609 0.077089


0.464359 0.500000 -0.558826 184 -0.158826 0.064359


0.493852 0.500000 -0.576612 36 -0.176612 0.093852 
0.476935 0.500000 -0.566328 275 -0.166328 0.076935 
0.477089 0.500000 -0.556609 176 -0.156609 0.077089 
0.510630 0.500000 -0.566616 35 -0.166616 0.110630 
0.493852 0.500000 -0.576612 36 -0.176612 0.093852


0.489627 0.500000 -0.566541 185 -0.166541 0.089627


0.459864 0.500000 -0.565763 159 -0.165763 0.059864 
0.476935 0.500000 -0.566328 275 -0.166328 0.076935 
0.493852 0.500000 -0.576612 36 -0.176612 0.093852 
0.476178 0.500000 -0.584924 37 -0.184924 0.076178 
0.459864 0.500000 -0.565763 159 -0.165763 0.059864


0.476707 0.500000 -0.573407 186 -0.173407 0.076707


0.497854 0.500000 -0.521309 174 -0.121309 0.097854 
0.512193 0.500000 -0.528195 276 -0.128195 0.112193 
0.510937 0.500000 -0.536496 178 -0.136496 0.110937 
0.481001 0.500000 -0.531024 87 -0.131024 0.081001 
0.497854 0.500000 -0.521309 174 -0.121309 0.097854


0.500496 0.500000 -0.529256 187 -0.129256 0.100496


0.527789 0.500000 -0.526781 177 -0.126781 0.127789 
0.512193 0.500000 -0.528195 276 -0.128195 0.112193 
0.497854 0.500000 -0.521309 174 -0.121309 0.097854 
0.514707 0.500000 -0.511594 75 -0.111594 0.114707 
0.527789 0.500000 -0.526781 177 -0.126781 0.127789


0.513136 0.500000 -0.521970 188 -0.121970 0.113136


0.510937 0.500000 -0.536496 178 -0.136496 0.110937 
0.512193 0.500000 -0.528195 276 -0.128195 0.112193 
0.527789 0.500000 -0.526781 177 -0.126781 0.127789 
0.540872 0.500000 -0.541968 33 -0.141968 0.140872 
0.510937 0.500000 -0.536496 178 -0.136496 0.110937


0.522948 0.500000 -0.533360 189 -0.133360 0.122948


0.510937 0.500000 -0.536496 178 -0.136496 0.110937 
0.511035 0.500000 -0.546783 277 -0.146783 0.111035 
0.495816 0.500000 -0.548820 175 -0.148820 0.095816 
0.481001 0.500000 -0.531024 87 -0.131024 0.081001 
0.510937 0.500000 -0.536496 178 -0.136496 0.110937


0.499697 0.500000 -0.540781 190 -0.140781 0.099697


0.526354 0.500000 -0.555032 34 -0.155032 0.126354 
0.511035 0.500000 -0.546783 277 -0.146783 0.111035 
0.510937 0.500000 -0.536496 178 -0.136496 0.110937 
0.540872 0.500000 -0.541968 33 -0.141968 0.140872 
0.526354 0.500000 -0.555032 34 -0.155032 0.126354


0.522299 0.500000 -0.545070 191 -0.145070 0.122299


0.495816 0.500000 -0.548820 175 -0.148820 0.095816 
0.511035 0.500000 -0.546783 277 -0.146783 0.111035 
0.526354 0.500000 -0.555032 34 -0.155032 0.126354 
0.510630 0.500000 -0.566616 35 -0.166616 0.110630 
0.495816 0.500000 -0.548820 175 -0.148820 0.095816


0.510959 0.500000 -0.554313 192 -0.154313 0.110959


0.462101 0.500000 -0.403513 140 -0.003513 0.062101 
0.473019 0.500000 -0.406903 278 -0.006903 0.073019 
0.459395 0.500000 -0.428363 180 -0.028363 0.059395 
0.423936 0.500000 -0.443044 59 -0.043044 0.023936 
0.462101 0.500000 -0.403513 140 -0.003513 0.062101


0.454613 0.500000 -0.420456 193 -0.020456 0.054613


0.497561 0.500000 -0.388832 179 0.011168 0.097561 
0.473019 0.500000 -0.406903 278 -0.006903 0.073019 
0.462101 0.500000 -0.403513 140 -0.003513 0.062101 
0.500267 0.500000 -0.363982 60 0.036018 0.100267 
0.497561 0.500000 -0.388832 179 0.011168 0.097561


0.483237 0.500000 -0.390808 194 0.009192 0.083237


0.459395 0.500000 -0.428363 180 -0.028363 0.059395 
0.473019 0.500000 -0.406903 278 -0.006903 0.073019 
0.497561 0.500000 -0.388832 179 0.011168 0.097561 
0.494855 0.500000 -0.413682 76 -0.013682 0.094855 
0.459395 0.500000 -0.428363 180 -0.028363 0.059395


0.481208 0.500000 -0.409445 195 -0.009445 0.081208


0.459395 0.500000 -0.428363 180 -0.028363 0.059395 
0.460913 0.500000 -0.434556 279 -0.034556 0.060913 
0.443943 0.500000 -0.444993 163 -0.044993 0.043943 
0.423936 0.500000 -0.443044 59 -0.043044 0.023936 
0.459395 0.500000 -0.428363 180 -0.028363 0.059395


0.447047 0.500000 -0.437739 196 -0.037739 0.047047


0.479402 0.500000 -0.430312 181 -0.030312 0.079402 
0.460913 0.500000 -0.434556 279 -0.034556 0.060913 
0.459395 0.500000 -0.428363 180 -0.028363 0.059395 
0.494855 0.500000 -0.413682 76 -0.013682 0.094855 
0.479402 0.500000 -0.430312 181 -0.030312 0.079402


0.473641 0.500000 -0.426728 197 -0.026728 0.073641


0.443943 0.500000 -0.444993 163 -0.044993 0.043943 
0.460913 0.500000 -0.434556 279 -0.034556 0.060913 
0.479402 0.500000 -0.430312 181 -0.030312 0.079402 
0.463950 0.500000 -0.446941 73 -0.046941 0.063950 
0.443943 0.500000 -0.444993 163 -0.044993 0.043943


0.462052 0.500000 -0.439200 198 -0.039200 0.062052


0.479402 0.500000 -0.430312 181 -0.030312 0.079402 
0.486367 0.500000 -0.434402 280 -0.034402 0.086367 
0.482123 0.500000 -0.444762 183 -0.044762 0.082123 
0.463950 0.500000 -0.446941 73 -0.046941 0.063950 
0.479402 0.500000 -0.430312 181 -0.030312 0.079402


0.477961 0.500000 -0.439104 199 -0.039104 0.077961


0.497575 0.500000 -0.428132 182 -0.028132 0.097575 
0.486367 0.500000 -0.434402 280 -0.034402 0.086367 
0.479402 0.500000 -0.430312 181 -0.030312 0.079402 
0.494855 0.500000 -0.413682 76 -0.013682 0.094855 
0.497575 0.500000 -0.428132 182 -0.028132 0.097575


0.489550 0.500000 -0.426632 200 -0.026632 0.089550


0.482123 0.500000 -0.444762 183 -0.044762 0.082123 
0.486367 0.500000 -0.434402 280 -0.034402 0.086367 
0.497575 0.500000 -0.428132 182 -0.028132 0.097575 
0.500296 0.500000 -0.442582 62 -0.042582 0.100296 
0.482123 0.500000 -0.444762 183 -0.044762 0.082123


0.491590 0.500000 -0.437469 201 -0.037469 0.091590


0.482123 0.500000 -0.444762 183 -0.044762 0.082123 
0.483470 0.500000 -0.449213 281 -0.049213 0.083470 
0.475057 0.500000 -0.452529 167 -0.052529 0.075057 
0.463950 0.500000 -0.446941 73 -0.046941 0.063950 
0.482123 0.500000 -0.444762 183 -0.044762 0.082123


0.476150 0.500000 -0.448361 202 -0.048361 0.076150


0.493230 0.500000 -0.450349 184 -0.050349 0.093230 
0.483470 0.500000 -0.449213 281 -0.049213 0.083470 
0.482123 0.500000 -0.444762 183 -0.044762 0.082123 
0.500296 0.500000 -0.442582 62 -0.042582 0.100296 
0.493230 0.500000 -0.450349 184 -0.050349 0.093230


0.489780 0.500000 -0.446726 203 -0.046726 0.089780


0.475057 0.500000 -0.452529 167 -0.052529 0.075057 
0.483470 0.500000 -0.449213 281 -0.049213 0.083470 
0.493230 0.500000 -0.450349 184 -0.050349 0.093230 
0.486163 0.500000 -0.458116 61 -0.058116 0.086163 
0.475057 0.500000 -0.452529 167 -0.052529 0.075057


0.484480 0.500000 -0.452552 204 -0.052552 0.084480


0.497575 0.500000 -0.428132 182 -0.028132 0.097575 
0.508582 0.500000 -0.423803 282 -0.023803 0.108582 
0.515446 0.500000 -0.428863 186 -0.028863 0.115446 
0.500296 0.500000 -0.442582 62 -0.042582 0.100296 
0.497575 0.500000 -0.428132 182 -0.028132 0.097575


0.505475 0.500000 -0.430845 205 -0.030845 0.105475


0.512726 0.500000 -0.414413 185 -0.014413 0.112726 
0.508582 0.500000 -0.423803 282 -0.023803 0.108582 
0.497575 0.500000 -0.428132 182 -0.028132 0.097575 
0.494855 0.500000 -0.413682 76 -0.013682 0.094855 
0.512726 0.500000 -0.414413 185 -0.014413 0.112726


0.503435 0.500000 -0.420008 206 -0.020008 0.103435


0.515446 0.500000 -0.428863 186 -0.028863 0.115446 
0.508582 0.500000 -0.423803 282 -0.023803 0.108582 
0.512726 0.500000 -0.414413 185 -0.014413 0.112726 
0.530596 0.500000 -0.415144 88 -0.015144 0.130596 
0.515446 0.500000 -0.428863 186 -0.028863 0.115446


0.516838 0.500000 -0.420556 207 -0.020556 0.116838


0.515446 0.500000 -0.428863 186 -0.028863 0.115446 
0.516794 0.500000 -0.438225 283 -0.038225 0.116794 
0.509893 0.500000 -0.449766 188 -0.049766 0.109893 
0.500296 0.500000 -0.442582 62 -0.042582 0.100296 
0.515446 0.500000 -0.428863 186 -0.028863 0.115446


0.510608 0.500000 -0.439859 208 -0.039859 0.110608


0.525044 0.500000 -0.436047 187 -0.036047 0.125044 
0.516794 0.500000 -0.438225 283 -0.038225 0.116794 
0.515446 0.500000 -0.428863 186 -0.028863 0.115446 
0.530596 0.500000 -0.415144 88 -0.015144 0.130596 
0.525044 0.500000 -0.436047 187 -0.036047 0.125044


0.521970 0.500000 -0.429570 209 -0.029570 0.121970


0.509893 0.500000 -0.449766 188 -0.049766 0.109893 
0.516794 0.500000 -0.438225 283 -0.038225 0.116794 
0.525044 0.500000 -0.436047 187 -0.036047 0.125044 
0.519491 0.500000 -0.456950 79 -0.056950 0.119491 
0.509893 0.500000 -0.449766 188 -0.049766 0.109893


0.517806 0.500000 -0.445247 210 -0.045247 0.117806


0.497561 0.500000 -0.388832 179 0.011168 0.097561 
0.514530 0.500000 -0.382376 284 0.017624 0.114530 
0.521661 0.500000 -0.391572 190 0.008428 0.121661 
0.494855 0.500000 -0.413682 76 -0.013682 0.094855 
0.497561 0.500000 -0.388832 179 0.011168 0.097561


0.507151 0.500000 -0.394116 211 0.005884 0.107151


0.524367 0.500000 -0.366722 189 0.033278 0.124367 
0.514530 0.500000 -0.382376 284 0.017624 0.114530 
0.497561 0.500000 -0.388832 179 0.011168 0.097561 
0.500267 0.500000 -0.363982 60 0.036018 0.100267 
0.524367 0.500000 -0.366722 189 0.033278 0.124367


0.509181 0.500000 -0.375478 212 0.024522 0.109181


0.521661 0.500000 -0.391572 190 0.008428 0.121661 
0.514530 0.500000 -0.382376 284 0.017624 0.114530 
0.524367 0.500000 -0.366722 189 0.033278 0.124367 
0.548467 0.500000 -0.369462 77 0.030538 0.148467 
0.521661 0.500000 -0.391572 190 0.008428 0.121661


0.527256 0.500000 -0.377533 213 0.022467 0.127256


0.521661 0.500000 -0.391572 190 0.008428 0.121661 
0.524639 0.500000 -0.399430 285 0.000570 0.124639 
0.512726 0.500000 -0.414413 185 -0.014413 0.112726 
0.494855 0.500000 -0.413682 76 -0.013682 0.094855 
0.521661 0.500000 -0.391572 190 0.008428 0.121661


0.513470 0.500000 -0.404775 214 -0.004775 0.113470


0.539532 0.500000 -0.392303 191 0.007697 0.139532 
0.524639 0.500000 -0.399430 285 0.000570 0.124639 
0.521661 0.500000 -0.391572 190 0.008428 0.121661 
0.548467 0.500000 -0.369462 77 0.030538 0.148467 
0.539532 0.500000 -0.392303 191 0.007697 0.139532


0.533575 0.500000 -0.388192 215 0.011808 0.133575


0.512726 0.500000 -0.414413 185 -0.014413 0.112726 
0.524639 0.500000 -0.399430 285 0.000570 0.124639 
0.539532 0.500000 -0.392303 191 0.007697 0.139532 
0.530596 0.500000 -0.415144 88 -0.015144 0.130596 
0.512726 0.500000 -0.414413 185 -0.014413 0.112726


0.526873 0.500000 -0.405323 216 -0.005323 0.126873


0.525044 0.500000 -0.436047 187 -0.036047 0.125044 
0.535907 0.500000 -0.438476 286 -0.038476 0.135907 
0.538562 0.500000 -0.450142 193 -0.050142 0.138562 
0.519491 0.500000 -0.456950 79 -0.056950 0.119491 
0.525044 0.500000 -0.436047 187 -0.036047 0.125044


0.529751 0.500000 -0.445404 217 -0.045404 0.129751


0.544114 0.500000 -0.429239 192 -0.029239 0.144114 
0.535907 0.500000 -0.438476 286 -0.038476 0.135907 
0.525044 0.500000 -0.436047 187 -0.036047 0.125044 
0.530596 0.500000 -0.415144 88 -0.015144 0.130596 
0.544114 0.500000 -0.429239 192 -0.029239 0.144114


0.533915 0.500000 -0.429727 218 -0.029727 0.133915


0.538562 0.500000 -0.450142 193 -0.050142 0.138562 
0.535907 0.500000 -0.438476 286 -0.038476 0.135907 
0.544114 0.500000 -0.429239 192 -0.029239 0.144114 
0.557632 0.500000 -0.443334 89 -0.043334 0.157632 
0.538562 0.500000 -0.450142 193 -0.050142 0.138562


0.544054 0.500000 -0.440298 219 -0.040298 0.144054


0.538562 0.500000 -0.450142 193 -0.050142 0.138562 
0.539210 0.500000 -0.460695 287 -0.060695 0.139210 
0.529999 0.500000 -0.469375 195 -0.069375 0.129999 
0.519491 0.500000 -0.456950 79 -0.056950 0.119491 
0.538562 0.500000 -0.450142 193 -0.050142 0.138562


0.531815 0.500000 -0.459290 220 -0.059290 0.131815


0.549069 0.500000 -0.462567 194 -0.062567 0.149069 
0.539210 0.500000 -0.460695 287 -0.060695 0.139210 
0.538562 0.500000 -0.450142 193 -0.050142 0.138562 
0.557632 0.500000 -0.443334 89 -0.043334 0.157632 
0.549069 0.500000 -0.462567 194 -0.062567 0.149069


0.546118 0.500000 -0.454184 221 -0.054184 0.146118


0.529999 0.500000 -0.469375 195 -0.069375 0.129999 
0.539210 0.500000 -0.460695 287 -0.060695 0.139210 
0.549069 0.500000 -0.462567 194 -0.062567 0.149069 
0.540507 0.500000 -0.481801 80 -0.081801 0.140507 
0.529999 0.500000 -0.469375 195 -0.069375 0.129999


0.539696 0.500000 -0.468609 222 -0.068609 0.139696


0.539532 0.500000 -0.392303 191 0.007697 0.139532 
0.550565 0.500000 -0.395453 288 0.004547 0.150565 
0.551613 0.500000 -0.408449 197 -0.008449 0.151613 
0.530596 0.500000 -0.415144 88 -0.015144 0.130596 
0.539532 0.500000 -0.392303 191 0.007697 0.139532


0.543077 0.500000 -0.402837 223 -0.002837 0.143077


0.560549 0.500000 -0.385608 196 0.014392 0.160549 
0.550565 0.500000 -0.395453 288 0.004547 0.150565 
0.539532 0.500000 -0.392303 191 0.007697 0.139532 
0.548467 0.500000 -0.369462 77 0.030538 0.148467 
0.560549 0.500000 -0.385608 196 0.014392 0.160549


0.549778 0.500000 -0.385707 224 0.014293 0.149778


0.551613 0.500000 -0.408449 197 -0.008449 0.151613 
0.550565 0.500000 -0.395453 288 0.004547 0.150565 
0.560549 0.500000 -0.385608 196 0.014392 0.160549 
0.572631 0.500000 -0.401753 78 -0.001753 0.172631 
0.551613 0.500000 -0.408449 197 -0.008449 0.151613


0.558839 0.500000 -0.397816 225 0.002184 0.158839


0.551613 0.500000 -0.408449 197 -0.008449 0.151613 
0.553620 0.500000 -0.420077 289 -0.020077 0.153620 
0.544114 0.500000 -0.429239 192 -0.029239 0.144114 
0.530596 0.500000 -0.415144 88 -0.015144 0.130596 
0.551613 0.500000 -0.408449 197 -0.008449 0.151613


0.544986 0.500000 -0.418227 226 -0.018227 0.144986


0.565131 0.500000 -0.422543 198 -0.022543 0.165131 
0.553620 0.500000 -0.420077 289 -0.020077 0.153620 
0.551613 0.500000 -0.408449 197 -0.008449 0.151613 
0.572631 0.500000 -0.401753 78 -0.001753 0.172631 
0.565131 0.500000 -0.422543 198 -0.022543 0.165131


0.560749 0.500000 -0.413206 227 -0.013206 0.160749


0.544114 0.500000 -0.429239 192 -0.029239 0.144114 
0.553620 0.500000 -0.420077 289 -0.020077 0.153620 
0.565131 0.500000 -0.422543 198 -0.022543 0.165131 
0.557632 0.500000 -0.443334 89 -0.043334 0.157632 
0.544114 0.500000 -0.429239 192 -0.029239 0.144114


0.555124 0.500000 -0.428798 228 -0.028798 0.155124


0.549069 0.500000 -0.462567 194 -0.062567 0.149069 
0.560822 0.500000 -0.467581 290 -0.067581 0.160822 
0.562417 0.500000 -0.479705 200 -0.079705 0.162417 
0.540507 0.500000 -0.481801 80 -0.081801 0.140507 
0.549069 0.500000 -0.462567 194 -0.062567 0.149069


0.553204 0.500000 -0.472914 229 -0.072914 0.153204


0.570980 0.500000 -0.460472 199 -0.060472 0.170980 
0.560822 0.500000 -0.467581 290 -0.067581 0.160822 
0.549069 0.500000 -0.462567 194 -0.062567 0.149069 
0.557632 0.500000 -0.443334 89 -0.043334 0.157632 
0.570980 0.500000 -0.460472 199 -0.060472 0.170980


0.559626 0.500000 -0.458488 230 -0.058488 0.159626


0.562417 0.500000 -0.479705 200 -0.079705 0.162417 
0.560822 0.500000 -0.467581 290 -0.067581 0.160822 
0.570980 0.500000 -0.460472 199 -0.060472 0.170980 
0.584328 0.500000 -0.477610 29 -0.077610 0.184328 
0.562417 0.500000 -0.479705 200 -0.079705 0.162417


0.569637 0.500000 -0.471342 231 -0.071342 0.169637


0.562417 0.500000 -0.479705 200 -0.079705 0.162417 
0.563809 0.500000 -0.490594 291 -0.090594 0.163809 
0.553130 0.500000 -0.496860 201 -0.096860 0.153130 
0.540507 0.500000 -0.481801 80 -0.081801 0.140507 
0.562417 0.500000 -0.479705 200 -0.079705 0.162417


0.554966 0.500000 -0.487240 232 -0.087240 0.154966


0.575879 0.500000 -0.495218 30 -0.095218 0.175879 
0.563809 0.500000 -0.490594 291 -0.090594 0.163809 
0.562417 0.500000 -0.479705 200 -0.079705 0.162417 
0.584328 0.500000 -0.477610 29 -0.077610 0.184328 
0.575879 0.500000 -0.495218 30 -0.095218 0.175879


0.571608 0.500000 -0.485782 233 -0.085782 0.171608


0.553130 0.500000 -0.496860 201 -0.096860 0.153130 
0.563809 0.500000 -0.490594 291 -0.090594 0.163809 
0.575879 0.500000 -0.495218 30 -0.095218 0.175879 
0.565754 0.500000 -0.511919 31 -0.111919 0.165754 
0.553130 0.500000 -0.496860 201 -0.096860 0.153130


0.564643 0.500000 -0.498648 234 -0.098648 0.164643


0.565131 0.500000 -0.422543 198 -0.022543 0.165131 
0.575384 0.500000 -0.428478 292 -0.028478 0.175384 
0.576760 0.500000 -0.441841 203 -0.041841 0.176760 
0.557632 0.500000 -0.443334 89 -0.043334 0.157632 
0.565131 0.500000 -0.422543 198 -0.022543 0.165131


0.568727 0.500000 -0.434049 235 -0.034049 0.168727


0.584259 0.500000 -0.421050 202 -0.021050 0.184259 
0.575384 0.500000 -0.428478 292 -0.028478 0.175384 
0.565131 0.500000 -0.422543 198 -0.022543 0.165131 
0.572631 0.500000 -0.401753 78 -0.001753 0.172631 
0.584259 0.500000 -0.421050 202 -0.021050 0.184259


0.574351 0.500000 -0.418456 236 -0.018456 0.174351


0.576760 0.500000 -0.441841 203 -0.041841 0.176760 
0.575384 0.500000 -0.428478 292 -0.028478 0.175384 
0.584259 0.500000 -0.421050 202 -0.021050 0.184259 
0.595888 0.500000 -0.440348 27 -0.040348 0.195888 
0.576760 0.500000 -0.441841 203 -0.041841 0.176760


0.583073 0.500000 -0.432929 237 -0.032929 0.183073


0.576760 0.500000 -0.441841 203 -0.041841 0.176760 
0.579586 0.500000 -0.453858 293 -0.053858 0.179586 
0.570980 0.500000 -0.460472 199 -0.060472 0.170980 
0.557632 0.500000 -0.443334 89 -0.043334 0.157632 
0.576760 0.500000 -0.441841 203 -0.041841 0.176760


0.571240 0.500000 -0.449876 238 -0.049876 0.171240


0.591019 0.500000 -0.459261 28 -0.059261 0.191019 
0.579586 0.500000 -0.453858 293 -0.053858 0.179586 
0.576760 0.500000 -0.441841 203 -0.041841 0.176760 
0.595888 0.500000 -0.440348 27 -0.040348 0.195888 
0.591019 0.500000 -0.459261 28 -0.059261 0.191019


0.585813 0.500000 -0.448827 239 -0.048827 0.185813


0.570980 0.500000 -0.460472 199 -0.060472 0.170980 
0.579586 0.500000 -0.453858 293 -0.053858 0.179586 
0.591019 0.500000 -0.459261 28 -0.059261 0.191019 
0.584328 0.500000 -0.477610 29 -0.077610 0.184328 
0.570980 0.500000 -0.460472 199 -0.060472 0.170980


0.581478 0.500000 -0.462800 240 -0.062800 0.181478


0.533868 0.500000 -0.327324 144 0.072676 0.133868 
0.551364 0.500000 -0.326488 294 0.073512 0.151364 
0.542888 0.500000 -0.344620 204 0.055380 0.142888 
0.500267 0.500000 -0.363982 60 0.036018 0.100267 
0.533868 0.500000 -0.327324 144 0.072676 0.133868


0.532097 0.500000 -0.340603 241 0.059397 0.132097


0.577334 0.500000 -0.307520 20 0.092480 0.177334 
0.551364 0.500000 -0.326488 294 0.073512 0.151364 
0.533868 0.500000 -0.327324 144 0.072676 0.133868 
0.567469 0.500000 -0.290665 19 0.109335 0.167469 
0.577334 0.500000 -0.307520 20 0.092480 0.177334


0.557509 0.500000 -0.312999 242 0.087001 0.157509


0.542888 0.500000 -0.344620 204 0.055380 0.142888 
0.551364 0.500000 -0.326488 294 0.073512 0.151364 
0.577334 0.500000 -0.307520 20 0.092480 0.177334 
0.585509 0.500000 -0.325258 21 0.074742 0.185509 
0.542888 0.500000 -0.344620 204 0.055380 0.142888


0.564274 0.500000 -0.325971 243 0.074029 0.164274


0.542888 0.500000 -0.344620 204 0.055380 0.142888 
0.544748 0.500000 -0.352901 295 0.047099 0.144748 
0.524367 0.500000 -0.366722 189 0.033278 0.124367 
0.500267 0.500000 -0.363982 60 0.036018 0.100267 
0.542888 0.500000 -0.344620 204 0.055380 0.142888


0.528067 0.500000 -0.357056 244 0.042944 0.128067


0.566988 0.500000 -0.347360 205 0.052640 0.166988 
0.544748 0.500000 -0.352901 295 0.047099 0.144748 
0.542888 0.500000 -0.344620 204 0.055380 0.142888 
0.585509 0.500000 -0.325258 21 0.074742 0.185509 
0.566988 0.500000 -0.347360 205 0.052640 0.166988


0.560033 0.500000 -0.342535 245 0.057465 0.160033


0.524367 0.500000 -0.366722 189 0.033278 0.124367 
0.544748 0.500000 -0.352901 295 0.047099 0.144748 
0.566988 0.500000 -0.347360 205 0.052640 0.166988 
0.548467 0.500000 -0.369462 77 0.030538 0.148467 
0.524367 0.500000 -0.366722 189 0.033278 0.124367


0.546142 0.500000 -0.359111 246 0.040889 0.146142


0.566988 0.500000 -0.347360 205 0.052640 0.166988 
0.577127 0.500000 -0.352382 296 0.047618 0.177127 
0.572478 0.500000 -0.366078 206 0.033922 0.172478 
0.548467 0.500000 -0.369462 77 0.030538 0.148467 
0.566988 0.500000 -0.347360 205 0.052640 0.166988


0.566265 0.500000 -0.358821 247 0.041179 0.166265


0.591914 0.500000 -0.343707 22 0.056293 0.191914 
0.577127 0.500000 -0.352382 296 0.047618 0.177127 
0.566988 0.500000 -0.347360 205 0.052640 0.166988 
0.585509 0.500000 -0.325258 21 0.074742 0.185509 
0.591914 0.500000 -0.343707 22 0.056293 0.191914


0.580385 0.500000 -0.342177 248 0.057823 0.180385


0.572478 0.500000 -0.366078 206 0.033922 0.172478 
0.577127 0.500000 -0.352382 296 0.047618 0.177127 
0.591914 0.500000 -0.343707 22 0.056293 0.191914 
0.596490 0.500000 -0.362694 23 0.037306 0.196490 
0.572478 0.500000 -0.366078 206 0.033922 0.172478


0.584502 0.500000 -0.356215 249 0.043785 0.184502


0.572478 0.500000 -0.366078 206 0.033922 0.172478 
0.572529 0.500000 -0.377970 297 0.022030 0.172529 
0.560549 0.500000 -0.385608 196 0.014392 0.160549 
0.548467 0.500000 -0.369462 77 0.030538 0.148467 
0.572478 0.500000 -0.366078 206 0.033922 0.172478


0.563506 0.500000 -0.374780 250 0.025220 0.163506


0.584560 0.500000 -0.382224 207 0.017776 0.184560 
0.572529 0.500000 -0.377970 297 0.022030 0.172529 
0.572478 0.500000 -0.366078 206 0.033922 0.172478 
0.596490 0.500000 -0.362694 23 0.037306 0.196490 
0.584560 0.500000 -0.382224 207 0.017776 0.184560


0.581514 0.500000 -0.372242 251 0.027758 0.181514


0.560549 0.500000 -0.385608 196 0.014392 0.160549 
0.572529 0.500000 -0.377970 297 0.022030 0.172529 
0.584560 0.500000 -0.382224 207 0.017776 0.184560 
0.572631 0.500000 -0.401753 78 -0.001753 0.172631 
0.560549 0.500000 -0.385608 196 0.014392 0.160549


0.572567 0.500000 -0.386889 252 0.013111 0.172567


0.584560 0.500000 -0.382224 207 0.017776 0.184560 
0.590021 0.500000 -0.388637 298 0.011363 0.190021 
0.586312 0.500000 -0.401652 208 -0.001652 0.186312 
0.572631 0.500000 -0.401753 78 -0.001753 0.172631 
0.584560 0.500000 -0.382224 207 0.017776 0.184560


0.583381 0.500000 -0.393567 253 0.006433 0.183381


0.599192 0.500000 -0.382037 24 0.017963 0.199192 
0.590021 0.500000 -0.388637 298 0.011363 0.190021 
0.584560 0.500000 -0.382224 207 0.017776 0.184560 
0.596490 0.500000 -0.362694 23 0.037306 0.196490 
0.599192 0.500000 -0.382037 24 0.017963 0.199192


0.592566 0.500000 -0.378898 254 0.021102 0.192566


0.586312 0.500000 -0.401652 208 -0.001652 0.186312 
0.590021 0.500000 -0.388637 298 0.011363 0.190021 
0.599192 0.500000 -0.382037 24 0.017963 0.199192 
0.599994 0.500000 -0.401551 25 -0.001551 0.199994 
0.586312 0.500000 -0.401652 208 -0.001652 0.186312


0.593880 0.500000 -0.393469 255 0.006531 0.193880


0.586312 0.500000 -0.401652 208 -0.001652 0.186312 
0.589820 0.500000 -0.414584 299 -0.014584 0.189820 
0.584259 0.500000 -0.421050 202 -0.021050 0.184259 
0.572631 0.500000 -0.401753 78 -0.001753 0.172631 
0.586312 0.500000 -0.401652 208 -0.001652 0.186312


0.583256 0.500000 -0.409760 256 -0.009760 0.183256


0.598889 0.500000 -0.421050 26 -0.021050 0.198889 
0.589820 0.500000 -0.414584 299 -0.014584 0.189820 
0.586312 0.500000 -0.401652 208 -0.001652 0.186312 
0.599994 0.500000 -0.401551 25 -0.001551 0.199994 
0.598889 0.500000 -0.421050 26 -0.021050 0.198889


0.593754 0.500000 -0.409709 257 -0.009709 0.193754


0.584259 0.500000 -0.421050 202 -0.021050 0.184259 
0.589820 0.500000 -0.414584 299 -0.014584 0.189820 
0.598889 0.500000 -0.421050 26 -0.021050 0.198889 
0.595888 0.500000 -0.440348 27 -0.040348 0.195888 
0.584259 0.500000 -0.421050 202 -0.021050 0.184259


0.592214 0.500000 -0.424258 258 -0.024258 0.192214


0.493230 0.500000 -0.450349 184 -0.050349 0.093230 
0.501983 0.500000 -0.452549 300 -0.052549 0.101983 
0.502827 0.500000 -0.457533 209 -0.057533 0.102827 
0.486163 0.500000 -0.458116 61 -0.058116 0.086163 
0.493230 0.500000 -0.450349 184 -0.050349 0.093230


0.496051 0.500000 -0.454637 259 -0.054637 0.096051


0.509893 0.500000 -0.449766 188 -0.049766 0.109893 
0.501983 0.500000 -0.452549 300 -0.052549 0.101983 
0.493230 0.500000 -0.450349 184 -0.050349 0.093230 
0.500296 0.500000 -0.442582 62 -0.042582 0.100296 
0.509893 0.500000 -0.449766 188 -0.049766 0.109893


0.501351 0.500000 -0.448811 260 -0.048811 0.101351


0.502827 0.500000 -0.457533 209 -0.057533 0.102827 
0.501983 0.500000 -0.452549 300 -0.052549 0.101983 
0.509893 0.500000 -0.449766 188 -0.049766 0.109893 
0.519491 0.500000 -0.456950 79 -0.056950 0.119491 
0.502827 0.500000 -0.457533 209 -0.057533 0.102827


0.508549 0.500000 -0.454199 261 -0.054199 0.108549


0.502827 0.500000 -0.457533 209 -0.057533 0.102827 
0.500396 0.500000 -0.466273 301 -0.066273 0.100396 
0.490848 0.500000 -0.470934 165 -0.070934 0.090848 
0.486163 0.500000 -0.458116 61 -0.058116 0.086163 
0.502827 0.500000 -0.457533 209 -0.057533 0.102827


0.495059 0.500000 -0.463214 262 -0.063214 0.095059


0.507512 0.500000 -0.470351 210 -0.070351 0.107512 
0.500396 0.500000 -0.466273 301 -0.066273 0.100396 
0.502827 0.500000 -0.457533 209 -0.057533 0.102827 
0.519491 0.500000 -0.456950 79 -0.056950 0.119491 
0.507512 0.500000 -0.470351 210 -0.070351 0.107512


0.507556 0.500000 -0.462777 263 -0.062777 0.107556


0.490848 0.500000 -0.470934 165 -0.070934 0.090848 
0.500396 0.500000 -0.466273 301 -0.066273 0.100396 
0.507512 0.500000 -0.470351 210 -0.070351 0.107512 
0.495533 0.500000 -0.483753 74 -0.083753 0.095533 
0.490848 0.500000 -0.470934 165 -0.070934 0.090848


0.498572 0.500000 -0.472828 264 -0.072828 0.098572


0.507512 0.500000 -0.470351 210 -0.070351 0.107512 
0.518510 0.500000 -0.474168 302 -0.074168 0.118510 
0.518020 0.500000 -0.482777 211 -0.082777 0.118020 
0.495533 0.500000 -0.483753 74 -0.083753 0.095533 
0.507512 0.500000 -0.470351 210 -0.070351 0.107512


0.509894 0.500000 -0.477762 265 -0.077762 0.109894


0.529999 0.500000 -0.469375 195 -0.069375 0.129999 
0.518510 0.500000 -0.474168 302 -0.074168 0.118510 
0.507512 0.500000 -0.470351 210 -0.070351 0.107512 
0.519491 0.500000 -0.456950 79 -0.056950 0.119491 
0.529999 0.500000 -0.469375 195 -0.069375 0.129999


0.518878 0.500000 -0.467711 266 -0.067711 0.118878


0.518020 0.500000 -0.482777 211 -0.082777 0.118020 
0.518510 0.500000 -0.474168 302 -0.074168 0.118510 
0.529999 0.500000 -0.469375 195 -0.069375 0.129999 
0.540507 0.500000 -0.481801 80 -0.081801 0.140507 
0.518020 0.500000 -0.482777 211 -0.082777 0.118020


0.526759 0.500000 -0.477030 267 -0.077030 0.126759


0.518020 0.500000 -0.482777 211 -0.082777 0.118020 
0.516915 0.500000 -0.492383 303 -0.092383 0.116915 
0.505120 0.500000 -0.497673 172 -0.097673 0.105120 
0.495533 0.500000 -0.483753 74 -0.083753 0.095533 
0.518020 0.500000 -0.482777 211 -0.082777 0.118020


0.508897 0.500000 -0.489146 268 -0.089146 0.108897


0.527607 0.500000 -0.496697 212 -0.096697 0.127607 
0.516915 0.500000 -0.492383 303 -0.092383 0.116915 
0.518020 0.500000 -0.482777 211 -0.082777 0.118020 
0.540507 0.500000 -0.481801 80 -0.081801 0.140507 
0.527607 0.500000 -0.496697 212 -0.096697 0.127607


0.525762 0.500000 -0.488414 269 -0.088414 0.125762


0.505120 0.500000 -0.497673 172 -0.097673 0.105120 
0.516915 0.500000 -0.492383 303 -0.092383 0.116915 
0.527607 0.500000 -0.496697 212 -0.096697 0.127607 
0.514707 0.500000 -0.511594 75 -0.111594 0.114707 
0.505120 0.500000 -0.497673 172 -0.097673 0.105120


0.516087 0.500000 -0.499587 270 -0.099587 0.116087


0.527607 0.500000 -0.496697 212 -0.096697 0.127607 
0.540322 0.500000 -0.501771 304 -0.101771 0.140322 
0.540230 0.500000 -0.511756 213 -0.111756 0.140230 
0.514707 0.500000 -0.511594 75 -0.111594 0.114707 
0.527607 0.500000 -0.496697 212 -0.096697 0.127607


0.530716 0.500000 -0.505455 271 -0.105455 0.130716


0.553130 0.500000 -0.496860 201 -0.096860 0.153130 
0.540322 0.500000 -0.501771 304 -0.101771 0.140322 
0.527607 0.500000 -0.496697 212 -0.096697 0.127607 
0.540507 0.500000 -0.481801 80 -0.081801 0.140507 
0.553130 0.500000 -0.496860 201 -0.096860 0.153130


0.540391 0.500000 -0.494282 272 -0.094282 0.140391


0.540230 0.500000 -0.511756 213 -0.111756 0.140230 
0.540322 0.500000 -0.501771 304 -0.101771 0.140322 
0.553130 0.500000 -0.496860 201 -0.096860 0.153130 
0.565754 0.500000 -0.511919 31 -0.111919 0.165754 
0.540230 0.500000 -0.511756 213 -0.111756 0.140230


0.549859 0.500000 -0.505576 273 -0.105576 0.149859


0.540230 0.500000 -0.511756 213 -0.111756 0.140230 
0.540689 0.500000 -0.522030 305 -0.122030 0.140689 
0.527789 0.500000 -0.526781 177 -0.126781 0.127789 
0.514707 0.500000 -0.511594 75 -0.111594 0.114707 
0.540230 0.500000 -0.511756 213 -0.111756 0.140230


0.530854 0.500000 -0.518040 274 -0.118040 0.130854


0.554047 0.500000 -0.527552 32 -0.127552 0.154047 
0.540689 0.500000 -0.522030 305 -0.122030 0.140689 
0.540230 0.500000 -0.511756 213 -0.111756 0.140230 
0.565754 0.500000 -0.511919 31 -0.111919 0.165754 
0.554047 0.500000 -0.527552 32 -0.127552 0.154047


0.550180 0.500000 -0.518314 275 -0.118314 0.150180


0.527789 0.500000 -0.526781 177 -0.126781 0.127789 
0.540689 0.500000 -0.522030 305 -0.122030 0.140689 
0.554047 0.500000 -0.527552 32 -0.127552 0.154047 
0.540872 0.500000 -0.541968 33 -0.141968 0.140872 
0.527789 0.500000 -0.526781 177 -0.126781 0.127789


0.540849 0.500000 -0.529583 276 -0.129583 0.140849


