-0.379620 0.500000 -0.204741 24 -0.104741 0.170380 
-0.394888 0.500000 -0.187649 34 -0.087649 0.155112 
-0.396343 0.500000 -0.169891 25 -0.069891 0.153657 
-0.369629 0.500000 -0.186409 23 -0.086409 0.180371 
-0.379620 0.500000 -0.204741 24 -0.104741 0.170380


-0.385120 0.500000 -0.187172 1 -0.087172 0.164880


-0.408702 0.500000 -0.188316 2 -0.088316 0.141298 
-0.394888 0.500000 -0.187649 34 -0.087649 0.155112 
-0.379620 0.500000 -0.204741 24 -0.104741 0.170380 
-0.391467 0.500000 -0.221931 1 -0.121931 0.158533 
-0.408702 0.500000 -0.188316 2 -0.088316 0.141298


-0.393669 0.500000 -0.200659 2 -0.100659 0.156331


-0.396343 0.500000 -0.169891 25 -0.069891 0.153657 
-0.394888 0.500000 -0.187649 34 -0.087649 0.155112 
-0.408702 0.500000 -0.188316 2 -0.088316 0.141298 
-0.423056 0.500000 -0.153373 3 -0.053373 0.126944 
-0.396343 0.500000 -0.169891 25 -0.069891 0.153657


-0.405747 0.500000 -0.174807 3 -0.074807 0.144253


-0.350569 0.500000 -0.084931 18 0.015069 0.199431 
-0.381655 0.500000 -0.083481 35 0.016519 0.168345 
-0.397984 0.500000 -0.072361 27 0.027639 0.152016 
-0.353226 0.500000 -0.064223 17 0.035777 0.196774 
-0.350569 0.500000 -0.084931 18 0.015069 0.199431


-0.370858 0.500000 -0.076249 4 0.023751 0.179142


-0.396413 0.500000 -0.093151 26 0.006849 0.153587 
-0.381655 0.500000 -0.083481 35 0.016519 0.168345 
-0.350569 0.500000 -0.084931 18 0.015069 0.199431 
-0.350084 0.500000 -0.105803 19 -0.005803 0.199916 
-0.396413 0.500000 -0.093151 26 0.006849 0.153587


-0.369680 0.500000 -0.091841 5 0.008159 0.180320


-0.397984 0.500000 -0.072361 27 0.027639 0.152016 
-0.381655 0.500000 -0.083481 35 0.016519 0.168345 
-0.396413 0.500000 -0.093151 26 0.006849 0.153587 
-0.442741 0.500000 -0.080498 5 0.019502 0.107259 
-0.397984 0.500000 -0.072361 27 0.027639 0.152016


-0.404698 0.500000 -0.082373 6 0.017627 0.145302


-0.403831 0.500000 -0.052348 29 0.047652 0.146169 
-0.397122 0.500000 -0.030550 36 0.069450 0.152878 
-0.373832 0.500000 -0.005318 14 0.094682 0.176168 
-0.364921 0.500000 -0.024198 15 0.075802 0.185079 
-0.403831 0.500000 -0.052348 29 0.047652 0.146169


-0.384926 0.500000 -0.028104 7 0.071896 0.165074


-0.413702 0.500000 -0.033984 28 0.066016 0.136298 
-0.397122 0.500000 -0.030550 36 0.069450 0.152878 
-0.403831 0.500000 -0.052348 29 0.047652 0.146169 
-0.442741 0.500000 -0.080498 5 0.019502 0.107259 
-0.413702 0.500000 -0.033984 28 0.066016 0.136298


-0.414349 0.500000 -0.049345 8 0.050655 0.135651


-0.373832 0.500000 -0.005318 14 0.094682 0.176168 
-0.397122 0.500000 -0.030550 36 0.069450 0.152878 
-0.413702 0.500000 -0.033984 28 0.066016 0.136298 
-0.384662 0.500000 0.012531 13 0.112531 0.165338 
-0.373832 0.500000 -0.005318 14 0.094682 0.176168


-0.392329 0.500000 -0.014330 9 0.085670 0.157671


-0.397293 0.500000 0.029154 12 0.129154 0.152707 
-0.415129 0.500000 0.017415 37 0.117415 0.134871 
-0.430779 0.500000 0.019505 31 0.119505 0.119221 
-0.411589 0.500000 0.044369 11 0.144369 0.138411 
-0.397293 0.500000 0.029154 12 0.129154 0.152707


-0.413698 0.500000 0.027611 10 0.127611 0.136302


-0.417315 0.500000 0.003586 30 0.103586 0.132685 
-0.415129 0.500000 0.017415 37 0.117415 0.134871 
-0.397293 0.500000 0.029154 12 0.129154 0.152707 
-0.384662 0.500000 0.012531 13 0.112531 0.165338 
-0.417315 0.500000 0.003586 30 0.103586 0.132685


-0.403600 0.500000 0.015671 11 0.115671 0.146400


-0.430779 0.500000 0.019505 31 0.119505 0.119221 
-0.415129 0.500000 0.017415 37 0.117415 0.134871 
-0.417315 0.500000 0.003586 30 0.103586 0.132685 
-0.449968 0.500000 -0.005359 7 0.094641 0.100032 
-0.430779 0.500000 0.019505 31 0.119505 0.119221


-0.428298 0.500000 0.008787 12 0.108787 0.121702


-0.448832 0.500000 0.032400 8 0.132400 0.101168 
-0.435668 0.500000 0.036639 38 0.136639 0.114332 
-0.430779 0.500000 0.019505 31 0.119505 0.119221 
-0.449968 0.500000 -0.005359 7 0.094641 0.100032 
-0.448832 0.500000 0.032400 8 0.132400 0.101168


-0.441312 0.500000 0.020796 13 0.120796 0.108688


-0.427393 0.500000 0.058011 10 0.158011 0.122607 
-0.435668 0.500000 0.036639 38 0.136639 0.114332 
-0.448832 0.500000 0.032400 8 0.132400 0.101168 
-0.444533 0.500000 0.069931 9 0.169931 0.105467 
-0.427393 0.500000 0.058011 10 0.158011 0.122607


-0.439106 0.500000 0.049246 14 0.149246 0.110894


-0.430779 0.500000 0.019505 31 0.119505 0.119221 
-0.435668 0.500000 0.036639 38 0.136639 0.114332 
-0.427393 0.500000 0.058011 10 0.158011 0.122607 
-0.411589 0.500000 0.044369 11 0.144369 0.138411 
-0.430779 0.500000 0.019505 31 0.119505 0.119221


-0.426357 0.500000 0.039631 15 0.139631 0.123643


-0.361604 0.500000 -0.167135 22 -0.067135 0.188396 
-0.382431 0.500000 -0.162426 39 -0.062426 0.167569 
-0.389344 0.500000 -0.150251 32 -0.050251 0.160656 
-0.355632 0.500000 -0.147130 21 -0.047130 0.194368 
-0.361604 0.500000 -0.167135 22 -0.067135 0.188396


-0.372253 0.500000 -0.156736 16 -0.056736 0.177747


-0.396343 0.500000 -0.169891 25 -0.069891 0.153657 
-0.382431 0.500000 -0.162426 39 -0.062426 0.167569 
-0.361604 0.500000 -0.167135 22 -0.067135 0.188396 
-0.369629 0.500000 -0.186409 23 -0.086409 0.180371 
-0.396343 0.500000 -0.169891 25 -0.069891 0.153657


-0.377502 0.500000 -0.171465 17 -0.071465 0.172498


-0.389344 0.500000 -0.150251 32 -0.050251 0.160656 
-0.382431 0.500000 -0.162426 39 -0.062426 0.167569 
-0.396343 0.500000 -0.169891 25 -0.069891 0.153657 
-0.423056 0.500000 -0.153373 3 -0.053373 0.126944 
-0.389344 0.500000 -0.150251 32 -0.050251 0.160656


-0.397794 0.500000 -0.158985 18 -0.058985 0.152206


-0.358028 0.500000 -0.043905 16 0.056095 0.191972 
-0.386614 0.500000 -0.056205 40 0.043795 0.163386 
-0.403831 0.500000 -0.052348 29 0.047652 0.146169 
-0.364921 0.500000 -0.024198 15 0.075802 0.185079 
-0.358028 0.500000 -0.043905 16 0.056095 0.191972


-0.378349 0.500000 -0.044164 19 0.055836 0.171651


-0.397984 0.500000 -0.072361 27 0.027639 0.152016 
-0.386614 0.500000 -0.056205 40 0.043795 0.163386 
-0.358028 0.500000 -0.043905 16 0.056095 0.191972 
-0.353226 0.500000 -0.064223 17 0.035777 0.196774 
-0.397984 0.500000 -0.072361 27 0.027639 0.152016


-0.373963 0.500000 -0.059173 20 0.040827 0.176037


-0.403831 0.500000 -0.052348 29 0.047652 0.146169 
-0.386614 0.500000 -0.056205 40 0.043795 0.163386 
-0.397984 0.500000 -0.072361 27 0.027639 0.152016 
-0.442741 0.500000 -0.080498 5 0.019502 0.107259 
-0.403831 0.500000 -0.052348 29 0.047652 0.146169


-0.407793 0.500000 -0.065353 21 0.034647 0.142207


-0.417315 0.500000 0.003586 30 0.103586 0.132685 
-0.426317 0.500000 -0.024493 41 0.075507 0.123683 
-0.447933 0.500000 -0.043080 6 0.056920 0.102067 
-0.449968 0.500000 -0.005359 7 0.094641 0.100032 
-0.417315 0.500000 0.003586 30 0.103586 0.132685


-0.435383 0.500000 -0.017336 22 0.082664 0.114617


-0.413702 0.500000 -0.033984 28 0.066016 0.136298 
-0.426317 0.500000 -0.024493 41 0.075507 0.123683 
-0.417315 0.500000 0.003586 30 0.103586 0.132685 
-0.384662 0.500000 0.012531 13 0.112531 0.165338 
-0.413702 0.500000 -0.033984 28 0.066016 0.136298


-0.410499 0.500000 -0.010590 23 0.089410 0.139501


-0.447933 0.500000 -0.043080 6 0.056920 0.102067 
-0.426317 0.500000 -0.024493 41 0.075507 0.123683 
-0.413702 0.500000 -0.033984 28 0.066016 0.136298 
-0.442741 0.500000 -0.080498 5 0.019502 0.107259 
-0.447933 0.500000 -0.043080 6 0.056920 0.102067


-0.432673 0.500000 -0.045514 24 0.054486 0.117327


-0.434430 0.500000 -0.117349 4 -0.017349 0.115570 
-0.407654 0.500000 -0.127138 42 -0.027138 0.142346 
-0.389344 0.500000 -0.150251 32 -0.050251 0.160656 
-0.423056 0.500000 -0.153373 3 -0.053373 0.126944 
-0.434430 0.500000 -0.117349 4 -0.017349 0.115570


-0.413621 0.500000 -0.137028 25 -0.037028 0.136379


-0.399187 0.500000 -0.113814 33 -0.013814 0.150813 
-0.407654 0.500000 -0.127138 42 -0.027138 0.142346 
-0.434430 0.500000 -0.117349 4 -0.017349 0.115570 
-0.442741 0.500000 -0.080498 5 0.019502 0.107259 
-0.399187 0.500000 -0.113814 33 -0.013814 0.150813


-0.421003 0.500000 -0.109700 26 -0.009700 0.128997


-0.389344 0.500000 -0.150251 32 -0.050251 0.160656 
-0.407654 0.500000 -0.127138 42 -0.027138 0.142346 
-0.399187 0.500000 -0.113814 33 -0.013814 0.150813 
-0.355632 0.500000 -0.147130 21 -0.047130 0.194368 
-0.389344 0.500000 -0.150251 32 -0.050251 0.160656


-0.387954 0.500000 -0.134583 27 -0.034583 0.162046


-0.351778 0.500000 -0.126611 20 -0.026611 0.198222 
-0.382459 0.500000 -0.111192 43 -0.011192 0.167541 
-0.396413 0.500000 -0.093151 26 0.006849 0.153587 
-0.350084 0.500000 -0.105803 19 -0.005803 0.199916 
-0.351778 0.500000 -0.126611 20 -0.026611 0.198222


-0.370184 0.500000 -0.109189 28 -0.009189 0.179816


-0.399187 0.500000 -0.113814 33 -0.013814 0.150813 
-0.382459 0.500000 -0.111192 43 -0.011192 0.167541 
-0.351778 0.500000 -0.126611 20 -0.026611 0.198222 
-0.355632 0.500000 -0.147130 21 -0.047130 0.194368 
-0.399187 0.500000 -0.113814 33 -0.013814 0.150813


-0.372264 0.500000 -0.124687 29 -0.024687 0.177736


-0.396413 0.500000 -0.093151 26 0.006849 0.153587 
-0.382459 0.500000 -0.111192 43 -0.011192 0.167541 
-0.399187 0.500000 -0.113814 33 -0.013814 0.150813 
-0.442741 0.500000 -0.080498 5 0.019502 0.107259 
-0.396413 0.500000 -0.093151 26 0.006849 0.153587


-0.405200 0.500000 -0.099664 30 0.000336 0.144800


