0.401551 0.500000 -0.200006 26 -0.200006 0.401551 
0.412848 0.500000 -0.173757 259 -0.173757 0.412848 
0.420213 0.500000 -0.160999 24 -0.160999 0.420213 
0.403101 0.500000 -0.200024 25 -0.200024 0.403101 
0.401551 0.500000 -0.200006 26 -0.200006 0.401551


0.409428 0.500000 -0.183696 1 -0.183696 0.409428


0.416779 0.500000 -0.160265 135 -0.160265 0.416779 
0.412848 0.500000 -0.173757 259 -0.173757 0.412848 
0.401551 0.500000 -0.200006 26 -0.200006 0.401551 
0.400000 0.500000 -0.200000 27 -0.200000 0.400000 
0.416779 0.500000 -0.160265 135 -0.160265 0.416779


0.407794 0.500000 -0.183507 2 -0.183507 0.407794


0.420213 0.500000 -0.160999 24 -0.160999 0.420213 
0.412848 0.500000 -0.173757 259 -0.173757 0.412848 
0.416779 0.500000 -0.160265 135 -0.160265 0.416779 
0.433558 0.500000 -0.120530 23 -0.120530 0.433558 
0.420213 0.500000 -0.160999 24 -0.160999 0.420213


0.420850 0.500000 -0.153888 3 -0.153888 0.420850


-0.028544 0.500000 0.396780 100 0.396780 -0.028544 
-0.057304 0.500000 0.377893 260 0.377893 -0.057304 
-0.065208 0.500000 0.387395 137 0.387395 -0.065208 
-0.038002 0.500000 0.405240 99 0.405240 -0.038002 
-0.028544 0.500000 0.396780 100 0.396780 -0.028544


-0.047264 0.500000 0.391827 4 0.391827 -0.047264


-0.081658 0.500000 0.354372 136 0.354372 -0.081658 
-0.057304 0.500000 0.377893 260 0.377893 -0.057304 
-0.028544 0.500000 0.396780 100 0.396780 -0.028544 
-0.018569 0.500000 0.388936 101 0.388936 -0.018569 
-0.081658 0.500000 0.354372 136 0.354372 -0.081658


-0.046519 0.500000 0.379495 5 0.379495 -0.046519


-0.065208 0.500000 0.387395 137 0.387395 -0.065208 
-0.057304 0.500000 0.377893 260 0.377893 -0.057304 
-0.081658 0.500000 0.354372 136 0.354372 -0.081658 
-0.100228 0.500000 0.380460 128 0.380460 -0.100228 
-0.065208 0.500000 0.387395 137 0.387395 -0.065208


-0.076099 0.500000 0.375030 6 0.375030 -0.076099


-0.078265 0.500000 0.402729 139 0.402729 -0.078265 
-0.082563 0.500000 0.411004 261 0.411004 -0.082563 
-0.062901 0.500000 0.433969 96 0.433969 -0.062901 
-0.055215 0.500000 0.423872 97 0.423872 -0.055215 
-0.078265 0.500000 0.402729 139 0.402729 -0.078265


-0.069736 0.500000 0.417894 7 0.417894 -0.069736


-0.097391 0.500000 0.408958 138 0.408958 -0.097391 
-0.082563 0.500000 0.411004 261 0.411004 -0.082563 
-0.078265 0.500000 0.402729 139 0.402729 -0.078265 
-0.100228 0.500000 0.380460 128 0.380460 -0.100228 
-0.097391 0.500000 0.408958 138 0.408958 -0.097391


-0.089612 0.500000 0.400788 8 0.400788 -0.089612


-0.062901 0.500000 0.433969 96 0.433969 -0.062901 
-0.082563 0.500000 0.411004 261 0.411004 -0.082563 
-0.097391 0.500000 0.408958 138 0.408958 -0.097391 
-0.069931 0.500000 0.444533 95 0.444533 -0.069931 
-0.062901 0.500000 0.433969 96 0.433969 -0.062901


-0.078197 0.500000 0.424616 9 0.424616 -0.078197


0.014051 0.500000 0.369410 104 0.369410 0.014051 
-0.012558 0.500000 0.334799 262 0.334799 -0.012558 
-0.031588 0.500000 0.320219 141 0.320219 -0.031588 
0.002772 0.500000 0.375224 103 0.375224 0.002772 
0.014051 0.500000 0.369410 104 0.369410 0.014051


-0.006831 0.500000 0.349913 10 0.349913 -0.006831


-0.020136 0.500000 0.314768 140 0.314768 -0.020136 
-0.012558 0.500000 0.334799 262 0.334799 -0.012558 
0.014051 0.500000 0.369410 104 0.369410 0.014051 
0.025676 0.500000 0.364323 105 0.364323 0.025676 
-0.020136 0.500000 0.314768 140 0.314768 -0.020136


0.001759 0.500000 0.345825 11 0.345825 0.001759


-0.031588 0.500000 0.320219 141 0.320219 -0.031588 
-0.012558 0.500000 0.334799 262 0.334799 -0.012558 
-0.020136 0.500000 0.314768 140 0.314768 -0.020136 
-0.061707 0.500000 0.283998 124 0.283998 -0.061707 
-0.031588 0.500000 0.320219 141 0.320219 -0.031588


-0.031497 0.500000 0.313446 12 0.313446 -0.031497


0.094551 0.500000 0.203323 144 0.203323 0.094551 
0.102029 0.500000 0.252452 263 0.252452 0.102029 
0.137015 0.500000 0.280515 143 0.280515 0.137015 
0.174030 0.500000 0.211030 116 0.211030 0.174030 
0.094551 0.500000 0.203323 144 0.203323 0.094551


0.126906 0.500000 0.236830 13 0.236830 0.126906


0.074521 0.500000 0.273518 142 0.273518 0.074521 
0.102029 0.500000 0.252452 263 0.252452 0.102029 
0.094551 0.500000 0.203323 144 0.203323 0.094551 
0.022036 0.500000 0.183305 117 0.183305 0.022036 
0.074521 0.500000 0.273518 142 0.273518 0.074521


0.073284 0.500000 0.228150 14 0.228150 0.073284


0.137015 0.500000 0.280515 143 0.280515 0.137015 
0.102029 0.500000 0.252452 263 0.252452 0.102029 
0.074521 0.500000 0.273518 142 0.273518 0.074521 
0.100000 0.500000 0.350000 1 0.350000 0.100000 
0.137015 0.500000 0.280515 143 0.280515 0.137015


0.103391 0.500000 0.289121 15 0.289121 0.103391


-0.116087 0.500000 0.323397 146 0.323397 -0.116087 
-0.088572 0.500000 0.329065 264 0.329065 -0.088572 
-0.047303 0.500000 0.328807 145 0.328807 -0.047303 
-0.061707 0.500000 0.283998 124 0.283998 -0.061707 
-0.116087 0.500000 0.323397 146 0.323397 -0.116087


-0.078418 0.500000 0.316317 16 0.316317 -0.078418


-0.081658 0.500000 0.354372 136 0.354372 -0.081658 
-0.088572 0.500000 0.329065 264 0.329065 -0.088572 
-0.116087 0.500000 0.323397 146 0.323397 -0.116087 
-0.100228 0.500000 0.380460 128 0.380460 -0.100228 
-0.081658 0.500000 0.354372 136 0.354372 -0.081658


-0.096636 0.500000 0.346824 17 0.346824 -0.096636


-0.047303 0.500000 0.328807 145 0.328807 -0.047303 
-0.088572 0.500000 0.329065 264 0.329065 -0.088572 
-0.081658 0.500000 0.354372 136 0.354372 -0.081658 
-0.018569 0.500000 0.388936 101 0.388936 -0.018569 
-0.047303 0.500000 0.328807 145 0.328807 -0.047303


-0.059025 0.500000 0.350295 18 0.350295 -0.059025


0.038278 0.500000 0.292854 148 0.292854 0.038278 
0.030862 0.500000 0.317383 265 0.317383 0.030862 
0.037601 0.500000 0.359983 106 0.359983 0.037601 
0.049777 0.500000 0.356409 107 0.356409 0.049777 
0.038278 0.500000 0.292854 148 0.292854 0.038278


0.039130 0.500000 0.331657 19 0.331657 0.039130


0.016334 0.500000 0.284598 147 0.284598 0.016334 
0.030862 0.500000 0.317383 265 0.317383 0.030862 
0.038278 0.500000 0.292854 148 0.292854 0.038278 
0.022036 0.500000 0.183305 117 0.183305 0.022036 
0.016334 0.500000 0.284598 147 0.284598 0.016334


0.026878 0.500000 0.269535 20 0.269535 0.026878


0.037601 0.500000 0.359983 106 0.359983 0.037601 
0.030862 0.500000 0.317383 265 0.317383 0.030862 
0.016334 0.500000 0.284598 147 0.284598 0.016334 
0.025676 0.500000 0.364323 105 0.364323 0.025676 
0.037601 0.500000 0.359983 106 0.359983 0.037601


0.027618 0.500000 0.331572 21 0.331572 0.027618


0.053876 0.500000 0.287052 149 0.287052 0.053876 
0.051050 0.500000 0.309162 266 0.309162 0.051050 
0.062154 0.500000 0.353613 108 0.353613 0.062154 
0.074685 0.500000 0.351609 109 0.351609 0.074685 
0.053876 0.500000 0.287052 149 0.287052 0.053876


0.060441 0.500000 0.325359 22 0.325359 0.060441


0.038278 0.500000 0.292854 148 0.292854 0.038278 
0.051050 0.500000 0.309162 266 0.309162 0.051050 
0.053876 0.500000 0.287052 149 0.287052 0.053876 
0.022036 0.500000 0.183305 117 0.183305 0.022036 
0.038278 0.500000 0.292854 148 0.292854 0.038278


0.041310 0.500000 0.268093 23 0.268093 0.041310


0.062154 0.500000 0.353613 108 0.353613 0.062154 
0.051050 0.500000 0.309162 266 0.309162 0.051050 
0.038278 0.500000 0.292854 148 0.292854 0.038278 
0.049777 0.500000 0.356409 107 0.356409 0.049777 
0.062154 0.500000 0.353613 108 0.353613 0.062154


0.050315 0.500000 0.328009 24 0.328009 0.050315


-0.031588 0.500000 0.320219 141 0.320219 -0.031588 
-0.027321 0.500000 0.343012 267 0.343012 -0.027321 
-0.008116 0.500000 0.381741 102 0.381741 -0.008116 
0.002772 0.500000 0.375224 103 0.375224 0.002772 
-0.031588 0.500000 0.320219 141 0.320219 -0.031588


-0.016063 0.500000 0.355049 25 0.355049 -0.016063


-0.047303 0.500000 0.328807 145 0.328807 -0.047303 
-0.027321 0.500000 0.343012 267 0.343012 -0.027321 
-0.031588 0.500000 0.320219 141 0.320219 -0.031588 
-0.061707 0.500000 0.283998 124 0.283998 -0.061707 
-0.047303 0.500000 0.328807 145 0.328807 -0.047303


-0.041980 0.500000 0.319009 26 0.319009 -0.041980


-0.008116 0.500000 0.381741 102 0.381741 -0.008116 
-0.027321 0.500000 0.343012 267 0.343012 -0.027321 
-0.047303 0.500000 0.328807 145 0.328807 -0.047303 
-0.018569 0.500000 0.388936 101 0.388936 -0.018569 
-0.008116 0.500000 0.381741 102 0.381741 -0.008116


-0.025327 0.500000 0.360624 27 0.360624 -0.025327


0.153333 0.500000 0.281855 150 0.281855 0.153333 
0.135573 0.500000 0.304347 268 0.304347 0.135573 
0.116372 0.500000 0.350671 2 0.350671 0.116372 
0.132635 0.500000 0.352681 3 0.352681 0.132635 
0.153333 0.500000 0.281855 150 0.281855 0.153333


0.134478 0.500000 0.322389 28 0.322389 0.134478


0.137015 0.500000 0.280515 143 0.280515 0.137015 
0.135573 0.500000 0.304347 268 0.304347 0.135573 
0.153333 0.500000 0.281855 150 0.281855 0.153333 
0.174030 0.500000 0.211030 116 0.211030 0.174030 
0.137015 0.500000 0.280515 143 0.280515 0.137015


0.149988 0.500000 0.269437 29 0.269437 0.149988


0.116372 0.500000 0.350671 2 0.350671 0.116372 
0.135573 0.500000 0.304347 268 0.304347 0.135573 
0.137015 0.500000 0.280515 143 0.280515 0.137015 
0.100000 0.500000 0.350000 1 0.350000 0.100000 
0.116372 0.500000 0.350671 2 0.350671 0.116372


0.122240 0.500000 0.321383 30 0.321383 0.122240


0.291669 0.500000 0.025624 153 0.025624 0.291669 
0.343576 0.500000 0.033216 269 0.033216 0.343576 
0.370492 0.500000 0.006158 152 0.006158 0.370492 
0.293595 0.500000 -0.036083 118 -0.036083 0.293595 
0.291669 0.500000 0.025624 153 0.025624 0.291669


0.324833 0.500000 0.007229 31 0.007229 0.324833


0.368566 0.500000 0.067865 151 0.067865 0.368566 
0.343576 0.500000 0.033216 269 0.033216 0.343576 
0.291669 0.500000 0.025624 153 0.025624 0.291669 
0.289743 0.500000 0.087332 130 0.087332 0.289743 
0.368566 0.500000 0.067865 151 0.067865 0.368566


0.323388 0.500000 0.053509 32 0.053509 0.323388


0.370492 0.500000 0.006158 152 0.006158 0.370492 
0.343576 0.500000 0.033216 269 0.033216 0.343576 
0.368566 0.500000 0.067865 151 0.067865 0.368566 
0.447390 0.500000 0.048399 19 0.048399 0.447390 
0.370492 0.500000 0.006158 152 0.006158 0.370492


0.382506 0.500000 0.038910 33 0.038910 0.382506


0.318444 0.500000 0.246174 155 0.246174 0.318444 
0.310007 0.500000 0.278807 270 0.278807 0.310007 
0.322788 0.500000 0.313541 12 0.313541 0.322788 
0.350998 0.500000 0.281603 13 0.281603 0.350998 
0.318444 0.500000 0.246174 155 0.246174 0.318444


0.325559 0.500000 0.280031 34 0.280031 0.325559


0.288787 0.500000 0.276706 154 0.276706 0.288787 
0.310007 0.500000 0.278807 270 0.278807 0.310007 
0.318444 0.500000 0.246174 155 0.246174 0.318444 
0.285891 0.500000 0.210746 125 0.210746 0.285891 
0.288787 0.500000 0.276706 154 0.276706 0.288787


0.300782 0.500000 0.253108 35 0.253108 0.300782


0.322788 0.500000 0.313541 12 0.313541 0.322788 
0.310007 0.500000 0.278807 270 0.278807 0.310007 
0.288787 0.500000 0.276706 154 0.276706 0.288787 
0.291684 0.500000 0.342667 11 0.342667 0.291684 
0.322788 0.500000 0.313541 12 0.313541 0.322788


0.303317 0.500000 0.302930 36 0.302930 0.303317


0.208544 0.500000 0.382018 8 0.382018 0.208544 
0.236522 0.500000 0.369640 271 0.369640 0.236522 
0.243056 0.500000 0.358181 156 0.358181 0.243056 
0.194429 0.500000 0.373696 7 0.373696 0.194429 
0.208544 0.500000 0.382018 8 0.382018 0.208544


0.220638 0.500000 0.370883 37 0.370883 0.220638


0.257964 0.500000 0.368720 10 0.368720 0.257964 
0.236522 0.500000 0.369640 271 0.369640 0.236522 
0.208544 0.500000 0.382018 8 0.382018 0.208544 
0.221931 0.500000 0.391467 9 0.391467 0.221931 
0.257964 0.500000 0.368720 10 0.368720 0.257964


0.231241 0.500000 0.377961 38 0.377961 0.231241


0.243056 0.500000 0.358181 156 0.358181 0.243056 
0.236522 0.500000 0.369640 271 0.369640 0.236522 
0.257964 0.500000 0.368720 10 0.368720 0.257964 
0.291684 0.500000 0.342667 11 0.342667 0.291684 
0.243056 0.500000 0.358181 156 0.358181 0.243056


0.257307 0.500000 0.359802 39 0.359802 0.257307


0.103649 0.500000 -0.009412 159 -0.009412 0.103649 
0.079415 0.500000 0.013955 272 0.013955 0.079415 
0.092290 0.500000 0.054527 158 0.054527 0.092290 
0.153632 0.500000 0.048365 111 0.048365 0.153632 
0.103649 0.500000 -0.009412 159 -0.009412 0.103649


0.107246 0.500000 0.026859 40 0.026859 0.107246


0.042307 0.500000 -0.003249 157 -0.003249 0.042307 
0.079415 0.500000 0.013955 272 0.013955 0.079415 
0.103649 0.500000 -0.009412 159 -0.009412 0.103649 
0.053666 0.500000 -0.067188 126 -0.067188 0.053666 
0.042307 0.500000 -0.003249 157 -0.003249 0.042307


0.069759 0.500000 -0.016473 41 -0.016473 0.069759


0.092290 0.500000 0.054527 158 0.054527 0.092290 
0.079415 0.500000 0.013955 272 0.013955 0.079415 
0.042307 0.500000 -0.003249 157 -0.003249 0.042307 
0.036360 0.500000 0.065460 131 0.065460 0.036360 
0.092290 0.500000 0.054527 158 0.054527 0.092290


0.062593 0.500000 0.032673 42 0.032673 0.062593


0.376061 0.500000 0.247140 14 0.247140 0.376061 
0.345442 0.500000 0.234640 273 0.234640 0.345442 
0.318444 0.500000 0.246174 155 0.246174 0.318444 
0.350998 0.500000 0.281603 13 0.281603 0.350998 
0.376061 0.500000 0.247140 14 0.247140 0.376061


0.347736 0.500000 0.252389 43 0.252389 0.347736


0.341821 0.500000 0.210604 160 0.210604 0.341821 
0.345442 0.500000 0.234640 273 0.234640 0.345442 
0.376061 0.500000 0.247140 14 0.247140 0.376061 
0.397751 0.500000 0.210462 15 0.210462 0.397751 
0.341821 0.500000 0.210604 160 0.210604 0.341821


0.365269 0.500000 0.225711 44 0.225711 0.365269


0.318444 0.500000 0.246174 155 0.246174 0.318444 
0.345442 0.500000 0.234640 273 0.234640 0.345442 
0.341821 0.500000 0.210604 160 0.210604 0.341821 
0.285891 0.500000 0.210746 125 0.210746 0.285891 
0.318444 0.500000 0.246174 155 0.246174 0.318444


0.322899 0.500000 0.225541 45 0.225541 0.322899


0.246740 0.500000 -0.170006 162 -0.170006 0.246740 
0.271920 0.500000 -0.184890 274 -0.184890 0.271920 
0.304867 0.500000 -0.224075 32 -0.224075 0.304867 
0.287921 0.500000 -0.234355 33 -0.234355 0.287921 
0.246740 0.500000 -0.170006 162 -0.170006 0.246740


0.277862 0.500000 -0.203331 46 -0.203331 0.277862


0.264153 0.500000 -0.160590 161 -0.160590 0.264153 
0.271920 0.500000 -0.184890 274 -0.184890 0.271920 
0.246740 0.500000 -0.170006 162 -0.170006 0.246740 
0.205559 0.500000 -0.105657 120 -0.105657 0.205559 
0.264153 0.500000 -0.160590 161 -0.160590 0.264153


0.247093 0.500000 -0.155286 47 -0.155286 0.247093


0.304867 0.500000 -0.224075 32 -0.224075 0.304867 
0.271920 0.500000 -0.184890 274 -0.184890 0.271920 
0.264153 0.500000 -0.160590 161 -0.160590 0.264153 
0.322748 0.500000 -0.215522 31 -0.215522 0.322748 
0.304867 0.500000 -0.224075 32 -0.224075 0.304867


0.290922 0.500000 -0.196269 48 -0.196269 0.290922


0.327098 0.500000 -0.120001 164 -0.120001 0.327098 
0.351366 0.500000 -0.146341 275 -0.146341 0.351366 
0.380204 0.500000 -0.200982 28 -0.200982 0.380204 
0.360602 0.500000 -0.203919 29 -0.203919 0.360602 
0.327098 0.500000 -0.120001 164 -0.120001 0.327098


0.354818 0.500000 -0.167811 49 -0.167811 0.354818


0.346797 0.500000 -0.118041 163 -0.118041 0.346797 
0.351366 0.500000 -0.146341 275 -0.146341 0.351366 
0.327098 0.500000 -0.120001 164 -0.120001 0.327098 
0.293595 0.500000 -0.036083 118 -0.036083 0.293595 
0.346797 0.500000 -0.118041 163 -0.118041 0.346797


0.329714 0.500000 -0.105117 50 -0.105117 0.329714


0.380204 0.500000 -0.200982 28 -0.200982 0.380204 
0.351366 0.500000 -0.146341 275 -0.146341 0.351366 
0.346797 0.500000 -0.118041 163 -0.118041 0.346797 
0.400000 0.500000 -0.200000 27 -0.200000 0.400000 
0.380204 0.500000 -0.200982 28 -0.200982 0.380204


0.369592 0.500000 -0.166341 51 -0.166341 0.369592


0.308171 0.500000 -0.125802 166 -0.125802 0.308171 
0.273967 0.500000 -0.119087 276 -0.119087 0.273967 
0.249577 0.500000 -0.070870 165 -0.070870 0.249577 
0.293595 0.500000 -0.036083 118 -0.036083 0.293595 
0.308171 0.500000 -0.125802 166 -0.125802 0.308171


0.281328 0.500000 -0.087961 52 -0.087961 0.281328


0.264153 0.500000 -0.160590 161 -0.160590 0.264153 
0.273967 0.500000 -0.119087 276 -0.119087 0.273967 
0.308171 0.500000 -0.125802 166 -0.125802 0.308171 
0.322748 0.500000 -0.215522 31 -0.215522 0.322748 
0.264153 0.500000 -0.160590 161 -0.160590 0.264153


0.292260 0.500000 -0.155250 53 -0.155250 0.292260


0.249577 0.500000 -0.070870 165 -0.070870 0.249577 
0.273967 0.500000 -0.119087 276 -0.119087 0.273967 
0.264153 0.500000 -0.160590 161 -0.160590 0.264153 
0.205559 0.500000 -0.105657 120 -0.105657 0.205559 
0.249577 0.500000 -0.070870 165 -0.070870 0.249577


0.248314 0.500000 -0.114051 54 -0.114051 0.248314


0.272076 0.500000 -0.246262 34 -0.246262 0.272076 
0.250113 0.500000 -0.199646 277 -0.199646 0.250113 
0.246740 0.500000 -0.170006 162 -0.170006 0.246740 
0.287921 0.500000 -0.234355 33 -0.234355 0.287921 
0.272076 0.500000 -0.246262 34 -0.246262 0.272076


0.264212 0.500000 -0.212567 55 -0.212567 0.264212


0.231523 0.500000 -0.182668 167 -0.182668 0.231523 
0.250113 0.500000 -0.199646 277 -0.199646 0.250113 
0.272076 0.500000 -0.246262 34 -0.246262 0.272076 
0.257487 0.500000 -0.259679 35 -0.259679 0.257487 
0.231523 0.500000 -0.182668 167 -0.182668 0.231523


0.252799 0.500000 -0.222064 56 -0.222064 0.252799


0.246740 0.500000 -0.170006 162 -0.170006 0.246740 
0.250113 0.500000 -0.199646 277 -0.199646 0.250113 
0.231523 0.500000 -0.182668 167 -0.182668 0.231523 
0.205559 0.500000 -0.105657 120 -0.105657 0.205559 
0.246740 0.500000 -0.170006 162 -0.170006 0.246740


0.233484 0.500000 -0.164494 57 -0.164494 0.233484


-0.145693 0.500000 -0.425762 52 -0.425762 -0.145693 
-0.114602 0.500000 -0.388339 278 -0.388339 -0.114602 
-0.085029 0.500000 -0.374427 169 -0.374427 -0.085029 
-0.117322 0.500000 -0.434437 51 -0.434437 -0.117322 
-0.145693 0.500000 -0.425762 52 -0.425762 -0.145693


-0.115662 0.500000 -0.405741 58 -0.405741 -0.115662


-0.113084 0.500000 -0.364827 168 -0.364827 -0.113084 
-0.114602 0.500000 -0.388339 278 -0.388339 -0.114602 
-0.145693 0.500000 -0.425762 52 -0.425762 -0.145693 
-0.173432 0.500000 -0.415237 53 -0.415237 -0.173432 
-0.113084 0.500000 -0.364827 168 -0.364827 -0.113084


-0.136703 0.500000 -0.398541 59 -0.398541 -0.136703


-0.085029 0.500000 -0.374427 169 -0.374427 -0.085029 
-0.114602 0.500000 -0.388339 278 -0.388339 -0.114602 
-0.113084 0.500000 -0.364827 168 -0.364827 -0.113084 
-0.052737 0.500000 -0.314417 122 -0.314417 -0.052737 
-0.085029 0.500000 -0.374427 169 -0.374427 -0.085029


-0.091363 0.500000 -0.360502 60 -0.360502 -0.091363


0.011280 0.500000 -0.326724 172 -0.326724 0.011280 
0.007520 0.500000 -0.367816 279 -0.367816 0.007520 
-0.026368 0.500000 -0.382208 171 -0.382208 -0.026368 
-0.052737 0.500000 -0.314417 122 -0.314417 -0.052737 
0.011280 0.500000 -0.326724 172 -0.326724 0.011280


-0.015076 0.500000 -0.347791 61 -0.347791 -0.015076


0.037649 0.500000 -0.394516 170 -0.394516 0.037649 
0.007520 0.500000 -0.367816 279 -0.367816 0.007520 
0.011280 0.500000 -0.326724 172 -0.326724 0.011280 
0.075297 0.500000 -0.339032 127 -0.339032 0.075297 
0.037649 0.500000 -0.394516 170 -0.394516 0.037649


0.032937 0.500000 -0.357022 62 -0.357022 0.032937


-0.026368 0.500000 -0.382208 171 -0.382208 -0.026368 
0.007520 0.500000 -0.367816 279 -0.367816 0.007520 
0.037649 0.500000 -0.394516 170 -0.394516 0.037649 
0.000000 0.500000 -0.450000 47 -0.450000 0.000000 
-0.026368 0.500000 -0.382208 171 -0.382208 -0.026368


0.004700 0.500000 -0.398635 63 -0.398635 0.004700


0.029647 0.500000 -0.201976 175 -0.201976 0.029647 
0.002186 0.500000 -0.239456 280 -0.239456 0.002186 
-0.049518 0.500000 -0.248579 174 -0.248579 -0.049518 
-0.046299 0.500000 -0.182741 112 -0.182741 -0.046299 
0.029647 0.500000 -0.201976 175 -0.201976 0.029647


-0.015996 0.500000 -0.218188 64 -0.218188 -0.015996


0.026428 0.500000 -0.267813 173 -0.267813 0.026428 
0.002186 0.500000 -0.239456 280 -0.239456 0.002186 
0.029647 0.500000 -0.201976 175 -0.201976 0.029647 
0.105594 0.500000 -0.221210 123 -0.221210 0.105594 
0.026428 0.500000 -0.267813 173 -0.267813 0.026428


0.040964 0.500000 -0.232614 65 -0.232614 0.040964


-0.049518 0.500000 -0.248579 174 -0.248579 -0.049518 
0.002186 0.500000 -0.239456 280 -0.239456 0.002186 
0.026428 0.500000 -0.267813 173 -0.267813 0.026428 
-0.052737 0.500000 -0.314417 122 -0.314417 -0.052737 
-0.049518 0.500000 -0.248579 174 -0.248579 -0.049518


-0.018410 0.500000 -0.267566 66 -0.267566 -0.018410


0.089011 0.500000 -0.388575 177 -0.388575 0.089011 
0.126352 0.500000 -0.394352 281 -0.394352 0.126352 
0.152383 0.500000 -0.423414 44 -0.423414 0.152383 
0.102724 0.500000 -0.438118 45 -0.438118 0.102724 
0.089011 0.500000 -0.388575 177 -0.388575 0.089011


0.117618 0.500000 -0.411115 67 -0.411115 0.117618


0.137661 0.500000 -0.371066 176 -0.371066 0.137661 
0.126352 0.500000 -0.394352 281 -0.394352 0.126352 
0.089011 0.500000 -0.388575 177 -0.388575 0.089011 
0.075297 0.500000 -0.339032 127 -0.339032 0.075297 
0.137661 0.500000 -0.371066 176 -0.371066 0.137661


0.107080 0.500000 -0.373256 68 -0.373256 0.107080


0.152383 0.500000 -0.423414 44 -0.423414 0.152383 
0.126352 0.500000 -0.394352 281 -0.394352 0.126352 
0.137661 0.500000 -0.371066 176 -0.371066 0.137661 
0.200024 0.500000 -0.403101 43 -0.403101 0.200024 
0.152383 0.500000 -0.423414 44 -0.423414 0.152383


0.154105 0.500000 -0.397983 69 -0.397983 0.154105


0.144822 0.500000 -0.332324 180 -0.332324 0.144822 
0.131746 0.500000 -0.295286 282 -0.295286 0.131746 
0.159970 0.500000 -0.273414 179 -0.273414 0.159970 
0.214347 0.500000 -0.325617 39 -0.325617 0.214347 
0.144822 0.500000 -0.332324 180 -0.332324 0.144822


0.162721 0.500000 -0.306660 70 -0.306660 0.162721


0.090446 0.500000 -0.280121 178 -0.280121 0.090446 
0.131746 0.500000 -0.295286 282 -0.295286 0.131746 
0.144822 0.500000 -0.332324 180 -0.332324 0.144822 
0.075297 0.500000 -0.339032 127 -0.339032 0.075297 
0.090446 0.500000 -0.280121 178 -0.280121 0.090446


0.110578 0.500000 -0.311691 71 -0.311691 0.110578


0.159970 0.500000 -0.273414 179 -0.273414 0.159970 
0.131746 0.500000 -0.295286 282 -0.295286 0.131746 
0.090446 0.500000 -0.280121 178 -0.280121 0.090446 
0.105594 0.500000 -0.221210 123 -0.221210 0.105594 
0.159970 0.500000 -0.273414 179 -0.273414 0.159970


0.121939 0.500000 -0.267508 72 -0.267508 0.121939


-0.427393 0.500000 0.058011 78 0.058011 -0.427393 
-0.428297 0.500000 0.084736 283 0.084736 -0.428297 
-0.419837 0.500000 0.091546 181 0.091546 -0.419837 
-0.411589 0.500000 0.044369 77 0.044369 -0.411589 
-0.427393 0.500000 0.058011 78 0.058011 -0.427393


-0.421779 0.500000 0.069665 73 0.069665 -0.421779


-0.437662 0.500000 0.104651 80 0.104651 -0.437662 
-0.428297 0.500000 0.084736 283 0.084736 -0.428297 
-0.427393 0.500000 0.058011 78 0.058011 -0.427393 
-0.444533 0.500000 0.069931 79 0.069931 -0.444533 
-0.437662 0.500000 0.104651 80 0.104651 -0.437662


-0.434471 0.500000 0.079332 74 0.079332 -0.434471


-0.419837 0.500000 0.091546 181 0.091546 -0.419837 
-0.428297 0.500000 0.084736 283 0.084736 -0.428297 
-0.437662 0.500000 0.104651 80 0.104651 -0.437662 
-0.428084 0.500000 0.138723 81 0.138723 -0.428084 
-0.419837 0.500000 0.091546 181 0.091546 -0.419837


-0.428470 0.500000 0.104914 75 0.104914 -0.428470


-0.415858 0.500000 0.171936 82 0.171936 -0.415858 
-0.371670 0.500000 0.149526 284 0.149526 -0.371670 
-0.356332 0.500000 0.121980 183 0.121980 -0.356332 
-0.428084 0.500000 0.138723 81 0.138723 -0.428084 
-0.415858 0.500000 0.171936 82 0.171936 -0.415858


-0.392986 0.500000 0.145541 76 0.145541 -0.392986


-0.342820 0.500000 0.154662 182 0.154662 -0.342820 
-0.371670 0.500000 0.149526 284 0.149526 -0.371670 
-0.415858 0.500000 0.171936 82 0.171936 -0.415858 
-0.401060 0.500000 0.204086 83 0.204086 -0.401060 
-0.342820 0.500000 0.154662 182 0.154662 -0.342820


-0.382852 0.500000 0.170053 77 0.170053 -0.382852


-0.356332 0.500000 0.121980 183 0.121980 -0.356332 
-0.371670 0.500000 0.149526 284 0.149526 -0.371670 
-0.342820 0.500000 0.154662 182 0.154662 -0.342820 
-0.299502 0.500000 0.114238 121 0.114238 -0.299502 
-0.356332 0.500000 0.121980 183 0.121980 -0.356332


-0.342581 0.500000 0.135101 78 0.135101 -0.342581


-0.243880 0.500000 0.088265 186 0.088265 -0.243880 
-0.278899 0.500000 0.044433 285 0.044433 -0.278899 
-0.324751 0.500000 0.040519 185 0.040519 -0.324751 
-0.299502 0.500000 0.114238 121 0.114238 -0.299502 
-0.243880 0.500000 0.088265 186 0.088265 -0.243880


-0.286758 0.500000 0.071864 79 0.071864 -0.286758


-0.270214 0.500000 0.016771 184 0.016771 -0.270214 
-0.278899 0.500000 0.044433 285 0.044433 -0.278899 
-0.243880 0.500000 0.088265 186 0.088265 -0.243880 
-0.165989 0.500000 0.069981 134 0.069981 -0.165989 
-0.270214 0.500000 0.016771 184 0.016771 -0.270214


-0.239746 0.500000 0.054862 80 0.054862 -0.239746


-0.324751 0.500000 0.040519 185 0.040519 -0.324751 
-0.278899 0.500000 0.044433 285 0.044433 -0.278899 
-0.270214 0.500000 0.016771 184 0.016771 -0.270214 
-0.364921 0.500000 -0.024198 73 -0.024198 -0.364921 
-0.324751 0.500000 0.040519 185 0.040519 -0.324751


-0.309696 0.500000 0.019381 81 0.019381 -0.309696


-0.358028 0.500000 -0.043905 72 -0.043905 -0.358028 
-0.314370 0.500000 -0.048392 286 -0.048392 -0.314370 
-0.289618 0.500000 -0.060642 188 -0.060642 -0.289618 
-0.353226 0.500000 -0.064223 71 -0.064223 -0.353226 
-0.358028 0.500000 -0.043905 72 -0.043905 -0.358028


-0.328811 0.500000 -0.054290 82 -0.054290 -0.328811


-0.295466 0.500000 -0.040629 187 -0.040629 -0.295466 
-0.314370 0.500000 -0.048392 286 -0.048392 -0.314370 
-0.358028 0.500000 -0.043905 72 -0.043905 -0.358028 
-0.364921 0.500000 -0.024198 73 -0.024198 -0.364921 
-0.295466 0.500000 -0.040629 187 -0.040629 -0.295466


-0.333196 0.500000 -0.039281 83 -0.039281 -0.333196


-0.289618 0.500000 -0.060642 188 -0.060642 -0.289618 
-0.314370 0.500000 -0.048392 286 -0.048392 -0.314370 
-0.295466 0.500000 -0.040629 187 -0.040629 -0.295466 
-0.248151 0.500000 -0.068551 129 -0.068551 -0.248151 
-0.289618 0.500000 -0.060642 188 -0.060642 -0.289618


-0.286901 0.500000 -0.054554 84 -0.054554 -0.286901


-0.286110 0.500000 -0.206760 190 -0.206760 -0.286110 
-0.320920 0.500000 -0.212007 287 -0.212007 -0.320920 
-0.379620 0.500000 -0.204741 64 -0.204741 -0.379620 
-0.369629 0.500000 -0.186409 65 -0.186409 -0.369629 
-0.286110 0.500000 -0.206760 190 -0.206760 -0.286110


-0.339070 0.500000 -0.202479 85 -0.202479 -0.339070


-0.297029 0.500000 -0.224522 189 -0.224522 -0.297029 
-0.320920 0.500000 -0.212007 287 -0.212007 -0.320920 
-0.286110 0.500000 -0.206760 190 -0.206760 -0.286110 
-0.202591 0.500000 -0.227112 119 -0.227112 -0.202591 
-0.297029 0.500000 -0.224522 189 -0.224522 -0.297029


-0.276663 0.500000 -0.217600 86 -0.217600 -0.276663


-0.379620 0.500000 -0.204741 64 -0.204741 -0.379620 
-0.320920 0.500000 -0.212007 287 -0.212007 -0.320920 
-0.297029 0.500000 -0.224522 189 -0.224522 -0.297029 
-0.391467 0.500000 -0.221931 63 -0.221931 -0.391467 
-0.379620 0.500000 -0.204741 64 -0.204741 -0.379620


-0.347259 0.500000 -0.215800 87 -0.215800 -0.347259


-0.351778 0.500000 -0.126611 68 -0.126611 -0.351778 
-0.302409 0.500000 -0.160063 288 -0.160063 -0.302409 
-0.279112 0.500000 -0.187121 192 -0.187121 -0.279112 
-0.355632 0.500000 -0.147130 67 -0.147130 -0.355632 
-0.351778 0.500000 -0.126611 68 -0.126611 -0.351778


-0.322233 0.500000 -0.155231 88 -0.155231 -0.322233


-0.276338 0.500000 -0.166457 191 -0.166457 -0.276338 
-0.302409 0.500000 -0.160063 288 -0.160063 -0.302409 
-0.351778 0.500000 -0.126611 68 -0.126611 -0.351778 
-0.350084 0.500000 -0.105803 69 -0.105803 -0.350084 
-0.276338 0.500000 -0.166457 191 -0.166457 -0.276338


-0.320152 0.500000 -0.139733 89 -0.139733 -0.320152


-0.279112 0.500000 -0.187121 192 -0.187121 -0.279112 
-0.302409 0.500000 -0.160063 288 -0.160063 -0.302409 
-0.276338 0.500000 -0.166457 191 -0.166457 -0.276338 
-0.202591 0.500000 -0.227112 119 -0.227112 -0.202591 
-0.279112 0.500000 -0.187121 192 -0.187121 -0.279112


-0.265113 0.500000 -0.185188 90 -0.185188 -0.265113


-0.361604 0.500000 -0.167135 66 -0.167135 -0.361604 
-0.308942 0.500000 -0.187005 289 -0.187005 -0.308942 
-0.286110 0.500000 -0.206760 190 -0.206760 -0.286110 
-0.369629 0.500000 -0.186409 65 -0.186409 -0.369629 
-0.361604 0.500000 -0.167135 66 -0.167135 -0.361604


-0.331572 0.500000 -0.186827 91 -0.186827 -0.331572


-0.279112 0.500000 -0.187121 192 -0.187121 -0.279112 
-0.308942 0.500000 -0.187005 289 -0.187005 -0.308942 
-0.361604 0.500000 -0.167135 66 -0.167135 -0.361604 
-0.355632 0.500000 -0.147130 67 -0.147130 -0.355632 
-0.279112 0.500000 -0.187121 192 -0.187121 -0.279112


-0.326323 0.500000 -0.172098 92 -0.172098 -0.326323


-0.286110 0.500000 -0.206760 190 -0.206760 -0.286110 
-0.308942 0.500000 -0.187005 289 -0.187005 -0.308942 
-0.279112 0.500000 -0.187121 192 -0.187121 -0.279112 
-0.202591 0.500000 -0.227112 119 -0.227112 -0.202591 
-0.286110 0.500000 -0.206760 190 -0.206760 -0.286110


-0.269189 0.500000 -0.201999 93 -0.201999 -0.269189


-0.237792 0.500000 0.182170 195 0.182170 -0.237792 
-0.284601 0.500000 0.205661 290 0.205661 -0.284601 
-0.291090 0.500000 0.264181 194 0.264181 -0.291090 
-0.219336 0.500000 0.277811 114 0.277811 -0.219336 
-0.237792 0.500000 0.182170 195 0.182170 -0.237792


-0.258205 0.500000 0.232456 94 0.232456 -0.258205


-0.324354 0.500000 0.184823 193 0.184823 -0.324354 
-0.284601 0.500000 0.205661 290 0.205661 -0.284601 
-0.237792 0.500000 0.182170 195 0.182170 -0.237792 
-0.299502 0.500000 0.114238 121 0.114238 -0.299502 
-0.324354 0.500000 0.184823 193 0.184823 -0.324354


-0.286562 0.500000 0.171723 95 0.171723 -0.286562


-0.291090 0.500000 0.264181 194 0.264181 -0.291090 
-0.284601 0.500000 0.205661 290 0.205661 -0.284601 
-0.324354 0.500000 0.184823 193 0.184823 -0.324354 
-0.364127 0.500000 0.264408 85 0.264408 -0.364127 
-0.291090 0.500000 0.264181 194 0.264181 -0.291090


-0.316043 0.500000 0.229768 96 0.229768 -0.316043


-0.052035 0.500000 -0.072469 196 -0.072469 -0.052035 
-0.102230 0.500000 -0.004017 115 -0.004017 -0.102230 
-0.016610 0.500000 -0.025504 198 -0.025504 -0.016610 
0.053666 0.500000 -0.067188 126 -0.067188 0.053666 
-0.052035 0.500000 -0.072469 196 -0.072469 -0.052035


-0.029302 0.500000 -0.042294 98 -0.042294 -0.029302


-0.261329 0.500000 -0.271715 200 -0.271715 -0.261329 
-0.266333 0.500000 -0.299940 292 -0.299940 -0.266333 
-0.298529 0.500000 -0.336720 58 -0.336720 -0.298529 
-0.320067 0.500000 -0.316318 59 -0.316318 -0.320067 
-0.261329 0.500000 -0.271715 200 -0.271715 -0.261329


-0.286565 0.500000 -0.306173 100 -0.306173 -0.286565


-0.239142 0.500000 -0.291386 199 -0.291386 -0.239142 
-0.266333 0.500000 -0.299940 292 -0.299940 -0.266333 
-0.261329 0.500000 -0.271715 200 -0.271715 -0.261329 
-0.202591 0.500000 -0.227112 119 -0.227112 -0.202591 
-0.239142 0.500000 -0.291386 199 -0.291386 -0.239142


-0.242349 0.500000 -0.272538 101 -0.272538 -0.242349


-0.298529 0.500000 -0.336720 58 -0.336720 -0.298529 
-0.266333 0.500000 -0.299940 292 -0.299940 -0.266333 
-0.239142 0.500000 -0.291386 199 -0.291386 -0.239142 
-0.275692 0.500000 -0.355660 57 -0.355660 -0.275692 
-0.298529 0.500000 -0.336720 58 -0.336720 -0.298529


-0.269924 0.500000 -0.320926 102 -0.320926 -0.269924


-0.049518 0.500000 -0.248579 174 -0.248579 -0.049518 
-0.100542 0.500000 -0.241423 293 -0.241423 -0.100542 
-0.124445 0.500000 -0.204926 202 -0.204926 -0.124445 
-0.046299 0.500000 -0.182741 112 -0.182741 -0.046299 
-0.049518 0.500000 -0.248579 174 -0.248579 -0.049518


-0.080201 0.500000 -0.219417 103 -0.219417 -0.080201


-0.127664 0.500000 -0.270764 201 -0.270764 -0.127664 
-0.100542 0.500000 -0.241423 293 -0.241423 -0.100542 
-0.049518 0.500000 -0.248579 174 -0.248579 -0.049518 
-0.052737 0.500000 -0.314417 122 -0.314417 -0.052737 
-0.127664 0.500000 -0.270764 201 -0.270764 -0.127664


-0.082615 0.500000 -0.268796 104 -0.268796 -0.082615


-0.124445 0.500000 -0.204926 202 -0.204926 -0.124445 
-0.100542 0.500000 -0.241423 293 -0.241423 -0.100542 
-0.127664 0.500000 -0.270764 201 -0.270764 -0.127664 
-0.202591 0.500000 -0.227112 119 -0.227112 -0.202591 
-0.124445 0.500000 -0.204926 202 -0.204926 -0.124445


-0.138811 0.500000 -0.236056 105 -0.236056 -0.138811


-0.188011 0.500000 -0.321174 203 -0.321174 -0.188011 
-0.142920 0.500000 -0.318922 294 -0.318922 -0.142920 
-0.113084 0.500000 -0.364827 168 -0.364827 -0.113084 
-0.173432 0.500000 -0.415237 53 -0.415237 -0.173432 
-0.188011 0.500000 -0.321174 203 -0.321174 -0.188011


-0.154362 0.500000 -0.355040 106 -0.355040 -0.154362


-0.127664 0.500000 -0.270764 201 -0.270764 -0.127664 
-0.142920 0.500000 -0.318922 294 -0.318922 -0.142920 
-0.188011 0.500000 -0.321174 203 -0.321174 -0.188011 
-0.202591 0.500000 -0.227112 119 -0.227112 -0.202591 
-0.127664 0.500000 -0.270764 201 -0.270764 -0.127664


-0.165297 0.500000 -0.284493 107 -0.284493 -0.165297


-0.113084 0.500000 -0.364827 168 -0.364827 -0.113084 
-0.142920 0.500000 -0.318922 294 -0.318922 -0.142920 
-0.127664 0.500000 -0.270764 201 -0.270764 -0.127664 
-0.052737 0.500000 -0.314417 122 -0.314417 -0.052737 
-0.113084 0.500000 -0.364827 168 -0.364827 -0.113084


-0.109101 0.500000 -0.317232 108 -0.317232 -0.109101


0.051705 0.500000 -0.447020 46 -0.447020 0.051705 
0.059455 0.500000 -0.410037 295 -0.410037 0.059455 
0.089011 0.500000 -0.388575 177 -0.388575 0.089011 
0.102724 0.500000 -0.438118 45 -0.438118 0.102724 
0.051705 0.500000 -0.447020 46 -0.447020 0.051705


0.075724 0.500000 -0.420938 109 -0.420938 0.075724


0.037649 0.500000 -0.394516 170 -0.394516 0.037649 
0.059455 0.500000 -0.410037 295 -0.410037 0.059455 
0.051705 0.500000 -0.447020 46 -0.447020 0.051705 
0.000000 0.500000 -0.450000 47 -0.450000 0.000000 
0.037649 0.500000 -0.394516 170 -0.394516 0.037649


0.037202 0.500000 -0.425393 110 -0.425393 0.037202


0.089011 0.500000 -0.388575 177 -0.388575 0.089011 
0.059455 0.500000 -0.410037 295 -0.410037 0.059455 
0.037649 0.500000 -0.394516 170 -0.394516 0.037649 
0.075297 0.500000 -0.339032 127 -0.339032 0.075297 
0.089011 0.500000 -0.388575 177 -0.388575 0.089011


0.065353 0.500000 -0.383040 111 -0.383040 0.065353


-0.214560 0.500000 -0.307968 204 -0.307968 -0.214560 
-0.200996 0.500000 -0.344016 296 -0.344016 -0.200996 
-0.200416 0.500000 -0.402906 54 -0.402906 -0.200416 
-0.226529 0.500000 -0.388825 55 -0.388825 -0.226529 
-0.214560 0.500000 -0.307968 204 -0.307968 -0.214560


-0.210625 0.500000 -0.360929 112 -0.360929 -0.210625


-0.188011 0.500000 -0.321174 203 -0.321174 -0.188011 
-0.200996 0.500000 -0.344016 296 -0.344016 -0.200996 
-0.214560 0.500000 -0.307968 204 -0.307968 -0.214560 
-0.202591 0.500000 -0.227112 119 -0.227112 -0.202591 
-0.188011 0.500000 -0.321174 203 -0.321174 -0.188011


-0.201540 0.500000 -0.300067 113 -0.300067 -0.201540


-0.200416 0.500000 -0.402906 54 -0.402906 -0.200416 
-0.200996 0.500000 -0.344016 296 -0.344016 -0.200996 
-0.188011 0.500000 -0.321174 203 -0.321174 -0.188011 
-0.173432 0.500000 -0.415237 53 -0.415237 -0.173432 
-0.200416 0.500000 -0.402906 54 -0.402906 -0.200416


-0.190714 0.500000 -0.370833 114 -0.370833 -0.190714


0.026428 0.500000 -0.267813 173 -0.267813 0.026428 
0.042718 0.500000 -0.291553 297 -0.291553 0.042718 
0.011280 0.500000 -0.326724 172 -0.326724 0.011280 
-0.052737 0.500000 -0.314417 122 -0.314417 -0.052737 
0.026428 0.500000 -0.267813 173 -0.267813 0.026428


0.006923 0.500000 -0.300127 115 -0.300127 0.006923


0.090446 0.500000 -0.280121 178 -0.280121 0.090446 
0.042718 0.500000 -0.291553 297 -0.291553 0.042718 
0.026428 0.500000 -0.267813 173 -0.267813 0.026428 
0.105594 0.500000 -0.221210 123 -0.221210 0.105594 
0.090446 0.500000 -0.280121 178 -0.280121 0.090446


0.066297 0.500000 -0.265174 116 -0.265174 0.066297


0.011280 0.500000 -0.326724 172 -0.326724 0.011280 
0.042718 0.500000 -0.291553 297 -0.291553 0.042718 
0.090446 0.500000 -0.280121 178 -0.280121 0.090446 
0.075297 0.500000 -0.339032 127 -0.339032 0.075297 
0.011280 0.500000 -0.326724 172 -0.326724 0.011280


0.054935 0.500000 -0.309357 117 -0.309357 0.054935


-0.239142 0.500000 -0.291386 199 -0.291386 -0.239142 
-0.235120 0.500000 -0.324136 298 -0.324136 -0.235120 
-0.251658 0.500000 -0.373053 56 -0.373053 -0.251658 
-0.275692 0.500000 -0.355660 57 -0.355660 -0.275692 
-0.239142 0.500000 -0.291386 199 -0.291386 -0.239142


-0.250403 0.500000 -0.336058 118 -0.336058 -0.250403


-0.214560 0.500000 -0.307968 204 -0.307968 -0.214560 
-0.235120 0.500000 -0.324136 298 -0.324136 -0.235120 
-0.239142 0.500000 -0.291386 199 -0.291386 -0.239142 
-0.202591 0.500000 -0.227112 119 -0.227112 -0.202591 
-0.214560 0.500000 -0.307968 204 -0.307968 -0.214560


-0.222853 0.500000 -0.287650 119 -0.287650 -0.222853


-0.251658 0.500000 -0.373053 56 -0.373053 -0.251658 
-0.235120 0.500000 -0.324136 298 -0.324136 -0.235120 
-0.214560 0.500000 -0.307968 204 -0.307968 -0.214560 
-0.226529 0.500000 -0.388825 55 -0.388825 -0.226529 
-0.251658 0.500000 -0.373053 56 -0.373053 -0.251658


-0.231967 0.500000 -0.348495 120 -0.348495 -0.231967


-0.292207 0.500000 0.342221 88 0.342221 -0.292207 
-0.273942 0.500000 0.320015 299 0.320015 -0.273942 
-0.286598 0.500000 0.299255 206 0.299255 -0.286598 
-0.318198 0.500000 0.318198 87 0.318198 -0.318198 
-0.292207 0.500000 0.342221 88 0.342221 -0.292207


-0.292736 0.500000 0.319922 121 0.319922 -0.292736


-0.242523 0.500000 0.320629 205 0.320629 -0.242523 
-0.273942 0.500000 0.320015 299 0.320015 -0.273942 
-0.292207 0.500000 0.342221 88 0.342221 -0.292207 
-0.264408 0.500000 0.364127 89 0.364127 -0.264408 
-0.242523 0.500000 0.320629 205 0.320629 -0.242523


-0.268270 0.500000 0.336748 122 0.336748 -0.268270


-0.286598 0.500000 0.299255 206 0.299255 -0.286598 
-0.273942 0.500000 0.320015 299 0.320015 -0.273942 
-0.242523 0.500000 0.320629 205 0.320629 -0.242523 
-0.219336 0.500000 0.277811 114 0.277811 -0.219336 
-0.286598 0.500000 0.299255 206 0.299255 -0.286598


-0.255600 0.500000 0.304427 123 0.304427 -0.255600


-0.143237 0.500000 0.255969 207 0.255969 -0.143237 
-0.219336 0.500000 0.277811 114 0.277811 -0.219336 
-0.116087 0.500000 0.323397 146 0.323397 -0.116087 
-0.061707 0.500000 0.283998 124 0.283998 -0.061707 
-0.143237 0.500000 0.255969 207 0.255969 -0.143237


-0.135092 0.500000 0.285294 126 0.285294 -0.135092


-0.342221 0.500000 0.292207 86 0.292207 -0.342221 
-0.302575 0.500000 0.282475 301 0.282475 -0.302575 
-0.291090 0.500000 0.264181 194 0.264181 -0.291090 
-0.364127 0.500000 0.264408 85 0.264408 -0.364127 
-0.342221 0.500000 0.292207 86 0.292207 -0.342221


-0.325003 0.500000 0.275818 127 0.275818 -0.325003


-0.286598 0.500000 0.299255 206 0.299255 -0.286598 
-0.302575 0.500000 0.282475 301 0.282475 -0.302575 
-0.342221 0.500000 0.292207 86 0.292207 -0.342221 
-0.318198 0.500000 0.318198 87 0.318198 -0.318198 
-0.286598 0.500000 0.299255 206 0.299255 -0.286598


-0.312398 0.500000 0.298034 128 0.298034 -0.312398


-0.291090 0.500000 0.264181 194 0.264181 -0.291090 
-0.302575 0.500000 0.282475 301 0.282475 -0.302575 
-0.286598 0.500000 0.299255 206 0.299255 -0.286598 
-0.219336 0.500000 0.277811 114 0.277811 -0.219336 
-0.291090 0.500000 0.264181 194 0.264181 -0.291090


-0.274900 0.500000 0.280930 129 0.280930 -0.274900


-0.194161 0.500000 0.343710 210 0.343710 -0.194161 
-0.161323 0.500000 0.341573 302 0.341573 -0.161323 
-0.116087 0.500000 0.323397 146 0.323397 -0.116087 
-0.219336 0.500000 0.277811 114 0.277811 -0.219336 
-0.194161 0.500000 0.343710 210 0.343710 -0.194161


-0.172727 0.500000 0.321623 130 0.321623 -0.172727


-0.157882 0.500000 0.366468 209 0.366468 -0.157882 
-0.161323 0.500000 0.341573 302 0.341573 -0.161323 
-0.194161 0.500000 0.343710 210 0.343710 -0.194161 
-0.204086 0.500000 0.401060 91 0.401060 -0.204086 
-0.157882 0.500000 0.366468 209 0.366468 -0.157882


-0.179363 0.500000 0.363203 131 0.363203 -0.179363


-0.116087 0.500000 0.323397 146 0.323397 -0.116087 
-0.161323 0.500000 0.341573 302 0.341573 -0.161323 
-0.157882 0.500000 0.366468 209 0.366468 -0.157882 
-0.100228 0.500000 0.380460 128 0.380460 -0.100228 
-0.116087 0.500000 0.323397 146 0.323397 -0.116087


-0.133880 0.500000 0.352975 132 0.352975 -0.133880


-0.119436 0.500000 0.404304 211 0.404304 -0.119436 
-0.149752 0.500000 0.395543 303 0.395543 -0.149752 
-0.171936 0.500000 0.415858 92 0.415858 -0.171936 
-0.138723 0.500000 0.428084 93 0.428084 -0.138723 
-0.119436 0.500000 0.404304 211 0.404304 -0.119436


-0.144962 0.500000 0.410947 133 0.410947 -0.144962


-0.157882 0.500000 0.366468 209 0.366468 -0.157882 
-0.149752 0.500000 0.395543 303 0.395543 -0.149752 
-0.119436 0.500000 0.404304 211 0.404304 -0.119436 
-0.100228 0.500000 0.380460 128 0.380460 -0.100228 
-0.157882 0.500000 0.366468 209 0.366468 -0.157882


-0.131825 0.500000 0.386694 134 0.386694 -0.131825


-0.171936 0.500000 0.415858 92 0.415858 -0.171936 
-0.149752 0.500000 0.395543 303 0.395543 -0.149752 
-0.157882 0.500000 0.366468 209 0.366468 -0.157882 
-0.204086 0.500000 0.401060 91 0.401060 -0.204086 
-0.171936 0.500000 0.415858 92 0.415858 -0.171936


-0.170914 0.500000 0.394732 135 0.394732 -0.170914


-0.234974 0.500000 0.383780 90 0.383780 -0.234974 
-0.223886 0.500000 0.349373 304 0.349373 -0.223886 
-0.242523 0.500000 0.320629 205 0.320629 -0.242523 
-0.264408 0.500000 0.364127 89 0.364127 -0.264408 
-0.234974 0.500000 0.383780 90 0.383780 -0.234974


-0.241448 0.500000 0.354477 136 0.354477 -0.241448


-0.194161 0.500000 0.343710 210 0.343710 -0.194161 
-0.223886 0.500000 0.349373 304 0.349373 -0.223886 
-0.234974 0.500000 0.383780 90 0.383780 -0.234974 
-0.204086 0.500000 0.401060 91 0.401060 -0.204086 
-0.194161 0.500000 0.343710 210 0.343710 -0.194161


-0.214277 0.500000 0.369481 137 0.369481 -0.214277


-0.242523 0.500000 0.320629 205 0.320629 -0.242523 
-0.223886 0.500000 0.349373 304 0.349373 -0.223886 
-0.194161 0.500000 0.343710 210 0.343710 -0.194161 
-0.219336 0.500000 0.277811 114 0.277811 -0.219336 
-0.242523 0.500000 0.320629 205 0.320629 -0.242523


-0.219977 0.500000 0.322881 138 0.322881 -0.219977


-0.132179 0.500000 0.137517 214 0.137517 -0.132179 
-0.165989 0.500000 0.069981 134 0.069981 -0.165989 
-0.243880 0.500000 0.088265 186 0.088265 -0.243880 
-0.194130 0.500000 0.146648 113 0.146648 -0.194130 
-0.132179 0.500000 0.137517 214 0.137517 -0.132179


-0.184045 0.500000 0.110603 139 0.110603 -0.184045


-0.087844 0.500000 0.057065 257 0.057065 -0.087844 
-0.165989 0.500000 0.069981 134 0.069981 -0.165989 
-0.132179 0.500000 0.137517 214 0.137517 -0.132179 
-0.060788 0.500000 0.125253 133 0.125253 -0.060788 
-0.087844 0.500000 0.057065 257 0.057065 -0.087844


-0.111700 0.500000 0.097454 140 0.097454 -0.111700


0.443015 0.500000 -0.078980 22 -0.078980 0.443015 
0.392546 0.500000 -0.064563 306 -0.064563 0.392546 
0.371047 0.500000 -0.036403 216 -0.036403 0.371047 
0.448499 0.500000 -0.036723 21 -0.036723 0.448499 
0.443015 0.500000 -0.078980 22 -0.078980 0.443015


0.413777 0.500000 -0.054167 142 -0.054167 0.413777


0.363576 0.500000 -0.078306 215 -0.078306 0.363576 
0.392546 0.500000 -0.064563 306 -0.064563 0.392546 
0.443015 0.500000 -0.078980 22 -0.078980 0.443015 
0.433558 0.500000 -0.120530 23 -0.120530 0.433558 
0.363576 0.500000 -0.078306 215 -0.078306 0.363576


0.408174 0.500000 -0.085595 143 -0.085595 0.408174


0.371047 0.500000 -0.036403 216 -0.036403 0.371047 
0.392546 0.500000 -0.064563 306 -0.064563 0.392546 
0.363576 0.500000 -0.078306 215 -0.078306 0.363576 
0.293595 0.500000 -0.036083 118 -0.036083 0.293595 
0.371047 0.500000 -0.036403 216 -0.036403 0.371047


0.355191 0.500000 -0.053839 144 -0.053839 0.355191


0.416779 0.500000 -0.160265 135 -0.160265 0.416779 
0.375718 0.500000 -0.118871 307 -0.118871 0.375718 
0.363576 0.500000 -0.078306 215 -0.078306 0.363576 
0.433558 0.500000 -0.120530 23 -0.120530 0.433558 
0.416779 0.500000 -0.160265 135 -0.160265 0.416779


0.397408 0.500000 -0.119493 145 -0.119493 0.397408


0.346797 0.500000 -0.118041 163 -0.118041 0.346797 
0.375718 0.500000 -0.118871 307 -0.118871 0.375718 
0.416779 0.500000 -0.160265 135 -0.160265 0.416779 
0.400000 0.500000 -0.200000 27 -0.200000 0.400000 
0.346797 0.500000 -0.118041 163 -0.118041 0.346797


0.384823 0.500000 -0.149294 146 -0.149294 0.384823


0.363576 0.500000 -0.078306 215 -0.078306 0.363576 
0.375718 0.500000 -0.118871 307 -0.118871 0.375718 
0.346797 0.500000 -0.118041 163 -0.118041 0.346797 
0.293595 0.500000 -0.036083 118 -0.036083 0.293595 
0.363576 0.500000 -0.078306 215 -0.078306 0.363576


0.344922 0.500000 -0.087825 147 -0.087825 0.344922


0.360006 0.500000 0.109560 218 0.109560 0.360006 
0.373209 0.500000 0.143451 308 0.143451 0.373209 
0.415875 0.500000 0.171896 16 0.171896 0.415875 
0.430269 0.500000 0.131788 17 0.131788 0.430269 
0.360006 0.500000 0.109560 218 0.109560 0.360006


0.394840 0.500000 0.139174 148 0.139174 0.394840


0.343747 0.500000 0.148897 217 0.148897 0.343747 
0.373209 0.500000 0.143451 308 0.143451 0.373209 
0.360006 0.500000 0.109560 218 0.109560 0.360006 
0.289743 0.500000 0.087332 130 0.087332 0.289743 
0.343747 0.500000 0.148897 217 0.148897 0.343747


0.341676 0.500000 0.122310 149 0.122310 0.341676


0.415875 0.500000 0.171896 16 0.171896 0.415875 
0.373209 0.500000 0.143451 308 0.143451 0.373209 
0.343747 0.500000 0.148897 217 0.148897 0.343747 
0.397751 0.500000 0.210462 15 0.210462 0.397751 
0.415875 0.500000 0.171896 16 0.171896 0.415875


0.382645 0.500000 0.168676 150 0.168676 0.382645


0.440806 0.500000 0.090499 18 0.090499 0.440806 
0.389793 0.500000 0.089308 309 0.089308 0.389793 
0.360006 0.500000 0.109560 218 0.109560 0.360006 
0.430269 0.500000 0.131788 17 0.131788 0.430269 
0.440806 0.500000 0.090499 18 0.090499 0.440806


0.405219 0.500000 0.105289 151 0.105289 0.405219


0.368566 0.500000 0.067865 151 0.067865 0.368566 
0.389793 0.500000 0.089308 309 0.089308 0.389793 
0.440806 0.500000 0.090499 18 0.090499 0.440806 
0.447390 0.500000 0.048399 19 0.048399 0.447390 
0.368566 0.500000 0.067865 151 0.067865 0.368566


0.411639 0.500000 0.074018 152 0.074018 0.411639


0.360006 0.500000 0.109560 218 0.109560 0.360006 
0.389793 0.500000 0.089308 309 0.089308 0.389793 
0.368566 0.500000 0.067865 151 0.067865 0.368566 
0.289743 0.500000 0.087332 130 0.087332 0.289743 
0.360006 0.500000 0.109560 218 0.109560 0.360006


0.352027 0.500000 0.088516 153 0.088516 0.352027


0.371047 0.500000 -0.036403 216 -0.036403 0.371047 
0.397167 0.500000 -0.008127 310 -0.008127 0.397167 
0.449962 0.500000 0.005864 20 0.005864 0.449962 
0.448499 0.500000 -0.036723 21 -0.036723 0.448499 
0.371047 0.500000 -0.036403 216 -0.036403 0.371047


0.416669 0.500000 -0.018847 154 -0.018847 0.416669


0.370492 0.500000 0.006158 152 0.006158 0.370492 
0.397167 0.500000 -0.008127 310 -0.008127 0.397167 
0.371047 0.500000 -0.036403 216 -0.036403 0.371047 
0.293595 0.500000 -0.036083 118 -0.036083 0.293595 
0.370492 0.500000 0.006158 152 0.006158 0.370492


0.358075 0.500000 -0.018614 155 -0.018614 0.358075


0.449962 0.500000 0.005864 20 0.005864 0.449962 
0.397167 0.500000 -0.008127 310 -0.008127 0.397167 
0.370492 0.500000 0.006158 152 0.006158 0.370492 
0.447390 0.500000 0.048399 19 0.048399 0.447390 
0.449962 0.500000 0.005864 20 0.005864 0.449962


0.416253 0.500000 0.013074 156 0.013074 0.416253


0.169213 0.500000 0.285840 219 0.285840 0.169213 
0.157074 0.500000 0.307903 311 0.307903 0.157074 
0.148678 0.500000 0.356014 4 0.356014 0.148678 
0.164395 0.500000 0.360650 5 0.360650 0.164395 
0.169213 0.500000 0.285840 219 0.285840 0.169213


0.159840 0.500000 0.327602 157 0.327602 0.159840


0.153333 0.500000 0.281855 150 0.281855 0.153333 
0.157074 0.500000 0.307903 311 0.307903 0.157074 
0.169213 0.500000 0.285840 219 0.285840 0.169213 
0.174030 0.500000 0.211030 116 0.211030 0.174030 
0.153333 0.500000 0.281855 150 0.281855 0.153333


0.163412 0.500000 0.271657 158 0.271657 0.163412


0.148678 0.500000 0.356014 4 0.356014 0.148678 
0.157074 0.500000 0.307903 311 0.307903 0.157074 
0.153333 0.500000 0.281855 150 0.281855 0.153333 
0.132635 0.500000 0.352681 3 0.352681 0.132635 
0.148678 0.500000 0.356014 4 0.356014 0.148678


0.147930 0.500000 0.324613 159 0.324613 0.147930


0.016334 0.500000 0.284598 147 0.284598 0.016334 
-0.010850 0.500000 0.280279 312 0.280279 -0.010850 
-0.020136 0.500000 0.314768 140 0.314768 -0.020136 
0.025676 0.500000 0.364323 105 0.364323 0.025676 
0.016334 0.500000 0.284598 147 0.284598 0.016334


0.002756 0.500000 0.310992 160 0.310992 0.002756


-0.031782 0.500000 0.216889 220 0.216889 -0.031782 
-0.010850 0.500000 0.280279 312 0.280279 -0.010850 
0.016334 0.500000 0.284598 147 0.284598 0.016334 
0.022036 0.500000 0.183305 117 0.183305 0.022036 
-0.031782 0.500000 0.216889 220 0.216889 -0.031782


-0.001066 0.500000 0.241268 161 0.241268 -0.001066


-0.020136 0.500000 0.314768 140 0.314768 -0.020136 
-0.010850 0.500000 0.280279 312 0.280279 -0.010850 
-0.031782 0.500000 0.216889 220 0.216889 -0.031782 
-0.061707 0.500000 0.283998 124 0.283998 -0.061707 
-0.020136 0.500000 0.314768 140 0.314768 -0.020136


-0.031119 0.500000 0.273983 162 0.273983 -0.031119


-0.206384 0.500000 -0.001940 221 -0.001940 -0.206384 
-0.102230 0.500000 -0.004017 115 -0.004017 -0.102230 
-0.151155 0.500000 -0.057475 223 -0.057475 -0.151155 
-0.248151 0.500000 -0.068551 129 -0.068551 -0.248151 
-0.206384 0.500000 -0.001940 221 -0.001940 -0.206384


-0.176980 0.500000 -0.032996 164 -0.032996 -0.176980


-0.087844 0.500000 0.057065 257 0.057065 -0.087844 
-0.102230 0.500000 -0.004017 115 -0.004017 -0.102230 
-0.206384 0.500000 -0.001940 221 -0.001940 -0.206384 
-0.165989 0.500000 0.069981 134 0.069981 -0.165989 
-0.087844 0.500000 0.057065 257 0.057065 -0.087844


-0.140612 0.500000 0.030272 165 0.030272 -0.140612


0.222621 0.500000 -0.307606 38 -0.307606 0.222621 
0.183902 0.500000 -0.278959 314 -0.278959 0.183902 
0.169115 0.500000 -0.255856 224 -0.255856 0.169115 
0.232637 0.500000 -0.290503 37 -0.290503 0.232637 
0.222621 0.500000 -0.307606 38 -0.307606 0.222621


0.202069 0.500000 -0.283231 166 -0.283231 0.202069


0.159970 0.500000 -0.273414 179 -0.273414 0.159970 
0.183902 0.500000 -0.278959 314 -0.278959 0.183902 
0.222621 0.500000 -0.307606 38 -0.307606 0.222621 
0.214347 0.500000 -0.325617 39 -0.325617 0.214347 
0.159970 0.500000 -0.273414 179 -0.273414 0.159970


0.195210 0.500000 -0.296399 167 -0.296399 0.195210


0.169115 0.500000 -0.255856 224 -0.255856 0.169115 
0.183902 0.500000 -0.278959 314 -0.278959 0.183902 
0.159970 0.500000 -0.273414 179 -0.273414 0.159970 
0.105594 0.500000 -0.221210 123 -0.221210 0.105594 
0.169115 0.500000 -0.255856 224 -0.255856 0.169115


0.154645 0.500000 -0.257360 168 -0.257360 0.154645


0.003684 0.500000 -0.124965 226 -0.124965 0.003684 
0.037654 0.500000 -0.157046 315 -0.157046 0.037654 
0.029647 0.500000 -0.201976 175 -0.201976 0.029647 
-0.046299 0.500000 -0.182741 112 -0.182741 -0.046299 
0.003684 0.500000 -0.124965 226 -0.124965 0.003684


0.006172 0.500000 -0.166682 169 -0.166682 0.006172


0.079630 0.500000 -0.144199 225 -0.144199 0.079630 
0.037654 0.500000 -0.157046 315 -0.157046 0.037654 
0.003684 0.500000 -0.124965 226 -0.124965 0.003684 
0.053666 0.500000 -0.067188 126 -0.067188 0.053666 
0.079630 0.500000 -0.144199 225 -0.144199 0.079630


0.043659 0.500000 -0.123350 170 -0.123350 0.043659


0.029647 0.500000 -0.201976 175 -0.201976 0.029647 
0.037654 0.500000 -0.157046 315 -0.157046 0.037654 
0.079630 0.500000 -0.144199 225 -0.144199 0.079630 
0.105594 0.500000 -0.221210 123 -0.221210 0.105594 
0.029647 0.500000 -0.201976 175 -0.201976 0.029647


0.063131 0.500000 -0.181108 171 -0.181108 0.063131


-0.334621 0.500000 0.058884 227 0.058884 -0.334621 
-0.344401 0.500000 0.031362 316 0.031362 -0.344401 
-0.373832 0.500000 -0.005318 74 -0.005318 -0.373832 
-0.384662 0.500000 0.012531 75 0.012531 -0.384662 
-0.334621 0.500000 0.058884 227 0.058884 -0.334621


-0.359379 0.500000 0.024365 172 0.024365 -0.359379


-0.324751 0.500000 0.040519 185 0.040519 -0.324751 
-0.344401 0.500000 0.031362 316 0.031362 -0.344401 
-0.334621 0.500000 0.058884 227 0.058884 -0.334621 
-0.299502 0.500000 0.114238 121 0.114238 -0.299502 
-0.324751 0.500000 0.040519 185 0.040519 -0.324751


-0.325819 0.500000 0.061251 173 0.061251 -0.325819


-0.373832 0.500000 -0.005318 74 -0.005318 -0.373832 
-0.344401 0.500000 0.031362 316 0.031362 -0.344401 
-0.324751 0.500000 0.040519 185 0.040519 -0.324751 
-0.364921 0.500000 -0.024198 73 -0.024198 -0.364921 
-0.373832 0.500000 -0.005318 74 -0.005318 -0.373832


-0.351976 0.500000 0.010591 174 0.010591 -0.351976


-0.010013 0.500000 0.107909 228 0.107909 -0.010013 
0.022036 0.500000 0.183305 117 0.183305 0.022036 
0.048736 0.500000 0.141639 230 0.141639 0.048736 
0.036360 0.500000 0.065460 131 0.065460 0.036360 
-0.010013 0.500000 0.107909 228 0.107909 -0.010013


0.024280 0.500000 0.124578 176 0.124578 0.024280


-0.031782 0.500000 0.216889 220 0.216889 -0.031782 
0.022036 0.500000 0.183305 117 0.183305 0.022036 
-0.010013 0.500000 0.107909 228 0.107909 -0.010013 
-0.060788 0.500000 0.125253 133 0.125253 -0.060788 
-0.031782 0.500000 0.216889 220 0.216889 -0.031782


-0.020137 0.500000 0.158339 177 0.158339 -0.020137


-0.237792 0.500000 0.182170 195 0.182170 -0.237792 
-0.194130 0.500000 0.146648 113 0.146648 -0.194130 
-0.243880 0.500000 0.088265 186 0.088265 -0.243880 
-0.299502 0.500000 0.114238 121 0.114238 -0.299502 
-0.237792 0.500000 0.182170 195 0.182170 -0.237792


-0.243826 0.500000 0.132830 179 0.132830 -0.243826


-0.184991 0.500000 0.220820 231 0.220820 -0.184991 
-0.194130 0.500000 0.146648 113 0.146648 -0.194130 
-0.237792 0.500000 0.182170 195 0.182170 -0.237792 
-0.219336 0.500000 0.277811 114 0.277811 -0.219336 
-0.184991 0.500000 0.220820 231 0.220820 -0.184991


-0.209062 0.500000 0.206862 180 0.206862 -0.209062


-0.383780 0.500000 0.234974 84 0.234974 -0.383780 
-0.350318 0.500000 0.191486 319 0.191486 -0.350318 
-0.342820 0.500000 0.154662 182 0.154662 -0.342820 
-0.401060 0.500000 0.204086 83 0.204086 -0.401060 
-0.383780 0.500000 0.234974 84 0.234974 -0.383780


-0.369494 0.500000 0.196302 181 0.196302 -0.369494


-0.324354 0.500000 0.184823 193 0.184823 -0.324354 
-0.350318 0.500000 0.191486 319 0.191486 -0.350318 
-0.383780 0.500000 0.234974 84 0.234974 -0.383780 
-0.364127 0.500000 0.264408 85 0.264408 -0.364127 
-0.324354 0.500000 0.184823 193 0.184823 -0.324354


-0.355645 0.500000 0.218923 182 0.218923 -0.355645


-0.342820 0.500000 0.154662 182 0.154662 -0.342820 
-0.350318 0.500000 0.191486 319 0.191486 -0.350318 
-0.324354 0.500000 0.184823 193 0.184823 -0.324354 
-0.299502 0.500000 0.114238 121 0.114238 -0.299502 
-0.342820 0.500000 0.154662 182 0.154662 -0.342820


-0.329248 0.500000 0.161302 183 0.161302 -0.329248


-0.124445 0.500000 -0.204926 202 -0.204926 -0.124445 
-0.122611 0.500000 -0.170740 320 -0.170740 -0.122611 
-0.081709 0.500000 -0.145577 234 -0.145577 -0.081709 
-0.046299 0.500000 -0.182741 112 -0.182741 -0.046299 
-0.124445 0.500000 -0.204926 202 -0.204926 -0.124445


-0.093766 0.500000 -0.175996 184 -0.175996 -0.093766


-0.161679 0.500000 -0.161718 233 -0.161718 -0.161679 
-0.122611 0.500000 -0.170740 320 -0.170740 -0.122611 
-0.124445 0.500000 -0.204926 202 -0.204926 -0.124445 
-0.202591 0.500000 -0.227112 119 -0.227112 -0.202591 
-0.161679 0.500000 -0.161718 233 -0.161718 -0.161679


-0.152832 0.500000 -0.191124 185 -0.191124 -0.152832


-0.081709 0.500000 -0.145577 234 -0.145577 -0.081709 
-0.122611 0.500000 -0.170740 320 -0.170740 -0.122611 
-0.161679 0.500000 -0.161718 233 -0.161718 -0.161679 
-0.118373 0.500000 -0.097885 132 -0.097885 -0.118373 
-0.081709 0.500000 -0.145577 234 -0.145577 -0.081709


-0.121093 0.500000 -0.143980 186 -0.143980 -0.121093


-0.016610 0.500000 -0.025504 198 -0.025504 -0.016610 
-0.001267 0.500000 -0.005306 321 -0.005306 -0.001267 
0.042307 0.500000 -0.003249 157 -0.003249 0.042307 
0.053666 0.500000 -0.067188 126 -0.067188 0.053666 
-0.016610 0.500000 -0.025504 198 -0.025504 -0.016610


0.019524 0.500000 -0.025312 187 -0.025312 0.019524


-0.021099 0.500000 0.024846 235 0.024846 -0.021099 
-0.001267 0.500000 -0.005306 321 -0.005306 -0.001267 
-0.016610 0.500000 -0.025504 198 -0.025504 -0.016610 
-0.102230 0.500000 -0.004017 115 -0.004017 -0.102230 
-0.021099 0.500000 0.024846 235 0.024846 -0.021099


-0.035301 0.500000 -0.002495 188 -0.002495 -0.035301


0.042307 0.500000 -0.003249 157 -0.003249 0.042307 
-0.001267 0.500000 -0.005306 321 -0.005306 -0.001267 
-0.021099 0.500000 0.024846 235 0.024846 -0.021099 
0.036360 0.500000 0.065460 131 0.065460 0.036360 
0.042307 0.500000 -0.003249 157 -0.003249 0.042307


0.014075 0.500000 0.020438 189 0.020438 0.014075


0.243056 0.500000 0.358181 156 0.358181 0.243056 
0.220048 0.500000 0.309131 322 0.309131 0.220048 
0.184229 0.500000 0.292363 237 0.292363 0.184229 
0.194429 0.500000 0.373696 7 0.373696 0.194429 
0.243056 0.500000 0.358181 156 0.358181 0.243056


0.210441 0.500000 0.333343 190 0.333343 0.210441


0.232857 0.500000 0.276848 236 0.276848 0.232857 
0.220048 0.500000 0.309131 322 0.309131 0.220048 
0.243056 0.500000 0.358181 156 0.358181 0.243056 
0.291684 0.500000 0.342667 11 0.342667 0.291684 
0.232857 0.500000 0.276848 236 0.276848 0.232857


0.246911 0.500000 0.321707 191 0.321707 0.246911


0.184229 0.500000 0.292363 237 0.292363 0.184229 
0.220048 0.500000 0.309131 322 0.309131 0.220048 
0.232857 0.500000 0.276848 236 0.276848 0.232857 
0.174030 0.500000 0.211030 116 0.211030 0.174030 
0.184229 0.500000 0.292363 237 0.292363 0.184229


0.202791 0.500000 0.272343 192 0.272343 0.202791


0.179679 0.500000 0.366557 6 0.366557 0.179679 
0.177707 0.500000 0.314920 323 0.314920 0.177707 
0.169213 0.500000 0.285840 219 0.285840 0.169213 
0.164395 0.500000 0.360650 5 0.360650 0.164395 
0.179679 0.500000 0.366557 6 0.366557 0.179679


0.172748 0.500000 0.331992 193 0.331992 0.172748


0.184229 0.500000 0.292363 237 0.292363 0.184229 
0.177707 0.500000 0.314920 323 0.314920 0.177707 
0.179679 0.500000 0.366557 6 0.366557 0.179679 
0.194429 0.500000 0.373696 7 0.373696 0.194429 
0.184229 0.500000 0.292363 237 0.292363 0.184229


0.184011 0.500000 0.336884 194 0.336884 0.184011


0.169213 0.500000 0.285840 219 0.285840 0.169213 
0.177707 0.500000 0.314920 323 0.314920 0.177707 
0.184229 0.500000 0.292363 237 0.292363 0.184229 
0.174030 0.500000 0.211030 116 0.211030 0.174030 
0.169213 0.500000 0.285840 219 0.285840 0.169213


0.176295 0.500000 0.276038 195 0.276038 0.176295


0.092290 0.500000 0.054527 158 0.054527 0.092290 
0.119536 0.500000 0.106695 324 0.106695 0.119536 
0.163831 0.500000 0.129697 239 0.129697 0.163831 
0.153632 0.500000 0.048365 111 0.048365 0.153632 
0.092290 0.500000 0.054527 158 0.054527 0.092290


0.132322 0.500000 0.084821 196 0.084821 0.132322


0.102774 0.500000 0.136544 238 0.136544 0.102774 
0.119536 0.500000 0.106695 324 0.106695 0.119536 
0.092290 0.500000 0.054527 158 0.054527 0.092290 
0.036360 0.500000 0.065460 131 0.065460 0.036360 
0.102774 0.500000 0.136544 238 0.136544 0.102774


0.087740 0.500000 0.090807 197 0.090807 0.087740


0.163831 0.500000 0.129697 239 0.129697 0.163831 
0.119536 0.500000 0.106695 324 0.106695 0.119536 
0.102774 0.500000 0.136544 238 0.136544 0.102774 
0.174030 0.500000 0.211030 116 0.211030 0.174030 
0.163831 0.500000 0.129697 239 0.129697 0.163831


0.140043 0.500000 0.145992 198 0.145992 0.140043


0.087317 0.500000 0.350403 110 0.350403 0.087317 
0.073907 0.500000 0.305272 325 0.305272 0.073907 
0.053876 0.500000 0.287052 149 0.287052 0.053876 
0.074685 0.500000 0.351609 109 0.351609 0.074685 
0.087317 0.500000 0.350403 110 0.350403 0.087317


0.072446 0.500000 0.323584 199 0.323584 0.072446


0.074521 0.500000 0.273518 142 0.273518 0.074521 
0.073907 0.500000 0.305272 325 0.305272 0.073907 
0.087317 0.500000 0.350403 110 0.350403 0.087317 
0.100000 0.500000 0.350000 1 0.350000 0.100000 
0.074521 0.500000 0.273518 142 0.273518 0.074521


0.083936 0.500000 0.319798 200 0.319798 0.083936


0.053876 0.500000 0.287052 149 0.287052 0.053876 
0.073907 0.500000 0.305272 325 0.305272 0.073907 
0.074521 0.500000 0.273518 142 0.273518 0.074521 
0.022036 0.500000 0.183305 117 0.183305 0.022036 
0.053876 0.500000 0.287052 149 0.287052 0.053876


0.056085 0.500000 0.262287 201 0.262287 0.056085


0.223613 0.500000 0.006141 241 0.006141 0.223613 
0.245656 0.500000 0.033205 326 0.033205 0.245656 
0.291669 0.500000 0.025624 153 0.025624 0.291669 
0.293595 0.500000 -0.036083 118 -0.036083 0.293595 
0.223613 0.500000 0.006141 241 0.006141 0.223613


0.263633 0.500000 0.007222 202 0.007222 0.263633


0.221687 0.500000 0.067848 240 0.067848 0.221687 
0.245656 0.500000 0.033205 326 0.033205 0.245656 
0.223613 0.500000 0.006141 241 0.006141 0.223613 
0.153632 0.500000 0.048365 111 0.048365 0.153632 
0.221687 0.500000 0.067848 240 0.067848 0.221687


0.211147 0.500000 0.038890 203 0.038890 0.211147


0.291669 0.500000 0.025624 153 0.025624 0.291669 
0.245656 0.500000 0.033205 326 0.033205 0.245656 
0.221687 0.500000 0.067848 240 0.067848 0.221687 
0.289743 0.500000 0.087332 130 0.087332 0.289743 
0.291669 0.500000 0.025624 153 0.025624 0.291669


0.262189 0.500000 0.053502 204 0.053502 0.262189


0.341387 0.500000 -0.208782 30 -0.208782 0.341387 
0.325552 0.500000 -0.151528 327 -0.151528 0.325552 
0.327098 0.500000 -0.120001 164 -0.120001 0.327098 
0.360602 0.500000 -0.203919 29 -0.203919 0.360602 
0.341387 0.500000 -0.208782 30 -0.208782 0.341387


0.338660 0.500000 -0.171057 205 -0.171057 0.338660


0.308171 0.500000 -0.125802 166 -0.125802 0.308171 
0.325552 0.500000 -0.151528 327 -0.151528 0.325552 
0.341387 0.500000 -0.208782 30 -0.208782 0.341387 
0.322748 0.500000 -0.215522 31 -0.215522 0.322748 
0.308171 0.500000 -0.125802 166 -0.125802 0.308171


0.324464 0.500000 -0.175409 206 -0.175409 0.324464


0.327098 0.500000 -0.120001 164 -0.120001 0.327098 
0.325552 0.500000 -0.151528 327 -0.151528 0.325552 
0.308171 0.500000 -0.125802 166 -0.125802 0.308171 
0.293595 0.500000 -0.036083 118 -0.036083 0.293595 
0.327098 0.500000 -0.120001 164 -0.120001 0.327098


0.313604 0.500000 -0.108354 207 -0.108354 0.313604


-0.375992 0.500000 -0.247244 62 -0.247244 -0.375992 
-0.317920 0.500000 -0.240354 328 -0.240354 -0.317920 
-0.280737 0.500000 -0.249297 242 -0.249297 -0.280737 
-0.358884 0.500000 -0.271482 61 -0.271482 -0.358884 
-0.375992 0.500000 -0.247244 62 -0.247244 -0.375992


-0.333383 0.500000 -0.252094 208 -0.252094 -0.333383


-0.297029 0.500000 -0.224522 189 -0.224522 -0.297029 
-0.317920 0.500000 -0.240354 328 -0.240354 -0.317920 
-0.375992 0.500000 -0.247244 62 -0.247244 -0.375992 
-0.391467 0.500000 -0.221931 63 -0.221931 -0.391467 
-0.297029 0.500000 -0.224522 189 -0.224522 -0.297029


-0.345602 0.500000 -0.233513 209 -0.233513 -0.345602


-0.280737 0.500000 -0.249297 242 -0.249297 -0.280737 
-0.317920 0.500000 -0.240354 328 -0.240354 -0.317920 
-0.297029 0.500000 -0.224522 189 -0.224522 -0.297029 
-0.202591 0.500000 -0.227112 119 -0.227112 -0.202591 
-0.280737 0.500000 -0.249297 242 -0.249297 -0.280737


-0.274569 0.500000 -0.235321 210 -0.235321 -0.274569


-0.340215 0.500000 -0.294540 60 -0.294540 -0.340215 
-0.294094 0.500000 -0.271850 329 -0.271850 -0.294094 
-0.261329 0.500000 -0.271715 200 -0.271715 -0.261329 
-0.320067 0.500000 -0.316318 59 -0.316318 -0.320067 
-0.340215 0.500000 -0.294540 60 -0.294540 -0.340215


-0.303926 0.500000 -0.288606 211 -0.288606 -0.303926


-0.280737 0.500000 -0.249297 242 -0.249297 -0.280737 
-0.294094 0.500000 -0.271850 329 -0.271850 -0.294094 
-0.340215 0.500000 -0.294540 60 -0.294540 -0.340215 
-0.358884 0.500000 -0.271482 61 -0.271482 -0.358884 
-0.280737 0.500000 -0.249297 242 -0.249297 -0.280737


-0.318482 0.500000 -0.271792 212 -0.271792 -0.318482


-0.261329 0.500000 -0.271715 200 -0.271715 -0.261329 
-0.294094 0.500000 -0.271850 329 -0.271850 -0.294094 
-0.280737 0.500000 -0.249297 242 -0.249297 -0.280737 
-0.202591 0.500000 -0.227112 119 -0.227112 -0.202591 
-0.261329 0.500000 -0.271715 200 -0.271715 -0.261329


-0.259688 0.500000 -0.254993 213 -0.254993 -0.259688


0.223613 0.500000 0.006141 241 0.006141 0.223613 
0.217595 0.500000 -0.031125 330 -0.031125 0.217595 
0.179595 0.500000 -0.028646 243 -0.028646 0.179595 
0.153632 0.500000 0.048365 111 0.048365 0.153632 
0.223613 0.500000 0.006141 241 0.006141 0.223613


0.193609 0.500000 -0.001316 214 -0.001316 0.193609


0.249577 0.500000 -0.070870 165 -0.070870 0.249577 
0.217595 0.500000 -0.031125 330 -0.031125 0.217595 
0.223613 0.500000 0.006141 241 0.006141 0.223613 
0.293595 0.500000 -0.036083 118 -0.036083 0.293595 
0.249577 0.500000 -0.070870 165 -0.070870 0.249577


0.246095 0.500000 -0.032984 215 -0.032984 0.246095


0.179595 0.500000 -0.028646 243 -0.028646 0.179595 
0.217595 0.500000 -0.031125 330 -0.031125 0.217595 
0.249577 0.500000 -0.070870 165 -0.070870 0.249577 
0.205559 0.500000 -0.105657 120 -0.105657 0.205559 
0.179595 0.500000 -0.028646 243 -0.028646 0.179595


0.213082 0.500000 -0.059075 216 -0.059075 0.213082


0.179595 0.500000 -0.028646 243 -0.028646 0.179595 
0.137619 0.500000 -0.041494 331 -0.041494 0.137619 
0.103649 0.500000 -0.009412 159 -0.009412 0.103649 
0.153632 0.500000 0.048365 111 0.048365 0.153632 
0.179595 0.500000 -0.028646 243 -0.028646 0.179595


0.143624 0.500000 -0.007797 217 -0.007797 0.143624


0.129613 0.500000 -0.086423 244 -0.086423 0.129613 
0.137619 0.500000 -0.041494 331 -0.041494 0.137619 
0.179595 0.500000 -0.028646 243 -0.028646 0.179595 
0.205559 0.500000 -0.105657 120 -0.105657 0.205559 
0.129613 0.500000 -0.086423 244 -0.086423 0.129613


0.163097 0.500000 -0.065555 218 -0.065555 0.163097


0.103649 0.500000 -0.009412 159 -0.009412 0.103649 
0.137619 0.500000 -0.041494 331 -0.041494 0.137619 
0.129613 0.500000 -0.086423 244 -0.086423 0.129613 
0.053666 0.500000 -0.067188 126 -0.067188 0.053666 
0.103649 0.500000 -0.009412 159 -0.009412 0.103649


0.106137 0.500000 -0.051129 219 -0.051129 0.106137


-0.419837 0.500000 0.091546 181 0.091546 -0.419837 
-0.374751 0.500000 0.096110 332 0.096110 -0.374751 
-0.348085 0.500000 0.074803 245 0.074803 -0.348085 
-0.411589 0.500000 0.044369 77 0.044369 -0.411589 
-0.419837 0.500000 0.091546 181 0.091546 -0.419837


-0.388565 0.500000 0.076707 220 0.076707 -0.388565


-0.356332 0.500000 0.121980 183 0.121980 -0.356332 
-0.374751 0.500000 0.096110 332 0.096110 -0.374751 
-0.419837 0.500000 0.091546 181 0.091546 -0.419837 
-0.428084 0.500000 0.138723 81 0.138723 -0.428084 
-0.356332 0.500000 0.121980 183 0.121980 -0.356332


-0.394751 0.500000 0.112089 221 0.112089 -0.394751


-0.348085 0.500000 0.074803 245 0.074803 -0.348085 
-0.374751 0.500000 0.096110 332 0.096110 -0.374751 
-0.356332 0.500000 0.121980 183 0.121980 -0.356332 
-0.299502 0.500000 0.114238 121 0.114238 -0.299502 
-0.348085 0.500000 0.074803 245 0.074803 -0.348085


-0.344668 0.500000 0.101783 222 0.101783 -0.344668


-0.397293 0.500000 0.029154 76 0.029154 -0.397293 
-0.360000 0.500000 0.054280 333 0.054280 -0.360000 
-0.334621 0.500000 0.058884 227 0.058884 -0.334621 
-0.384662 0.500000 0.012531 75 0.012531 -0.384662 
-0.397293 0.500000 0.029154 76 0.029154 -0.397293


-0.369144 0.500000 0.038712 223 0.038712 -0.369144


-0.348085 0.500000 0.074803 245 0.074803 -0.348085 
-0.360000 0.500000 0.054280 333 0.054280 -0.360000 
-0.397293 0.500000 0.029154 76 0.029154 -0.397293 
-0.411589 0.500000 0.044369 77 0.044369 -0.411589 
-0.348085 0.500000 0.074803 245 0.074803 -0.348085


-0.379242 0.500000 0.050652 224 0.050652 -0.379242


-0.334621 0.500000 0.058884 227 0.058884 -0.334621 
-0.360000 0.500000 0.054280 333 0.054280 -0.360000 
-0.348085 0.500000 0.074803 245 0.074803 -0.348085 
-0.299502 0.500000 0.114238 121 0.114238 -0.299502 
-0.334621 0.500000 0.058884 227 0.058884 -0.334621


-0.335552 0.500000 0.075551 225 0.075551 -0.335552


-0.088441 0.500000 -0.441224 50 -0.441224 -0.088441 
-0.076475 0.500000 -0.398635 334 -0.398635 -0.076475 
-0.055956 0.500000 -0.380254 246 -0.380254 -0.055956 
-0.059175 0.500000 -0.446092 49 -0.446092 -0.059175 
-0.088441 0.500000 -0.441224 50 -0.441224 -0.088441


-0.070012 0.500000 -0.416551 226 -0.416551 -0.070012


-0.085029 0.500000 -0.374427 169 -0.374427 -0.085029 
-0.076475 0.500000 -0.398635 334 -0.398635 -0.076475 
-0.088441 0.500000 -0.441224 50 -0.441224 -0.088441 
-0.117322 0.500000 -0.434437 51 -0.434437 -0.117322 
-0.085029 0.500000 -0.374427 169 -0.374427 -0.085029


-0.091817 0.500000 -0.412181 227 -0.412181 -0.091817


-0.055956 0.500000 -0.380254 246 -0.380254 -0.055956 
-0.076475 0.500000 -0.398635 334 -0.398635 -0.076475 
-0.085029 0.500000 -0.374427 169 -0.374427 -0.085029 
-0.052737 0.500000 -0.314417 122 -0.314417 -0.052737 
-0.055956 0.500000 -0.380254 246 -0.380254 -0.055956


-0.067549 0.500000 -0.366933 228 -0.366933 -0.067549


-0.029652 0.500000 -0.449022 48 -0.449022 -0.029652 
-0.037325 0.500000 -0.403828 335 -0.403828 -0.037325 
-0.026368 0.500000 -0.382208 171 -0.382208 -0.026368 
0.000000 0.500000 -0.450000 47 -0.450000 0.000000 
-0.029652 0.500000 -0.449022 48 -0.449022 -0.029652


-0.023336 0.500000 -0.421265 229 -0.421265 -0.023336


-0.055956 0.500000 -0.380254 246 -0.380254 -0.055956 
-0.037325 0.500000 -0.403828 335 -0.403828 -0.037325 
-0.029652 0.500000 -0.449022 48 -0.449022 -0.029652 
-0.059175 0.500000 -0.446092 49 -0.446092 -0.059175 
-0.055956 0.500000 -0.380254 246 -0.380254 -0.055956


-0.045527 0.500000 -0.419799 230 -0.419799 -0.045527


-0.026368 0.500000 -0.382208 171 -0.382208 -0.026368 
-0.037325 0.500000 -0.403828 335 -0.403828 -0.037325 
-0.055956 0.500000 -0.380254 246 -0.380254 -0.055956 
-0.052737 0.500000 -0.314417 122 -0.314417 -0.052737 
-0.026368 0.500000 -0.382208 171 -0.382208 -0.026368


-0.043097 0.500000 -0.370177 231 -0.370177 -0.043097


0.244297 0.500000 -0.274475 36 -0.274475 0.244297 
0.198318 0.500000 -0.256925 336 -0.256925 0.198318 
0.181540 0.500000 -0.240445 247 -0.240445 0.181540 
0.257487 0.500000 -0.259679 35 -0.259679 0.257487 
0.244297 0.500000 -0.274475 36 -0.274475 0.244297


0.220410 0.500000 -0.257881 232 -0.257881 0.220410


0.169115 0.500000 -0.255856 224 -0.255856 0.169115 
0.198318 0.500000 -0.256925 336 -0.256925 0.198318 
0.244297 0.500000 -0.274475 36 -0.274475 0.244297 
0.232637 0.500000 -0.290503 37 -0.290503 0.232637 
0.169115 0.500000 -0.255856 224 -0.255856 0.169115


0.211092 0.500000 -0.269440 233 -0.269440 0.211092


0.181540 0.500000 -0.240445 247 -0.240445 0.181540 
0.198318 0.500000 -0.256925 336 -0.256925 0.198318 
0.169115 0.500000 -0.255856 224 -0.255856 0.169115 
0.105594 0.500000 -0.221210 123 -0.221210 0.105594 
0.181540 0.500000 -0.240445 247 -0.240445 0.181540


0.163642 0.500000 -0.243609 234 -0.243609 0.163642


0.231523 0.500000 -0.182668 167 -0.182668 0.231523 
0.189546 0.500000 -0.195516 337 -0.195516 0.189546 
0.155576 0.500000 -0.163434 248 -0.163434 0.155576 
0.205559 0.500000 -0.105657 120 -0.105657 0.205559 
0.231523 0.500000 -0.182668 167 -0.182668 0.231523


0.195551 0.500000 -0.161819 235 -0.161819 0.195551


0.181540 0.500000 -0.240445 247 -0.240445 0.181540 
0.189546 0.500000 -0.195516 337 -0.195516 0.189546 
0.231523 0.500000 -0.182668 167 -0.182668 0.231523 
0.257487 0.500000 -0.259679 35 -0.259679 0.257487 
0.181540 0.500000 -0.240445 247 -0.240445 0.181540


0.215024 0.500000 -0.219577 236 -0.219577 0.215024


0.155576 0.500000 -0.163434 248 -0.163434 0.155576 
0.189546 0.500000 -0.195516 337 -0.195516 0.189546 
0.181540 0.500000 -0.240445 247 -0.240445 0.181540 
0.105594 0.500000 -0.221210 123 -0.221210 0.105594 
0.155576 0.500000 -0.163434 248 -0.163434 0.155576


0.158064 0.500000 -0.205151 237 -0.205151 0.158064


-0.184991 0.500000 0.220820 231 0.220820 -0.184991 
-0.150769 0.500000 0.224118 338 0.224118 -0.150769 
-0.126758 0.500000 0.201157 249 0.201157 -0.126758 
-0.194130 0.500000 0.146648 113 0.146648 -0.194130 
-0.184991 0.500000 0.220820 231 0.220820 -0.184991


-0.164162 0.500000 0.198186 238 0.198186 -0.164162


-0.143237 0.500000 0.255969 207 0.255969 -0.143237 
-0.150769 0.500000 0.224118 338 0.224118 -0.150769 
-0.184991 0.500000 0.220820 231 0.220820 -0.184991 
-0.219336 0.500000 0.277811 114 0.277811 -0.219336 
-0.143237 0.500000 0.255969 207 0.255969 -0.143237


-0.174583 0.500000 0.244680 239 0.244680 -0.174583


-0.126758 0.500000 0.201157 249 0.201157 -0.126758 
-0.150769 0.500000 0.224118 338 0.224118 -0.150769 
-0.143237 0.500000 0.255969 207 0.255969 -0.143237 
-0.061707 0.500000 0.283998 124 0.283998 -0.061707 
-0.126758 0.500000 0.201157 249 0.201157 -0.126758


-0.120618 0.500000 0.241311 240 0.241311 -0.120618


-0.083051 0.500000 0.191948 250 0.191948 -0.083051 
-0.061707 0.500000 0.283998 124 0.283998 -0.061707 
-0.031782 0.500000 0.216889 220 0.216889 -0.031782 
-0.060788 0.500000 0.125253 133 0.125253 -0.060788 
-0.083051 0.500000 0.191948 250 0.191948 -0.083051


-0.059332 0.500000 0.204522 242 0.204522 -0.059332


0.232857 0.500000 0.276848 236 0.276848 0.232857 
0.250535 0.500000 0.254814 340 0.254814 0.250535 
0.229960 0.500000 0.210888 251 0.210888 0.229960 
0.174030 0.500000 0.211030 116 0.211030 0.174030 
0.232857 0.500000 0.276848 236 0.276848 0.232857


0.221846 0.500000 0.238395 244 0.238395 0.221846


0.288787 0.500000 0.276706 154 0.276706 0.288787 
0.250535 0.500000 0.254814 340 0.254814 0.250535 
0.232857 0.500000 0.276848 236 0.276848 0.232857 
0.291684 0.500000 0.342667 11 0.342667 0.291684 
0.288787 0.500000 0.276706 154 0.276706 0.288787


0.265966 0.500000 0.287759 245 0.287759 0.265966


0.229960 0.500000 0.210888 251 0.210888 0.229960 
0.250535 0.500000 0.254814 340 0.254814 0.250535 
0.288787 0.500000 0.276706 154 0.276706 0.288787 
0.285891 0.500000 0.210746 125 0.210746 0.285891 
0.229960 0.500000 0.210888 251 0.210888 0.229960


0.263793 0.500000 0.238289 246 0.238289 0.263793


0.287817 0.500000 0.149039 253 0.149039 0.287817 
0.249888 0.500000 0.169703 341 0.169703 0.249888 
0.229960 0.500000 0.210888 251 0.210888 0.229960 
0.285891 0.500000 0.210746 125 0.210746 0.285891 
0.287817 0.500000 0.149039 253 0.149039 0.287817


0.263389 0.500000 0.185094 247 0.185094 0.263389


0.231886 0.500000 0.149181 252 0.149181 0.231886 
0.249888 0.500000 0.169703 341 0.169703 0.249888 
0.287817 0.500000 0.149039 253 0.149039 0.287817 
0.289743 0.500000 0.087332 130 0.087332 0.289743 
0.231886 0.500000 0.149181 252 0.149181 0.231886


0.264833 0.500000 0.138813 248 0.138813 0.264833


0.229960 0.500000 0.210888 251 0.210888 0.229960 
0.249888 0.500000 0.169703 341 0.169703 0.249888 
0.231886 0.500000 0.149181 252 0.149181 0.231886 
0.174030 0.500000 0.211030 116 0.211030 0.174030 
0.229960 0.500000 0.210888 251 0.210888 0.229960


0.221441 0.500000 0.185200 249 0.185200 0.221441


-0.081709 0.500000 -0.145577 234 -0.145577 -0.081709 
-0.041202 0.500000 -0.120787 342 -0.120787 -0.041202 
0.003684 0.500000 -0.124965 226 -0.124965 0.003684 
-0.046299 0.500000 -0.182741 112 -0.182741 -0.046299 
-0.081709 0.500000 -0.145577 234 -0.145577 -0.081709


-0.041382 0.500000 -0.143517 250 -0.143517 -0.041382


-0.052035 0.500000 -0.072469 196 -0.072469 -0.052035 
-0.041202 0.500000 -0.120787 342 -0.120787 -0.041202 
-0.081709 0.500000 -0.145577 234 -0.145577 -0.081709 
-0.118373 0.500000 -0.097885 132 -0.097885 -0.118373 
-0.052035 0.500000 -0.072469 196 -0.072469 -0.052035


-0.073330 0.500000 -0.109179 251 -0.109179 -0.073330


0.003684 0.500000 -0.124965 226 -0.124965 0.003684 
-0.041202 0.500000 -0.120787 342 -0.120787 -0.041202 
-0.052035 0.500000 -0.072469 196 -0.072469 -0.052035 
0.053666 0.500000 -0.067188 126 -0.067188 0.053666 
0.003684 0.500000 -0.124965 226 -0.124965 0.003684


-0.008972 0.500000 -0.096352 252 -0.096352 -0.008972


0.155576 0.500000 -0.163434 248 -0.163434 0.155576 
0.121606 0.500000 -0.131352 343 -0.131352 0.121606 
0.129613 0.500000 -0.086423 244 -0.086423 0.129613 
0.205559 0.500000 -0.105657 120 -0.105657 0.205559 
0.155576 0.500000 -0.163434 248 -0.163434 0.155576


0.153089 0.500000 -0.121716 253 -0.121716 0.153089


0.079630 0.500000 -0.144199 225 -0.144199 0.079630 
0.121606 0.500000 -0.131352 343 -0.131352 0.121606 
0.155576 0.500000 -0.163434 248 -0.163434 0.155576 
0.105594 0.500000 -0.221210 123 -0.221210 0.105594 
0.079630 0.500000 -0.144199 225 -0.144199 0.079630


0.115602 0.500000 -0.165049 254 -0.165049 0.115602


0.129613 0.500000 -0.086423 244 -0.086423 0.129613 
0.121606 0.500000 -0.131352 343 -0.131352 0.121606 
0.079630 0.500000 -0.144199 225 -0.144199 0.079630 
0.053666 0.500000 -0.067188 126 -0.067188 0.053666 
0.129613 0.500000 -0.086423 244 -0.086423 0.129613


0.096129 0.500000 -0.107290 255 -0.107290 0.096129


0.200699 0.500000 -0.383292 42 -0.383292 0.200699 
0.159225 0.500000 -0.368566 344 -0.368566 0.159225 
0.139315 0.500000 -0.351339 254 -0.351339 0.139315 
0.203332 0.500000 -0.363647 41 -0.363647 0.203332 
0.200699 0.500000 -0.383292 42 -0.383292 0.200699


0.175643 0.500000 -0.366711 256 -0.366711 0.175643


0.137661 0.500000 -0.371066 176 -0.371066 0.137661 
0.159225 0.500000 -0.368566 344 -0.368566 0.159225 
0.200699 0.500000 -0.383292 42 -0.383292 0.200699 
0.200024 0.500000 -0.403101 43 -0.403101 0.200024 
0.137661 0.500000 -0.371066 176 -0.371066 0.137661


0.174402 0.500000 -0.381506 257 -0.381506 0.174402


0.139315 0.500000 -0.351339 254 -0.351339 0.139315 
0.159225 0.500000 -0.368566 344 -0.368566 0.159225 
0.137661 0.500000 -0.371066 176 -0.371066 0.137661 
0.075297 0.500000 -0.339032 127 -0.339032 0.075297 
0.139315 0.500000 -0.351339 254 -0.351339 0.139315


0.127874 0.500000 -0.357501 258 -0.357501 0.127874


0.207896 0.500000 -0.344359 40 -0.344359 0.207896 
0.164011 0.500000 -0.342674 345 -0.342674 0.164011 
0.144822 0.500000 -0.332324 180 -0.332324 0.144822 
0.214347 0.500000 -0.325617 39 -0.325617 0.214347 
0.207896 0.500000 -0.344359 40 -0.344359 0.207896


0.182769 0.500000 -0.336244 259 -0.336244 0.182769


0.139315 0.500000 -0.351339 254 -0.351339 0.139315 
0.164011 0.500000 -0.342674 345 -0.342674 0.164011 
0.207896 0.500000 -0.344359 40 -0.344359 0.207896 
0.203332 0.500000 -0.363647 41 -0.363647 0.203332 
0.139315 0.500000 -0.351339 254 -0.351339 0.139315


0.178638 0.500000 -0.350505 260 -0.350505 0.178638


0.144822 0.500000 -0.332324 180 -0.332324 0.144822 
0.164011 0.500000 -0.342674 345 -0.342674 0.164011 
0.139315 0.500000 -0.351339 254 -0.351339 0.139315 
0.075297 0.500000 -0.339032 127 -0.339032 0.075297 
0.144822 0.500000 -0.332324 180 -0.332324 0.144822


0.130861 0.500000 -0.341342 261 -0.341342 0.130861


-0.046904 0.500000 0.414283 98 0.414283 -0.046904 
-0.067986 0.500000 0.399261 346 0.399261 -0.067986 
-0.078265 0.500000 0.402729 139 0.402729 -0.078265 
-0.055215 0.500000 0.423872 97 0.423872 -0.055215 
-0.046904 0.500000 0.414283 98 0.414283 -0.046904


-0.062093 0.500000 0.410036 262 0.410036 -0.062093


-0.065208 0.500000 0.387395 137 0.387395 -0.065208 
-0.067986 0.500000 0.399261 346 0.399261 -0.067986 
-0.046904 0.500000 0.414283 98 0.414283 -0.046904 
-0.038002 0.500000 0.405240 99 0.405240 -0.038002 
-0.065208 0.500000 0.387395 137 0.387395 -0.065208


-0.054525 0.500000 0.401545 263 0.401545 -0.054525


-0.078265 0.500000 0.402729 139 0.402729 -0.078265 
-0.067986 0.500000 0.399261 346 0.399261 -0.067986 
-0.065208 0.500000 0.387395 137 0.387395 -0.065208 
-0.100228 0.500000 0.380460 128 0.380460 -0.100228 
-0.078265 0.500000 0.402729 139 0.402729 -0.078265


-0.077922 0.500000 0.392461 264 0.392461 -0.077922


-0.104651 0.500000 0.437662 94 0.437662 -0.104651 
-0.108155 0.500000 0.413786 347 0.413786 -0.108155 
-0.119436 0.500000 0.404304 211 0.404304 -0.119436 
-0.138723 0.500000 0.428084 93 0.428084 -0.138723 
-0.104651 0.500000 0.437662 94 0.437662 -0.104651


-0.117741 0.500000 0.420959 265 0.420959 -0.117741


-0.097391 0.500000 0.408958 138 0.408958 -0.097391 
-0.108155 0.500000 0.413786 347 0.413786 -0.108155 
-0.104651 0.500000 0.437662 94 0.437662 -0.104651 
-0.069931 0.500000 0.444533 95 0.444533 -0.069931 
-0.097391 0.500000 0.408958 138 0.408958 -0.097391


-0.095032 0.500000 0.426235 266 0.426235 -0.095032


-0.119436 0.500000 0.404304 211 0.404304 -0.119436 
-0.108155 0.500000 0.413786 347 0.413786 -0.108155 
-0.097391 0.500000 0.408958 138 0.408958 -0.097391 
-0.100228 0.500000 0.380460 128 0.380460 -0.100228 
-0.119436 0.500000 0.404304 211 0.404304 -0.119436


-0.106302 0.500000 0.401877 267 0.401877 -0.106302


-0.350569 0.500000 -0.084931 70 -0.084931 -0.350569 
-0.309411 0.500000 -0.075668 348 -0.075668 -0.309411 
-0.288047 0.500000 -0.081431 255 -0.081431 -0.288047 
-0.350084 0.500000 -0.105803 69 -0.105803 -0.350084 
-0.350569 0.500000 -0.084931 70 -0.084931 -0.350569


-0.324528 0.500000 -0.086958 268 -0.086958 -0.324528


-0.289618 0.500000 -0.060642 188 -0.060642 -0.289618 
-0.309411 0.500000 -0.075668 348 -0.075668 -0.309411 
-0.350569 0.500000 -0.084931 70 -0.084931 -0.350569 
-0.353226 0.500000 -0.064223 71 -0.064223 -0.353226 
-0.289618 0.500000 -0.060642 188 -0.060642 -0.289618


-0.325706 0.500000 -0.071366 269 -0.071366 -0.325706


-0.288047 0.500000 -0.081431 255 -0.081431 -0.288047 
-0.309411 0.500000 -0.075668 348 -0.075668 -0.309411 
-0.289618 0.500000 -0.060642 188 -0.060642 -0.289618 
-0.248151 0.500000 -0.068551 129 -0.068551 -0.248151 
-0.288047 0.500000 -0.081431 255 -0.081431 -0.288047


-0.283807 0.500000 -0.071573 270 -0.071573 -0.283807


-0.276338 0.500000 -0.166457 191 -0.166457 -0.276338 
-0.259562 0.500000 -0.129991 349 -0.129991 -0.259562 
-0.223241 0.500000 -0.133149 256 -0.133149 -0.223241 
-0.202591 0.500000 -0.227112 119 -0.227112 -0.202591 
-0.276338 0.500000 -0.166457 191 -0.166457 -0.276338


-0.240433 0.500000 -0.164177 271 -0.164177 -0.240433


-0.288047 0.500000 -0.081431 255 -0.081431 -0.288047 
-0.259562 0.500000 -0.129991 349 -0.129991 -0.259562 
-0.276338 0.500000 -0.166457 191 -0.166457 -0.276338 
-0.350084 0.500000 -0.105803 69 -0.105803 -0.350084 
-0.288047 0.500000 -0.081431 255 -0.081431 -0.288047


-0.293508 0.500000 -0.120921 272 -0.120921 -0.293508


-0.223241 0.500000 -0.133149 256 -0.133149 -0.223241 
-0.259562 0.500000 -0.129991 349 -0.129991 -0.259562 
-0.288047 0.500000 -0.081431 255 -0.081431 -0.288047 
-0.248151 0.500000 -0.068551 129 -0.068551 -0.248151 
-0.223241 0.500000 -0.133149 256 -0.133149 -0.223241


-0.254750 0.500000 -0.103281 273 -0.103281 -0.254750


0.341821 0.500000 0.210604 160 0.210604 0.341821 
0.324461 0.500000 0.169513 350 0.169513 0.324461 
0.287817 0.500000 0.149039 253 0.149039 0.287817 
0.285891 0.500000 0.210746 125 0.210746 0.285891 
0.341821 0.500000 0.210604 160 0.210604 0.341821


0.309997 0.500000 0.184975 274 0.184975 0.309997


0.343747 0.500000 0.148897 217 0.148897 0.343747 
0.324461 0.500000 0.169513 350 0.169513 0.324461 
0.341821 0.500000 0.210604 160 0.210604 0.341821 
0.397751 0.500000 0.210462 15 0.210462 0.397751 
0.343747 0.500000 0.148897 217 0.148897 0.343747


0.351945 0.500000 0.184869 275 0.184869 0.351945


0.287817 0.500000 0.149039 253 0.149039 0.287817 
0.324461 0.500000 0.169513 350 0.169513 0.324461 
0.343747 0.500000 0.148897 217 0.148897 0.343747 
0.289743 0.500000 0.087332 130 0.087332 0.289743 
0.287817 0.500000 0.149039 253 0.149039 0.287817


0.311442 0.500000 0.138695 276 0.138695 0.311442


0.163831 0.500000 0.129697 239 0.129697 0.163831 
0.205801 0.500000 0.115575 351 0.115575 0.205801 
0.221687 0.500000 0.067848 240 0.067848 0.221687 
0.153632 0.500000 0.048365 111 0.048365 0.153632 
0.163831 0.500000 0.129697 239 0.129697 0.163831


0.186238 0.500000 0.090371 277 0.090371 0.186238


0.231886 0.500000 0.149181 252 0.149181 0.231886 
0.205801 0.500000 0.115575 351 0.115575 0.205801 
0.163831 0.500000 0.129697 239 0.129697 0.163831 
0.174030 0.500000 0.211030 116 0.211030 0.174030 
0.231886 0.500000 0.149181 252 0.149181 0.231886


0.193887 0.500000 0.151371 278 0.151371 0.193887


0.221687 0.500000 0.067848 240 0.067848 0.221687 
0.205801 0.500000 0.115575 351 0.115575 0.205801 
0.231886 0.500000 0.149181 252 0.149181 0.231886 
0.289743 0.500000 0.087332 130 0.087332 0.289743 
0.221687 0.500000 0.067848 240 0.067848 0.221687


0.237279 0.500000 0.104984 279 0.104984 0.237279


0.094551 0.500000 0.203323 144 0.203323 0.094551 
0.081168 0.500000 0.162991 352 0.162991 0.081168 
0.048736 0.500000 0.141639 230 0.141639 0.048736 
0.022036 0.500000 0.183305 117 0.183305 0.022036 
0.094551 0.500000 0.203323 144 0.203323 0.094551


0.061623 0.500000 0.172815 280 0.172815 0.061623


0.102774 0.500000 0.136544 238 0.136544 0.102774 
0.081168 0.500000 0.162991 352 0.162991 0.081168 
0.094551 0.500000 0.203323 144 0.203323 0.094551 
0.174030 0.500000 0.211030 116 0.211030 0.174030 
0.102774 0.500000 0.136544 238 0.136544 0.102774


0.113131 0.500000 0.178472 281 0.178472 0.113131


0.048736 0.500000 0.141639 230 0.141639 0.048736 
0.081168 0.500000 0.162991 352 0.162991 0.081168 
0.102774 0.500000 0.136544 238 0.136544 0.102774 
0.036360 0.500000 0.065460 131 0.065460 0.036360 
0.048736 0.500000 0.141639 230 0.141639 0.048736


0.067259 0.500000 0.126659 282 0.126659 0.067259


-0.021099 0.500000 0.024846 235 0.024846 -0.021099 
-0.041845 0.500000 0.055162 353 0.055162 -0.041845 
-0.010013 0.500000 0.107909 228 0.107909 -0.010013 
0.036360 0.500000 0.065460 131 0.065460 0.036360 
-0.021099 0.500000 0.024846 235 0.024846 -0.021099


-0.009149 0.500000 0.063344 283 0.063344 -0.009149


-0.087844 0.500000 0.057065 257 0.057065 -0.087844 
-0.041845 0.500000 0.055162 353 0.055162 -0.041845 
-0.021099 0.500000 0.024846 235 0.024846 -0.021099 
-0.102230 0.500000 -0.004017 115 -0.004017 -0.102230 
-0.087844 0.500000 0.057065 257 0.057065 -0.087844


-0.063254 0.500000 0.033264 284 0.033264 -0.063254


-0.010013 0.500000 0.107909 228 0.107909 -0.010013 
-0.041845 0.500000 0.055162 353 0.055162 -0.041845 
-0.087844 0.500000 0.057065 257 0.057065 -0.087844 
-0.060788 0.500000 0.125253 133 0.125253 -0.060788 
-0.010013 0.500000 0.107909 228 0.107909 -0.010013


-0.050123 0.500000 0.086347 285 0.086347 -0.050123


-0.151155 0.500000 -0.057475 223 -0.057475 -0.151155 
-0.118373 0.500000 -0.097885 132 -0.097885 -0.118373 
-0.179215 0.500000 -0.100142 258 -0.100142 -0.179215 
-0.248151 0.500000 -0.068551 129 -0.068551 -0.248151 
-0.151155 0.500000 -0.057475 223 -0.057475 -0.151155


-0.174223 0.500000 -0.081013 286 -0.081013 -0.174223


-0.052035 0.500000 -0.072469 196 -0.072469 -0.052035 
-0.118373 0.500000 -0.097885 132 -0.097885 -0.118373 
-0.151155 0.500000 -0.057475 223 -0.057475 -0.151155 
-0.102230 0.500000 -0.004017 115 -0.004017 -0.102230 
-0.052035 0.500000 -0.072469 196 -0.072469 -0.052035


-0.105948 0.500000 -0.057961 287 -0.057961 -0.105948


-0.223241 0.500000 -0.133149 256 -0.133149 -0.223241 
-0.186806 0.500000 -0.134401 355 -0.134401 -0.186806 
-0.161679 0.500000 -0.161718 233 -0.161718 -0.161679 
-0.202591 0.500000 -0.227112 119 -0.227112 -0.202591 
-0.223241 0.500000 -0.133149 256 -0.133149 -0.223241


-0.193579 0.500000 -0.164095 289 -0.164095 -0.193579


-0.179215 0.500000 -0.100142 258 -0.100142 -0.179215 
-0.186806 0.500000 -0.134401 355 -0.134401 -0.186806 
-0.223241 0.500000 -0.133149 256 -0.133149 -0.223241 
-0.248151 0.500000 -0.068551 129 -0.068551 -0.248151 
-0.179215 0.500000 -0.100142 258 -0.100142 -0.179215


-0.209353 0.500000 -0.109061 290 -0.109061 -0.209353


-0.161679 0.500000 -0.161718 233 -0.161718 -0.161679 
-0.186806 0.500000 -0.134401 355 -0.134401 -0.186806 
-0.179215 0.500000 -0.100142 258 -0.100142 -0.179215 
-0.118373 0.500000 -0.097885 132 -0.097885 -0.118373 
-0.161679 0.500000 -0.161718 233 -0.161718 -0.161679


-0.161518 0.500000 -0.123536 291 -0.123536 -0.161518


-0.126758 0.500000 0.201157 249 0.201157 -0.126758 
-0.110839 0.500000 0.171873 356 0.171873 -0.110839 
-0.132179 0.500000 0.137517 214 0.137517 -0.132179 
-0.194130 0.500000 0.146648 113 0.146648 -0.194130 
-0.126758 0.500000 0.201157 249 0.201157 -0.126758


-0.140977 0.500000 0.164299 292 0.164299 -0.140977


-0.083051 0.500000 0.191948 250 0.191948 -0.083051 
-0.110839 0.500000 0.171873 356 0.171873 -0.110839 
-0.126758 0.500000 0.201157 249 0.201157 -0.126758 
-0.061707 0.500000 0.283998 124 0.283998 -0.061707 
-0.083051 0.500000 0.191948 250 0.191948 -0.083051


-0.095589 0.500000 0.212244 293 0.212244 -0.095589


-0.132179 0.500000 0.137517 214 0.137517 -0.132179 
-0.110839 0.500000 0.171873 356 0.171873 -0.110839 
-0.083051 0.500000 0.191948 250 0.191948 -0.083051 
-0.060788 0.500000 0.125253 133 0.125253 -0.060788 
-0.132179 0.500000 0.137517 214 0.137517 -0.132179


-0.096714 0.500000 0.156648 294 0.156648 -0.096714


-0.295466 0.500000 -0.040629 187 -0.040629 -0.295466 
-0.259099 0.500000 -0.009125 359 -0.009125 -0.259099 
-0.206384 0.500000 -0.001940 221 -0.001940 -0.206384 
-0.248151 0.500000 -0.068551 129 -0.068551 -0.248151 
-0.295466 0.500000 -0.040629 187 -0.040629 -0.295466


-0.252275 0.500000 -0.030061 301 -0.030061 -0.252275


-0.270214 0.500000 0.016771 184 0.016771 -0.270214 
-0.259099 0.500000 -0.009125 359 -0.009125 -0.259099 
-0.295466 0.500000 -0.040629 187 -0.040629 -0.295466 
-0.364921 0.500000 -0.024198 73 -0.024198 -0.364921 
-0.270214 0.500000 0.016771 184 0.016771 -0.270214


-0.297425 0.500000 -0.014295 302 -0.014295 -0.297425


-0.206384 0.500000 -0.001940 221 -0.001940 -0.206384 
-0.259099 0.500000 -0.009125 359 -0.009125 -0.259099 
-0.270214 0.500000 0.016771 184 0.016771 -0.270214 
-0.165989 0.500000 0.069981 134 0.069981 -0.165989 
-0.206384 0.500000 -0.001940 221 -0.001940 -0.206384


-0.225421 0.500000 0.018922 303 0.018922 -0.225421


