-0.732717 0.630087 -0.018671 97 5.131169 0.130087 
-0.738513 0.642011 -0.033196 188 5.052957 0.142011 
-0.742696 0.668016 -0.046443 50 4.983481 0.168016 
-0.739577 0.672094 -0.036276 49 5.036661 0.172094 
-0.732717 0.630087 -0.018671 97 5.131169 0.130087


-0.738640 0.653052 -0.033554 1 5.051058 0.153052


-0.738592 0.615752 -0.033420 96 5.051768 0.115752 
-0.738513 0.642011 -0.033196 188 5.052957 0.142011 
-0.732717 0.630087 -0.018671 97 5.131169 0.130087 
-0.725792 0.586771 -0.004620 95 5.209513 0.086771 
-0.738592 0.615752 -0.033420 96 5.051768 0.115752


-0.734295 0.618655 -0.022312 2 5.111329 0.118655


-0.742696 0.668016 -0.046443 50 4.983481 0.168016 
-0.738513 0.642011 -0.033196 188 5.052957 0.142011 
-0.738592 0.615752 -0.033420 96 5.051768 0.115752 
-0.745299 0.664299 -0.056890 51 4.929643 0.164299 
-0.742696 0.668016 -0.046443 50 4.983481 0.168016


-0.741529 0.647520 -0.042411 3 5.004471 0.147520


-0.747569 0.660600 -0.068911 52 4.868467 0.160600 
-0.747138 0.607160 -0.066287 189 4.881764 0.107160 
-0.747894 0.578723 -0.071053 99 4.857635 0.078723 
-0.749114 0.657445 -0.081199 53 4.806531 0.157445 
-0.747569 0.660600 -0.068911 52 4.868467 0.160600


-0.748009 0.625982 -0.071851 4 4.853602 0.125982


-0.745739 0.582150 -0.058934 98 4.919191 0.082150 
-0.747138 0.607160 -0.066287 189 4.881764 0.107160 
-0.747569 0.660600 -0.068911 52 4.868467 0.160600 
-0.745299 0.664299 -0.056890 51 4.929643 0.164299 
-0.745739 0.582150 -0.058934 98 4.919191 0.082150


-0.746499 0.628552 -0.062743 5 4.899766 0.128552


-0.747894 0.578723 -0.071053 99 4.857635 0.078723 
-0.747138 0.607160 -0.066287 189 4.881764 0.107160 
-0.745739 0.582150 -0.058934 98 4.919191 0.082150 
-0.746157 0.500000 -0.060982 19 4.908739 0.000000 
-0.747894 0.578723 -0.071053 99 4.857635 0.078723


-0.746789 0.567008 -0.064304 6 4.891833 0.067008


-0.697761 0.653564 -0.234783 101 3.972891 0.153564 
-0.692795 0.659822 -0.240034 190 3.936752 0.159822 
-0.697776 0.676752 -0.234768 64 3.972997 0.176752 
-0.707030 0.670817 -0.223862 63 4.044528 0.170817 
-0.697761 0.653564 -0.234783 101 3.972891 0.153564


-0.698954 0.665239 -0.233464 7 3.981786 0.165239


-0.681967 0.654093 -0.250282 100 3.862192 0.154093 
-0.692795 0.659822 -0.240034 190 3.936752 0.159822 
-0.697761 0.653564 -0.234783 101 3.972891 0.153564 
-0.688392 0.636272 -0.244387 82 3.905796 0.136272 
-0.681967 0.654093 -0.250282 100 3.862192 0.154093


-0.690345 0.650938 -0.242489 8 3.919409 0.150938


-0.697776 0.676752 -0.234768 64 3.972997 0.176752 
-0.692795 0.659822 -0.240034 190 3.936752 0.159822 
-0.681967 0.654093 -0.250282 100 3.862192 0.154093 
-0.687938 0.683230 -0.244821 65 3.902656 0.183230 
-0.697776 0.676752 -0.234768 64 3.972997 0.176752


-0.690237 0.668474 -0.242596 9 3.918650 0.168474


-0.624173 0.517570 -0.285737 103 3.521532 0.017570 
-0.636224 0.518241 -0.280459 191 3.587325 0.018241 
-0.644279 0.500000 -0.276384 6 3.632467 0.000000 
-0.626537 0.500000 -0.284776 5 3.534292 0.000000 
-0.624173 0.517570 -0.285737 103 3.521532 0.017570


-0.632884 0.508953 -0.282017 10 3.568899 0.008953


-0.656831 0.534572 -0.269077 102 3.705101 0.034572 
-0.636224 0.518241 -0.280459 191 3.587325 0.018241 
-0.624173 0.517570 -0.285737 103 3.521532 0.017570 
-0.616074 0.535104 -0.288770 92 3.478288 0.035104 
-0.656831 0.534572 -0.269077 102 3.705101 0.034572


-0.633631 0.526372 -0.281675 11 3.573006 0.026372


-0.644279 0.500000 -0.276384 6 3.632467 0.000000 
-0.636224 0.518241 -0.280459 191 3.587325 0.018241 
-0.656831 0.534572 -0.269077 102 3.705101 0.034572 
-0.661114 0.500000 -0.266294 7 3.730641 0.000000 
-0.644279 0.500000 -0.276384 6 3.632467 0.000000


-0.649774 0.513203 -0.273335 12 3.663888 0.013203


-0.573703 0.762698 -0.298590 72 3.260387 0.262698 
-0.570105 0.723625 -0.298987 193 3.242287 0.223625 
-0.550000 0.709567 -0.300000 74 3.141593 0.209567 
-0.550000 0.779423 -0.300000 73 3.141593 0.279423 
-0.573703 0.762698 -0.298590 72 3.260387 0.262698


-0.560969 0.743828 -0.299699 16 3.196464 0.243828


-0.586438 0.698610 -0.296653 107 3.324806 0.198610 
-0.570105 0.723625 -0.298987 193 3.242287 0.223625 
-0.573703 0.762698 -0.298590 72 3.260387 0.262698 
-0.597185 0.746140 -0.294354 71 3.379765 0.246140 
-0.586438 0.698610 -0.296653 107 3.324806 0.198610


-0.581905 0.732769 -0.297439 17 3.301803 0.232769


-0.550000 0.709567 -0.300000 74 3.141593 0.209567 
-0.570105 0.723625 -0.298987 193 3.242287 0.223625 
-0.586438 0.698610 -0.296653 107 3.324806 0.198610 
-0.550000 0.639711 -0.300000 75 3.141593 0.139711 
-0.550000 0.709567 -0.300000 74 3.141593 0.209567


-0.564177 0.692879 -0.299497 18 3.212539 0.192879


-0.671100 0.597576 -0.259169 108 3.791988 0.097576 
-0.651958 0.614192 -0.272060 77 3.676535 0.114192 
-0.662014 0.632120 -0.265689 111 3.736060 0.132120 
-0.688392 0.636272 -0.244387 82 3.905796 0.136272 
-0.671100 0.597576 -0.259169 108 3.791988 0.097576


-0.668790 0.620040 -0.260900 24 3.777553 0.120040


-0.749933 0.576238 -0.105178 117 4.686498 0.076238 
-0.749768 0.550808 -0.090367 197 4.760572 0.050808 
-0.749037 0.500000 -0.080397 18 4.810564 0.000000 
-0.750000 0.500000 -0.100000 17 4.712389 0.000000 
-0.749933 0.576238 -0.105178 117 4.686498 0.076238


-0.749909 0.531761 -0.093979 28 4.742501 0.031761


-0.749478 0.576238 -0.085556 116 4.784673 0.076238 
-0.749768 0.550808 -0.090367 197 4.760572 0.050808 
-0.749933 0.576238 -0.105178 117 4.686498 0.076238 
-0.749732 0.652476 -0.110352 55 4.660608 0.152476 
-0.749478 0.576238 -0.085556 116 4.784673 0.076238


-0.749989 0.588940 -0.097860 29 4.723088 0.088940


-0.749037 0.500000 -0.080397 18 4.810564 0.000000 
-0.749768 0.550808 -0.090367 197 4.760572 0.050808 
-0.749478 0.576238 -0.085556 116 4.784673 0.076238 
-0.746157 0.500000 -0.060982 19 4.908739 0.000000 
-0.749037 0.500000 -0.080397 18 4.810564 0.000000


-0.748925 0.531761 -0.079293 30 4.816112 0.031761


-0.747894 0.578723 -0.071053 99 4.857635 0.078723 
-0.749365 0.603189 -0.084077 198 4.792086 0.103189 
-0.749954 0.654533 -0.095691 54 4.733934 0.154533 
-0.749114 0.657445 -0.081199 53 4.806531 0.157445 
-0.747894 0.578723 -0.071053 99 4.857635 0.078723


-0.749275 0.623472 -0.082989 31 4.797548 0.123472


-0.749478 0.576238 -0.085556 116 4.784673 0.076238 
-0.749365 0.603189 -0.084077 198 4.792086 0.103189 
-0.747894 0.578723 -0.071053 99 4.857635 0.078723 
-0.746157 0.500000 -0.060982 19 4.908739 0.000000 
-0.749478 0.576238 -0.085556 116 4.784673 0.076238


-0.748480 0.564537 -0.075385 32 4.835776 0.064537


-0.749954 0.654533 -0.095691 54 4.733934 0.154533 
-0.749365 0.603189 -0.084077 198 4.792086 0.103189 
-0.749478 0.576238 -0.085556 116 4.784673 0.076238 
-0.749732 0.652476 -0.110352 55 4.660608 0.152476 
-0.749954 0.654533 -0.095691 54 4.733934 0.154533


-0.749907 0.621609 -0.093911 33 4.742840 0.121609


-0.693834 0.541167 -0.238967 170 3.944198 0.041167 
-0.718166 0.581465 -0.208260 79 4.140404 0.081465 
-0.704602 0.500000 -0.226879 10 4.025166 0.000000 
-0.691421 0.500000 -0.241421 9 3.926991 0.000000 
-0.693834 0.541167 -0.238967 170 3.944198 0.041167


-0.702548 0.530658 -0.229341 34 4.009130 0.030658


-0.704602 0.500000 -0.226879 10 4.025166 0.000000 
-0.718166 0.581465 -0.208260 79 4.140404 0.081465 
-0.725471 0.537976 -0.195969 123 4.211910 0.037976 
-0.716294 0.500000 -0.211114 11 4.123340 0.000000 
-0.704602 0.500000 -0.226879 10 4.025166 0.000000


-0.716502 0.529860 -0.210801 36 4.125220 0.029860


-0.704004 0.637598 -0.227604 120 4.020465 0.137598 
-0.718166 0.581465 -0.208260 79 4.140404 0.081465 
-0.698661 0.594274 -0.233791 122 3.979587 0.094274 
-0.688392 0.636272 -0.244387 82 3.905796 0.136272 
-0.704004 0.637598 -0.227604 120 4.020465 0.137598


-0.702857 0.612402 -0.228976 38 4.011524 0.112402


-0.729982 0.618990 -0.187216 125 4.261152 0.118990 
-0.718166 0.581465 -0.208260 79 4.140404 0.081465 
-0.704004 0.637598 -0.227604 120 4.020465 0.137598 
-0.723448 0.660902 -0.199578 61 4.191225 0.160902 
-0.729982 0.618990 -0.187216 125 4.261152 0.118990


-0.719554 0.624739 -0.206073 39 4.153355 0.124739


-0.725471 0.537976 -0.195969 123 4.211910 0.037976 
-0.718166 0.581465 -0.208260 79 4.140404 0.081465 
-0.729982 0.618990 -0.187216 125 4.261152 0.118990 
-0.736344 0.588393 -0.172635 81 4.340718 0.088393 
-0.725471 0.537976 -0.195969 123 4.211910 0.037976


-0.727964 0.581706 -0.191263 41 4.238541 0.081706


-0.741528 0.652151 -0.157594 58 4.420282 0.152151 
-0.739736 0.627300 -0.163247 203 4.390628 0.127300 
-0.736056 0.615617 -0.173369 127 4.336775 0.115617 
-0.736471 0.654156 -0.172308 59 4.342469 0.154156 
-0.741528 0.652151 -0.157594 58 4.420282 0.152151


-0.738561 0.637306 -0.166670 46 4.372537 0.137306


-0.741211 0.614124 -0.158637 126 4.414833 0.114124 
-0.739736 0.627300 -0.163247 203 4.390628 0.127300 
-0.741528 0.652151 -0.157594 58 4.420282 0.152151 
-0.745446 0.651170 -0.142436 57 4.498586 0.151170 
-0.741211 0.614124 -0.158637 126 4.414833 0.114124


-0.742138 0.636186 -0.155524 47 4.431072 0.136186


-0.736056 0.615617 -0.173369 127 4.336775 0.115617 
-0.739736 0.627300 -0.163247 203 4.390628 0.127300 
-0.741211 0.614124 -0.158637 126 4.414833 0.114124 
-0.736344 0.588393 -0.172635 81 4.340718 0.088393 
-0.736056 0.615617 -0.173369 127 4.336775 0.115617


-0.738441 0.611359 -0.167009 48 4.370737 0.111359


-0.735209 0.538539 -0.175483 129 4.325385 0.038539 
-0.739629 0.525689 -0.163569 204 4.388934 0.025689 
-0.741388 0.500000 -0.158057 14 4.417865 0.000000 
-0.734776 0.500000 -0.176537 13 4.319690 0.000000 
-0.735209 0.538539 -0.175483 129 4.325385 0.038539


-0.737914 0.516057 -0.168471 49 4.362966 0.016057


-0.741716 0.538539 -0.156966 128 4.423560 0.038539 
-0.739629 0.525689 -0.163569 204 4.388934 0.025689 
-0.735209 0.538539 -0.175483 129 4.325385 0.038539 
-0.736344 0.588393 -0.172635 81 4.340718 0.088393 
-0.741716 0.538539 -0.156966 128 4.423560 0.038539


-0.738367 0.547790 -0.167214 50 4.369647 0.047790


-0.741388 0.500000 -0.158057 14 4.417865 0.000000 
-0.739629 0.525689 -0.163569 204 4.388934 0.025689 
-0.741716 0.538539 -0.156966 128 4.423560 0.038539 
-0.746157 0.500000 -0.139018 15 4.516039 0.000000 
-0.741388 0.500000 -0.158057 14 4.417865 0.000000


-0.742441 0.516057 -0.154464 51 4.436584 0.016057


-0.741211 0.614124 -0.158637 126 4.414833 0.114124 
-0.746078 0.576099 -0.139415 205 4.514014 0.076099 
-0.746376 0.538539 -0.137900 131 4.521734 0.038539 
-0.736344 0.588393 -0.172635 81 4.340718 0.088393 
-0.741211 0.614124 -0.158637 126 4.414833 0.114124


-0.743043 0.579289 -0.152293 52 4.447848 0.079289


-0.748858 0.575585 -0.121340 130 4.605487 0.075585 
-0.746078 0.576099 -0.139415 205 4.514014 0.076099 
-0.741211 0.614124 -0.158637 126 4.414833 0.114124 
-0.745446 0.651170 -0.142436 57 4.498586 0.151170 
-0.748858 0.575585 -0.121340 130 4.605487 0.075585


-0.745846 0.604244 -0.140550 53 4.508225 0.104244


-0.746376 0.538539 -0.137900 131 4.521734 0.038539 
-0.746078 0.576099 -0.139415 205 4.514014 0.076099 
-0.748858 0.575585 -0.121340 130 4.605487 0.075585 
-0.750000 0.500000 -0.100000 17 4.712389 0.000000 
-0.746376 0.538539 -0.137900 131 4.521734 0.038539


-0.748464 0.547556 -0.124743 54 4.588356 0.047556


-0.741716 0.538539 -0.156966 128 4.423560 0.038539 
-0.746303 0.525615 -0.138275 206 4.519825 0.025615 
-0.749037 0.500000 -0.119603 16 4.614214 0.000000 
-0.746157 0.500000 -0.139018 15 4.516039 0.000000 
-0.741716 0.538539 -0.156966 128 4.423560 0.038539


-0.746249 0.516039 -0.138553 55 4.518408 0.016039


-0.746376 0.538539 -0.137900 131 4.521734 0.038539 
-0.746303 0.525615 -0.138275 206 4.519825 0.025615 
-0.741716 0.538539 -0.156966 128 4.423560 0.038539 
-0.736344 0.588393 -0.172635 81 4.340718 0.088393 
-0.746376 0.538539 -0.137900 131 4.521734 0.038539


-0.743232 0.547772 -0.151590 56 4.451489 0.047772


-0.749037 0.500000 -0.119603 16 4.614214 0.000000 
-0.746303 0.525615 -0.138275 206 4.519825 0.025615 
-0.746376 0.538539 -0.137900 131 4.521734 0.038539 
-0.750000 0.500000 -0.100000 17 4.712389 0.000000 
-0.749037 0.500000 -0.119603 16 4.614214 0.000000


-0.748552 0.516039 -0.124020 57 4.591998 0.016039


-0.696655 0.660829 0.035986 186 5.460059 0.160829 
-0.696662 0.660856 0.035979 207 5.460008 0.160856 
-0.697256 0.676846 0.035335 133 5.455629 0.176846 
-0.687428 0.662393 0.045305 88 5.525642 0.162393 
-0.696655 0.660829 0.035986 186 5.460059 0.160829


-0.694561 0.665231 0.038210 58 5.475330 0.165231


-0.703668 0.673649 0.028009 132 5.406944 0.173649 
-0.696662 0.660856 0.035979 207 5.460008 0.160856 
-0.696655 0.660829 0.035986 186 5.460059 0.160829 
-0.707670 0.658797 0.023045 91 5.375063 0.158797 
-0.703668 0.673649 0.028009 132 5.406944 0.173649


-0.701263 0.663533 0.030841 59 5.425521 0.163533


-0.697256 0.676846 0.035335 133 5.455629 0.176846 
-0.696662 0.660856 0.035979 207 5.460008 0.160856 
-0.703668 0.673649 0.028009 132 5.406944 0.173649 
-0.707113 0.706701 0.023755 45 5.379574 0.206701 
-0.697256 0.676846 0.035335 133 5.455629 0.176846


-0.701261 0.679513 0.030844 60 5.425540 0.179513


-0.708645 0.610921 0.021785 155 5.367096 0.110921 
-0.715967 0.637567 0.011602 208 5.304378 0.137567 
-0.716456 0.661796 0.010871 136 5.299977 0.161796 
-0.707670 0.658797 0.023045 91 5.375063 0.158797 
-0.708645 0.610921 0.021785 155 5.367096 0.110921


-0.712282 0.642270 0.016896 61 5.336628 0.142270


-0.723615 0.646133 -0.000713 135 5.231878 0.146133 
-0.715967 0.637567 0.011602 208 5.304378 0.137567 
-0.708645 0.610921 0.021785 155 5.367096 0.110921 
-0.725792 0.586771 -0.004620 95 5.209513 0.086771 
-0.723615 0.646133 -0.000713 135 5.231878 0.146133


-0.718830 0.620348 0.007221 62 5.278204 0.120348


-0.716456 0.661796 0.010871 136 5.299977 0.161796 
-0.715967 0.637567 0.011602 208 5.304378 0.137567 
-0.723615 0.646133 -0.000713 135 5.231878 0.146133 
-0.724735 0.689022 -0.002698 47 5.220478 0.189022 
-0.716456 0.661796 0.010871 136 5.299977 0.161796


-0.720318 0.658630 0.004842 63 5.264178 0.158630


-0.574640 0.729936 0.098476 138 6.159673 0.229936 
-0.566487 0.763072 0.099319 209 6.200659 0.263072 
-0.550000 0.746867 0.100000 36 6.283185 0.246867 
-0.550000 0.664578 0.100000 35 6.283185 0.164578 
-0.574640 0.729936 0.098476 138 6.159673 0.229936


-0.560296 0.726113 0.099735 64 6.231681 0.226113


-0.574749 0.812385 0.098463 38 6.159123 0.312385 
-0.566487 0.763072 0.099319 209 6.200659 0.263072 
-0.574640 0.729936 0.098476 138 6.159673 0.229936 
-0.598904 0.795293 0.093929 39 6.036160 0.295293 
-0.574749 0.812385 0.098463 38 6.159123 0.312385


-0.578749 0.775171 0.097923 65 6.138939 0.275171


-0.550000 0.746867 0.100000 36 6.283185 0.246867 
-0.566487 0.763072 0.099319 209 6.200659 0.263072 
-0.574749 0.812385 0.098463 38 6.159123 0.312385 
-0.550000 0.829156 0.100000 37 6.283185 0.329156 
-0.550000 0.746867 0.100000 36 6.283185 0.246867


-0.560324 0.787870 0.099733 66 6.231544 0.287870


-0.569603 0.500000 0.099037 32 6.185011 0.000000 
-0.563080 0.554850 0.099572 210 6.217736 0.054850 
-0.550000 0.582289 0.100000 34 6.283185 0.082289 
-0.550000 0.500000 0.100000 33 6.283185 0.000000 
-0.569603 0.500000 0.099037 32 6.185011 0.000000


-0.558178 0.534285 0.099833 67 6.242282 0.034285


-0.570248 0.582621 0.098972 139 6.181773 0.082621 
-0.563080 0.554850 0.099572 210 6.217736 0.054850 
-0.569603 0.500000 0.099037 32 6.185011 0.000000 
-0.589018 0.500000 0.096157 31 6.086836 0.000000 
-0.570248 0.582621 0.098972 139 6.181773 0.082621


-0.573015 0.534368 0.098671 68 6.167856 0.034368


-0.550000 0.582289 0.100000 34 6.283185 0.082289 
-0.563080 0.554850 0.099572 210 6.217736 0.054850 
-0.570248 0.582621 0.098972 139 6.181773 0.082621 
-0.550000 0.664578 0.100000 35 6.283185 0.164578 
-0.550000 0.582289 0.100000 34 6.283185 0.082289


-0.558340 0.596084 0.099826 69 6.241473 0.096084


-0.726384 0.500000 -0.005721 22 5.203263 0.000000 
-0.725182 0.525491 -0.003505 211 5.215867 0.025491 
-0.718187 0.532788 0.008227 141 5.284174 0.032788 
-0.716294 0.500000 0.011114 23 5.301438 0.000000 
-0.726384 0.500000 -0.005721 22 5.203263 0.000000


-0.721665 0.514570 0.002621 70 5.251185 0.014570


-0.730695 0.543478 -0.014271 140 5.155379 0.043478 
-0.725182 0.525491 -0.003505 211 5.215867 0.025491 
-0.726384 0.500000 -0.005721 22 5.203263 0.000000 
-0.734776 0.500000 -0.023463 21 5.105088 0.000000 
-0.730695 0.543478 -0.014271 140 5.155379 0.043478


-0.729430 0.517242 -0.011656 71 5.169905 0.017242


-0.718187 0.532788 0.008227 141 5.284174 0.032788 
-0.725182 0.525491 -0.003505 211 5.215867 0.025491 
-0.730695 0.543478 -0.014271 140 5.155379 0.043478 
-0.725792 0.586771 -0.004620 95 5.209513 0.086771 
-0.718187 0.532788 0.008227 141 5.284174 0.032788


-0.725147 0.547132 -0.003442 72 5.216229 0.047132


-0.738592 0.615752 -0.033420 96 5.051768 0.115752 
-0.741175 0.588267 -0.041244 212 5.010569 0.088267 
-0.745739 0.582150 -0.058934 98 4.919191 0.082150 
-0.745299 0.664299 -0.056890 51 4.929643 0.164299 
-0.738592 0.615752 -0.033420 96 5.051768 0.115752


-0.742998 0.612617 -0.047541 73 4.977787 0.112617


-0.738170 0.560811 -0.032235 142 5.058055 0.060811 
-0.741175 0.588267 -0.041244 212 5.010569 0.088267 
-0.738592 0.615752 -0.033420 96 5.051768 0.115752 
-0.725792 0.586771 -0.004620 95 5.209513 0.086771 
-0.738170 0.560811 -0.032235 142 5.058055 0.060811


-0.736464 0.587900 -0.027673 74 5.082408 0.087900


-0.745739 0.582150 -0.058934 98 4.919191 0.082150 
-0.741175 0.588267 -0.041244 212 5.010569 0.088267 
-0.738170 0.560811 -0.032235 142 5.058055 0.060811 
-0.746157 0.500000 -0.060982 19 4.908739 0.000000 
-0.745739 0.582150 -0.058934 98 4.919191 0.082150


-0.743188 0.557807 -0.048247 75 4.974130 0.057807


-0.741388 0.500000 -0.041943 20 5.006913 0.000000 
-0.737157 0.533482 -0.029485 213 5.072711 0.033482 
-0.730695 0.543478 -0.014271 140 5.155379 0.043478 
-0.734776 0.500000 -0.023463 21 5.105088 0.000000 
-0.741388 0.500000 -0.041943 20 5.006913 0.000000


-0.736274 0.519240 -0.027185 76 5.085028 0.019240


-0.738170 0.560811 -0.032235 142 5.058055 0.060811 
-0.737157 0.533482 -0.029485 213 5.072711 0.033482 
-0.741388 0.500000 -0.041943 20 5.006913 0.000000 
-0.746157 0.500000 -0.060982 19 4.908739 0.000000 
-0.738170 0.560811 -0.032235 142 5.058055 0.060811


-0.741112 0.523573 -0.041040 77 5.011636 0.023573


-0.730695 0.543478 -0.014271 140 5.155379 0.043478 
-0.737157 0.533482 -0.029485 213 5.072711 0.033482 
-0.738170 0.560811 -0.032235 142 5.058055 0.060811 
-0.725792 0.586771 -0.004620 95 5.209513 0.086771 
-0.730695 0.543478 -0.014271 140 5.155379 0.043478


-0.733303 0.556136 -0.020000 78 5.123905 0.056136


-0.662014 0.632120 -0.265689 111 3.736060 0.132120 
-0.651958 0.614192 -0.272060 77 3.676535 0.114192 
-0.642948 0.669712 -0.277089 143 3.624934 0.169712 
-0.654966 0.666017 -0.270241 86 3.694111 0.166017 
-0.662014 0.632120 -0.265689 111 3.736060 0.132120


-0.653053 0.645510 -0.271406 81 3.682912 0.145510


-0.642948 0.669712 -0.277089 143 3.624934 0.169712 
-0.607534 0.677662 -0.291546 84 3.433388 0.177662 
-0.621023 0.729371 -0.286965 70 3.504629 0.229371 
-0.644112 0.713220 -0.276474 69 3.631517 0.213220 
-0.642948 0.669712 -0.277089 143 3.624934 0.169712


-0.629180 0.697491 -0.283659 82 3.548642 0.197491


-0.621023 0.729371 -0.286965 70 3.504629 0.229371 
-0.607534 0.677662 -0.291546 84 3.433388 0.177662 
-0.586438 0.698610 -0.296653 107 3.324806 0.198610 
-0.597185 0.746140 -0.294354 71 3.379765 0.246140 
-0.621023 0.729371 -0.286965 70 3.504629 0.229371


-0.603163 0.712946 -0.292805 84 3.410640 0.212946


-0.642948 0.669712 -0.277089 143 3.624934 0.169712 
-0.607802 0.623878 -0.291465 87 3.434784 0.123878 
-0.588694 0.647094 -0.296221 184 3.336290 0.147094 
-0.607534 0.677662 -0.291546 84 3.433388 0.177662 
-0.642948 0.669712 -0.277089 143 3.624934 0.169712


-0.612084 0.654586 -0.290120 85 3.457228 0.154586


-0.626915 0.606756 -0.284619 147 3.536339 0.106756 
-0.607802 0.623878 -0.291465 87 3.434784 0.123878 
-0.642948 0.669712 -0.277089 143 3.624934 0.169712 
-0.651958 0.614192 -0.272060 77 3.676535 0.114192 
-0.626915 0.606756 -0.284619 147 3.536339 0.106756


-0.632755 0.628635 -0.282076 86 3.568188 0.128635


-0.603391 0.516959 -0.292742 149 3.411826 0.016959 
-0.611402 0.513911 -0.290341 217 3.453645 0.013911 
-0.608057 0.500000 -0.291388 4 3.436117 0.000000 
-0.589018 0.500000 -0.296157 3 3.337942 0.000000 
-0.603391 0.516959 -0.292742 149 3.411826 0.016959


-0.603019 0.507717 -0.292845 88 3.409894 0.007717


-0.624173 0.517570 -0.285737 103 3.521532 0.017570 
-0.611402 0.513911 -0.290341 217 3.453645 0.013911 
-0.603391 0.516959 -0.292742 149 3.411826 0.016959 
-0.616074 0.535104 -0.288770 92 3.478288 0.035104 
-0.624173 0.517570 -0.285737 103 3.521532 0.017570


-0.613811 0.520886 -0.289547 89 3.466322 0.020886


-0.608057 0.500000 -0.291388 4 3.436117 0.000000 
-0.611402 0.513911 -0.290341 217 3.453645 0.013911 
-0.624173 0.517570 -0.285737 103 3.521532 0.017570 
-0.626537 0.500000 -0.284776 5 3.534292 0.000000 
-0.608057 0.500000 -0.291388 4 3.436117 0.000000


-0.617602 0.507870 -0.288228 90 3.486397 0.007870


-0.718187 0.532788 0.008227 141 5.284174 0.032788 
-0.710515 0.533055 0.019310 218 5.351583 0.033055 
-0.704602 0.500000 0.026879 24 5.399612 0.000000 
-0.716294 0.500000 0.011114 23 5.301438 0.000000 
-0.718187 0.532788 0.008227 141 5.284174 0.032788


-0.712565 0.516461 0.016501 91 5.334197 0.016461


-0.706844 0.554816 0.024097 150 5.381747 0.054816 
-0.710515 0.533055 0.019310 218 5.351583 0.033055 
-0.718187 0.532788 0.008227 141 5.284174 0.032788 
-0.725792 0.586771 -0.004620 95 5.209513 0.086771 
-0.706844 0.554816 0.024097 150 5.381747 0.054816


-0.715699 0.551858 0.011999 92 5.306772 0.051858


-0.704602 0.500000 0.026879 24 5.399612 0.000000 
-0.710515 0.533055 0.019310 218 5.351583 0.033055 
-0.706844 0.554816 0.024097 150 5.381747 0.054816 
-0.691421 0.500000 0.041421 25 5.497787 0.000000 
-0.704602 0.500000 0.026879 24 5.399612 0.000000


-0.703576 0.521968 0.028119 93 5.407660 0.021968


-0.647933 0.582225 0.074382 153 5.771478 0.082225 
-0.626537 0.500000 0.084776 29 5.890486 0.000000 
-0.644279 0.500000 0.076384 28 5.792311 0.000000 
-0.674933 0.574429 0.056179 78 5.608486 0.074429 
-0.647933 0.582225 0.074382 153 5.771478 0.082225


-0.648927 0.539164 0.073820 94 5.765771 0.039164


-0.647933 0.582225 0.074382 153 5.771478 0.082225 
-0.621618 0.587671 0.086737 85 5.916962 0.087671 
-0.608057 0.500000 0.091388 30 5.988661 0.000000 
-0.626537 0.500000 0.084776 29 5.890486 0.000000 
-0.647933 0.582225 0.074382 153 5.771478 0.082225


-0.626270 0.542474 0.084886 97 5.891931 0.042474


-0.608057 0.500000 0.091388 30 5.988661 0.000000 
-0.621618 0.587671 0.086737 85 5.916962 0.087671 
-0.604832 0.577239 0.092337 154 6.005470 0.077239 
-0.589018 0.500000 0.096157 31 6.086836 0.000000 
-0.608057 0.500000 0.091388 30 5.988661 0.000000


-0.605983 0.541227 0.092005 99 5.999478 0.041227


-0.686608 0.550568 0.046076 156 5.531267 0.050568 
-0.701131 0.572044 0.030994 221 5.426530 0.072044 
-0.708645 0.610921 0.021785 155 5.367096 0.110921 
-0.674933 0.574429 0.056179 78 5.608486 0.074429 
-0.686608 0.550568 0.046076 156 5.531267 0.050568


-0.693451 0.576991 0.039362 100 5.483331 0.076991


-0.706844 0.554816 0.024097 150 5.381747 0.054816 
-0.701131 0.572044 0.030994 221 5.426530 0.072044 
-0.686608 0.550568 0.046076 156 5.531267 0.050568 
-0.691421 0.500000 0.041421 25 5.497787 0.000000 
-0.706844 0.554816 0.024097 150 5.381747 0.054816


-0.696753 0.544357 0.035880 101 5.459336 0.044357


-0.708645 0.610921 0.021785 155 5.367096 0.110921 
-0.701131 0.572044 0.030994 221 5.426530 0.072044 
-0.706844 0.554816 0.024097 150 5.381747 0.054816 
-0.725792 0.586771 -0.004620 95 5.209513 0.086771 
-0.708645 0.610921 0.021785 155 5.367096 0.110921


-0.711143 0.581138 0.018461 102 5.346304 0.081138


-0.576281 0.659089 0.098266 158 6.151398 0.159089 
-0.581339 0.700320 0.097529 222 6.125841 0.200320 
-0.574640 0.729936 0.098476 138 6.159673 0.229936 
-0.550000 0.664578 0.100000 35 6.283185 0.164578 
-0.576281 0.659089 0.098266 158 6.151398 0.159089


-0.570603 0.688481 0.098936 103 6.179987 0.188481


-0.593446 0.712938 0.095224 157 6.064209 0.212938 
-0.581339 0.700320 0.097529 222 6.125841 0.200320 
-0.576281 0.659089 0.098266 158 6.151398 0.159089 
-0.599975 0.643188 0.093656 90 6.030632 0.143188 
-0.593446 0.712938 0.095224 157 6.064209 0.212938


-0.587804 0.678884 0.096395 104 6.093021 0.178884


-0.574640 0.729936 0.098476 138 6.159673 0.229936 
-0.581339 0.700320 0.097529 222 6.125841 0.200320 
-0.593446 0.712938 0.095224 157 6.064209 0.212938 
-0.598904 0.795293 0.093929 39 6.036160 0.295293 
-0.574640 0.729936 0.098476 138 6.159673 0.229936


-0.587126 0.734622 0.096524 105 6.096470 0.234622


-0.662797 0.715747 0.065157 159 5.683981 0.215747 
-0.651965 0.645689 0.072056 83 5.748205 0.145689 
-0.675203 0.652119 0.055962 113 5.606751 0.152119 
-0.687674 0.724619 0.045072 43 5.523945 0.224619 
-0.662797 0.715747 0.065157 159 5.683981 0.215747


-0.669832 0.684543 0.060126 107 5.640734 0.184543


-0.681967 0.654093 -0.250282 100 3.862192 0.154093 
-0.670814 0.650719 -0.259386 224 3.790190 0.150719 
-0.668225 0.663416 -0.261316 161 3.774046 0.163416 
-0.687938 0.683230 -0.244821 65 3.902656 0.183230 
-0.681967 0.654093 -0.250282 100 3.862192 0.154093


-0.677411 0.662865 -0.254163 109 3.832267 0.162865


-0.662014 0.632120 -0.265689 111 3.736060 0.132120 
-0.670814 0.650719 -0.259386 224 3.790190 0.150719 
-0.681967 0.654093 -0.250282 100 3.862192 0.154093 
-0.688392 0.636272 -0.244387 82 3.905796 0.136272 
-0.662014 0.632120 -0.265689 111 3.736060 0.132120


-0.676065 0.643301 -0.255266 110 3.823564 0.143301


-0.668225 0.663416 -0.261316 161 3.774046 0.163416 
-0.670814 0.650719 -0.259386 224 3.790190 0.150719 
-0.662014 0.632120 -0.265689 111 3.736060 0.132120 
-0.654966 0.666017 -0.270241 86 3.694111 0.166017 
-0.668225 0.663416 -0.261316 161 3.774046 0.163416


-0.664083 0.653068 -0.264271 111 3.748605 0.153068


-0.586438 0.698610 -0.296653 107 3.324806 0.198610 
-0.607534 0.677662 -0.291546 84 3.433388 0.177662 
-0.588694 0.647094 -0.296221 184 3.336290 0.147094 
-0.550000 0.639711 -0.300000 75 3.141593 0.139711 
-0.586438 0.698610 -0.296653 107 3.324806 0.198610


-0.583352 0.665769 -0.297200 112 3.309134 0.165769


-0.676879 0.500000 0.054602 26 5.595962 0.000000 
-0.677584 0.528059 0.054021 226 5.591392 0.028059 
-0.670412 0.536967 0.059690 163 5.637104 0.036967 
-0.661114 0.500000 0.066294 27 5.694137 0.000000 
-0.676879 0.500000 0.054602 26 5.595962 0.000000


-0.671601 0.516256 0.058787 115 5.629641 0.016256


-0.686608 0.550568 0.046076 156 5.531267 0.050568 
-0.677584 0.528059 0.054021 226 5.591392 0.028059 
-0.676879 0.500000 0.054602 26 5.595962 0.000000 
-0.691421 0.500000 0.041421 25 5.497787 0.000000 
-0.686608 0.550568 0.046076 156 5.531267 0.050568


-0.683237 0.519657 0.049157 116 5.554105 0.019657


-0.670412 0.536967 0.059690 163 5.637104 0.036967 
-0.677584 0.528059 0.054021 226 5.591392 0.028059 
-0.686608 0.550568 0.046076 156 5.531267 0.050568 
-0.674933 0.574429 0.056179 78 5.608486 0.074429 
-0.670412 0.536967 0.059690 163 5.637104 0.036967


-0.677480 0.547506 0.054107 117 5.592068 0.047506


-0.670412 0.536967 0.059690 163 5.637104 0.036967 
-0.674933 0.574429 0.056179 78 5.608486 0.074429 
-0.644279 0.500000 0.076384 28 5.792311 0.000000 
-0.661114 0.500000 0.066294 27 5.694137 0.000000 
-0.670412 0.536967 0.059690 163 5.637104 0.036967


-0.662963 0.527849 0.065044 119 5.682976 0.027849


-0.656831 0.534572 -0.269077 102 3.705101 0.034572 
-0.673969 0.552763 -0.256944 94 3.810141 0.052763 
-0.676879 0.500000 -0.254602 8 3.828816 0.000000 
-0.661114 0.500000 -0.266294 7 3.730641 0.000000 
-0.656831 0.534572 -0.269077 102 3.705101 0.034572


-0.667357 0.521834 -0.261949 121 3.768676 0.021834


-0.676879 0.500000 -0.254602 8 3.828816 0.000000 
-0.673969 0.552763 -0.256944 94 3.810141 0.052763 
-0.693834 0.541167 -0.238967 170 3.944198 0.041167 
-0.691421 0.500000 -0.241421 9 3.926991 0.000000 
-0.676879 0.500000 -0.254602 8 3.828816 0.000000


-0.684257 0.523483 -0.248239 123 3.877537 0.023483


-0.736056 0.615617 -0.173369 127 4.336775 0.115617 
-0.732266 0.630568 -0.182335 229 4.288095 0.130568 
-0.730433 0.657090 -0.186278 60 4.266357 0.157090 
-0.736471 0.654156 -0.172308 59 4.342469 0.154156 
-0.736056 0.615617 -0.173369 127 4.336775 0.115617


-0.733902 0.639358 -0.178613 124 4.308425 0.139358


-0.729982 0.618990 -0.187216 125 4.261152 0.118990 
-0.732266 0.630568 -0.182335 229 4.288095 0.130568 
-0.736056 0.615617 -0.173369 127 4.336775 0.115617 
-0.736344 0.588393 -0.172635 81 4.340718 0.088393 
-0.729982 0.618990 -0.187216 125 4.261152 0.118990


-0.733765 0.613392 -0.178933 125 4.306686 0.113392


-0.730433 0.657090 -0.186278 60 4.266357 0.157090 
-0.732266 0.630568 -0.182335 229 4.288095 0.130568 
-0.729982 0.618990 -0.187216 125 4.261152 0.118990 
-0.723448 0.660902 -0.199578 61 4.191225 0.160902 
-0.730433 0.657090 -0.186278 60 4.266357 0.157090


-0.729151 0.641888 -0.188910 126 4.251714 0.141888


-0.614935 0.632094 0.089165 167 5.952517 0.132094 
-0.599975 0.643188 0.093656 90 6.030632 0.143188 
-0.604832 0.577239 0.092337 154 6.005470 0.077239 
-0.621618 0.587671 0.086737 85 5.916962 0.087671 
-0.614935 0.632094 0.089165 167 5.952517 0.132094


-0.610400 0.610048 0.090662 127 5.976397 0.110048


-0.604832 0.577239 0.092337 154 6.005470 0.077239 
-0.599975 0.643188 0.093656 90 6.030632 0.143188 
-0.589507 0.585795 0.096059 166 6.084345 0.085795 
-0.589018 0.500000 0.096157 31 6.086836 0.000000 
-0.604832 0.577239 0.092337 154 6.005470 0.077239


-0.595861 0.576556 0.094671 129 6.051822 0.076556


-0.622553 0.777796 0.086376 40 5.911951 0.277796 
-0.634657 0.708549 0.081199 80 5.846115 0.208549 
-0.641519 0.732584 0.077832 169 5.807899 0.232584 
-0.645096 0.760318 0.075945 41 5.787674 0.260318 
-0.622553 0.777796 0.086376 40 5.911951 0.277796


-0.636053 0.744812 0.080541 130 5.838400 0.244812


-0.617043 0.727713 0.088428 181 5.941350 0.227713 
-0.634657 0.708549 0.081199 80 5.846115 0.208549 
-0.622553 0.777796 0.086376 40 5.911951 0.277796 
-0.598904 0.795293 0.093929 39 6.036160 0.295293 
-0.617043 0.727713 0.088428 181 5.941350 0.227713


-0.618449 0.752338 0.087922 131 5.933878 0.252338


-0.726384 0.500000 -0.194279 12 4.221515 0.000000 
-0.729709 0.525688 -0.187775 232 4.258041 0.025688 
-0.735209 0.538539 -0.175483 129 4.325385 0.038539 
-0.734776 0.500000 -0.176537 13 4.319690 0.000000 
-0.726384 0.500000 -0.194279 12 4.221515 0.000000


-0.731691 0.516057 -0.183597 133 4.281161 0.016057


-0.725471 0.537976 -0.195969 123 4.211910 0.037976 
-0.729709 0.525688 -0.187775 232 4.258041 0.025688 
-0.726384 0.500000 -0.194279 12 4.221515 0.000000 
-0.716294 0.500000 -0.211114 11 4.123340 0.000000 
-0.725471 0.537976 -0.195969 123 4.211910 0.037976


-0.724678 0.515916 -0.197404 134 4.203716 0.015916


-0.735209 0.538539 -0.175483 129 4.325385 0.038539 
-0.729709 0.525688 -0.187775 232 4.258041 0.025688 
-0.725471 0.537976 -0.195969 123 4.211910 0.037976 
-0.736344 0.588393 -0.172635 81 4.340718 0.088393 
-0.735209 0.538539 -0.175483 129 4.325385 0.038539


-0.731929 0.547649 -0.183078 135 4.284019 0.047649


-0.749933 0.576238 -0.105178 117 4.686498 0.076238 
-0.749218 0.601041 -0.117674 233 4.623903 0.101041 
-0.748242 0.651262 -0.126458 56 4.579710 0.151262 
-0.749732 0.652476 -0.110352 55 4.660608 0.152476 
-0.749933 0.576238 -0.105178 117 4.686498 0.076238


-0.749442 0.620254 -0.114927 136 4.637683 0.120254


-0.748858 0.575585 -0.121340 130 4.605487 0.075585 
-0.749218 0.601041 -0.117674 233 4.623903 0.101041 
-0.749933 0.576238 -0.105178 117 4.686498 0.076238 
-0.750000 0.500000 -0.100000 17 4.712389 0.000000 
-0.748858 0.575585 -0.121340 130 4.605487 0.075585


-0.749694 0.563216 -0.111058 137 4.657068 0.063216


-0.748242 0.651262 -0.126458 56 4.579710 0.151262 
-0.749218 0.601041 -0.117674 233 4.623903 0.101041 
-0.748858 0.575585 -0.121340 130 4.605487 0.075585 
-0.745446 0.651170 -0.142436 57 4.498586 0.151170 
-0.748242 0.651262 -0.126458 56 4.579710 0.151262


-0.748168 0.619764 -0.127008 138 4.576936 0.119764


-0.715617 0.665505 -0.212120 62 4.117277 0.165505 
-0.706428 0.652382 -0.224621 234 4.039686 0.152382 
-0.697761 0.653564 -0.234783 101 3.972891 0.153564 
-0.707030 0.670817 -0.223862 63 4.044528 0.170817 
-0.715617 0.665505 -0.212120 62 4.117277 0.165505


-0.706914 0.660567 -0.224008 139 4.043594 0.160567


-0.704004 0.637598 -0.227604 120 4.020465 0.137598 
-0.706428 0.652382 -0.224621 234 4.039686 0.152382 
-0.715617 0.665505 -0.212120 62 4.117277 0.165505 
-0.723448 0.660902 -0.199578 61 4.191225 0.160902 
-0.704004 0.637598 -0.227604 120 4.020465 0.137598


-0.712747 0.654097 -0.216247 140 4.092143 0.154097


-0.697761 0.653564 -0.234783 101 3.972891 0.153564 
-0.706428 0.652382 -0.224621 234 4.039686 0.152382 
-0.704004 0.637598 -0.227604 120 4.020465 0.137598 
-0.688392 0.636272 -0.244387 82 3.905796 0.136272 
-0.697761 0.653564 -0.234783 101 3.972891 0.153564


-0.699346 0.644954 -0.233026 141 3.984721 0.144954


-0.693834 0.541167 -0.238967 170 3.944198 0.041167 
-0.673969 0.552763 -0.256944 94 3.810141 0.052763 
-0.698661 0.594274 -0.233791 122 3.979587 0.094274 
-0.718166 0.581465 -0.208260 79 4.140404 0.081465 
-0.693834 0.541167 -0.238967 170 3.944198 0.041167


-0.697173 0.567417 -0.235425 142 3.968537 0.067417


-0.698661 0.594274 -0.233791 122 3.979587 0.094274 
-0.673969 0.552763 -0.256944 94 3.810141 0.052763 
-0.671100 0.597576 -0.259169 108 3.791988 0.097576 
-0.688392 0.636272 -0.244387 82 3.905796 0.136272 
-0.698661 0.594274 -0.233791 122 3.979587 0.094274


-0.683413 0.595221 -0.249000 144 3.871855 0.095221


-0.644713 0.718175 0.076152 172 5.789851 0.218175 
-0.644702 0.728887 0.076158 236 5.789915 0.228887 
-0.641519 0.732584 0.077832 169 5.807899 0.232584 
-0.634657 0.708549 0.081199 80 5.846115 0.208549 
-0.644713 0.718175 0.076152 172 5.789851 0.218175


-0.641422 0.722049 0.077882 145 5.808443 0.222049


-0.648187 0.736983 0.074239 171 5.770021 0.236983 
-0.644702 0.728887 0.076158 236 5.789915 0.228887 
-0.644713 0.718175 0.076152 172 5.789851 0.218175 
-0.655668 0.724994 0.069807 89 5.726541 0.224994 
-0.648187 0.736983 0.074239 171 5.770021 0.236983


-0.648350 0.727260 0.074147 146 5.769085 0.227260


-0.641519 0.732584 0.077832 169 5.807899 0.232584 
-0.644702 0.728887 0.076158 236 5.789915 0.228887 
-0.648187 0.736983 0.074239 171 5.770021 0.236983 
-0.645096 0.760318 0.075945 41 5.787674 0.260318 
-0.641519 0.732584 0.077832 169 5.807899 0.232584


-0.644885 0.739693 0.076059 147 5.788877 0.239693


-0.659469 0.680127 -0.267381 177 3.720781 0.180127 
-0.651993 0.684774 -0.272039 238 3.676738 0.184774 
-0.655619 0.705232 -0.269837 68 3.697949 0.205232 
-0.666798 0.697533 -0.262352 67 3.765228 0.197533 
-0.659469 0.680127 -0.267381 177 3.720781 0.180127


-0.658528 0.691916 -0.267993 151 3.715171 0.191916


-0.642948 0.669712 -0.277089 143 3.624934 0.169712 
-0.651993 0.684774 -0.272039 238 3.676738 0.184774 
-0.659469 0.680127 -0.267381 177 3.720781 0.180127 
-0.654966 0.666017 -0.270241 86 3.694111 0.166017 
-0.642948 0.669712 -0.277089 143 3.624934 0.169712


-0.652407 0.675157 -0.271793 152 3.679144 0.175157


-0.655619 0.705232 -0.269837 68 3.697949 0.205232 
-0.651993 0.684774 -0.272039 238 3.676738 0.184774 
-0.642948 0.669712 -0.277089 143 3.624934 0.169712 
-0.644112 0.713220 -0.276474 69 3.631517 0.213220 
-0.655619 0.705232 -0.269837 68 3.697949 0.205232


-0.648714 0.693234 -0.273941 153 3.657784 0.193234


-0.586310 0.600206 -0.296676 104 3.324155 0.100206 
-0.572275 0.575091 -0.298756 93 3.253201 0.075091 
-0.550000 0.569856 -0.300000 76 3.141593 0.069856 
-0.550000 0.639711 -0.300000 75 3.141593 0.139711 
-0.586310 0.600206 -0.296676 104 3.324155 0.100206


-0.564691 0.596216 -0.299460 154 3.215112 0.096216


-0.550000 0.569856 -0.300000 76 3.141593 0.069856 
-0.572275 0.575091 -0.298756 93 3.253201 0.075091 
-0.573467 0.538094 -0.298618 187 3.259200 0.038094 
-0.550000 0.500000 -0.300000 1 3.141593 0.000000 
-0.550000 0.569856 -0.300000 76 3.141593 0.069856


-0.561454 0.545760 -0.299672 156 3.198896 0.045760


-0.675203 0.652119 0.055962 113 5.606751 0.152119 
-0.651965 0.645689 0.072056 83 5.748205 0.145689 
-0.647933 0.582225 0.074382 153 5.771478 0.082225 
-0.674933 0.574429 0.056179 78 5.608486 0.074429 
-0.675203 0.652119 0.055962 113 5.606751 0.152119


-0.662839 0.613616 0.065128 157 5.683728 0.113616


-0.647933 0.582225 0.074382 153 5.771478 0.082225 
-0.651965 0.645689 0.072056 83 5.748205 0.145689 
-0.639575 0.651130 0.078819 173 5.818797 0.151130 
-0.621618 0.587671 0.086737 85 5.916962 0.087671 
-0.647933 0.582225 0.074382 153 5.771478 0.082225


-0.640462 0.616679 0.078372 159 5.813830 0.116679


-0.593446 0.712938 0.095224 157 6.064209 0.212938 
-0.599975 0.643188 0.093656 90 6.030632 0.143188 
-0.617043 0.727713 0.088428 181 5.941350 0.227713 
-0.598904 0.795293 0.093929 39 6.036160 0.295293 
-0.593446 0.712938 0.095224 157 6.064209 0.212938


-0.602398 0.719783 0.093014 161 6.018102 0.219783


-0.677589 0.690180 -0.254016 66 3.833418 0.190180 
-0.669240 0.678786 -0.260567 243 3.780350 0.178786 
-0.659469 0.680127 -0.267381 177 3.720781 0.180127 
-0.666798 0.697533 -0.262352 67 3.765228 0.197533 
-0.677589 0.690180 -0.254016 66 3.833418 0.190180


-0.668370 0.686656 -0.261210 166 3.774943 0.186656


-0.668225 0.663416 -0.261316 161 3.774046 0.163416 
-0.669240 0.678786 -0.260567 243 3.780350 0.178786 
-0.677589 0.690180 -0.254016 66 3.833418 0.190180 
-0.687938 0.683230 -0.244821 65 3.902656 0.183230 
-0.668225 0.663416 -0.261316 161 3.774046 0.163416


-0.675916 0.678903 -0.255387 167 3.822604 0.178903


-0.659469 0.680127 -0.267381 177 3.720781 0.180127 
-0.669240 0.678786 -0.260567 243 3.780350 0.178786 
-0.668225 0.663416 -0.261316 161 3.774046 0.163416 
-0.654966 0.666017 -0.270241 86 3.694111 0.166017 
-0.659469 0.680127 -0.267381 177 3.720781 0.180127


-0.663049 0.672086 -0.264985 168 3.742323 0.172086


-0.643160 0.558811 -0.276978 182 3.626133 0.058811 
-0.651958 0.614192 -0.272060 77 3.676535 0.114192 
-0.671100 0.597576 -0.259169 108 3.791988 0.097576 
-0.673969 0.552763 -0.256944 94 3.810141 0.052763 
-0.643160 0.558811 -0.276978 182 3.626133 0.058811


-0.660376 0.580836 -0.266785 170 3.726210 0.080836


-0.697721 0.715523 0.034828 44 5.452187 0.215523 
-0.687428 0.662393 0.045305 88 5.525642 0.162393 
-0.697256 0.676846 0.035335 133 5.455629 0.176846 
-0.707113 0.706701 0.023755 45 5.379574 0.206701 
-0.697721 0.715523 0.034828 44 5.452187 0.215523


-0.697576 0.690366 0.034986 175 5.453259 0.190366


-0.675203 0.652119 0.055962 113 5.606751 0.152119 
-0.687428 0.662393 0.045305 88 5.525642 0.162393 
-0.697721 0.715523 0.034828 44 5.452187 0.215523 
-0.687674 0.724619 0.045072 43 5.523945 0.224619 
-0.675203 0.652119 0.055962 113 5.606751 0.152119


-0.687212 0.688664 0.045509 176 5.527128 0.188664


-0.667272 0.742228 0.062010 42 5.656625 0.242228 
-0.655668 0.724994 0.069807 89 5.726541 0.224994 
-0.662797 0.715747 0.065157 159 5.683981 0.215747 
-0.687674 0.724619 0.045072 43 5.523945 0.224619 
-0.667272 0.742228 0.062010 42 5.656625 0.242228


-0.668693 0.726897 0.060972 181 5.647830 0.226897


-0.648187 0.736983 0.074239 171 5.770021 0.236983 
-0.655668 0.724994 0.069807 89 5.726541 0.224994 
-0.667272 0.742228 0.062010 42 5.656625 0.242228 
-0.645096 0.760318 0.075945 41 5.787674 0.260318 
-0.648187 0.736983 0.074239 171 5.770021 0.236983


-0.654189 0.741131 0.070718 182 5.735228 0.241131


-0.662797 0.715747 0.065157 159 5.683981 0.215747 
-0.634657 0.708549 0.081199 80 5.846115 0.208549 
-0.639575 0.651130 0.078819 173 5.818797 0.151130 
-0.651965 0.645689 0.072056 83 5.748205 0.145689 
-0.662797 0.715747 0.065157 159 5.683981 0.215747


-0.647443 0.680279 0.074656 185 5.774287 0.180279


-0.644713 0.718175 0.076152 172 5.789851 0.218175 
-0.634657 0.708549 0.081199 80 5.846115 0.208549 
-0.662797 0.715747 0.065157 159 5.683981 0.215747 
-0.655668 0.724994 0.069807 89 5.726541 0.224994 
-0.644713 0.718175 0.076152 172 5.789851 0.218175


-0.649648 0.716866 0.073408 186 5.761617 0.216866


-0.570248 0.582621 0.098972 139 6.181773 0.082621 
-0.577791 0.610284 0.098060 250 6.143780 0.110284 
-0.576281 0.659089 0.098266 158 6.151398 0.159089 
-0.550000 0.664578 0.100000 35 6.283185 0.164578 
-0.570248 0.582621 0.098972 139 6.181773 0.082621


-0.568609 0.629143 0.099132 187 6.190007 0.129143


-0.589507 0.585795 0.096059 166 6.084345 0.085795 
-0.577791 0.610284 0.098060 250 6.143780 0.110284 
-0.570248 0.582621 0.098972 139 6.181773 0.082621 
-0.589018 0.500000 0.096157 31 6.086836 0.000000 
-0.589507 0.585795 0.096059 166 6.084345 0.085795


-0.581667 0.569675 0.097477 188 6.124180 0.069675


-0.576281 0.659089 0.098266 158 6.151398 0.159089 
-0.577791 0.610284 0.098060 250 6.143780 0.110284 
-0.589507 0.585795 0.096059 166 6.084345 0.085795 
-0.599975 0.643188 0.093656 90 6.030632 0.143188 
-0.576281 0.659089 0.098266 158 6.151398 0.159089


-0.585932 0.624589 0.096746 189 6.102547 0.124589


-0.639575 0.651130 0.078819 173 5.818797 0.151130 
-0.622913 0.665421 0.086235 251 5.910018 0.165421 
-0.614935 0.632094 0.089165 167 5.952517 0.132094 
-0.621618 0.587671 0.086737 85 5.916962 0.087671 
-0.639575 0.651130 0.078819 173 5.818797 0.151130


-0.624852 0.634079 0.085465 190 5.899589 0.134079


-0.617043 0.727713 0.088428 181 5.941350 0.227713 
-0.622913 0.665421 0.086235 251 5.910018 0.165421 
-0.639575 0.651130 0.078819 173 5.818797 0.151130 
-0.634657 0.708549 0.081199 80 5.846115 0.208549 
-0.617043 0.727713 0.088428 181 5.941350 0.227713


-0.628641 0.688203 0.083890 191 5.879069 0.188203


-0.614935 0.632094 0.089165 167 5.952517 0.132094 
-0.622913 0.665421 0.086235 251 5.910018 0.165421 
-0.617043 0.727713 0.088428 181 5.941350 0.227713 
-0.599975 0.643188 0.093656 90 6.030632 0.143188 
-0.614935 0.632094 0.089165 167 5.952517 0.132094


-0.613780 0.667104 0.089558 192 5.958619 0.167104


-0.716378 0.697626 0.010988 46 5.300681 0.197626 
-0.707670 0.658797 0.023045 91 5.375063 0.158797 
-0.716456 0.661796 0.010871 136 5.299977 0.161796 
-0.724735 0.689022 -0.002698 47 5.220478 0.189022 
-0.716378 0.697626 0.010988 46 5.300681 0.197626


-0.716559 0.676810 0.010717 193 5.299052 0.176810


-0.703668 0.673649 0.028009 132 5.406944 0.173649 
-0.707670 0.658797 0.023045 91 5.375063 0.158797 
-0.716378 0.697626 0.010988 46 5.300681 0.197626 
-0.707113 0.706701 0.023755 45 5.379574 0.206701 
-0.703668 0.673649 0.028009 132 5.406944 0.173649


-0.708830 0.684193 0.021544 194 5.365574 0.184193


-0.696655 0.660829 0.035986 186 5.460059 0.160829 
-0.687428 0.662393 0.045305 88 5.525642 0.162393 
-0.675203 0.652119 0.055962 113 5.606751 0.152119 
-0.674933 0.574429 0.056179 78 5.608486 0.074429 
-0.696655 0.660829 0.035986 186 5.460059 0.160829


-0.683811 0.637443 0.048643 197 5.550250 0.137443


-0.569603 0.500000 -0.299037 2 3.239767 0.000000 
-0.585672 0.516344 -0.296793 254 3.320911 0.016344 
-0.603391 0.516959 -0.292742 149 3.411826 0.016959 
-0.589018 0.500000 -0.296157 3 3.337942 0.000000 
-0.569603 0.500000 -0.299037 2 3.239767 0.000000


-0.586990 0.508326 -0.296550 199 3.327615 0.008326


-0.573467 0.538094 -0.298618 187 3.259200 0.038094 
-0.585672 0.516344 -0.296793 254 3.320911 0.016344 
-0.569603 0.500000 -0.299037 2 3.239767 0.000000 
-0.550000 0.500000 -0.300000 1 3.141593 0.000000 
-0.573467 0.538094 -0.298618 187 3.259200 0.038094


-0.569727 0.513609 -0.299025 200 3.240386 0.013609


-0.603391 0.516959 -0.292742 149 3.411826 0.016959 
-0.585672 0.516344 -0.296793 254 3.320911 0.016344 
-0.573467 0.538094 -0.298618 187 3.259200 0.038094 
-0.616074 0.535104 -0.288770 92 3.478288 0.035104 
-0.603391 0.516959 -0.292742 149 3.411826 0.016959


-0.594809 0.526625 -0.294916 201 3.367553 0.026625


-0.626915 0.606756 -0.284619 147 3.536339 0.106756 
-0.620566 0.583332 -0.287138 255 3.502184 0.083332 
-0.586310 0.600206 -0.296676 104 3.324155 0.100206 
-0.607802 0.623878 -0.291465 87 3.434784 0.123878 
-0.626915 0.606756 -0.284619 147 3.536339 0.106756


-0.610597 0.603543 -0.290599 202 3.449414 0.103543


-0.643160 0.558811 -0.276978 182 3.626133 0.058811 
-0.620566 0.583332 -0.287138 255 3.502184 0.083332 
-0.626915 0.606756 -0.284619 147 3.536339 0.106756 
-0.651958 0.614192 -0.272060 77 3.676535 0.114192 
-0.643160 0.558811 -0.276978 182 3.626133 0.058811


-0.635857 0.590773 -0.280634 203 3.585292 0.090773


-0.586310 0.600206 -0.296676 104 3.324155 0.100206 
-0.620566 0.583332 -0.287138 255 3.502184 0.083332 
-0.643160 0.558811 -0.276978 182 3.626133 0.058811 
-0.616074 0.535104 -0.288770 92 3.478288 0.035104 
-0.586310 0.600206 -0.296676 104 3.324155 0.100206


-0.616912 0.569363 -0.288475 204 3.482733 0.069363


-0.573467 0.538094 -0.298618 187 3.259200 0.038094 
-0.572275 0.575091 -0.298756 93 3.253201 0.075091 
-0.586310 0.600206 -0.296676 104 3.324155 0.100206 
-0.616074 0.535104 -0.288770 92 3.478288 0.035104 
-0.573467 0.538094 -0.298618 187 3.259200 0.038094


-0.587184 0.562124 -0.296513 205 3.328603 0.062124


-0.586310 0.600206 -0.296676 104 3.324155 0.100206 
-0.550000 0.639711 -0.300000 75 3.141593 0.139711 
-0.588694 0.647094 -0.296221 184 3.336290 0.147094 
-0.607802 0.623878 -0.291465 87 3.434784 0.123878 
-0.586310 0.600206 -0.296676 104 3.324155 0.100206


-0.583388 0.627722 -0.297193 209 3.309318 0.127722


-0.643160 0.558811 -0.276978 182 3.626133 0.058811 
-0.673969 0.552763 -0.256944 94 3.810141 0.052763 
-0.656831 0.534572 -0.269077 102 3.705101 0.034572 
-0.616074 0.535104 -0.288770 92 3.478288 0.035104 
-0.643160 0.558811 -0.276978 182 3.626133 0.058811


-0.648227 0.545312 -0.274217 215 3.654985 0.045312


-0.732848 0.680128 -0.018965 48 5.129560 0.180128 
-0.729932 0.652116 -0.012683 260 5.164190 0.152116 
-0.732717 0.630087 -0.018671 97 5.131169 0.130087 
-0.739577 0.672094 -0.036276 49 5.036661 0.172094 
-0.732848 0.680128 -0.018965 48 5.129560 0.180128


-0.733976 0.658606 -0.021560 217 5.115410 0.158606


-0.723615 0.646133 -0.000713 135 5.231878 0.146133 
-0.729932 0.652116 -0.012683 260 5.164190 0.152116 
-0.732848 0.680128 -0.018965 48 5.129560 0.180128 
-0.724735 0.689022 -0.002698 47 5.220478 0.189022 
-0.723615 0.646133 -0.000713 135 5.231878 0.146133


-0.727937 0.666850 -0.008685 218 5.186529 0.166850


-0.732717 0.630087 -0.018671 97 5.131169 0.130087 
-0.729932 0.652116 -0.012683 260 5.164190 0.152116 
-0.723615 0.646133 -0.000713 135 5.231878 0.146133 
-0.725792 0.586771 -0.004620 95 5.209513 0.086771 
-0.732717 0.630087 -0.018671 97 5.131169 0.130087


-0.728150 0.628777 -0.009102 219 5.184189 0.128777


-0.708645 0.610921 0.021785 155 5.367096 0.110921 
-0.707670 0.658797 0.023045 91 5.375063 0.158797 
-0.696655 0.660829 0.035986 186 5.460059 0.160829 
-0.674933 0.574429 0.056179 78 5.608486 0.074429 
-0.708645 0.610921 0.021785 155 5.367096 0.110921


-0.697670 0.626244 0.034883 221 5.452564 0.126244


