-0.738488 0.629215 -0.033124 91 5.053334 0.129215 
-0.742635 0.626192 -0.046225 132 4.984615 0.126192 
-0.742696 0.668016 -0.046443 50 4.983481 0.168016 
-0.739577 0.672094 -0.036276 49 5.036661 0.172094 
-0.738488 0.629215 -0.033124 91 5.053334 0.129215


-0.740941 0.648879 -0.040489 1 5.014522 0.148879


-0.742635 0.626192 -0.046225 132 4.984615 0.126192 
-0.746080 0.624125 -0.060597 160 4.910701 0.124125 
-0.745299 0.664299 -0.056890 51 4.929643 0.164299 
-0.742696 0.668016 -0.046443 50 4.983481 0.168016 
-0.742635 0.626192 -0.046225 132 4.984615 0.126192


-0.744281 0.645658 -0.052514 2 4.952111 0.145658


-0.747569 0.660600 -0.068911 52 4.868467 0.160600 
-0.748419 0.622245 -0.074900 133 4.838222 0.122245 
-0.749709 0.620413 -0.089217 93 4.766330 0.120413 
-0.749114 0.657445 -0.081199 53 4.806531 0.157445 
-0.747569 0.660600 -0.068911 52 4.868467 0.160600


-0.748845 0.640176 -0.078541 3 4.819889 0.140176


-0.746080 0.624125 -0.060597 160 4.910701 0.124125 
-0.748419 0.622245 -0.074900 133 4.838222 0.122245 
-0.747569 0.660600 -0.068911 52 4.868467 0.160600 
-0.745299 0.664299 -0.056890 51 4.929643 0.164299 
-0.746080 0.624125 -0.060597 160 4.910701 0.124125


-0.746967 0.642817 -0.065302 4 4.886759 0.142817


-0.749966 0.583188 -0.096310 163 4.730841 0.083188 
-0.749709 0.620413 -0.089217 93 4.766330 0.120413 
-0.748419 0.622245 -0.074900 133 4.838222 0.122245 
-0.748962 0.582107 -0.079648 92 4.814327 0.082107 
-0.749966 0.583188 -0.096310 163 4.730841 0.083188


-0.749437 0.601988 -0.085006 5 4.787432 0.101988


-0.693661 0.626216 -0.239146 94 3.942957 0.126216 
-0.681975 0.632711 -0.250275 82 3.862243 0.132711 
-0.697776 0.676752 -0.234768 64 3.972997 0.176752 
-0.707030 0.670817 -0.223862 63 4.044528 0.170817 
-0.693661 0.626216 -0.239146 94 3.942957 0.126216


-0.695421 0.651624 -0.237306 6 3.955686 0.151624


-0.747140 0.633048 -0.133701 109 4.543078 0.133048 
-0.748244 0.639236 -0.126447 151 4.579764 0.139236 
-0.749417 0.632363 -0.115261 164 4.636007 0.132363 
-0.748502 0.615165 -0.124432 166 4.589925 0.115165 
-0.747140 0.633048 -0.133701 109 4.543078 0.133048


-0.748435 0.629953 -0.124974 7 4.587192 0.129953


-0.697776 0.676752 -0.234768 64 3.972997 0.176752 
-0.681975 0.632711 -0.250275 82 3.862243 0.132711 
-0.672529 0.641304 -0.258071 99 3.800997 0.141304 
-0.687938 0.683230 -0.244821 65 3.902656 0.183230 
-0.697776 0.676752 -0.234768 64 3.972997 0.176752


-0.685319 0.658499 -0.247271 8 3.884719 0.158499


-0.642412 0.548242 -0.277370 96 3.621907 0.048242 
-0.656938 0.544495 -0.269010 134 3.705732 0.044495 
-0.644279 0.500000 -0.276384 6 3.632467 0.000000 
-0.626537 0.500000 -0.284776 5 3.534292 0.000000 
-0.642412 0.548242 -0.277370 96 3.621907 0.048242


-0.642713 0.523184 -0.277213 9 3.623606 0.023184


-0.642412 0.548242 -0.277370 96 3.621907 0.048242 
-0.656272 0.597011 -0.269429 168 3.701795 0.097011 
-0.668973 0.589011 -0.260765 95 3.778690 0.089011 
-0.656938 0.544495 -0.269010 134 3.705732 0.044495 
-0.642412 0.548242 -0.277370 96 3.621907 0.048242


-0.656312 0.569690 -0.269404 10 3.702034 0.069690


-0.644279 0.500000 -0.276384 6 3.632467 0.000000 
-0.656938 0.544495 -0.269010 134 3.705732 0.044495 
-0.673217 0.541730 -0.257536 146 3.805352 0.041730 
-0.661114 0.500000 -0.266294 7 3.730641 0.000000 
-0.644279 0.500000 -0.276384 6 3.632467 0.000000


-0.659095 0.521556 -0.267626 11 3.718547 0.021556


-0.573703 0.762698 -0.298590 72 3.260387 0.262698 
-0.573354 0.702340 -0.298632 135 3.258630 0.202340 
-0.550000 0.709567 -0.300000 74 3.141593 0.209567 
-0.550000 0.779423 -0.300000 73 3.141593 0.279423 
-0.573703 0.762698 -0.298590 72 3.260387 0.262698


-0.561785 0.738507 -0.299652 12 3.200551 0.238507


-0.596373 0.695061 -0.294550 131 3.375586 0.195061 
-0.573354 0.702340 -0.298632 135 3.258630 0.202340 
-0.573703 0.762698 -0.298590 72 3.260387 0.262698 
-0.597185 0.746140 -0.294354 71 3.379765 0.246140 
-0.596373 0.695061 -0.294550 131 3.375586 0.195061


-0.585215 0.726560 -0.296875 13 3.318592 0.226560


-0.550000 0.709567 -0.300000 74 3.141593 0.209567 
-0.573354 0.702340 -0.298632 135 3.258630 0.202340 
-0.573475 0.633382 -0.298618 98 3.259238 0.133382 
-0.550000 0.639711 -0.300000 75 3.141593 0.139711 
-0.550000 0.709567 -0.300000 74 3.141593 0.209567


-0.561727 0.671250 -0.299656 14 3.200263 0.171250


-0.596222 0.632547 -0.294585 156 3.374812 0.132547 
-0.596373 0.695061 -0.294550 131 3.375586 0.195061 
-0.621574 0.692813 -0.286754 157 3.507578 0.192813 
-0.621929 0.656251 -0.286618 97 3.509479 0.156251 
-0.596222 0.632547 -0.294585 156 3.374812 0.132547


-0.609156 0.669168 -0.291051 15 3.441864 0.169168


-0.746327 0.541645 -0.061849 101 4.904322 0.041645 
-0.746157 0.500000 -0.060982 19 4.908739 0.000000 
-0.749037 0.500000 -0.080397 18 4.810564 0.000000 
-0.748985 0.541052 -0.079877 173 4.813176 0.041052 
-0.746327 0.541645 -0.061849 101 4.904322 0.041645


-0.747849 0.520674 -0.070743 16 4.859200 0.020674


-0.746439 0.583214 -0.062427 162 4.901376 0.083214 
-0.746327 0.541645 -0.061849 101 4.904322 0.041645 
-0.748985 0.541052 -0.079877 173 4.813176 0.041052 
-0.748962 0.582107 -0.079648 92 4.814327 0.082107 
-0.746439 0.583214 -0.062427 162 4.901376 0.083214


-0.747875 0.562005 -0.070921 17 4.858300 0.062005


-0.747570 0.528744 -0.131081 140 4.556353 0.028744 
-0.745324 0.555543 -0.142995 110 4.495720 0.055543 
-0.748466 0.572455 -0.124724 177 4.588451 0.072455 
-0.749893 0.546586 -0.106539 136 4.679688 0.046586 
-0.747570 0.528744 -0.131081 140 4.556353 0.028744


-0.748251 0.550832 -0.126393 18 4.580037 0.050832


-0.749709 0.620413 -0.089217 93 4.766330 0.120413 
-0.749987 0.626277 -0.102295 137 4.700915 0.126277 
-0.749954 0.654533 -0.095691 54 4.733934 0.154533 
-0.749114 0.657445 -0.081199 53 4.806531 0.157445 
-0.749709 0.620413 -0.089217 93 4.766330 0.120413


-0.749844 0.639667 -0.092095 19 4.751926 0.139667


-0.749691 0.598542 -0.111116 154 4.656782 0.098542 
-0.748502 0.615165 -0.124432 166 4.589925 0.115165 
-0.749417 0.632363 -0.115261 164 4.636007 0.132363 
-0.749987 0.626277 -0.102295 137 4.700915 0.126277 
-0.749691 0.598542 -0.111116 154 4.656782 0.098542


-0.749558 0.618087 -0.113286 20 4.645908 0.118087


-0.749417 0.632363 -0.115261 164 4.636007 0.132363 
-0.749732 0.652476 -0.110352 55 4.660608 0.152476 
-0.749954 0.654533 -0.095691 54 4.733934 0.154533 
-0.749987 0.626277 -0.102295 137 4.700915 0.126277 
-0.749417 0.632363 -0.115261 164 4.636007 0.132363


-0.749913 0.641412 -0.105904 21 4.682865 0.141412


-0.701626 0.540574 -0.230421 125 4.002030 0.040574 
-0.711847 0.538602 -0.217497 167 4.084441 0.038602 
-0.704602 0.500000 -0.226879 10 4.025166 0.000000 
-0.691421 0.500000 -0.241421 9 3.926991 0.000000 
-0.701626 0.540574 -0.230421 125 4.002030 0.040574


-0.702617 0.519794 -0.229260 22 4.009663 0.019794


-0.704602 0.500000 -0.226879 10 4.025166 0.000000 
-0.711847 0.538602 -0.217497 167 4.084441 0.038602 
-0.722932 0.535791 -0.200471 103 4.186069 0.035791 
-0.716294 0.500000 -0.211114 11 4.123340 0.000000 
-0.704602 0.500000 -0.226879 10 4.025166 0.000000


-0.714200 0.518598 -0.214186 23 4.104753 0.018598


-0.718644 0.623519 -0.207514 104 4.144835 0.123519 
-0.705880 0.624008 -0.225305 152 4.035301 0.124008 
-0.715617 0.665505 -0.212120 62 4.117277 0.165505 
-0.723448 0.660902 -0.199578 61 4.191225 0.160902 
-0.718644 0.623519 -0.207514 104 4.144835 0.123519


-0.716164 0.643484 -0.211308 24 4.122173 0.143484


-0.722932 0.535791 -0.200471 103 4.186069 0.035791 
-0.711847 0.538602 -0.217497 167 4.084441 0.038602 
-0.718799 0.577721 -0.207269 178 4.146286 0.077721 
-0.728758 0.571686 -0.189698 174 4.247313 0.071686 
-0.722932 0.535791 -0.200471 103 4.186069 0.035791


-0.720884 0.555950 -0.203916 25 4.166027 0.055950


-0.741528 0.652151 -0.157594 58 4.420282 0.152151 
-0.743226 0.624078 -0.151612 138 4.451375 0.124078 
-0.737614 0.615558 -0.169290 106 4.358605 0.115558 
-0.736471 0.654156 -0.172308 59 4.342469 0.154156 
-0.741528 0.652151 -0.157594 58 4.420282 0.152151


-0.739897 0.636486 -0.162763 26 4.393181 0.136486


-0.747140 0.633048 -0.133701 109 4.543078 0.133048 
-0.748502 0.615165 -0.124432 166 4.589925 0.115165 
-0.746066 0.600361 -0.139472 105 4.513727 0.100361 
-0.743226 0.624078 -0.151612 138 4.451375 0.124078 
-0.747140 0.633048 -0.133701 109 4.543078 0.133048


-0.746481 0.618163 -0.137351 27 4.524530 0.118163


-0.737614 0.615558 -0.169290 106 4.358605 0.115558 
-0.743226 0.624078 -0.151612 138 4.451375 0.124078 
-0.746066 0.600361 -0.139472 105 4.513727 0.100361 
-0.742325 0.586216 -0.154874 176 4.434456 0.086216 
-0.737614 0.615558 -0.169290 106 4.358605 0.115558


-0.742602 0.606553 -0.153894 28 4.439546 0.106553


-0.737706 0.521555 -0.169039 108 4.359945 0.021555 
-0.740911 0.515470 -0.159607 139 4.409755 0.015470 
-0.741388 0.500000 -0.158057 14 4.417865 0.000000 
-0.734776 0.500000 -0.176537 13 4.319690 0.000000 
-0.737706 0.521555 -0.169039 108 4.359945 0.021555


-0.738844 0.509256 -0.165862 29 4.376817 0.009256


-0.744207 0.525093 -0.147787 107 4.471119 0.025093 
-0.740911 0.515470 -0.159607 139 4.409755 0.015470 
-0.737706 0.521555 -0.169039 108 4.359945 0.021555 
-0.740419 0.543003 -0.161161 81 4.401605 0.043003 
-0.744207 0.525093 -0.147787 107 4.471119 0.025093


-0.740961 0.526280 -0.159445 30 4.410602 0.026280


-0.741388 0.500000 -0.158057 14 4.417865 0.000000 
-0.740911 0.515470 -0.159607 139 4.409755 0.015470 
-0.744207 0.525093 -0.147787 107 4.471119 0.025093 
-0.746157 0.500000 -0.139018 15 4.516039 0.000000 
-0.741388 0.500000 -0.158057 14 4.417865 0.000000


-0.743345 0.510141 -0.151165 31 4.453690 0.010141


-0.746066 0.600361 -0.139472 105 4.513727 0.100361 
-0.748466 0.572455 -0.124724 177 4.588451 0.072455 
-0.745324 0.555543 -0.142995 110 4.495720 0.055543 
-0.742325 0.586216 -0.154874 176 4.434456 0.086216 
-0.746066 0.600361 -0.139472 105 4.513727 0.100361


-0.745840 0.578644 -0.140577 32 4.508083 0.078644


-0.747140 0.633048 -0.133701 109 4.543078 0.133048 
-0.743226 0.624078 -0.151612 138 4.451375 0.124078 
-0.741528 0.652151 -0.157594 58 4.420282 0.152151 
-0.745446 0.651170 -0.142436 57 4.498586 0.151170 
-0.747140 0.633048 -0.133701 109 4.543078 0.133048


-0.744546 0.640112 -0.146386 33 4.478327 0.140112


-0.749966 0.583188 -0.096310 163 4.730841 0.083188 
-0.748962 0.582107 -0.079648 92 4.814327 0.082107 
-0.748985 0.541052 -0.079877 173 4.813176 0.041052 
-0.749893 0.546586 -0.106539 136 4.679688 0.046586 
-0.749966 0.583188 -0.096310 163 4.730841 0.083188


-0.749778 0.563233 -0.090578 34 4.759517 0.063233


-0.744207 0.525093 -0.147787 107 4.471119 0.025093 
-0.747570 0.528744 -0.131081 140 4.556353 0.028744 
-0.749037 0.500000 -0.119603 16 4.614214 0.000000 
-0.746157 0.500000 -0.139018 15 4.516039 0.000000 
-0.744207 0.525093 -0.147787 107 4.471119 0.025093


-0.747016 0.513459 -0.134420 35 4.539427 0.013459


-0.745324 0.555543 -0.142995 110 4.495720 0.055543 
-0.747570 0.528744 -0.131081 140 4.556353 0.028744 
-0.744207 0.525093 -0.147787 107 4.471119 0.025093 
-0.740419 0.543003 -0.161161 81 4.401605 0.043003 
-0.745324 0.555543 -0.142995 110 4.495720 0.055543


-0.744679 0.538096 -0.145827 36 4.481202 0.038096


-0.749037 0.500000 -0.119603 16 4.614214 0.000000 
-0.747570 0.528744 -0.131081 140 4.556353 0.028744 
-0.749893 0.546586 -0.106539 136 4.679688 0.046586 
-0.750000 0.500000 -0.100000 17 4.712389 0.000000 
-0.749037 0.500000 -0.119603 16 4.614214 0.000000


-0.749486 0.518832 -0.114332 37 4.640669 0.018832


-0.702967 0.656393 0.028846 77 5.412402 0.156393 
-0.707113 0.706701 0.023755 45 5.379574 0.206701 
-0.697721 0.715523 0.034828 44 5.452187 0.215523 
-0.692142 0.663410 0.040697 116 5.492678 0.163410 
-0.702967 0.656393 0.028846 77 5.412402 0.156393


-0.700121 0.685507 0.032150 38 5.434209 0.185507


-0.589480 0.578981 0.096065 119 6.084479 0.078981 
-0.569909 0.581234 0.099007 143 6.183473 0.081234 
-0.569603 0.500000 0.099037 32 6.185011 0.000000 
-0.589018 0.500000 0.096157 31 6.086836 0.000000 
-0.589480 0.578981 0.096065 119 6.084479 0.078981


-0.579539 0.540054 0.097807 39 6.134950 0.040054


-0.729755 0.590433 -0.012318 159 5.166216 0.090433 
-0.720445 0.595801 0.004635 148 5.262964 0.095801 
-0.717838 0.548905 0.008768 114 5.287396 0.048905 
-0.727851 0.545839 -0.008518 144 5.187467 0.045839 
-0.729755 0.590433 -0.012318 159 5.166216 0.090433


-0.724194 0.570244 -0.001733 40 5.226010 0.070244


-0.713754 0.648722 0.014824 87 5.323920 0.148722 
-0.722807 0.642225 0.000686 112 5.239956 0.142225 
-0.724735 0.689022 -0.002698 47 5.220478 0.189022 
-0.716378 0.697626 0.010988 46 5.300681 0.197626 
-0.713754 0.648722 0.014824 87 5.323920 0.148722


-0.719571 0.669399 0.006046 41 5.271258 0.169399


-0.722807 0.642225 0.000686 112 5.239956 0.142225 
-0.731357 0.635413 -0.015681 158 5.147591 0.135413 
-0.732848 0.680128 -0.018965 48 5.129560 0.180128 
-0.724735 0.689022 -0.002698 47 5.220478 0.189022 
-0.722807 0.642225 0.000686 112 5.239956 0.142225


-0.728131 0.661697 -0.009065 42 5.184396 0.161697


-0.572080 0.742440 0.098777 142 6.172557 0.242440 
-0.596952 0.724804 0.094411 129 6.046214 0.224804 
-0.598904 0.795293 0.093929 39 6.036160 0.295293 
-0.574749 0.812385 0.098463 38 6.159123 0.312385 
-0.572080 0.742440 0.098777 142 6.172557 0.242440


-0.585741 0.768730 0.096780 43 6.103514 0.268730


-0.550000 0.746867 0.100000 36 6.283185 0.246867 
-0.572080 0.742440 0.098777 142 6.172557 0.242440 
-0.574749 0.812385 0.098463 38 6.159123 0.312385 
-0.550000 0.829156 0.100000 37 6.283185 0.329156 
-0.550000 0.746867 0.100000 36 6.283185 0.246867


-0.561728 0.782712 0.099656 44 6.224513 0.282712


-0.569603 0.500000 0.099037 32 6.185011 0.000000 
-0.569909 0.581234 0.099007 143 6.183473 0.081234 
-0.550000 0.582289 0.100000 34 6.283185 0.082289 
-0.550000 0.500000 0.100000 33 6.283185 0.000000 
-0.569603 0.500000 0.099037 32 6.185011 0.000000


-0.559890 0.540881 0.099755 45 6.233714 0.040881


-0.569909 0.581234 0.099007 143 6.183473 0.081234 
-0.589480 0.578981 0.096065 119 6.084479 0.078981 
-0.591389 0.654517 0.095671 155 6.074736 0.154517 
-0.571692 0.661725 0.098820 111 6.174512 0.161725 
-0.569909 0.581234 0.099007 143 6.183473 0.081234


-0.580656 0.619114 0.097637 46 6.129300 0.119114


-0.726384 0.500000 -0.005721 22 5.203263 0.000000 
-0.727851 0.545839 -0.008518 144 5.187467 0.045839 
-0.717838 0.548905 0.008768 114 5.287396 0.048905 
-0.716294 0.500000 0.011114 23 5.301438 0.000000 
-0.726384 0.500000 -0.005721 22 5.203263 0.000000


-0.722308 0.523686 0.001538 47 5.244891 0.023686


-0.735860 0.543343 -0.026134 113 5.090678 0.043343 
-0.736770 0.587007 -0.028468 161 5.078149 0.087007 
-0.729755 0.590433 -0.012318 159 5.166216 0.090433 
-0.727851 0.545839 -0.008518 144 5.187467 0.045839 
-0.735860 0.543343 -0.026134 113 5.090678 0.043343


-0.732761 0.566655 -0.018770 48 5.130626 0.066655


-0.729755 0.590433 -0.012318 159 5.166216 0.090433 
-0.731357 0.635413 -0.015681 158 5.147591 0.135413 
-0.722807 0.642225 0.000686 112 5.239956 0.142225 
-0.720445 0.595801 0.004635 148 5.262964 0.095801 
-0.729755 0.590433 -0.012318 159 5.166216 0.090433


-0.726298 0.615968 -0.005559 49 5.204181 0.115968


-0.742356 0.585110 -0.045234 115 4.989763 0.085110 
-0.746439 0.583214 -0.062427 162 4.901376 0.083214 
-0.746080 0.624125 -0.060597 160 4.910701 0.124125 
-0.742635 0.626192 -0.046225 132 4.984615 0.126192 
-0.742356 0.585110 -0.045234 115 4.989763 0.085110


-0.744539 0.604660 -0.053582 50 4.946614 0.104660


-0.742356 0.585110 -0.045234 115 4.989763 0.085110 
-0.736770 0.587007 -0.028468 161 5.078149 0.087007 
-0.735860 0.543343 -0.026134 113 5.090678 0.043343 
-0.741878 0.542555 -0.043585 145 4.998345 0.042555 
-0.742356 0.585110 -0.045234 115 4.989763 0.085110


-0.739412 0.564504 -0.035789 51 5.039233 0.064504


-0.741388 0.500000 -0.041943 20 5.006913 0.000000 
-0.741878 0.542555 -0.043585 145 4.998345 0.042555 
-0.735860 0.543343 -0.026134 113 5.090678 0.043343 
-0.734776 0.500000 -0.023463 21 5.105088 0.000000 
-0.741388 0.500000 -0.041943 20 5.006913 0.000000


-0.738693 0.521475 -0.033705 52 5.050256 0.021475


-0.746327 0.541645 -0.061849 101 4.904322 0.041645 
-0.746439 0.583214 -0.062427 162 4.901376 0.083214 
-0.742356 0.585110 -0.045234 115 4.989763 0.085110 
-0.741878 0.542555 -0.043585 145 4.998345 0.042555 
-0.746327 0.541645 -0.061849 101 4.904322 0.041645


-0.744453 0.563131 -0.053225 53 4.948451 0.063131


-0.635427 0.694071 -0.280838 172 3.582913 0.194071 
-0.621574 0.692813 -0.286754 157 3.507578 0.192813 
-0.621023 0.729371 -0.286965 70 3.504629 0.229371 
-0.644112 0.713220 -0.276474 69 3.631517 0.213220 
-0.635427 0.694071 -0.280838 172 3.582913 0.194071


-0.630649 0.707368 -0.283018 54 3.556652 0.207368


-0.621023 0.729371 -0.286965 70 3.504629 0.229371 
-0.621574 0.692813 -0.286754 157 3.507578 0.192813 
-0.596373 0.695061 -0.294550 131 3.375586 0.195061 
-0.597185 0.746140 -0.294354 71 3.379765 0.246140 
-0.621023 0.729371 -0.286965 70 3.504629 0.229371


-0.609161 0.715846 -0.291050 55 3.441890 0.215846


-0.639984 0.680041 -0.278614 153 3.608271 0.180041 
-0.621929 0.656251 -0.286618 97 3.509479 0.156251 
-0.621574 0.692813 -0.286754 157 3.507578 0.192813 
-0.635427 0.694071 -0.280838 172 3.582913 0.194071 
-0.639984 0.680041 -0.278614 153 3.608271 0.180041


-0.629807 0.680794 -0.283387 56 3.552059 0.180794


-0.605609 0.574656 -0.292113 117 3.423353 0.074656 
-0.627224 0.551927 -0.284490 88 3.538015 0.051927 
-0.608057 0.500000 -0.291388 4 3.436117 0.000000 
-0.589018 0.500000 -0.296157 3 3.337942 0.000000 
-0.605609 0.574656 -0.292113 117 3.423353 0.074656


-0.607622 0.531646 -0.291519 57 3.433846 0.031646


-0.656938 0.544495 -0.269010 134 3.705732 0.044495 
-0.668973 0.589011 -0.260765 95 3.778690 0.089011 
-0.679798 0.580550 -0.252160 170 3.847847 0.080550 
-0.673217 0.541730 -0.257536 146 3.805352 0.041730 
-0.656938 0.544495 -0.269010 134 3.705732 0.044495


-0.669891 0.563947 -0.260081 58 3.784415 0.063947


-0.608057 0.500000 -0.291388 4 3.436117 0.000000 
-0.627224 0.551927 -0.284490 88 3.538015 0.051927 
-0.642412 0.548242 -0.277370 96 3.621907 0.048242 
-0.626537 0.500000 -0.284776 5 3.534292 0.000000 
-0.608057 0.500000 -0.291388 4 3.436117 0.000000


-0.626222 0.525042 -0.284906 59 3.532590 0.025042


-0.717838 0.548905 0.008768 114 5.287396 0.048905 
-0.706733 0.551752 0.024237 147 5.382641 0.051752 
-0.704602 0.500000 0.026879 24 5.399612 0.000000 
-0.716294 0.500000 0.011114 23 5.301438 0.000000 
-0.717838 0.548905 0.008768 114 5.287396 0.048905


-0.711560 0.525164 0.017891 60 5.342771 0.025164


-0.706733 0.551752 0.024237 147 5.382641 0.051752 
-0.710641 0.599648 0.019141 120 5.350532 0.099648 
-0.698464 0.606122 0.034009 85 5.446659 0.106122 
-0.692786 0.556209 0.040043 121 5.488089 0.056209 
-0.706733 0.551752 0.024237 147 5.382641 0.051752


-0.702376 0.578433 0.029544 61 5.416978 0.078433


-0.704602 0.500000 0.026879 24 5.399612 0.000000 
-0.706733 0.551752 0.024237 147 5.382641 0.051752 
-0.692786 0.556209 0.040043 121 5.488089 0.056209 
-0.691421 0.500000 0.041421 25 5.497787 0.000000 
-0.704602 0.500000 0.026879 24 5.399612 0.000000


-0.699082 0.526990 0.033321 62 5.442033 0.026990


-0.627901 0.570710 0.084205 118 5.883094 0.070710 
-0.626537 0.500000 0.084776 29 5.890486 0.000000 
-0.644279 0.500000 0.076384 28 5.792311 0.000000 
-0.646135 0.566305 0.075380 78 5.781761 0.066305 
-0.627901 0.570710 0.084205 118 5.883094 0.070710


-0.636321 0.534254 0.080412 63 5.836913 0.034254


-0.627901 0.570710 0.084205 118 5.883094 0.070710 
-0.608863 0.574893 0.091142 80 5.984444 0.074893 
-0.608057 0.500000 0.091388 30 5.988661 0.000000 
-0.626537 0.500000 0.084776 29 5.890486 0.000000 
-0.627901 0.570710 0.084205 118 5.883094 0.070710


-0.617924 0.536401 0.088112 64 5.936671 0.036401


-0.608057 0.500000 0.091388 30 5.988661 0.000000 
-0.608863 0.574893 0.091142 80 5.984444 0.074893 
-0.589480 0.578981 0.096065 119 6.084479 0.078981 
-0.589018 0.500000 0.096157 31 6.086836 0.000000 
-0.608057 0.500000 0.091388 30 5.988661 0.000000


-0.598915 0.538469 0.093926 65 6.036105 0.038469


-0.692786 0.556209 0.040043 121 5.488089 0.056209 
-0.698464 0.606122 0.034009 85 5.446659 0.106122 
-0.685612 0.611460 0.047002 100 5.538068 0.111460 
-0.678648 0.559106 0.053133 165 5.584462 0.059106 
-0.692786 0.556209 0.040043 121 5.488089 0.056209


-0.689064 0.583224 0.043740 66 5.514318 0.083224


-0.571692 0.661725 0.098820 111 6.174512 0.161725 
-0.572080 0.742440 0.098777 142 6.172557 0.242440 
-0.550000 0.746867 0.100000 36 6.283185 0.246867 
-0.550000 0.664578 0.100000 35 6.283185 0.164578 
-0.571692 0.661725 0.098820 111 6.174512 0.161725


-0.560960 0.703902 0.099699 67 6.228360 0.203902


-0.720445 0.595801 0.004635 148 5.262964 0.095801 
-0.722807 0.642225 0.000686 112 5.239956 0.142225 
-0.713754 0.648722 0.014824 87 5.323920 0.148722 
-0.710641 0.599648 0.019141 120 5.350532 0.099648 
-0.720445 0.595801 0.004635 148 5.262964 0.095801


-0.717078 0.621599 0.009931 68 5.294342 0.121599


-0.569909 0.581234 0.099007 143 6.183473 0.081234 
-0.571692 0.661725 0.098820 111 6.174512 0.161725 
-0.550000 0.664578 0.100000 35 6.283185 0.164578 
-0.550000 0.582289 0.100000 34 6.283185 0.082289 
-0.569909 0.581234 0.099007 143 6.183473 0.081234


-0.560415 0.622456 0.099729 69 6.231089 0.122456


-0.676881 0.674301 0.054600 122 5.595949 0.174301 
-0.692142 0.663410 0.040697 116 5.492678 0.163410 
-0.697721 0.715523 0.034828 44 5.452187 0.215523 
-0.687674 0.724619 0.045072 43 5.523945 0.224619 
-0.676881 0.674301 0.054600 122 5.595949 0.174301


-0.688796 0.694463 0.043998 70 5.516180 0.194463


-0.672529 0.641304 -0.258071 99 3.800997 0.141304 
-0.660797 0.647596 -0.266506 171 3.728734 0.147596 
-0.677589 0.690180 -0.254016 66 3.833418 0.190180 
-0.687938 0.683230 -0.244821 65 3.902656 0.183230 
-0.672529 0.641304 -0.258071 99 3.800997 0.141304


-0.674958 0.665578 -0.256159 71 3.816453 0.165578


-0.676879 0.500000 0.054602 26 5.595962 0.000000 
-0.678648 0.559106 0.053133 165 5.584462 0.059106 
-0.663096 0.562538 0.064952 123 5.682170 0.062538 
-0.661114 0.500000 0.066294 27 5.694137 0.000000 
-0.676879 0.500000 0.054602 26 5.595962 0.000000


-0.670080 0.530411 0.059940 72 5.639183 0.030411


-0.692786 0.556209 0.040043 121 5.488089 0.056209 
-0.678648 0.559106 0.053133 165 5.584462 0.059106 
-0.676879 0.500000 0.054602 26 5.595962 0.000000 
-0.691421 0.500000 0.041421 25 5.497787 0.000000 
-0.692786 0.556209 0.040043 121 5.488089 0.056209


-0.685095 0.528829 0.047476 73 5.541575 0.028829


-0.663096 0.562538 0.064952 123 5.682170 0.062538 
-0.646135 0.566305 0.075380 78 5.781761 0.066305 
-0.644279 0.500000 0.076384 28 5.792311 0.000000 
-0.661114 0.500000 0.066294 27 5.694137 0.000000 
-0.663096 0.562538 0.064952 123 5.682170 0.062538


-0.653785 0.532211 0.070964 74 5.737595 0.032211


-0.673217 0.541730 -0.257536 146 3.805352 0.041730 
-0.686472 0.540436 -0.246203 169 3.892581 0.040436 
-0.676879 0.500000 -0.254602 8 3.828816 0.000000 
-0.661114 0.500000 -0.266294 7 3.730641 0.000000 
-0.673217 0.541730 -0.257536 146 3.805352 0.041730


-0.674629 0.520541 -0.256421 75 3.814352 0.020541


-0.676879 0.500000 -0.254602 8 3.828816 0.000000 
-0.686472 0.540436 -0.246203 169 3.892581 0.040436 
-0.701626 0.540574 -0.230421 125 4.002030 0.040574 
-0.691421 0.500000 -0.241421 9 3.926991 0.000000 
-0.676879 0.500000 -0.254602 8 3.828816 0.000000


-0.689372 0.520252 -0.243442 76 3.912600 0.020252


-0.737614 0.615558 -0.169290 106 4.358605 0.115558 
-0.728803 0.620095 -0.189607 149 4.247821 0.120095 
-0.730433 0.657090 -0.186278 60 4.266357 0.157090 
-0.736471 0.654156 -0.172308 59 4.342469 0.154156 
-0.737614 0.615558 -0.169290 106 4.358605 0.115558


-0.733538 0.636725 -0.179461 77 4.303813 0.136725


-0.718799 0.577721 -0.207269 178 4.146286 0.077721 
-0.728803 0.620095 -0.189607 149 4.247821 0.120095 
-0.737614 0.615558 -0.169290 106 4.358605 0.115558 
-0.728758 0.571686 -0.189698 174 4.247313 0.071686 
-0.718799 0.577721 -0.207269 178 4.146286 0.077721


-0.728998 0.596265 -0.189218 78 4.249999 0.096265


-0.730433 0.657090 -0.186278 60 4.266357 0.157090 
-0.728803 0.620095 -0.189607 149 4.247821 0.120095 
-0.718644 0.623519 -0.207514 104 4.144835 0.123519 
-0.723448 0.660902 -0.199578 61 4.191225 0.160902 
-0.730433 0.657090 -0.186278 60 4.266357 0.157090


-0.725533 0.640402 -0.195854 79 4.212565 0.140402


-0.622553 0.777796 0.086376 40 5.911951 0.277796 
-0.620745 0.710343 0.087070 141 5.921637 0.210343 
-0.640898 0.697372 0.078150 126 5.811385 0.197372 
-0.645096 0.760318 0.075945 41 5.787674 0.260318 
-0.622553 0.777796 0.086376 40 5.911951 0.277796


-0.632468 0.736457 0.082206 80 5.858163 0.236457


-0.596952 0.724804 0.094411 129 6.046214 0.224804 
-0.620745 0.710343 0.087070 141 5.921637 0.210343 
-0.622553 0.777796 0.086376 40 5.911951 0.277796 
-0.598904 0.795293 0.093929 39 6.036160 0.295293 
-0.596952 0.724804 0.094411 129 6.046214 0.224804


-0.609905 0.752059 0.090818 81 5.978990 0.252059


-0.726384 0.500000 -0.194279 12 4.221515 0.000000 
-0.730397 0.530502 -0.186353 150 4.265938 0.030502 
-0.737706 0.521555 -0.169039 108 4.359945 0.021555 
-0.734776 0.500000 -0.176537 13 4.319690 0.000000 
-0.726384 0.500000 -0.194279 12 4.221515 0.000000


-0.732568 0.513014 -0.181665 82 4.291773 0.013014


-0.722932 0.535791 -0.200471 103 4.186069 0.035791 
-0.730397 0.530502 -0.186353 150 4.265938 0.030502 
-0.726384 0.500000 -0.194279 12 4.221515 0.000000 
-0.716294 0.500000 -0.211114 11 4.123340 0.000000 
-0.722932 0.535791 -0.200471 103 4.186069 0.035791


-0.724239 0.516573 -0.198188 83 4.199221 0.016573


-0.737706 0.521555 -0.169039 108 4.359945 0.021555 
-0.730397 0.530502 -0.186353 150 4.265938 0.030502 
-0.735205 0.559779 -0.175492 175 4.325336 0.059779 
-0.740419 0.543003 -0.161161 81 4.401605 0.043003 
-0.737706 0.521555 -0.169039 108 4.359945 0.021555


-0.736162 0.538710 -0.173102 84 4.338211 0.038710


-0.749417 0.632363 -0.115261 164 4.636007 0.132363 
-0.748244 0.639236 -0.126447 151 4.579764 0.139236 
-0.748242 0.651262 -0.126458 56 4.579710 0.151262 
-0.749732 0.652476 -0.110352 55 4.660608 0.152476 
-0.749417 0.632363 -0.115261 164 4.636007 0.132363


-0.749033 0.643834 -0.119642 85 4.614021 0.143834


-0.748242 0.651262 -0.126458 56 4.579710 0.151262 
-0.748244 0.639236 -0.126447 151 4.579764 0.139236 
-0.747140 0.633048 -0.133701 109 4.543078 0.133048 
-0.745446 0.651170 -0.142436 57 4.498586 0.151170 
-0.748242 0.651262 -0.126458 56 4.579710 0.151262


-0.747378 0.643679 -0.132278 86 4.550288 0.143679


-0.715617 0.665505 -0.212120 62 4.117277 0.165505 
-0.705880 0.624008 -0.225305 152 4.035301 0.124008 
-0.693661 0.626216 -0.239146 94 3.942957 0.126216 
-0.707030 0.670817 -0.223862 63 4.044528 0.170817 
-0.715617 0.665505 -0.212120 62 4.117277 0.165505


-0.705845 0.646636 -0.225348 87 4.035025 0.146636


-0.718644 0.623519 -0.207514 104 4.144835 0.123519 
-0.709982 0.581725 -0.220024 79 4.068737 0.081725 
-0.696834 0.582079 -0.235794 102 3.966033 0.082079 
-0.705880 0.624008 -0.225305 152 4.035301 0.124008 
-0.718644 0.623519 -0.207514 104 4.144835 0.123519


-0.708162 0.602833 -0.222412 88 4.053723 0.102833


-0.693661 0.626216 -0.239146 94 3.942957 0.126216 
-0.705880 0.624008 -0.225305 152 4.035301 0.124008 
-0.696834 0.582079 -0.235794 102 3.966033 0.082079 
-0.679798 0.580550 -0.252160 170 3.847847 0.080550 
-0.693661 0.626216 -0.239146 94 3.942957 0.126216


-0.694368 0.603213 -0.238412 89 3.948049 0.103213


-0.701626 0.540574 -0.230421 125 4.002030 0.040574 
-0.686472 0.540436 -0.246203 169 3.892581 0.040436 
-0.696834 0.582079 -0.235794 102 3.966033 0.082079 
-0.709982 0.581725 -0.220024 79 4.068737 0.081725 
-0.701626 0.540574 -0.230421 125 4.002030 0.040574


-0.699029 0.561203 -0.233380 90 3.982349 0.061203


-0.681975 0.632711 -0.250275 82 3.862243 0.132711 
-0.668973 0.589011 -0.260765 95 3.778690 0.089011 
-0.656272 0.597011 -0.269429 168 3.701795 0.097011 
-0.672529 0.641304 -0.258071 99 3.800997 0.141304 
-0.681975 0.632711 -0.250275 82 3.862243 0.132711


-0.670135 0.615009 -0.259899 91 3.785938 0.115009


-0.635017 0.634261 0.081031 84 5.844132 0.134261 
-0.653899 0.625159 0.070895 127 5.736926 0.125159 
-0.662130 0.683453 0.065611 86 5.688015 0.183453 
-0.640898 0.697372 0.078150 126 5.811385 0.197372 
-0.635017 0.634261 0.081031 84 5.844132 0.134261


-0.648170 0.660061 0.074249 92 5.770119 0.160061


-0.652634 0.653944 -0.271657 128 3.680466 0.153944 
-0.639984 0.680041 -0.278614 153 3.608271 0.180041 
-0.655619 0.705232 -0.269837 68 3.697949 0.205232 
-0.666798 0.697533 -0.262352 67 3.765228 0.197533 
-0.652634 0.653944 -0.271657 128 3.680466 0.153944


-0.653921 0.684187 -0.270881 93 3.687980 0.184187


-0.655619 0.705232 -0.269837 68 3.697949 0.205232 
-0.639984 0.680041 -0.278614 153 3.608271 0.180041 
-0.635427 0.694071 -0.280838 172 3.582913 0.194071 
-0.644112 0.713220 -0.276474 69 3.631517 0.213220 
-0.655619 0.705232 -0.269837 68 3.697949 0.205232


-0.643871 0.698141 -0.276602 94 3.630154 0.198141


-0.573475 0.633382 -0.298618 98 3.259238 0.133382 
-0.596222 0.632547 -0.294585 156 3.374812 0.132547 
-0.605609 0.574656 -0.292113 117 3.423353 0.074656 
-0.570994 0.567565 -0.298895 89 3.246754 0.067565 
-0.573475 0.633382 -0.298618 98 3.259238 0.133382


-0.586679 0.602037 -0.296608 95 3.326029 0.102037


-0.570994 0.567565 -0.298895 89 3.246754 0.067565 
-0.569603 0.500000 -0.299037 2 3.239767 0.000000 
-0.550000 0.500000 -0.300000 1 3.141593 0.000000 
-0.550000 0.569856 -0.300000 76 3.141593 0.069856 
-0.570994 0.567565 -0.298895 89 3.246754 0.067565


-0.560162 0.534355 -0.299742 96 3.192427 0.034355


-0.646135 0.566305 0.075380 78 5.781761 0.066305 
-0.653899 0.625159 0.070895 127 5.736926 0.125159 
-0.635017 0.634261 0.081031 84 5.844132 0.134261 
-0.627901 0.570710 0.084205 118 5.883094 0.070710 
-0.646135 0.566305 0.075380 78 5.781761 0.066305


-0.640881 0.599109 0.078159 97 5.811480 0.099109


-0.627901 0.570710 0.084205 118 5.883094 0.070710 
-0.635017 0.634261 0.081031 84 5.844132 0.134261 
-0.614965 0.643143 0.089155 124 5.952360 0.143143 
-0.608863 0.574893 0.091142 80 5.984444 0.074893 
-0.627901 0.570710 0.084205 118 5.883094 0.070710


-0.621796 0.605752 0.086669 98 5.916009 0.105752


-0.677589 0.690180 -0.254016 66 3.833418 0.190180 
-0.660797 0.647596 -0.266506 171 3.728734 0.147596 
-0.652634 0.653944 -0.271657 128 3.680466 0.153944 
-0.666798 0.697533 -0.262352 67 3.765228 0.197533 
-0.677589 0.690180 -0.254016 66 3.833418 0.190180


-0.664633 0.672313 -0.263888 99 3.751955 0.172313


-0.749966 0.583188 -0.096310 163 4.730841 0.083188 
-0.749893 0.546586 -0.106539 136 4.679688 0.046586 
-0.748466 0.572455 -0.124724 177 4.588451 0.072455 
-0.749691 0.598542 -0.111116 154 4.656782 0.098542 
-0.749966 0.583188 -0.096310 163 4.730841 0.083188


-0.749765 0.575193 -0.109685 100 4.663946 0.075193


-0.642912 0.604945 -0.277108 130 3.624730 0.104945 
-0.660797 0.647596 -0.266506 171 3.728734 0.147596 
-0.672529 0.641304 -0.258071 99 3.800997 0.141304 
-0.656272 0.597011 -0.269429 168 3.701795 0.097011 
-0.642912 0.604945 -0.277108 130 3.624730 0.104945


-0.658343 0.622714 -0.268113 101 3.714066 0.122714


-0.591389 0.654517 0.095671 155 6.074736 0.154517 
-0.596952 0.724804 0.094411 129 6.046214 0.224804 
-0.572080 0.742440 0.098777 142 6.172557 0.242440 
-0.571692 0.661725 0.098820 111 6.174512 0.161725 
-0.591389 0.654517 0.095671 155 6.074736 0.154517


-0.583083 0.695871 0.097245 102 6.117008 0.195871


-0.676881 0.674301 0.054600 122 5.595949 0.174301 
-0.671296 0.617628 0.059020 83 5.631562 0.117628 
-0.685612 0.611460 0.047002 100 5.538068 0.111460 
-0.692142 0.663410 0.040697 116 5.492678 0.163410 
-0.676881 0.674301 0.054600 122 5.595949 0.174301


-0.681669 0.641700 0.050543 103 5.564566 0.141700


-0.667272 0.742228 0.062010 42 5.656625 0.242228 
-0.662130 0.683453 0.065611 86 5.688015 0.183453 
-0.676881 0.674301 0.054600 122 5.595949 0.174301 
-0.687674 0.724619 0.045072 43 5.523945 0.224619 
-0.667272 0.742228 0.062010 42 5.656625 0.242228


-0.673732 0.706150 0.057132 104 5.616149 0.206150


-0.640898 0.697372 0.078150 126 5.811385 0.197372 
-0.662130 0.683453 0.065611 86 5.688015 0.183453 
-0.667272 0.742228 0.062010 42 5.656625 0.242228 
-0.645096 0.760318 0.075945 41 5.787674 0.260318 
-0.640898 0.697372 0.078150 126 5.811385 0.197372


-0.654070 0.720843 0.070791 105 5.735926 0.220843


-0.653899 0.625159 0.070895 127 5.736926 0.125159 
-0.671296 0.617628 0.059020 83 5.631562 0.117628 
-0.676881 0.674301 0.054600 122 5.595949 0.174301 
-0.662130 0.683453 0.065611 86 5.688015 0.183453 
-0.653899 0.625159 0.070895 127 5.736926 0.125159


-0.666219 0.650136 0.062767 106 5.663109 0.150136


-0.614965 0.643143 0.089155 124 5.952360 0.143143 
-0.620745 0.710343 0.087070 141 5.921637 0.210343 
-0.596952 0.724804 0.094411 129 6.046214 0.224804 
-0.591389 0.654517 0.095671 155 6.074736 0.154517 
-0.614965 0.643143 0.089155 124 5.952360 0.143143


-0.606126 0.683202 0.091963 107 5.998737 0.183202


-0.635017 0.634261 0.081031 84 5.844132 0.134261 
-0.640898 0.697372 0.078150 126 5.811385 0.197372 
-0.620745 0.710343 0.087070 141 5.921637 0.210343 
-0.614965 0.643143 0.089155 124 5.952360 0.143143 
-0.635017 0.634261 0.081031 84 5.844132 0.134261


-0.628032 0.671280 0.084149 108 5.882379 0.171280


-0.589480 0.578981 0.096065 119 6.084479 0.078981 
-0.608863 0.574893 0.091142 80 5.984444 0.074893 
-0.614965 0.643143 0.089155 124 5.952360 0.143143 
-0.591389 0.654517 0.095671 155 6.074736 0.154517 
-0.589480 0.578981 0.096065 119 6.084479 0.078981


-0.601257 0.612884 0.093320 109 6.024008 0.112884


-0.702967 0.656393 0.028846 77 5.412402 0.156393 
-0.713754 0.648722 0.014824 87 5.323920 0.148722 
-0.716378 0.697626 0.010988 46 5.300681 0.197626 
-0.707113 0.706701 0.023755 45 5.379574 0.206701 
-0.702967 0.656393 0.028846 77 5.412402 0.156393


-0.710209 0.677360 0.019720 110 5.354143 0.177360


-0.570994 0.567565 -0.298895 89 3.246754 0.067565 
-0.605609 0.574656 -0.292113 117 3.423353 0.074656 
-0.589018 0.500000 -0.296157 3 3.337942 0.000000 
-0.569603 0.500000 -0.299037 2 3.239767 0.000000 
-0.570994 0.567565 -0.298895 89 3.246754 0.067565


-0.583902 0.535555 -0.297106 111 3.311923 0.035555


-0.631582 0.613644 -0.282604 90 3.561757 0.113644 
-0.605609 0.574656 -0.292113 117 3.423353 0.074656 
-0.596222 0.632547 -0.294585 156 3.374812 0.132547 
-0.621929 0.656251 -0.286618 97 3.509479 0.156251 
-0.631582 0.613644 -0.282604 90 3.561757 0.113644


-0.614005 0.619275 -0.289482 112 3.467349 0.119275


-0.685612 0.611460 0.047002 100 5.538068 0.111460 
-0.698464 0.606122 0.034009 85 5.446659 0.106122 
-0.702967 0.656393 0.028846 77 5.412402 0.156393 
-0.692142 0.663410 0.040697 116 5.492678 0.163410 
-0.685612 0.611460 0.047002 100 5.538068 0.111460


-0.694959 0.634346 0.037793 113 5.472449 0.134346


-0.698464 0.606122 0.034009 85 5.446659 0.106122 
-0.710641 0.599648 0.019141 120 5.350532 0.099648 
-0.713754 0.648722 0.014824 87 5.323920 0.148722 
-0.702967 0.656393 0.028846 77 5.412402 0.156393 
-0.698464 0.606122 0.034009 85 5.446659 0.106122


-0.706642 0.627721 0.024352 114 5.383377 0.127721


-0.573475 0.633382 -0.298618 98 3.259238 0.133382 
-0.570994 0.567565 -0.298895 89 3.246754 0.067565 
-0.550000 0.569856 -0.300000 76 3.141593 0.069856 
-0.550000 0.639711 -0.300000 75 3.141593 0.139711 
-0.573475 0.633382 -0.298618 98 3.259238 0.133382


-0.561135 0.602628 -0.299690 115 3.197294 0.102628


-0.631582 0.613644 -0.282604 90 3.561757 0.113644 
-0.642912 0.604945 -0.277108 130 3.624730 0.104945 
-0.627224 0.551927 -0.284490 88 3.538015 0.051927 
-0.605609 0.574656 -0.292113 117 3.423353 0.074656 
-0.631582 0.613644 -0.282604 90 3.561757 0.113644


-0.627036 0.586293 -0.284568 116 3.536996 0.086293


-0.639984 0.680041 -0.278614 153 3.608271 0.180041 
-0.652634 0.653944 -0.271657 128 3.680466 0.153944 
-0.631582 0.613644 -0.282604 90 3.561757 0.113644 
-0.621929 0.656251 -0.286618 97 3.509479 0.156251 
-0.639984 0.680041 -0.278614 153 3.608271 0.180041


-0.636703 0.650970 -0.280229 117 3.589985 0.150970


-0.656272 0.597011 -0.269429 168 3.701795 0.097011 
-0.642412 0.548242 -0.277370 96 3.621907 0.048242 
-0.627224 0.551927 -0.284490 88 3.538015 0.051927 
-0.642912 0.604945 -0.277108 130 3.624730 0.104945 
-0.656272 0.597011 -0.269429 168 3.701795 0.097011


-0.642360 0.575531 -0.277397 118 3.621615 0.075531


-0.732848 0.680128 -0.018965 48 5.129560 0.180128 
-0.731357 0.635413 -0.015681 158 5.147591 0.135413 
-0.738488 0.629215 -0.033124 91 5.053334 0.129215 
-0.739577 0.672094 -0.036276 49 5.036661 0.172094 
-0.732848 0.680128 -0.018965 48 5.129560 0.180128


-0.735778 0.654213 -0.025928 119 5.091787 0.154213


-0.729755 0.590433 -0.012318 159 5.166216 0.090433 
-0.736770 0.587007 -0.028468 161 5.078149 0.087007 
-0.738488 0.629215 -0.033124 91 5.053334 0.129215 
-0.731357 0.635413 -0.015681 158 5.147591 0.135413 
-0.729755 0.590433 -0.012318 159 5.166216 0.090433


-0.734295 0.610517 -0.022313 120 5.111323 0.110517


-0.678648 0.559106 0.053133 165 5.584462 0.059106 
-0.685612 0.611460 0.047002 100 5.538068 0.111460 
-0.671296 0.617628 0.059020 83 5.631562 0.117628 
-0.663096 0.562538 0.064952 123 5.682170 0.062538 
-0.678648 0.559106 0.053133 165 5.584462 0.059106


-0.674842 0.587683 0.056251 121 5.609064 0.087683


-0.746439 0.583214 -0.062427 162 4.901376 0.083214 
-0.748962 0.582107 -0.079648 92 4.814327 0.082107 
-0.748419 0.622245 -0.074900 133 4.838222 0.122245 
-0.746080 0.624125 -0.060597 160 4.910701 0.124125 
-0.746439 0.583214 -0.062427 162 4.901376 0.083214


-0.747640 0.602923 -0.069367 122 4.866157 0.102923


-0.742356 0.585110 -0.045234 115 4.989763 0.085110 
-0.742635 0.626192 -0.046225 132 4.984615 0.126192 
-0.738488 0.629215 -0.033124 91 5.053334 0.129215 
-0.736770 0.587007 -0.028468 161 5.078149 0.087007 
-0.742356 0.585110 -0.045234 115 4.989763 0.085110


-0.740217 0.606881 -0.038213 123 5.026464 0.106881


-0.735860 0.543343 -0.026134 113 5.090678 0.043343 
-0.727851 0.545839 -0.008518 144 5.187467 0.045839 
-0.726384 0.500000 -0.005721 22 5.203263 0.000000 
-0.734776 0.500000 -0.023463 21 5.105088 0.000000 
-0.735860 0.543343 -0.026134 113 5.090678 0.043343


-0.731438 0.522296 -0.015857 124 5.146624 0.022296


-0.746327 0.541645 -0.061849 101 4.904322 0.041645 
-0.741878 0.542555 -0.043585 145 4.998345 0.042555 
-0.741388 0.500000 -0.041943 20 5.006913 0.000000 
-0.746157 0.500000 -0.060982 19 4.908739 0.000000 
-0.746327 0.541645 -0.061849 101 4.904322 0.041645


-0.744163 0.521050 -0.052034 125 4.954580 0.021050


-0.749709 0.620413 -0.089217 93 4.766330 0.120413 
-0.749966 0.583188 -0.096310 163 4.730841 0.083188 
-0.749691 0.598542 -0.111116 154 4.656782 0.098542 
-0.749987 0.626277 -0.102295 137 4.700915 0.126277 
-0.749709 0.620413 -0.089217 93 4.766330 0.120413


-0.750000 0.607105 -0.099734 126 4.713719 0.107105


-0.717838 0.548905 0.008768 114 5.287396 0.048905 
-0.720445 0.595801 0.004635 148 5.262964 0.095801 
-0.710641 0.599648 0.019141 120 5.350532 0.099648 
-0.706733 0.551752 0.024237 147 5.382641 0.051752 
-0.717838 0.548905 0.008768 114 5.287396 0.048905


-0.714102 0.574026 0.014326 127 5.320882 0.074026


-0.663096 0.562538 0.064952 123 5.682170 0.062538 
-0.671296 0.617628 0.059020 83 5.631562 0.117628 
-0.653899 0.625159 0.070895 127 5.736926 0.125159 
-0.646135 0.566305 0.075380 78 5.781761 0.066305 
-0.663096 0.562538 0.064952 123 5.682170 0.062538


-0.658780 0.592907 0.067830 128 5.708106 0.092907


-0.701626 0.540574 -0.230421 125 4.002030 0.040574 
-0.709982 0.581725 -0.220024 79 4.068737 0.081725 
-0.718799 0.577721 -0.207269 178 4.146286 0.077721 
-0.711847 0.538602 -0.217497 167 4.084441 0.038602 
-0.701626 0.540574 -0.230421 125 4.002030 0.040574


-0.710775 0.559656 -0.218960 129 4.075375 0.059656


-0.679798 0.580550 -0.252160 170 3.847847 0.080550 
-0.696834 0.582079 -0.235794 102 3.966033 0.082079 
-0.686472 0.540436 -0.246203 169 3.892581 0.040436 
-0.673217 0.541730 -0.257536 146 3.805352 0.041730 
-0.679798 0.580550 -0.252160 170 3.847847 0.080550


-0.684318 0.561199 -0.248185 130 3.877942 0.061199


-0.668973 0.589011 -0.260765 95 3.778690 0.089011 
-0.681975 0.632711 -0.250275 82 3.862243 0.132711 
-0.693661 0.626216 -0.239146 94 3.942957 0.126216 
-0.679798 0.580550 -0.252160 170 3.847847 0.080550 
-0.668973 0.589011 -0.260765 95 3.778690 0.089011


-0.681325 0.607122 -0.250843 131 3.857930 0.107122


-0.596373 0.695061 -0.294550 131 3.375586 0.195061 
-0.596222 0.632547 -0.294585 156 3.374812 0.132547 
-0.573475 0.633382 -0.298618 98 3.259238 0.133382 
-0.573354 0.702340 -0.298632 135 3.258630 0.202340 
-0.596373 0.695061 -0.294550 131 3.375586 0.195061


-0.584915 0.665833 -0.296929 132 3.317067 0.165833


-0.642912 0.604945 -0.277108 130 3.624730 0.104945 
-0.631582 0.613644 -0.282604 90 3.561757 0.113644 
-0.652634 0.653944 -0.271657 128 3.680466 0.153944 
-0.660797 0.647596 -0.266506 171 3.728734 0.147596 
-0.642912 0.604945 -0.277108 130 3.624730 0.104945


-0.647170 0.630032 -0.274808 133 3.648928 0.130032


-0.749037 0.500000 -0.080397 18 4.810564 0.000000 
-0.750000 0.500000 -0.100000 17 4.712389 0.000000 
-0.749893 0.546586 -0.106539 136 4.679688 0.046586 
-0.748985 0.541052 -0.079877 173 4.813176 0.041052 
-0.749037 0.500000 -0.080397 18 4.810564 0.000000


-0.749827 0.521909 -0.091689 134 4.753958 0.021909


-0.745324 0.555543 -0.142995 110 4.495720 0.055543 
-0.740419 0.543003 -0.161161 81 4.401605 0.043003 
-0.735205 0.559779 -0.175492 175 4.325336 0.059779 
-0.742325 0.586216 -0.154874 176 4.434456 0.086216 
-0.745324 0.555543 -0.142995 110 4.495720 0.055543


-0.741179 0.561135 -0.158742 135 4.414286 0.061135


-0.730397 0.530502 -0.186353 150 4.265938 0.030502 
-0.722932 0.535791 -0.200471 103 4.186069 0.035791 
-0.728758 0.571686 -0.189698 174 4.247313 0.071686 
-0.735205 0.559779 -0.175492 175 4.325336 0.059779 
-0.730397 0.530502 -0.186353 150 4.265938 0.030502


-0.729544 0.549440 -0.188112 136 4.256164 0.049440


-0.735205 0.559779 -0.175492 175 4.325336 0.059779 
-0.728758 0.571686 -0.189698 174 4.247313 0.071686 
-0.737614 0.615558 -0.169290 106 4.358605 0.115558 
-0.742325 0.586216 -0.154874 176 4.434456 0.086216 
-0.735205 0.559779 -0.175492 175 4.325336 0.059779


-0.736396 0.583310 -0.172502 137 4.341429 0.083310


-0.746066 0.600361 -0.139472 105 4.513727 0.100361 
-0.748502 0.615165 -0.124432 166 4.589925 0.115165 
-0.749691 0.598542 -0.111116 154 4.656782 0.098542 
-0.748466 0.572455 -0.124724 177 4.588451 0.072455 
-0.746066 0.600361 -0.139472 105 4.513727 0.100361


-0.748435 0.596631 -0.124968 138 4.587224 0.096631


-0.709982 0.581725 -0.220024 79 4.068737 0.081725 
-0.718644 0.623519 -0.207514 104 4.144835 0.123519 
-0.728803 0.620095 -0.189607 149 4.247821 0.120095 
-0.718799 0.577721 -0.207269 178 4.146286 0.077721 
-0.709982 0.581725 -0.220024 79 4.068737 0.081725


-0.719400 0.600765 -0.206319 139 4.151907 0.100765


