-0.379620 0.500000 -0.204741 24 -0.104741 0.170380 
-0.397394 0.500000 -0.177174 34 -0.077174 0.152606 
-0.388504 0.500000 -0.159275 25 -0.059275 0.161496 
-0.369629 0.500000 -0.186409 23 -0.086409 0.180371 
-0.379620 0.500000 -0.204741 24 -0.104741 0.170380


-0.383787 0.500000 -0.181900 1 -0.081900 0.166213


-0.408702 0.500000 -0.188316 2 -0.088316 0.141298 
-0.397394 0.500000 -0.177174 34 -0.077174 0.152606 
-0.379620 0.500000 -0.204741 24 -0.104741 0.170380 
-0.391467 0.500000 -0.221931 1 -0.121931 0.158533 
-0.408702 0.500000 -0.188316 2 -0.088316 0.141298


-0.394296 0.500000 -0.198041 2 -0.098041 0.155704


-0.411107 0.500000 -0.147378 32 -0.047378 0.138893 
-0.399450 0.500000 -0.140832 49 -0.040832 0.150550 
-0.388504 0.500000 -0.159275 25 -0.059275 0.161496 
-0.397394 0.500000 -0.177174 34 -0.077174 0.152606 
-0.411107 0.500000 -0.147378 32 -0.047378 0.138893


-0.399114 0.500000 -0.156165 3 -0.056165 0.150886


-0.350569 0.500000 -0.084931 18 0.015069 0.199431 
-0.356165 0.500000 -0.081317 35 0.018683 0.193835 
-0.358757 0.500000 -0.071514 27 0.028486 0.191243 
-0.353226 0.500000 -0.064223 17 0.035777 0.196774 
-0.350569 0.500000 -0.084931 18 0.015069 0.199431


-0.354679 0.500000 -0.075496 4 0.024504 0.195321


-0.358543 0.500000 -0.083785 26 0.016215 0.191457 
-0.356165 0.500000 -0.081317 35 0.018683 0.193835 
-0.350569 0.500000 -0.084931 18 0.015069 0.199431 
-0.350084 0.500000 -0.105803 19 -0.005803 0.199916 
-0.358543 0.500000 -0.083785 26 0.016215 0.191457


-0.353840 0.500000 -0.088959 5 0.011041 0.196160


-0.358543 0.500000 -0.083785 26 0.016215 0.191457 
-0.364292 0.500000 -0.060909 40 0.039091 0.185708 
-0.358757 0.500000 -0.071514 27 0.028486 0.191243 
-0.356165 0.500000 -0.081317 35 0.018683 0.193835 
-0.358543 0.500000 -0.083785 26 0.016215 0.191457


-0.359439 0.500000 -0.074381 6 0.025619 0.190561


-0.374679 0.500000 -0.048997 29 0.051003 0.175321 
-0.388400 0.500000 -0.041154 46 0.058846 0.161600 
-0.373832 0.500000 -0.005318 14 0.094682 0.176168 
-0.364921 0.500000 -0.024198 15 0.075802 0.185079 
-0.374679 0.500000 -0.048997 29 0.051003 0.175321


-0.375458 0.500000 -0.029917 7 0.070083 0.174542


-0.388400 0.500000 -0.041154 46 0.058846 0.161600 
-0.375505 0.500000 -0.097950 33 0.002050 0.174495 
-0.411077 0.500000 -0.079198 36 0.020802 0.138923 
-0.409570 0.500000 -0.045822 43 0.054178 0.140430 
-0.388400 0.500000 -0.041154 46 0.058846 0.161600


-0.396138 0.500000 -0.066031 8 0.033969 0.153862


-0.388400 0.500000 -0.041154 46 0.058846 0.161600 
-0.396932 0.500000 -0.016012 30 0.083988 0.153068 
-0.384662 0.500000 0.012531 13 0.112531 0.165338 
-0.373832 0.500000 -0.005318 14 0.094682 0.176168 
-0.388400 0.500000 -0.041154 46 0.058846 0.161600


-0.385956 0.500000 -0.012488 9 0.087512 0.164044


-0.397293 0.500000 0.029154 12 0.129154 0.152707 
-0.403172 0.500000 0.014655 37 0.114655 0.146828 
-0.416760 0.500000 0.020744 48 0.120744 0.133240 
-0.411589 0.500000 0.044369 11 0.144369 0.138411 
-0.397293 0.500000 0.029154 12 0.129154 0.152707


-0.407204 0.500000 0.027230 10 0.127230 0.142796


-0.396932 0.500000 -0.016012 30 0.083988 0.153068 
-0.403172 0.500000 0.014655 37 0.114655 0.146828 
-0.397293 0.500000 0.029154 12 0.129154 0.152707 
-0.384662 0.500000 0.012531 13 0.112531 0.165338 
-0.396932 0.500000 -0.016012 30 0.083988 0.153068


-0.395515 0.500000 0.010082 11 0.110082 0.154485


-0.426495 0.500000 -0.045607 41 0.054393 0.123505 
-0.447933 0.500000 -0.043080 6 0.056920 0.102067 
-0.449968 0.500000 -0.005359 7 0.094641 0.100032 
-0.428088 0.500000 -0.010475 31 0.089525 0.121912 
-0.426495 0.500000 -0.045607 41 0.054393 0.123505


-0.438121 0.500000 -0.026130 12 0.073870 0.111879


-0.448832 0.500000 0.032400 8 0.132400 0.101168 
-0.431667 0.500000 0.025862 38 0.125862 0.118333 
-0.428088 0.500000 -0.010475 31 0.089525 0.121912 
-0.449968 0.500000 -0.005359 7 0.094641 0.100032 
-0.448832 0.500000 0.032400 8 0.132400 0.101168


-0.439639 0.500000 0.010607 13 0.110607 0.110361


-0.427393 0.500000 0.058011 10 0.158011 0.122607 
-0.431667 0.500000 0.025862 38 0.125862 0.118333 
-0.448832 0.500000 0.032400 8 0.132400 0.101168 
-0.444533 0.500000 0.069931 9 0.169931 0.105467 
-0.427393 0.500000 0.058011 10 0.158011 0.122607


-0.438106 0.500000 0.046551 14 0.146551 0.111894


-0.416760 0.500000 0.020744 48 0.120744 0.133240 
-0.431667 0.500000 0.025862 38 0.125862 0.118333 
-0.427393 0.500000 0.058011 10 0.158011 0.122607 
-0.411589 0.500000 0.044369 11 0.144369 0.138411 
-0.416760 0.500000 0.020744 48 0.120744 0.133240


-0.421852 0.500000 0.037247 15 0.137247 0.128148


-0.382219 0.500000 -0.142536 39 -0.042536 0.167781 
-0.375505 0.500000 -0.097950 33 0.002050 0.174495 
-0.355632 0.500000 -0.147130 21 -0.047130 0.194368 
-0.361604 0.500000 -0.167135 22 -0.067135 0.188396 
-0.382219 0.500000 -0.142536 39 -0.042536 0.167781


-0.368740 0.500000 -0.138688 16 -0.038688 0.181260


-0.388504 0.500000 -0.159275 25 -0.059275 0.161496 
-0.382219 0.500000 -0.142536 39 -0.042536 0.167781 
-0.361604 0.500000 -0.167135 22 -0.067135 0.188396 
-0.369629 0.500000 -0.186409 23 -0.086409 0.180371 
-0.388504 0.500000 -0.159275 25 -0.059275 0.161496


-0.375489 0.500000 -0.163839 17 -0.063839 0.174511


-0.411107 0.500000 -0.147378 32 -0.047378 0.138893 
-0.397394 0.500000 -0.177174 34 -0.077174 0.152606 
-0.408702 0.500000 -0.188316 2 -0.088316 0.141298 
-0.423056 0.500000 -0.153373 3 -0.053373 0.126944 
-0.411107 0.500000 -0.147378 32 -0.047378 0.138893


-0.410065 0.500000 -0.166560 18 -0.066560 0.139935


-0.358028 0.500000 -0.043905 16 0.056095 0.191972 
-0.364292 0.500000 -0.060909 40 0.039091 0.185708 
-0.374679 0.500000 -0.048997 29 0.051003 0.175321 
-0.364921 0.500000 -0.024198 15 0.075802 0.185079 
-0.358028 0.500000 -0.043905 16 0.056095 0.191972


-0.365480 0.500000 -0.044502 19 0.055498 0.184520


-0.358757 0.500000 -0.071514 27 0.028486 0.191243 
-0.364292 0.500000 -0.060909 40 0.039091 0.185708 
-0.358028 0.500000 -0.043905 16 0.056095 0.191972 
-0.353226 0.500000 -0.064223 17 0.035777 0.196774 
-0.358757 0.500000 -0.071514 27 0.028486 0.191243


-0.358576 0.500000 -0.060138 20 0.039862 0.191424


-0.358543 0.500000 -0.083785 26 0.016215 0.191457 
-0.365128 0.500000 -0.092356 45 0.007644 0.184872 
-0.374679 0.500000 -0.048997 29 0.051003 0.175321 
-0.364292 0.500000 -0.060909 40 0.039091 0.185708 
-0.358543 0.500000 -0.083785 26 0.016215 0.191457


-0.365661 0.500000 -0.071512 21 0.028488 0.184339


-0.411936 0.500000 -0.010273 47 0.089727 0.138064 
-0.416760 0.500000 0.020744 48 0.120744 0.133240 
-0.403172 0.500000 0.014655 37 0.114655 0.146828 
-0.396932 0.500000 -0.016012 30 0.083988 0.153068 
-0.411936 0.500000 -0.010273 47 0.089727 0.138064


-0.407200 0.500000 0.002278 22 0.102278 0.142800


-0.388400 0.500000 -0.041154 46 0.058846 0.161600 
-0.409570 0.500000 -0.045822 43 0.054178 0.140430 
-0.411936 0.500000 -0.010273 47 0.089727 0.138064 
-0.396932 0.500000 -0.016012 30 0.083988 0.153068 
-0.388400 0.500000 -0.041154 46 0.058846 0.161600


-0.401710 0.500000 -0.028316 23 0.071684 0.148290


-0.447933 0.500000 -0.043080 6 0.056920 0.102067 
-0.426495 0.500000 -0.045607 41 0.054393 0.123505 
-0.426918 0.500000 -0.079625 28 0.020375 0.123082 
-0.442741 0.500000 -0.080498 5 0.019502 0.107259 
-0.447933 0.500000 -0.043080 6 0.056920 0.102067


-0.436022 0.500000 -0.062203 24 0.037797 0.113978


-0.434430 0.500000 -0.117349 4 -0.017349 0.115570 
-0.416804 0.500000 -0.114143 42 -0.014143 0.133196 
-0.411107 0.500000 -0.147378 32 -0.047378 0.138893 
-0.423056 0.500000 -0.153373 3 -0.053373 0.126944 
-0.434430 0.500000 -0.117349 4 -0.017349 0.115570


-0.421349 0.500000 -0.133061 25 -0.033061 0.128651


-0.411077 0.500000 -0.079198 36 0.020802 0.138923 
-0.407313 0.500000 -0.112395 44 -0.012395 0.142687 
-0.416804 0.500000 -0.114143 42 -0.014143 0.133196 
-0.426918 0.500000 -0.079625 28 0.020375 0.123082 
-0.411077 0.500000 -0.079198 36 0.020802 0.138923


-0.415528 0.500000 -0.096340 26 0.003660 0.134472


-0.382219 0.500000 -0.142536 39 -0.042536 0.167781 
-0.407313 0.500000 -0.112395 44 -0.012395 0.142687 
-0.411077 0.500000 -0.079198 36 0.020802 0.138923 
-0.375505 0.500000 -0.097950 33 0.002050 0.174495 
-0.382219 0.500000 -0.142536 39 -0.042536 0.167781


-0.394029 0.500000 -0.108020 27 -0.008020 0.155971


-0.351778 0.500000 -0.126611 20 -0.026611 0.198222 
-0.365128 0.500000 -0.092356 45 0.007644 0.184872 
-0.358543 0.500000 -0.083785 26 0.016215 0.191457 
-0.350084 0.500000 -0.105803 19 -0.005803 0.199916 
-0.351778 0.500000 -0.126611 20 -0.026611 0.198222


-0.356383 0.500000 -0.102139 28 -0.002139 0.193617


-0.375505 0.500000 -0.097950 33 0.002050 0.174495 
-0.365128 0.500000 -0.092356 45 0.007644 0.184872 
-0.351778 0.500000 -0.126611 20 -0.026611 0.198222 
-0.355632 0.500000 -0.147130 21 -0.047130 0.194368 
-0.375505 0.500000 -0.097950 33 0.002050 0.174495


-0.362011 0.500000 -0.116012 29 -0.016012 0.187989


-0.411077 0.500000 -0.079198 36 0.020802 0.138923 
-0.426918 0.500000 -0.079625 28 0.020375 0.123082 
-0.426495 0.500000 -0.045607 41 0.054393 0.123505 
-0.409570 0.500000 -0.045822 43 0.054178 0.140430 
-0.411077 0.500000 -0.079198 36 0.020802 0.138923


-0.418515 0.500000 -0.062563 30 0.037437 0.131485


-0.399450 0.500000 -0.140832 49 -0.040832 0.150550 
-0.411107 0.500000 -0.147378 32 -0.047378 0.138893 
-0.416804 0.500000 -0.114143 42 -0.014143 0.133196 
-0.407313 0.500000 -0.112395 44 -0.012395 0.142687 
-0.399450 0.500000 -0.140832 49 -0.040832 0.150550


-0.408668 0.500000 -0.128687 31 -0.028687 0.141332


-0.426918 0.500000 -0.079625 28 0.020375 0.123082 
-0.416804 0.500000 -0.114143 42 -0.014143 0.133196 
-0.434430 0.500000 -0.117349 4 -0.017349 0.115570 
-0.442741 0.500000 -0.080498 5 0.019502 0.107259 
-0.426918 0.500000 -0.079625 28 0.020375 0.123082


-0.430223 0.500000 -0.097904 32 0.002096 0.119777


-0.388400 0.500000 -0.041154 46 0.058846 0.161600 
-0.374679 0.500000 -0.048997 29 0.051003 0.175321 
-0.365128 0.500000 -0.092356 45 0.007644 0.184872 
-0.375505 0.500000 -0.097950 33 0.002050 0.174495 
-0.388400 0.500000 -0.041154 46 0.058846 0.161600


-0.375928 0.500000 -0.070115 33 0.029885 0.174072


-0.409570 0.500000 -0.045822 43 0.054178 0.140430 
-0.426495 0.500000 -0.045607 41 0.054393 0.123505 
-0.428088 0.500000 -0.010475 31 0.089525 0.121912 
-0.411936 0.500000 -0.010273 47 0.089727 0.138064 
-0.409570 0.500000 -0.045822 43 0.054178 0.140430


-0.419022 0.500000 -0.028044 34 0.071956 0.130978


-0.411936 0.500000 -0.010273 47 0.089727 0.138064 
-0.428088 0.500000 -0.010475 31 0.089525 0.121912 
-0.431667 0.500000 0.025862 38 0.125862 0.118333 
-0.416760 0.500000 0.020744 48 0.120744 0.133240 
-0.411936 0.500000 -0.010273 47 0.089727 0.138064


-0.422113 0.500000 0.006464 35 0.106464 0.127887


-0.407313 0.500000 -0.112395 44 -0.012395 0.142687 
-0.382219 0.500000 -0.142536 39 -0.042536 0.167781 
-0.388504 0.500000 -0.159275 25 -0.059275 0.161496 
-0.399450 0.500000 -0.140832 49 -0.040832 0.150550 
-0.407313 0.500000 -0.112395 44 -0.012395 0.142687


-0.394372 0.500000 -0.138759 36 -0.038759 0.155628


