5.000000 0.048484 -0.016525 21 0.504559 0.214149 
5.000000 -0.020654 -0.028642 27 0.461331 0.269451 
5.000000 0.000000 -0.075000 13 0.430147 0.229412 
5.000000 0.077892 -0.070224 14 0.471017 0.162931 
5.000000 0.048484 -0.016525 21 0.504559 0.214149


5.000000 0.026431 -0.047598 1 0.466763 0.218986


5.000000 0.114069 -0.003521 19 0.546896 0.162400 
5.000000 0.083599 0.037146 23 0.568440 0.208423 
5.000000 0.023596 0.030190 17 0.534066 0.258093 
5.000000 0.048484 -0.016525 21 0.504559 0.214149 
5.000000 0.114069 -0.003521 19 0.546896 0.162400


5.000000 0.067437 0.011823 2 0.538490 0.210766


5.000000 0.048484 -0.016525 21 0.504559 0.214149 
5.000000 0.023596 0.030190 17 0.534066 0.258093 
5.000000 -0.042715 0.017062 22 0.491277 0.310425 
5.000000 -0.020654 -0.028642 27 0.461331 0.269451 
5.000000 0.048484 -0.016525 21 0.504559 0.214149


5.000000 0.002178 0.000521 3 0.497808 0.263029


5.000000 -0.077892 0.070224 6 0.521631 0.366480 
5.000000 -0.042715 0.017062 22 0.491277 0.310425 
5.000000 0.023596 0.030190 17 0.534066 0.258093 
5.000000 -0.000000 0.075000 5 0.562500 0.300000 
5.000000 -0.077892 0.070224 6 0.521631 0.366480


5.000000 -0.024253 0.048119 4 0.527368 0.308750


5.000000 -0.109360 0.005751 18 0.449934 0.363907 
5.000000 -0.042715 0.017062 22 0.491277 0.310425 
5.000000 -0.077892 0.070224 6 0.521631 0.366480 
5.000000 -0.154616 0.055966 7 0.472944 0.427469 
5.000000 -0.109360 0.005751 18 0.449934 0.363907


5.000000 -0.096146 0.037251 5 0.483947 0.367070


5.000000 0.077892 0.070224 4 0.594940 0.229024 
5.000000 0.083599 0.037146 23 0.568440 0.208423 
5.000000 0.143808 0.032284 28 0.592484 0.153009 
5.000000 0.154616 0.055966 3 0.618466 0.154616 
5.000000 0.077892 0.070224 4 0.594940 0.229024


5.000000 0.114979 0.048905 6 0.593583 0.186268


5.000000 0.023596 0.030190 17 0.534066 0.258093 
5.000000 0.083599 0.037146 23 0.568440 0.208423 
5.000000 0.077892 0.070224 4 0.594940 0.229024 
5.000000 -0.000000 0.075000 5 0.562500 0.300000 
5.000000 0.023596 0.030190 17 0.534066 0.258093


5.000000 0.046272 0.053140 7 0.564987 0.248885


5.000000 0.114069 -0.003521 19 0.546896 0.162400 
5.000000 0.048484 -0.016525 21 0.504559 0.214149 
5.000000 0.077892 -0.070224 14 0.471017 0.162931 
5.000000 0.154616 -0.055966 15 0.519703 0.101943 
5.000000 0.114069 -0.003521 19 0.546896 0.162400


5.000000 0.098765 -0.036559 8 0.510544 0.160356


5.000000 0.229024 -0.032440 16 0.575476 0.047360 
5.000000 0.179740 0.009044 24 0.588887 0.110368 
5.000000 0.114069 -0.003521 19 0.546896 0.162400 
5.000000 0.154616 -0.055966 15 0.519703 0.101943 
5.000000 0.229024 -0.032440 16 0.575476 0.047360


5.000000 0.169362 -0.020721 9 0.557740 0.105517


5.000000 0.229024 0.032440 2 0.632723 0.077892 
5.000000 0.179740 0.009044 24 0.588887 0.110368 
5.000000 0.229024 -0.032440 16 0.575476 0.047360 
5.000000 0.300000 0.000000 1 0.637500 0.000000 
5.000000 0.229024 0.032440 2 0.632723 0.077892


5.000000 0.234447 0.002261 10 0.608646 0.058905


5.000000 0.143808 0.032284 28 0.592484 0.153009 
5.000000 0.179740 0.009044 24 0.588887 0.110368 
5.000000 0.229024 0.032440 2 0.632723 0.077892 
5.000000 0.154616 0.055966 3 0.618466 0.154616 
5.000000 0.143808 0.032284 28 0.592484 0.153009


5.000000 0.176797 0.032434 11 0.608140 0.123971


5.000000 -0.077892 -0.070224 12 0.397707 0.300388 
5.000000 -0.078470 -0.032900 25 0.430367 0.318462 
5.000000 -0.137826 -0.030357 20 0.404678 0.372031 
5.000000 -0.154616 -0.055966 11 0.374181 0.374795 
5.000000 -0.077892 -0.070224 12 0.397707 0.300388


5.000000 -0.112201 -0.047362 12 0.401733 0.341419


5.000000 -0.020654 -0.028642 27 0.461331 0.269451 
5.000000 -0.078470 -0.032900 25 0.430367 0.318462 
5.000000 -0.077892 -0.070224 12 0.397707 0.300388 
5.000000 0.000000 -0.075000 13 0.430147 0.229412 
5.000000 -0.020654 -0.028642 27 0.461331 0.269451


5.000000 -0.044254 -0.051692 13 0.429888 0.279428


5.000000 -0.173122 -0.007818 26 0.407956 0.413782 
5.000000 -0.137826 -0.030357 20 0.404678 0.372031 
5.000000 -0.078470 -0.032900 25 0.430367 0.318462 
5.000000 -0.109360 0.005751 18 0.449934 0.363907 
5.000000 -0.173122 -0.007818 26 0.407956 0.413782


5.000000 -0.124695 -0.016331 14 0.423234 0.367045


5.000000 -0.137826 -0.030357 20 0.404678 0.372031 
5.000000 -0.173122 -0.007818 26 0.407956 0.413782 
5.000000 -0.229024 -0.032440 10 0.359924 0.451520 
5.000000 -0.154616 -0.055966 11 0.374181 0.374795 
5.000000 -0.137826 -0.030357 20 0.404678 0.372031


5.000000 -0.173647 -0.031645 15 0.386685 0.403032


5.000000 -0.173122 -0.007818 26 0.407956 0.413782 
5.000000 -0.109360 0.005751 18 0.449934 0.363907 
5.000000 -0.154616 0.055966 7 0.472944 0.427469 
5.000000 -0.229024 0.032440 8 0.417171 0.482052 
5.000000 -0.173122 -0.007818 26 0.407956 0.413782


5.000000 -0.166531 0.021585 16 0.437002 0.421802


5.000000 -0.229024 -0.032440 10 0.359924 0.451520 
5.000000 -0.173122 -0.007818 26 0.407956 0.413782 
5.000000 -0.229024 0.032440 8 0.417171 0.482052 
5.000000 -0.300000 0.000000 9 0.355147 0.529412 
5.000000 -0.229024 -0.032440 10 0.359924 0.451520


5.000000 -0.232793 -0.001954 17 0.385050 0.469191


5.000000 -0.042715 0.017062 22 0.491277 0.310425 
5.000000 -0.109360 0.005751 18 0.449934 0.363907 
5.000000 -0.078470 -0.032900 25 0.430367 0.318462 
5.000000 -0.020654 -0.028642 27 0.461331 0.269451 
5.000000 -0.042715 0.017062 22 0.491277 0.310425


5.000000 -0.062800 -0.009682 18 0.458227 0.315561


5.000000 0.083599 0.037146 23 0.568440 0.208423 
5.000000 0.114069 -0.003521 19 0.546896 0.162400 
5.000000 0.179740 0.009044 24 0.588887 0.110368 
5.000000 0.143808 0.032284 28 0.592484 0.153009 
5.000000 0.083599 0.037146 23 0.568440 0.208423


5.000000 0.130304 0.018738 19 0.574177 0.158550


