-0.733593 0.639846 -0.020668 97 5.120266 0.139846 
-0.738780 0.633300 -0.033953 151 5.048943 0.133300 
-0.742696 0.668016 -0.046443 50 4.983481 0.168016 
-0.739577 0.672094 -0.036276 49 5.036661 0.172094 
-0.733593 0.639846 -0.020668 97 5.120266 0.139846


-0.738886 0.653314 -0.034257 1 5.047332 0.153314


-0.725503 0.614495 -0.004091 121 5.212525 0.114495 
-0.721013 0.593362 0.003705 95 5.257512 0.093362 
-0.726595 0.575657 -0.006116 186 5.201022 0.075657 
-0.730346 0.606601 -0.013541 189 5.159426 0.106601 
-0.725503 0.614495 -0.004091 121 5.212525 0.114495


-0.725972 0.597529 -0.004953 2 5.207621 0.097529


-0.738780 0.633300 -0.033953 151 5.048943 0.133300 
-0.743655 0.633576 -0.050022 188 4.964955 0.133576 
-0.745299 0.664299 -0.056890 51 4.929643 0.164299 
-0.742696 0.668016 -0.046443 50 4.983481 0.168016 
-0.738780 0.633300 -0.033953 151 5.048943 0.133300


-0.742788 0.649798 -0.046777 3 4.981749 0.149798


-0.747569 0.660600 -0.068911 52 4.868467 0.160600 
-0.746864 0.632096 -0.064723 152 4.889704 0.132096 
-0.748662 0.629422 -0.076904 99 4.828125 0.129422 
-0.749114 0.657445 -0.081199 53 4.806531 0.157445 
-0.747569 0.660600 -0.068911 52 4.868467 0.160600


-0.748158 0.644891 -0.072920 4 4.848207 0.144891


-0.743655 0.633576 -0.050022 188 4.964955 0.133576 
-0.746864 0.632096 -0.064723 152 4.889704 0.132096 
-0.747569 0.660600 -0.068911 52 4.868467 0.160600 
-0.745299 0.664299 -0.056890 51 4.929643 0.164299 
-0.743655 0.633576 -0.050022 188 4.964955 0.133576


-0.745981 0.647643 -0.060109 5 4.913190 0.147643


-0.749737 0.619625 -0.089749 157 4.763666 0.119625 
-0.748662 0.629422 -0.076904 99 4.828125 0.129422 
-0.746864 0.632096 -0.064723 152 4.889704 0.132096 
-0.747857 0.606899 -0.070799 98 4.858917 0.106899 
-0.749737 0.619625 -0.089749 157 4.763666 0.119625


-0.748496 0.622010 -0.075517 6 4.835111 0.122010


-0.694914 0.629790 -0.237841 101 3.952001 0.129790 
-0.684774 0.651062 -0.247770 153 3.881026 0.151062 
-0.697776 0.676752 -0.234768 64 3.972997 0.176752 
-0.707030 0.670817 -0.223862 63 4.044528 0.170817 
-0.694914 0.629790 -0.237841 101 3.952001 0.129790


-0.696372 0.657105 -0.236291 7 3.962638 0.157105


-0.671228 0.624854 -0.259072 196 3.792790 0.124854 
-0.684774 0.651062 -0.247770 153 3.881026 0.151062 
-0.694914 0.629790 -0.237841 101 3.952001 0.129790 
-0.679135 0.590357 -0.252722 200 3.843500 0.090357 
-0.671228 0.624854 -0.259072 196 3.792790 0.124854


-0.682736 0.624016 -0.249603 8 3.867321 0.124016


-0.697776 0.676752 -0.234768 64 3.972997 0.176752 
-0.684774 0.651062 -0.247770 153 3.881026 0.151062 
-0.678438 0.663442 -0.253309 100 3.838946 0.163442 
-0.687938 0.683230 -0.244821 65 3.902656 0.183230 
-0.697776 0.676752 -0.234768 64 3.972997 0.176752


-0.687393 0.668622 -0.245338 9 3.898899 0.168622


-0.631827 0.534502 -0.282495 103 3.563097 0.034502 
-0.650855 0.539494 -0.272708 154 3.670137 0.039494 
-0.644279 0.500000 -0.276384 6 3.632467 0.000000 
-0.626537 0.500000 -0.284776 5 3.534292 0.000000 
-0.631827 0.534502 -0.282495 103 3.563097 0.034502


-0.638503 0.518499 -0.279352 10 3.599996 0.018499


-0.631827 0.534502 -0.282495 103 3.563097 0.034502 
-0.632977 0.565646 -0.281975 94 3.569407 0.065646 
-0.655992 0.579250 -0.269605 102 3.700146 0.079250 
-0.650855 0.539494 -0.272708 154 3.670137 0.039494 
-0.631827 0.534502 -0.282495 103 3.563097 0.034502


-0.643083 0.554723 -0.277019 11 3.625694 0.054723


-0.644279 0.500000 -0.276384 6 3.632467 0.000000 
-0.650855 0.539494 -0.272708 154 3.670137 0.039494 
-0.670676 0.542689 -0.259491 169 3.789324 0.042689 
-0.661114 0.500000 -0.266294 7 3.730641 0.000000 
-0.644279 0.500000 -0.276384 6 3.632467 0.000000


-0.656921 0.520546 -0.269020 12 3.705635 0.020546


-0.573703 0.762698 -0.298590 72 3.260387 0.262698 
-0.587840 0.689579 -0.296388 155 3.331942 0.189579 
-0.550000 0.709567 -0.300000 74 3.141593 0.209567 
-0.550000 0.779423 -0.300000 73 3.141593 0.279423 
-0.573703 0.762698 -0.298590 72 3.260387 0.262698


-0.565437 0.735317 -0.299403 13 3.218854 0.235317


-0.602062 0.692745 -0.293105 201 3.404937 0.192745 
-0.587840 0.689579 -0.296388 155 3.331942 0.189579 
-0.573703 0.762698 -0.298590 72 3.260387 0.262698 
-0.597185 0.746140 -0.294354 71 3.379765 0.246140 
-0.602062 0.692745 -0.293105 201 3.404937 0.192745


-0.590259 0.722791 -0.295906 14 3.344271 0.222791


-0.550000 0.709567 -0.300000 74 3.141593 0.209567 
-0.587840 0.689579 -0.296388 155 3.331942 0.189579 
-0.573908 0.619803 -0.298566 105 3.261421 0.119803 
-0.550000 0.639711 -0.300000 75 3.141593 0.139711 
-0.550000 0.709567 -0.300000 74 3.141593 0.209567


-0.565489 0.664665 -0.299399 15 3.219113 0.164665


-0.635145 0.596724 -0.280971 106 3.581354 0.096724 
-0.638120 0.626259 -0.279540 202 3.597862 0.126259 
-0.654388 0.629922 -0.270597 107 3.690714 0.129922 
-0.654197 0.604987 -0.270713 82 3.689597 0.104987 
-0.635145 0.596724 -0.280971 106 3.581354 0.096724


-0.645585 0.614473 -0.275680 16 3.639883 0.114473


-0.747955 0.540580 -0.071470 110 4.855528 0.040580 
-0.746157 0.500000 -0.060982 19 4.908739 0.000000 
-0.749037 0.500000 -0.080397 18 4.810564 0.000000 
-0.749808 0.536938 -0.091232 204 4.756241 0.036938 
-0.747955 0.540580 -0.071470 110 4.855528 0.040580


-0.748553 0.519379 -0.075982 17 4.832768 0.019379


-0.748790 0.582007 -0.078035 192 4.822438 0.082007 
-0.747955 0.540580 -0.071470 110 4.855528 0.040580 
-0.749808 0.536938 -0.091232 204 4.756241 0.036938 
-0.750000 0.573732 -0.100306 209 4.710857 0.073732 
-0.748790 0.582007 -0.078035 192 4.822438 0.082007


-0.749454 0.558314 -0.085237 18 4.786269 0.058314


-0.747504 0.529542 -0.131500 161 4.554231 0.029542 
-0.745210 0.558987 -0.143511 119 4.493080 0.058987 
-0.748589 0.564065 -0.123715 208 4.593533 0.064065 
-0.749664 0.532138 -0.111593 156 4.654390 0.032138 
-0.747504 0.529542 -0.131500 161 4.554231 0.029542


-0.748083 0.546183 -0.127627 19 4.573809 0.046183


-0.748662 0.629422 -0.076904 99 4.828125 0.129422 
-0.749750 0.632996 -0.090005 193 4.762385 0.132996 
-0.749954 0.654533 -0.095691 54 4.733934 0.154533 
-0.749114 0.657445 -0.081199 53 4.806531 0.157445 
-0.748662 0.629422 -0.076904 99 4.828125 0.129422


-0.749505 0.643599 -0.085941 20 4.782744 0.143599


-0.749737 0.619625 -0.089749 157 4.763666 0.119625 
-0.747857 0.606899 -0.070799 98 4.858917 0.106899 
-0.748790 0.582007 -0.078035 192 4.822438 0.082007 
-0.749990 0.609025 -0.101984 109 4.702470 0.109025 
-0.749737 0.619625 -0.089749 157 4.763666 0.119625


-0.749445 0.604389 -0.085115 21 4.786881 0.104389


-0.749988 0.632825 -0.102221 194 4.701282 0.132825 
-0.749732 0.652476 -0.110352 55 4.660608 0.152476 
-0.749954 0.654533 -0.095691 54 4.733934 0.154533 
-0.749750 0.632996 -0.090005 193 4.762385 0.132996 
-0.749988 0.632825 -0.102221 194 4.701282 0.132825


-0.750000 0.643207 -0.099567 22 4.714554 0.143207


-0.701626 0.540574 -0.230421 142 4.002030 0.040574 
-0.711847 0.538602 -0.217497 197 4.084441 0.038602 
-0.704602 0.500000 -0.226879 10 4.025166 0.000000 
-0.691421 0.500000 -0.241421 9 3.926991 0.000000 
-0.701626 0.540574 -0.230421 142 4.002030 0.040574


-0.702617 0.519794 -0.229260 23 4.009663 0.019794


-0.704602 0.500000 -0.226879 10 4.025166 0.000000 
-0.711847 0.538602 -0.217497 197 4.084441 0.038602 
-0.722932 0.535791 -0.200471 112 4.186069 0.035791 
-0.716294 0.500000 -0.211114 11 4.123340 0.000000 
-0.704602 0.500000 -0.226879 10 4.025166 0.000000


-0.714200 0.518598 -0.214186 24 4.104753 0.018598


-0.718644 0.623519 -0.207514 113 4.144835 0.123519 
-0.706627 0.626180 -0.224370 178 4.041286 0.126180 
-0.715617 0.665505 -0.212120 62 4.117277 0.165505 
-0.723448 0.660902 -0.199578 61 4.191225 0.160902 
-0.718644 0.623519 -0.207514 113 4.144835 0.123519


-0.716330 0.644027 -0.211060 25 4.123666 0.144027


-0.722932 0.535791 -0.200471 112 4.186069 0.035791 
-0.711847 0.538602 -0.217497 197 4.084441 0.038602 
-0.718799 0.577721 -0.207269 210 4.146286 0.077721 
-0.728758 0.571686 -0.189698 205 4.247313 0.071686 
-0.722932 0.535791 -0.200471 112 4.186069 0.035791


-0.720884 0.555950 -0.203916 26 4.166027 0.055950


-0.741528 0.652151 -0.157594 58 4.420282 0.152151 
-0.744286 0.623641 -0.147466 158 4.472774 0.123641 
-0.737614 0.615558 -0.169290 115 4.358605 0.115558 
-0.736471 0.654156 -0.172308 59 4.342469 0.154156 
-0.741528 0.652151 -0.157594 58 4.420282 0.152151


-0.740230 0.636376 -0.161747 27 4.398525 0.136376


-0.747716 0.625735 -0.130138 118 4.561125 0.125735 
-0.749054 0.602074 -0.119431 160 4.615078 0.102074 
-0.746654 0.595433 -0.136432 114 4.529204 0.095433 
-0.744286 0.623641 -0.147466 158 4.472774 0.123641 
-0.747716 0.625735 -0.130138 118 4.561125 0.125735


-0.747189 0.611721 -0.133411 28 4.544546 0.111721


-0.737614 0.615558 -0.169290 115 4.358605 0.115558 
-0.744286 0.623641 -0.147466 158 4.472774 0.123641 
-0.746654 0.595433 -0.136432 114 4.529204 0.095433 
-0.742805 0.588789 -0.153164 207 4.443336 0.088789 
-0.737614 0.615558 -0.169290 115 4.358605 0.115558


-0.743206 0.605855 -0.151686 29 4.450992 0.105855


-0.737706 0.521555 -0.169039 117 4.359945 0.021555 
-0.740911 0.515470 -0.159607 159 4.409755 0.015470 
-0.741388 0.500000 -0.158057 14 4.417865 0.000000 
-0.734776 0.500000 -0.176537 13 4.319690 0.000000 
-0.737706 0.521555 -0.169039 117 4.359945 0.021555


-0.738844 0.509256 -0.165862 30 4.376817 0.009256


-0.744207 0.525093 -0.147787 116 4.471119 0.025093 
-0.740911 0.515470 -0.159607 159 4.409755 0.015470 
-0.737706 0.521555 -0.169039 117 4.359945 0.021555 
-0.740419 0.543003 -0.161161 81 4.401605 0.043003 
-0.744207 0.525093 -0.147787 116 4.471119 0.025093


-0.740961 0.526280 -0.159445 31 4.410602 0.026280


-0.741388 0.500000 -0.158057 14 4.417865 0.000000 
-0.740911 0.515470 -0.159607 159 4.409755 0.015470 
-0.744207 0.525093 -0.147787 116 4.471119 0.025093 
-0.746157 0.500000 -0.139018 15 4.516039 0.000000 
-0.741388 0.500000 -0.158057 14 4.417865 0.000000


-0.743345 0.510141 -0.151165 32 4.453690 0.010141


-0.746654 0.595433 -0.136432 114 4.529204 0.095433 
-0.748589 0.564065 -0.123715 208 4.593533 0.064065 
-0.745210 0.558987 -0.143511 119 4.493080 0.058987 
-0.742805 0.588789 -0.153164 207 4.443336 0.088789 
-0.746654 0.595433 -0.136432 114 4.529204 0.095433


-0.746108 0.576819 -0.139264 33 4.514784 0.076819


-0.747716 0.625735 -0.130138 118 4.561125 0.125735 
-0.744286 0.623641 -0.147466 158 4.472774 0.123641 
-0.741528 0.652151 -0.157594 58 4.420282 0.152151 
-0.745446 0.651170 -0.142436 57 4.498586 0.151170 
-0.747716 0.625735 -0.130138 118 4.561125 0.125735


-0.744994 0.638174 -0.144465 34 4.488189 0.138174


-0.750000 0.573732 -0.100306 209 4.710857 0.073732 
-0.749808 0.536938 -0.091232 204 4.756241 0.036938 
-0.749664 0.532138 -0.111593 156 4.654390 0.032138 
-0.748589 0.564065 -0.123715 208 4.593533 0.064065 
-0.750000 0.573732 -0.100306 209 4.710857 0.073732


-0.749887 0.551718 -0.106724 35 4.678761 0.051718


-0.744207 0.525093 -0.147787 116 4.471119 0.025093 
-0.747504 0.529542 -0.131500 161 4.554231 0.029542 
-0.749037 0.500000 -0.119603 16 4.614214 0.000000 
-0.746157 0.500000 -0.139018 15 4.516039 0.000000 
-0.744207 0.525093 -0.147787 116 4.471119 0.025093


-0.746998 0.513659 -0.134525 36 4.538896 0.013659


-0.745210 0.558987 -0.143511 119 4.493080 0.058987 
-0.747504 0.529542 -0.131500 161 4.554231 0.029542 
-0.744207 0.525093 -0.147787 116 4.471119 0.025093 
-0.740419 0.543003 -0.161161 81 4.401605 0.043003 
-0.745210 0.558987 -0.143511 119 4.493080 0.058987


-0.744624 0.539156 -0.146058 37 4.480012 0.039156


-0.749037 0.500000 -0.119603 16 4.614214 0.000000 
-0.747504 0.529542 -0.131500 161 4.554231 0.029542 
-0.749664 0.532138 -0.111593 156 4.654390 0.032138 
-0.750000 0.500000 -0.100000 17 4.712389 0.000000 
-0.749037 0.500000 -0.119603 16 4.614214 0.000000


-0.749383 0.515420 -0.115700 38 4.633807 0.015420


-0.698027 0.652512 0.034491 77 5.449913 0.152512 
-0.707113 0.706701 0.023755 45 5.379574 0.206701 
-0.697721 0.715523 0.034828 44 5.452187 0.215523 
-0.684624 0.663036 0.047906 129 5.544764 0.163036 
-0.698027 0.652512 0.034491 77 5.449913 0.152512


-0.697125 0.684443 0.035478 39 5.456600 0.184443


-0.600271 0.585920 0.093579 133 6.029107 0.085920 
-0.573885 0.577624 0.098569 165 6.163472 0.077624 
-0.569603 0.500000 0.099037 32 6.185011 0.000000 
-0.589018 0.500000 0.096157 31 6.086836 0.000000 
-0.600271 0.585920 0.093579 133 6.029107 0.085920


-0.583258 0.540886 0.097215 40 6.116117 0.040886


-0.639620 0.629027 0.078797 144 5.818547 0.129027 
-0.624388 0.639363 0.085652 85 5.902089 0.139363 
-0.600271 0.585920 0.093579 133 6.029107 0.085920 
-0.620824 0.575150 0.087040 80 5.921213 0.075150 
-0.639620 0.629027 0.078797 144 5.818547 0.129027


-0.621476 0.607365 0.086792 41 5.917722 0.107365


-0.716583 0.599632 0.010681 134 5.298834 0.099632 
-0.721134 0.622398 0.003504 163 5.256339 0.122398 
-0.719938 0.644535 0.005457 122 5.267788 0.144535 
-0.710557 0.642865 0.019253 91 5.351232 0.142865 
-0.716583 0.599632 0.010681 134 5.298834 0.099632


-0.717166 0.627358 0.009798 42 5.293543 0.127358


-0.725503 0.614495 -0.004091 121 5.212525 0.114495 
-0.721134 0.622398 0.003504 163 5.256339 0.122398 
-0.716583 0.599632 0.010681 134 5.298834 0.099632 
-0.721013 0.593362 0.003705 95 5.257512 0.093362 
-0.725503 0.614495 -0.004091 121 5.212525 0.114495


-0.721138 0.607472 0.003498 43 5.256303 0.107472


-0.719938 0.644535 0.005457 122 5.267788 0.144535 
-0.728082 0.647137 -0.008967 184 5.184944 0.147137 
-0.732848 0.680128 -0.018965 48 5.129560 0.180128 
-0.724735 0.689022 -0.002698 47 5.220478 0.189022 
-0.719938 0.644535 0.005457 122 5.267788 0.144535


-0.726626 0.665206 -0.006174 44 5.200695 0.165206


-0.583636 0.694101 0.097151 120 6.114200 0.194101 
-0.573920 0.743106 0.098564 164 6.163299 0.243106 
-0.568716 0.654211 0.099122 124 6.189466 0.154211 
-0.579283 0.636893 0.097845 174 6.136240 0.136893 
-0.583636 0.694101 0.097151 120 6.114200 0.194101


-0.576400 0.682078 0.098250 45 6.150801 0.182078


-0.573920 0.743106 0.098564 164 6.163299 0.243106 
-0.594120 0.736846 0.095073 146 6.060754 0.236846 
-0.598904 0.795293 0.093929 39 6.036160 0.295293 
-0.574749 0.812385 0.098463 38 6.159123 0.312385 
-0.573920 0.743106 0.098564 164 6.163299 0.243106


-0.585481 0.771908 0.096828 46 6.104836 0.271908


-0.550000 0.746867 0.100000 36 6.283185 0.246867 
-0.573920 0.743106 0.098564 164 6.163299 0.243106 
-0.574749 0.812385 0.098463 38 6.159123 0.312385 
-0.550000 0.829156 0.100000 37 6.283185 0.329156 
-0.550000 0.746867 0.100000 36 6.283185 0.246867


-0.562190 0.782879 0.099628 47 6.222198 0.282879


-0.569603 0.500000 0.099037 32 6.185011 0.000000 
-0.573885 0.577624 0.098569 165 6.163472 0.077624 
-0.550000 0.582289 0.100000 34 6.283185 0.082289 
-0.550000 0.500000 0.100000 33 6.283185 0.000000 
-0.569603 0.500000 0.099037 32 6.185011 0.000000


-0.560889 0.539978 0.099703 48 6.228715 0.039978


-0.550000 0.582289 0.100000 34 6.283185 0.082289 
-0.573885 0.577624 0.098569 165 6.163472 0.077624 
-0.568716 0.654211 0.099122 124 6.189466 0.154211 
-0.550000 0.664578 0.100000 35 6.283185 0.164578 
-0.550000 0.582289 0.100000 34 6.283185 0.082289


-0.560666 0.619676 0.099715 49 6.229829 0.119676


-0.726384 0.500000 -0.005721 22 5.203263 0.000000 
-0.728804 0.521505 -0.010395 166 5.176944 0.021505 
-0.719400 0.523629 0.006318 126 5.272865 0.023629 
-0.716294 0.500000 0.011114 23 5.301438 0.000000 
-0.726384 0.500000 -0.005721 22 5.203263 0.000000


-0.722941 0.511284 0.000457 50 5.238627 0.011284


-0.734187 0.520225 -0.022057 125 5.112713 0.020225 
-0.728804 0.521505 -0.010395 166 5.176944 0.021505 
-0.726384 0.500000 -0.005721 22 5.203263 0.000000 
-0.734776 0.500000 -0.023463 21 5.105088 0.000000 
-0.734187 0.520225 -0.022057 125 5.112713 0.020225


-0.731196 0.510433 -0.015335 51 5.149501 0.010433


-0.719400 0.523629 0.006318 126 5.272865 0.023629 
-0.728804 0.521505 -0.010395 166 5.176944 0.021505 
-0.731108 0.543006 -0.015148 191 5.150533 0.043006 
-0.722377 0.547254 0.001421 185 5.244214 0.047254 
-0.719400 0.523629 0.006318 126 5.272865 0.023629


-0.725636 0.533849 -0.004334 52 5.211139 0.033849


-0.738780 0.633300 -0.033953 151 5.048943 0.133300 
-0.736841 0.605219 -0.028653 96 5.077162 0.105219 
-0.743499 0.606098 -0.049424 167 4.968047 0.106098 
-0.743655 0.633576 -0.050022 188 4.964955 0.133576 
-0.738780 0.633300 -0.033953 151 5.048943 0.133300


-0.740926 0.619548 -0.040440 53 5.014774 0.119548


-0.743695 0.579285 -0.050176 127 4.964159 0.079285 
-0.743499 0.606098 -0.049424 167 4.968047 0.106098 
-0.736841 0.605219 -0.028653 96 5.077162 0.105219 
-0.734805 0.574755 -0.023533 187 5.104714 0.074755 
-0.743695 0.579285 -0.050176 127 4.964159 0.079285


-0.740089 0.591339 -0.037822 54 5.028517 0.091339


-0.747857 0.606899 -0.070799 98 4.858917 0.106899 
-0.743499 0.606098 -0.049424 167 4.968047 0.106098 
-0.743695 0.579285 -0.050176 127 4.964159 0.079285 
-0.748790 0.582007 -0.078035 192 4.822438 0.082007 
-0.747857 0.606899 -0.070799 98 4.858917 0.106899


-0.746363 0.593572 -0.062031 55 4.903396 0.093572


-0.741388 0.500000 -0.041943 20 5.006913 0.000000 
-0.738585 0.531337 -0.033399 168 5.051878 0.031337 
-0.734187 0.520225 -0.022057 125 5.112713 0.020225 
-0.734776 0.500000 -0.023463 21 5.105088 0.000000 
-0.741388 0.500000 -0.041943 20 5.006913 0.000000


-0.737406 0.512891 -0.030151 56 5.069153 0.012891


-0.747955 0.540580 -0.071470 110 4.855528 0.040580 
-0.748790 0.582007 -0.078035 192 4.822438 0.082007 
-0.743695 0.579285 -0.050176 127 4.964159 0.079285 
-0.738585 0.531337 -0.033399 168 5.051878 0.031337 
-0.747955 0.540580 -0.071470 110 4.855528 0.040580


-0.745561 0.558302 -0.058097 57 4.923466 0.058302


-0.731108 0.543006 -0.015148 191 5.150533 0.043006 
-0.738585 0.531337 -0.033399 168 5.051878 0.031337 
-0.743695 0.579285 -0.050176 127 4.964159 0.079285 
-0.734805 0.574755 -0.023533 187 5.104714 0.074755 
-0.731108 0.543006 -0.015148 191 5.150533 0.043006


-0.737498 0.557096 -0.030397 58 5.067842 0.057096


-0.654388 0.629922 -0.270597 107 3.690714 0.129922 
-0.638120 0.626259 -0.279540 202 3.597862 0.126259 
-0.641574 0.656948 -0.277804 128 3.617190 0.156948 
-0.655691 0.654810 -0.269792 86 3.698370 0.154810 
-0.654388 0.629922 -0.270597 107 3.690714 0.129922


-0.647538 0.641985 -0.274603 59 3.651035 0.141985


-0.630484 0.688734 -0.283091 203 3.555753 0.188734 
-0.616482 0.690895 -0.288627 84 3.480448 0.190895 
-0.621023 0.729371 -0.286965 70 3.504629 0.229371 
-0.644112 0.713220 -0.276474 69 3.631517 0.213220 
-0.630484 0.688734 -0.283091 203 3.555753 0.188734


-0.628156 0.705555 -0.284097 60 3.543071 0.205555


-0.621023 0.729371 -0.286965 70 3.504629 0.229371 
-0.616482 0.690895 -0.288627 84 3.480448 0.190895 
-0.602062 0.692745 -0.293105 201 3.404937 0.192745 
-0.597185 0.746140 -0.294354 71 3.379765 0.246140 
-0.621023 0.729371 -0.286965 70 3.504629 0.229371


-0.609267 0.714788 -0.291017 61 3.442445 0.214788


-0.630484 0.688734 -0.283091 203 3.555753 0.188734 
-0.630421 0.664249 -0.283119 87 3.555408 0.164249 
-0.619804 0.672891 -0.287423 148 3.498118 0.172891 
-0.616482 0.690895 -0.288627 84 3.480448 0.190895 
-0.630484 0.688734 -0.283091 203 3.555753 0.188734


-0.624340 0.679192 -0.285671 62 3.522432 0.179192


-0.628271 0.634981 -0.284048 104 3.543695 0.134981 
-0.630421 0.664249 -0.283119 87 3.555408 0.164249 
-0.641574 0.656948 -0.277804 128 3.617190 0.156948 
-0.638120 0.626259 -0.279540 202 3.597862 0.126259 
-0.628271 0.634981 -0.284048 104 3.543695 0.134981


-0.634635 0.645609 -0.281210 63 3.578538 0.145609


-0.592165 0.550070 -0.295505 130 3.354010 0.050070 
-0.612344 0.540484 -0.290035 92 3.458596 0.040484 
-0.608057 0.500000 -0.291388 4 3.436117 0.000000 
-0.589018 0.500000 -0.296157 3 3.337942 0.000000 
-0.592165 0.550070 -0.295505 130 3.354010 0.050070


-0.600463 0.522638 -0.293529 64 3.396665 0.022638


-0.650855 0.539494 -0.272708 154 3.670137 0.039494 
-0.655992 0.579250 -0.269605 102 3.700146 0.079250 
-0.679135 0.590357 -0.252722 200 3.843500 0.090357 
-0.670676 0.542689 -0.259491 169 3.789324 0.042689 
-0.650855 0.539494 -0.272708 154 3.670137 0.039494


-0.664438 0.562947 -0.264024 65 3.750768 0.062947


-0.608057 0.500000 -0.291388 4 3.436117 0.000000 
-0.612344 0.540484 -0.290035 92 3.458596 0.040484 
-0.631827 0.534502 -0.282495 103 3.563097 0.034502 
-0.626537 0.500000 -0.284776 5 3.534292 0.000000 
-0.608057 0.500000 -0.291388 4 3.436117 0.000000


-0.619787 0.518746 -0.287430 66 3.498024 0.018746


-0.719400 0.523629 0.006318 126 5.272865 0.023629 
-0.709591 0.531681 0.020544 170 5.359293 0.031681 
-0.704602 0.500000 0.026879 24 5.399612 0.000000 
-0.716294 0.500000 0.011114 23 5.301438 0.000000 
-0.719400 0.523629 0.006318 126 5.272865 0.023629


-0.712670 0.513827 0.016355 67 5.333300 0.013827


-0.715871 0.561285 0.011745 190 5.305235 0.061285 
-0.709591 0.531681 0.020544 170 5.359293 0.031681 
-0.719400 0.523629 0.006318 126 5.272865 0.023629 
-0.722377 0.547254 0.001421 185 5.244214 0.047254 
-0.715871 0.561285 0.011745 190 5.305235 0.061285


-0.716962 0.540962 0.010107 68 5.295397 0.040962


-0.704602 0.500000 0.026879 24 5.399612 0.000000 
-0.709591 0.531681 0.020544 170 5.359293 0.031681 
-0.699689 0.539186 0.032640 135 5.437472 0.039186 
-0.691421 0.500000 0.041421 25 5.497787 0.000000 
-0.704602 0.500000 0.026879 24 5.399612 0.000000


-0.701523 0.517717 0.030541 69 5.423536 0.017717


-0.639450 0.560006 0.078882 132 5.819495 0.060006 
-0.626537 0.500000 0.084776 29 5.890486 0.000000 
-0.644279 0.500000 0.076384 28 5.792311 0.000000 
-0.655268 0.564505 0.070055 78 5.728895 0.064505 
-0.639450 0.560006 0.078882 132 5.819495 0.060006


-0.641537 0.531128 0.077823 70 5.807794 0.031128


-0.639450 0.560006 0.078882 132 5.819495 0.060006 
-0.620824 0.575150 0.087040 80 5.921213 0.075150 
-0.608057 0.500000 0.091388 30 5.988661 0.000000 
-0.626537 0.500000 0.084776 29 5.890486 0.000000 
-0.639450 0.560006 0.078882 132 5.819495 0.060006


-0.623853 0.533789 0.085865 71 5.904965 0.033789


-0.608057 0.500000 0.091388 30 5.988661 0.000000 
-0.620824 0.575150 0.087040 80 5.921213 0.075150 
-0.600271 0.585920 0.093579 133 6.029107 0.085920 
-0.589018 0.500000 0.096157 31 6.086836 0.000000 
-0.608057 0.500000 0.091388 30 5.988661 0.000000


-0.604642 0.540268 0.092391 72 6.006458 0.040268


-0.696972 0.590684 0.035643 149 5.457722 0.090684 
-0.707002 0.576192 0.023897 171 5.380477 0.076192 
-0.716583 0.599632 0.010681 134 5.298834 0.099632 
-0.710557 0.642865 0.019253 91 5.351232 0.142865 
-0.696972 0.590684 0.035643 149 5.457722 0.090684


-0.708039 0.602343 0.022571 73 5.372057 0.102343


-0.568716 0.654211 0.099122 124 6.189466 0.154211 
-0.573920 0.743106 0.098564 164 6.163299 0.243106 
-0.550000 0.746867 0.100000 36 6.283185 0.246867 
-0.550000 0.664578 0.100000 35 6.283185 0.164578 
-0.568716 0.654211 0.099122 124 6.189466 0.154211


-0.560675 0.702191 0.099715 74 6.229786 0.202191


-0.716583 0.599632 0.010681 134 5.298834 0.099632 
-0.707002 0.576192 0.023897 171 5.380477 0.076192 
-0.715871 0.561285 0.011745 190 5.305235 0.061285 
-0.721013 0.593362 0.003705 95 5.257512 0.093362 
-0.716583 0.599632 0.010681 134 5.298834 0.099632


-0.715279 0.582618 0.012618 75 5.310506 0.082618


-0.579283 0.636893 0.097845 174 6.136240 0.136893 
-0.568716 0.654211 0.099122 124 6.189466 0.154211 
-0.573885 0.577624 0.098569 165 6.163472 0.077624 
-0.579008 0.597355 0.097885 172 6.137632 0.097355 
-0.579283 0.636893 0.097845 174 6.136240 0.136893


-0.575229 0.616521 0.098402 76 6.156702 0.116521


-0.592719 0.629496 0.095384 136 6.067932 0.129496 
-0.587704 0.640031 0.096414 131 6.093531 0.140031 
-0.583252 0.630873 0.097216 137 6.116149 0.130873 
-0.584486 0.616983 0.097004 90 6.109888 0.116983 
-0.592719 0.629496 0.095384 136 6.067932 0.129496


-0.587047 0.629346 0.096539 77 6.096876 0.129346


-0.594886 0.626581 0.094898 123 6.056825 0.126581 
-0.579008 0.597355 0.097885 172 6.137632 0.097355 
-0.573885 0.577624 0.098569 165 6.163472 0.077624 
-0.600271 0.585920 0.093579 133 6.029107 0.085920 
-0.594886 0.626581 0.094898 123 6.056825 0.126581


-0.587070 0.596870 0.096535 78 6.096760 0.096870


-0.669179 0.675141 0.060613 138 5.644809 0.175141 
-0.684624 0.663036 0.047906 129 5.544764 0.163036 
-0.697721 0.715523 0.034828 44 5.452187 0.215523 
-0.687674 0.724619 0.045072 43 5.523945 0.224619 
-0.669179 0.675141 0.060613 138 5.644809 0.175141


-0.685120 0.694580 0.047454 79 5.541410 0.194580


-0.678438 0.663442 -0.253309 100 3.838946 0.163442 
-0.672936 0.674874 -0.257755 180 3.803574 0.174874 
-0.677589 0.690180 -0.254016 66 3.833418 0.190180 
-0.687938 0.683230 -0.244821 65 3.902656 0.183230 
-0.678438 0.663442 -0.253309 100 3.838946 0.163442


-0.679310 0.677932 -0.252575 80 3.844643 0.177932


-0.654388 0.629922 -0.270597 107 3.690714 0.129922 
-0.668143 0.643876 -0.261376 173 3.773535 0.143876 
-0.671228 0.624854 -0.259072 196 3.792790 0.124854 
-0.654197 0.604987 -0.270713 82 3.689597 0.104987 
-0.654388 0.629922 -0.270597 107 3.690714 0.129922


-0.662113 0.625910 -0.265622 81 3.736658 0.125910


-0.668851 0.660177 -0.260856 139 3.777929 0.160177 
-0.668143 0.643876 -0.261376 173 3.773535 0.143876 
-0.654388 0.629922 -0.270597 107 3.690714 0.129922 
-0.655691 0.654810 -0.269792 86 3.698370 0.154810 
-0.668851 0.660177 -0.260856 139 3.777929 0.160177


-0.661861 0.647196 -0.265793 82 3.735137 0.147196


-0.602062 0.692745 -0.293105 201 3.404937 0.192745 
-0.616482 0.690895 -0.288627 84 3.480448 0.190895 
-0.619804 0.672891 -0.287423 148 3.498118 0.172891 
-0.614416 0.666533 -0.289342 183 3.469518 0.166533 
-0.602062 0.692745 -0.293105 201 3.404937 0.192745


-0.613230 0.680766 -0.289742 83 3.463262 0.180766


-0.676879 0.500000 0.054602 26 5.595962 0.000000 
-0.686324 0.547478 0.046341 195 5.533208 0.047478 
-0.672063 0.554450 0.058432 140 5.626727 0.054450 
-0.661114 0.500000 0.066294 27 5.694137 0.000000 
-0.676879 0.500000 0.054602 26 5.595962 0.000000


-0.674304 0.525482 0.056680 84 5.612507 0.025482


-0.699689 0.539186 0.032640 135 5.437472 0.039186 
-0.686324 0.547478 0.046341 195 5.533208 0.047478 
-0.676879 0.500000 0.054602 26 5.595962 0.000000 
-0.691421 0.500000 0.041421 25 5.497787 0.000000 
-0.699689 0.539186 0.032640 135 5.437472 0.039186


-0.688807 0.521666 0.043988 85 5.516107 0.021666


-0.583252 0.630873 0.097216 137 6.116149 0.130873 
-0.587704 0.640031 0.096414 131 6.093531 0.140031 
-0.583636 0.694101 0.097151 120 6.114200 0.194101 
-0.579283 0.636893 0.097845 174 6.136240 0.136893 
-0.583252 0.630873 0.097216 137 6.116149 0.130873


-0.583473 0.650475 0.097179 86 6.115030 0.150475


-0.672063 0.554450 0.058432 140 5.626727 0.054450 
-0.655268 0.564505 0.070055 78 5.728895 0.064505 
-0.644279 0.500000 0.076384 28 5.792311 0.000000 
-0.661114 0.500000 0.066294 27 5.694137 0.000000 
-0.672063 0.554450 0.058432 140 5.626727 0.054450


-0.658375 0.529739 0.068092 87 5.710519 0.029739


-0.670676 0.542689 -0.259491 169 3.789324 0.042689 
-0.684109 0.540024 -0.248374 199 3.876538 0.040024 
-0.676879 0.500000 -0.254602 8 3.828816 0.000000 
-0.661114 0.500000 -0.266294 7 3.730641 0.000000 
-0.670676 0.542689 -0.259491 169 3.789324 0.042689


-0.673371 0.520678 -0.257415 88 3.806333 0.020678


-0.676879 0.500000 -0.254602 8 3.828816 0.000000 
-0.684109 0.540024 -0.248374 199 3.876538 0.040024 
-0.701626 0.540574 -0.230421 142 4.002030 0.040574 
-0.691421 0.500000 -0.241421 9 3.926991 0.000000 
-0.676879 0.500000 -0.254602 8 3.828816 0.000000


-0.688794 0.520150 -0.244001 89 3.908582 0.020150


-0.737614 0.615558 -0.169290 115 4.358605 0.115558 
-0.728803 0.620095 -0.189607 175 4.247821 0.120095 
-0.730433 0.657090 -0.186278 60 4.266357 0.157090 
-0.736471 0.654156 -0.172308 59 4.342469 0.154156 
-0.737614 0.615558 -0.169290 115 4.358605 0.115558


-0.733538 0.636725 -0.179461 90 4.303813 0.136725


-0.718799 0.577721 -0.207269 210 4.146286 0.077721 
-0.728803 0.620095 -0.189607 175 4.247821 0.120095 
-0.737614 0.615558 -0.169290 115 4.358605 0.115558 
-0.728758 0.571686 -0.189698 205 4.247313 0.071686 
-0.718799 0.577721 -0.207269 210 4.146286 0.077721


-0.728998 0.596265 -0.189218 91 4.249999 0.096265


-0.730433 0.657090 -0.186278 60 4.266357 0.157090 
-0.728803 0.620095 -0.189607 175 4.247821 0.120095 
-0.718644 0.623519 -0.207514 113 4.144835 0.123519 
-0.723448 0.660902 -0.199578 61 4.191225 0.160902 
-0.730433 0.657090 -0.186278 60 4.266357 0.157090


-0.725533 0.640402 -0.195854 92 4.212565 0.140402


-0.612111 0.644879 0.090111 141 5.967406 0.144879 
-0.594886 0.626581 0.094898 123 6.056825 0.126581 
-0.600271 0.585920 0.093579 133 6.029107 0.085920 
-0.624388 0.639363 0.085652 85 5.902089 0.139363 
-0.612111 0.644879 0.090111 141 5.967406 0.144879


-0.608017 0.624186 0.091400 93 5.988869 0.124186


-0.594886 0.626581 0.094898 123 6.056825 0.126581 
-0.592719 0.629496 0.095384 136 6.067932 0.129496 
-0.584486 0.616983 0.097004 90 6.109888 0.116983 
-0.579008 0.597355 0.097885 172 6.137632 0.097355 
-0.594886 0.626581 0.094898 123 6.056825 0.126581


-0.587795 0.617604 0.096396 94 6.093068 0.117604


-0.622553 0.777796 0.086376 40 5.911951 0.277796 
-0.617997 0.714130 0.088086 162 5.936282 0.214130 
-0.635432 0.699725 0.080835 143 5.841836 0.199725 
-0.645096 0.760318 0.075945 41 5.787674 0.260318 
-0.622553 0.777796 0.086376 40 5.911951 0.277796


-0.630408 0.737992 0.083125 95 5.869444 0.237992


-0.594120 0.736846 0.095073 146 6.060754 0.236846 
-0.617997 0.714130 0.088086 162 5.936282 0.214130 
-0.622553 0.777796 0.086376 40 5.911951 0.277796 
-0.598904 0.795293 0.093929 39 6.036160 0.295293 
-0.594120 0.736846 0.095073 146 6.060754 0.236846


-0.608511 0.756016 0.091250 96 5.986287 0.256016


-0.726384 0.500000 -0.194279 12 4.221515 0.000000 
-0.730397 0.530502 -0.186353 176 4.265938 0.030502 
-0.737706 0.521555 -0.169039 117 4.359945 0.021555 
-0.734776 0.500000 -0.176537 13 4.319690 0.000000 
-0.726384 0.500000 -0.194279 12 4.221515 0.000000


-0.732568 0.513014 -0.181665 97 4.291773 0.013014


-0.722932 0.535791 -0.200471 112 4.186069 0.035791 
-0.730397 0.530502 -0.186353 176 4.265938 0.030502 
-0.726384 0.500000 -0.194279 12 4.221515 0.000000 
-0.716294 0.500000 -0.211114 11 4.123340 0.000000 
-0.722932 0.535791 -0.200471 112 4.186069 0.035791


-0.724239 0.516573 -0.198188 98 4.199221 0.016573


-0.737706 0.521555 -0.169039 117 4.359945 0.021555 
-0.730397 0.530502 -0.186353 176 4.265938 0.030502 
-0.735205 0.559779 -0.175492 206 4.325336 0.059779 
-0.740419 0.543003 -0.161161 81 4.401605 0.043003 
-0.737706 0.521555 -0.169039 117 4.359945 0.021555


-0.736162 0.538710 -0.173102 99 4.338211 0.038710


-0.749988 0.632825 -0.102221 194 4.701282 0.132825 
-0.749499 0.630202 -0.114147 177 4.641597 0.130202 
-0.748242 0.651262 -0.126458 56 4.579710 0.151262 
-0.749732 0.652476 -0.110352 55 4.660608 0.152476 
-0.749988 0.632825 -0.102221 194 4.701282 0.132825


-0.749557 0.641691 -0.113307 100 4.645804 0.141691


-0.749990 0.609025 -0.101984 109 4.702470 0.109025 
-0.749054 0.602074 -0.119431 160 4.615078 0.102074 
-0.747716 0.625735 -0.130138 118 4.561125 0.125735 
-0.749499 0.630202 -0.114147 177 4.641597 0.130202 
-0.749990 0.609025 -0.101984 109 4.702470 0.109025


-0.749323 0.616759 -0.116446 101 4.630065 0.116759


-0.748242 0.651262 -0.126458 56 4.579710 0.151262 
-0.749499 0.630202 -0.114147 177 4.641597 0.130202 
-0.747716 0.625735 -0.130138 118 4.561125 0.125735 
-0.745446 0.651170 -0.142436 57 4.498586 0.151170 
-0.748242 0.651262 -0.126458 56 4.579710 0.151262


-0.747983 0.639592 -0.128331 102 4.570255 0.139592


-0.715617 0.665505 -0.212120 62 4.117277 0.165505 
-0.706627 0.626180 -0.224370 178 4.041286 0.126180 
-0.694914 0.629790 -0.237841 101 3.952001 0.129790 
-0.707030 0.670817 -0.223862 63 4.044528 0.170817 
-0.715617 0.665505 -0.212120 62 4.117277 0.165505


-0.706315 0.648073 -0.224762 103 4.038780 0.148073


-0.718644 0.623519 -0.207514 113 4.144835 0.123519 
-0.709982 0.581725 -0.220024 79 4.068737 0.081725 
-0.692633 0.583494 -0.240199 111 3.935599 0.083494 
-0.706627 0.626180 -0.224370 178 4.041286 0.126180 
-0.718644 0.623519 -0.207514 113 4.144835 0.123519


-0.707414 0.603730 -0.223373 104 4.047634 0.103730


-0.694914 0.629790 -0.237841 101 3.952001 0.129790 
-0.706627 0.626180 -0.224370 178 4.041286 0.126180 
-0.692633 0.583494 -0.240199 111 3.935599 0.083494 
-0.679135 0.590357 -0.252722 200 3.843500 0.090357 
-0.694914 0.629790 -0.237841 101 3.952001 0.129790


-0.693681 0.607455 -0.239125 105 3.943098 0.107455


-0.701626 0.540574 -0.230421 142 4.002030 0.040574 
-0.684109 0.540024 -0.248374 199 3.876538 0.040024 
-0.692633 0.583494 -0.240199 111 3.935599 0.083494 
-0.709982 0.581725 -0.220024 79 4.068737 0.081725 
-0.701626 0.540574 -0.230421 142 4.002030 0.040574


-0.697469 0.561454 -0.235104 106 3.970722 0.061454


-0.654197 0.604987 -0.270713 82 3.689597 0.104987 
-0.655992 0.579250 -0.269605 102 3.700146 0.079250 
-0.632977 0.565646 -0.281975 94 3.569407 0.065646 
-0.635145 0.596724 -0.280971 106 3.581354 0.096724 
-0.654197 0.604987 -0.270713 82 3.689597 0.104987


-0.644748 0.586652 -0.276133 107 3.635126 0.086652


-0.624388 0.639363 0.085652 85 5.902089 0.139363 
-0.639620 0.629027 0.078797 144 5.818547 0.129027 
-0.652223 0.686614 0.071902 89 5.746704 0.186614 
-0.635432 0.699725 0.080835 143 5.841836 0.199725 
-0.624388 0.639363 0.085652 85 5.902089 0.139363


-0.638052 0.663682 0.079574 108 5.827298 0.163682


-0.660944 0.676484 -0.266407 145 3.729619 0.176484 
-0.648359 0.681882 -0.274142 179 3.655743 0.181882 
-0.655619 0.705232 -0.269837 68 3.697949 0.205232 
-0.666798 0.697533 -0.262352 67 3.765228 0.197533 
-0.660944 0.676484 -0.266407 145 3.729619 0.176484


-0.658018 0.690283 -0.268322 109 3.712136 0.190283


-0.641574 0.656948 -0.277804 128 3.617190 0.156948 
-0.648359 0.681882 -0.274142 179 3.655743 0.181882 
-0.660944 0.676484 -0.266407 145 3.729619 0.176484 
-0.655691 0.654810 -0.269792 86 3.698370 0.154810 
-0.641574 0.656948 -0.277804 128 3.617190 0.156948


-0.651734 0.667531 -0.272192 110 3.675232 0.167531


-0.655619 0.705232 -0.269837 68 3.697949 0.205232 
-0.648359 0.681882 -0.274142 179 3.655743 0.181882 
-0.630484 0.688734 -0.283091 203 3.555753 0.188734 
-0.644112 0.713220 -0.276474 69 3.631517 0.213220 
-0.655619 0.705232 -0.269837 68 3.697949 0.205232


-0.644770 0.697267 -0.276121 111 3.635251 0.197267


-0.573908 0.619803 -0.298566 105 3.261421 0.119803 
-0.595581 0.597765 -0.294737 182 3.371518 0.097765 
-0.592165 0.550070 -0.295505 130 3.354010 0.050070 
-0.571631 0.559906 -0.298827 93 3.249960 0.059906 
-0.573908 0.619803 -0.298566 105 3.261421 0.119803


-0.583370 0.581886 -0.297196 112 3.309227 0.081886


-0.571631 0.559906 -0.298827 93 3.249960 0.059906 
-0.569603 0.500000 -0.299037 2 3.239767 0.000000 
-0.550000 0.500000 -0.300000 1 3.141593 0.000000 
-0.550000 0.569856 -0.300000 76 3.141593 0.069856 
-0.571631 0.559906 -0.298827 93 3.249960 0.059906


-0.560322 0.532440 -0.299733 113 3.193228 0.032440


-0.669946 0.610699 0.060041 108 5.640024 0.110699 
-0.655984 0.616528 0.069610 83 5.724681 0.116528 
-0.639450 0.560006 0.078882 132 5.819495 0.060006 
-0.655268 0.564505 0.070055 78 5.728895 0.064505 
-0.669946 0.610699 0.060041 108 5.640024 0.110699


-0.655374 0.587934 0.069989 114 5.728271 0.087934


-0.639450 0.560006 0.078882 132 5.819495 0.060006 
-0.655984 0.616528 0.069610 83 5.724681 0.116528 
-0.639620 0.629027 0.078797 144 5.818547 0.129027 
-0.620824 0.575150 0.087040 80 5.921213 0.075150 
-0.639450 0.560006 0.078882 132 5.819495 0.060006


-0.639185 0.595178 0.079014 115 5.820979 0.095178


-0.583636 0.694101 0.097151 120 6.114200 0.194101 
-0.587704 0.640031 0.096414 131 6.093531 0.140031 
-0.592719 0.629496 0.095384 136 6.067932 0.129496 
-0.599893 0.651125 0.093677 181 6.031059 0.151125 
-0.583636 0.694101 0.097151 120 6.114200 0.194101


-0.591008 0.653688 0.095751 116 6.076682 0.153688


-0.677589 0.690180 -0.254016 66 3.833418 0.190180 
-0.672936 0.674874 -0.257755 180 3.803574 0.174874 
-0.660944 0.676484 -0.266407 145 3.729619 0.176484 
-0.666798 0.697533 -0.262352 67 3.765228 0.197533 
-0.677589 0.690180 -0.254016 66 3.833418 0.190180


-0.669658 0.684768 -0.260256 117 3.782961 0.184768


-0.678438 0.663442 -0.253309 100 3.838946 0.163442 
-0.668143 0.643876 -0.261376 173 3.773535 0.143876 
-0.668851 0.660177 -0.260856 139 3.777929 0.160177 
-0.672936 0.674874 -0.257755 180 3.803574 0.174874 
-0.678438 0.663442 -0.253309 100 3.838946 0.163442


-0.672133 0.660592 -0.258378 118 3.798494 0.160592


-0.660944 0.676484 -0.266407 145 3.729619 0.176484 
-0.672936 0.674874 -0.257755 180 3.803574 0.174874 
-0.668851 0.660177 -0.260856 139 3.777929 0.160177 
-0.655691 0.654810 -0.269792 86 3.698370 0.154810 
-0.660944 0.676484 -0.266407 145 3.729619 0.176484


-0.664702 0.666586 -0.263840 119 3.752374 0.166586


-0.632977 0.565646 -0.281975 94 3.569407 0.065646 
-0.615062 0.582313 -0.289122 147 3.472931 0.082313 
-0.622724 0.625113 -0.286309 198 3.513746 0.125113 
-0.635145 0.596724 -0.280971 106 3.581354 0.096724 
-0.632977 0.565646 -0.281975 94 3.569407 0.065646


-0.626550 0.592449 -0.284770 120 3.534363 0.092449


-0.599893 0.651125 0.093677 181 6.031059 0.151125 
-0.594120 0.736846 0.095073 146 6.060754 0.236846 
-0.573920 0.743106 0.098564 164 6.163299 0.243106 
-0.583636 0.694101 0.097151 120 6.114200 0.194101 
-0.599893 0.651125 0.093677 181 6.031059 0.151125


-0.587941 0.706295 0.096368 121 6.092324 0.206295


-0.669179 0.675141 0.060613 138 5.644809 0.175141 
-0.655984 0.616528 0.069610 83 5.724681 0.116528 
-0.669946 0.610699 0.060041 108 5.640024 0.110699 
-0.684624 0.663036 0.047906 129 5.544764 0.163036 
-0.669179 0.675141 0.060613 138 5.644809 0.175141


-0.670177 0.641351 0.059867 122 5.638577 0.141351


-0.667272 0.742228 0.062010 42 5.656625 0.242228 
-0.652223 0.686614 0.071902 89 5.746704 0.186614 
-0.669179 0.675141 0.060613 138 5.644809 0.175141 
-0.687674 0.724619 0.045072 43 5.523945 0.224619 
-0.667272 0.742228 0.062010 42 5.656625 0.242228


-0.669462 0.707151 0.060402 123 5.643045 0.207151


-0.635432 0.699725 0.080835 143 5.841836 0.199725 
-0.652223 0.686614 0.071902 89 5.746704 0.186614 
-0.667272 0.742228 0.062010 42 5.656625 0.242228 
-0.645096 0.760318 0.075945 41 5.787674 0.260318 
-0.635432 0.699725 0.080835 143 5.841836 0.199725


-0.650235 0.722221 0.073069 124 5.758228 0.222221


-0.639620 0.629027 0.078797 144 5.818547 0.129027 
-0.655984 0.616528 0.069610 83 5.724681 0.116528 
-0.669179 0.675141 0.060613 138 5.644809 0.175141 
-0.652223 0.686614 0.071902 89 5.746704 0.186614 
-0.639620 0.629027 0.078797 144 5.818547 0.129027


-0.654452 0.651827 0.070558 125 5.733689 0.151827


-0.579008 0.597355 0.097885 172 6.137632 0.097355 
-0.584486 0.616983 0.097004 90 6.109888 0.116983 
-0.583252 0.630873 0.097216 137 6.116149 0.130873 
-0.579283 0.636893 0.097845 174 6.136240 0.136893 
-0.579008 0.597355 0.097885 172 6.137632 0.097355


-0.581510 0.620526 0.097502 126 6.124977 0.120526


-0.612111 0.644879 0.090111 141 5.967406 0.144879 
-0.617997 0.714130 0.088086 162 5.936282 0.214130 
-0.594120 0.736846 0.095073 146 6.060754 0.236846 
-0.599893 0.651125 0.093677 181 6.031059 0.151125 
-0.612111 0.644879 0.090111 141 5.967406 0.144879


-0.606099 0.686745 0.091971 127 5.998875 0.186745


-0.624388 0.639363 0.085652 85 5.902089 0.139363 
-0.635432 0.699725 0.080835 143 5.841836 0.199725 
-0.617997 0.714130 0.088086 162 5.936282 0.214130 
-0.612111 0.644879 0.090111 141 5.967406 0.144879 
-0.624388 0.639363 0.085652 85 5.902089 0.139363


-0.622561 0.674524 0.086373 128 5.911910 0.174524


-0.592719 0.629496 0.095384 136 6.067932 0.129496 
-0.594886 0.626581 0.094898 123 6.056825 0.126581 
-0.612111 0.644879 0.090111 141 5.967406 0.144879 
-0.599893 0.651125 0.093677 181 6.031059 0.151125 
-0.592719 0.629496 0.095384 136 6.067932 0.129496


-0.599940 0.638020 0.093665 129 6.030813 0.138020


-0.716378 0.697626 0.010988 46 5.300681 0.197626 
-0.710557 0.642865 0.019253 91 5.351232 0.142865 
-0.719938 0.644535 0.005457 122 5.267788 0.144535 
-0.724735 0.689022 -0.002698 47 5.220478 0.189022 
-0.716378 0.697626 0.010988 46 5.300681 0.197626


-0.718093 0.668512 0.008373 130 5.285044 0.168512


-0.698027 0.652512 0.034491 77 5.449913 0.152512 
-0.710557 0.642865 0.019253 91 5.351232 0.142865 
-0.716378 0.697626 0.010988 46 5.300681 0.197626 
-0.707113 0.706701 0.023755 45 5.379574 0.206701 
-0.698027 0.652512 0.034491 77 5.449913 0.152512


-0.708249 0.674926 0.022300 131 5.370343 0.174926


-0.672063 0.554450 0.058432 140 5.626727 0.054450 
-0.686324 0.547478 0.046341 195 5.533208 0.047478 
-0.696972 0.590684 0.035643 149 5.457722 0.090684 
-0.684084 0.600743 0.048396 88 5.548408 0.100743 
-0.672063 0.554450 0.058432 140 5.626727 0.054450


-0.685104 0.573339 0.047468 132 5.541515 0.073339


-0.603928 0.649525 -0.292592 150 3.414614 0.149525 
-0.587840 0.689579 -0.296388 155 3.331942 0.189579 
-0.602062 0.692745 -0.293105 201 3.404937 0.192745 
-0.614416 0.666533 -0.289342 183 3.469518 0.166533 
-0.603928 0.649525 -0.292592 150 3.414614 0.149525


-0.602124 0.674595 -0.293088 133 3.405258 0.174595


-0.571631 0.559906 -0.298827 93 3.249960 0.059906 
-0.592165 0.550070 -0.295505 130 3.354010 0.050070 
-0.589018 0.500000 -0.296157 3 3.337942 0.000000 
-0.569603 0.500000 -0.299037 2 3.239767 0.000000 
-0.571631 0.559906 -0.298827 93 3.249960 0.059906


-0.580644 0.527494 -0.297638 134 3.295419 0.027494


-0.595581 0.597765 -0.294737 182 3.371518 0.097765 
-0.615062 0.582313 -0.289122 147 3.472931 0.082313 
-0.612344 0.540484 -0.290035 92 3.458596 0.040484 
-0.592165 0.550070 -0.295505 130 3.354010 0.050070 
-0.595581 0.597765 -0.294737 182 3.371518 0.097765


-0.603861 0.567658 -0.292611 135 3.414264 0.067658


-0.669946 0.610699 0.060041 108 5.640024 0.110699 
-0.684084 0.600743 0.048396 88 5.548408 0.100743 
-0.698027 0.652512 0.034491 77 5.449913 0.152512 
-0.684624 0.663036 0.047906 129 5.544764 0.163036 
-0.669946 0.610699 0.060041 108 5.640024 0.110699


-0.684474 0.631747 0.048043 136 5.545779 0.131747


-0.684084 0.600743 0.048396 88 5.548408 0.100743 
-0.696972 0.590684 0.035643 149 5.457722 0.090684 
-0.710557 0.642865 0.019253 91 5.351232 0.142865 
-0.698027 0.652512 0.034491 77 5.449913 0.152512 
-0.684084 0.600743 0.048396 88 5.548408 0.100743


-0.697770 0.621701 0.034774 137 5.451824 0.121701


-0.573908 0.619803 -0.298566 105 3.261421 0.119803 
-0.571631 0.559906 -0.298827 93 3.249960 0.059906 
-0.550000 0.569856 -0.300000 76 3.141593 0.069856 
-0.550000 0.639711 -0.300000 75 3.141593 0.139711 
-0.573908 0.619803 -0.298566 105 3.261421 0.119803


-0.561404 0.597319 -0.299675 138 3.198641 0.097319


-0.614416 0.666533 -0.289342 183 3.469518 0.166533 
-0.628271 0.634981 -0.284048 104 3.543695 0.134981 
-0.622724 0.625113 -0.286309 198 3.513746 0.125113 
-0.603928 0.649525 -0.292592 150 3.414614 0.149525 
-0.614416 0.666533 -0.289342 183 3.469518 0.166533


-0.617415 0.644038 -0.288296 139 3.485399 0.144038


-0.628271 0.634981 -0.284048 104 3.543695 0.134981 
-0.614416 0.666533 -0.289342 183 3.469518 0.166533 
-0.619804 0.672891 -0.287423 148 3.498118 0.172891 
-0.630421 0.664249 -0.283119 87 3.555408 0.164249 
-0.628271 0.634981 -0.284048 104 3.543695 0.134981


-0.623272 0.659663 -0.286095 140 3.516686 0.159663


-0.632977 0.565646 -0.281975 94 3.569407 0.065646 
-0.631827 0.534502 -0.282495 103 3.563097 0.034502 
-0.612344 0.540484 -0.290035 92 3.458596 0.040484 
-0.615062 0.582313 -0.289122 147 3.472931 0.082313 
-0.632977 0.565646 -0.281975 94 3.569407 0.065646


-0.623146 0.555736 -0.286144 141 3.516008 0.055736


-0.732848 0.680128 -0.018965 48 5.129560 0.180128 
-0.728082 0.647137 -0.008967 184 5.184944 0.147137 
-0.733593 0.639846 -0.020668 97 5.120266 0.139846 
-0.739577 0.672094 -0.036276 49 5.036661 0.172094 
-0.732848 0.680128 -0.018965 48 5.129560 0.180128


-0.733783 0.659802 -0.021108 142 5.117868 0.159802


-0.719938 0.644535 0.005457 122 5.267788 0.144535 
-0.721134 0.622398 0.003504 163 5.256339 0.122398 
-0.725503 0.614495 -0.004091 121 5.212525 0.114495 
-0.728082 0.647137 -0.008967 184 5.184944 0.147137 
-0.719938 0.644535 0.005457 122 5.267788 0.144535


-0.723761 0.632141 -0.000969 143 5.230400 0.132141


-0.725503 0.614495 -0.004091 121 5.212525 0.114495 
-0.730346 0.606601 -0.013541 189 5.159426 0.106601 
-0.733593 0.639846 -0.020668 97 5.120266 0.139846 
-0.728082 0.647137 -0.008967 184 5.184944 0.147137 
-0.725503 0.614495 -0.004091 121 5.212525 0.114495


-0.729485 0.627020 -0.011766 144 5.169292 0.127020


-0.696972 0.590684 0.035643 149 5.457722 0.090684 
-0.686324 0.547478 0.046341 195 5.533208 0.047478 
-0.699689 0.539186 0.032640 135 5.437472 0.039186 
-0.707002 0.576192 0.023897 171 5.380477 0.076192 
-0.696972 0.590684 0.035643 149 5.457722 0.090684


-0.697717 0.563385 0.034832 145 5.452213 0.063385


-0.726595 0.575657 -0.006116 186 5.201022 0.075657 
-0.721013 0.593362 0.003705 95 5.257512 0.093362 
-0.715871 0.561285 0.011745 190 5.305235 0.061285 
-0.722377 0.547254 0.001421 185 5.244214 0.047254 
-0.726595 0.575657 -0.006116 186 5.201022 0.075657


-0.721582 0.569390 0.002760 146 5.251995 0.069390


-0.733593 0.639846 -0.020668 97 5.120266 0.139846 
-0.730346 0.606601 -0.013541 189 5.159426 0.106601 
-0.736841 0.605219 -0.028653 96 5.077162 0.105219 
-0.738780 0.633300 -0.033953 151 5.048943 0.133300 
-0.733593 0.639846 -0.020668 97 5.120266 0.139846


-0.735053 0.621242 -0.024137 147 5.101447 0.121242


-0.726595 0.575657 -0.006116 186 5.201022 0.075657 
-0.722377 0.547254 0.001421 185 5.244214 0.047254 
-0.731108 0.543006 -0.015148 191 5.150533 0.043006 
-0.734805 0.574755 -0.023533 187 5.104714 0.074755 
-0.726595 0.575657 -0.006116 186 5.201022 0.075657


-0.728967 0.560168 -0.010721 148 5.175121 0.060168


-0.743499 0.606098 -0.049424 167 4.968047 0.106098 
-0.747857 0.606899 -0.070799 98 4.858917 0.106899 
-0.746864 0.632096 -0.064723 152 4.889704 0.132096 
-0.743655 0.633576 -0.050022 188 4.964955 0.133576 
-0.743499 0.606098 -0.049424 167 4.968047 0.106098


-0.745688 0.619667 -0.058695 149 4.920409 0.119667


-0.726595 0.575657 -0.006116 186 5.201022 0.075657 
-0.734805 0.574755 -0.023533 187 5.104714 0.074755 
-0.736841 0.605219 -0.028653 96 5.077162 0.105219 
-0.730346 0.606601 -0.013541 189 5.159426 0.106601 
-0.726595 0.575657 -0.006116 186 5.201022 0.075657


-0.732357 0.590558 -0.017866 150 5.135578 0.090558


-0.707002 0.576192 0.023897 171 5.380477 0.076192 
-0.699689 0.539186 0.032640 135 5.437472 0.039186 
-0.709591 0.531681 0.020544 170 5.359293 0.031681 
-0.715871 0.561285 0.011745 190 5.305235 0.061285 
-0.707002 0.576192 0.023897 171 5.380477 0.076192


-0.708215 0.552086 0.022343 151 5.370618 0.052086


-0.728804 0.521505 -0.010395 166 5.176944 0.021505 
-0.734187 0.520225 -0.022057 125 5.112713 0.020225 
-0.738585 0.531337 -0.033399 168 5.051878 0.031337 
-0.731108 0.543006 -0.015148 191 5.150533 0.043006 
-0.728804 0.521505 -0.010395 166 5.176944 0.021505


-0.733373 0.529018 -0.020162 152 5.123025 0.029018


-0.747955 0.540580 -0.071470 110 4.855528 0.040580 
-0.738585 0.531337 -0.033399 168 5.051878 0.031337 
-0.741388 0.500000 -0.041943 20 5.006913 0.000000 
-0.746157 0.500000 -0.060982 19 4.908739 0.000000 
-0.747955 0.540580 -0.071470 110 4.855528 0.040580


-0.744106 0.517979 -0.051803 153 4.955768 0.017979


-0.748662 0.629422 -0.076904 99 4.828125 0.129422 
-0.749737 0.619625 -0.089749 157 4.763666 0.119625 
-0.749988 0.632825 -0.102221 194 4.701282 0.132825 
-0.749750 0.632996 -0.090005 193 4.762385 0.132996 
-0.748662 0.629422 -0.076904 99 4.828125 0.129422


-0.749735 0.628717 -0.089710 154 4.763864 0.128717


-0.749737 0.619625 -0.089749 157 4.763666 0.119625 
-0.749990 0.609025 -0.101984 109 4.702470 0.109025 
-0.749499 0.630202 -0.114147 177 4.641597 0.130202 
-0.749988 0.632825 -0.102221 194 4.701282 0.132825 
-0.749737 0.619625 -0.089749 157 4.763666 0.119625


-0.749990 0.622919 -0.102027 155 4.702253 0.122919


-0.672063 0.554450 0.058432 140 5.626727 0.054450 
-0.684084 0.600743 0.048396 88 5.548408 0.100743 
-0.669946 0.610699 0.060041 108 5.640024 0.110699 
-0.655268 0.564505 0.070055 78 5.728895 0.064505 
-0.672063 0.554450 0.058432 140 5.626727 0.054450


-0.670587 0.582599 0.059558 156 5.636008 0.082599


-0.668143 0.643876 -0.261376 173 3.773535 0.143876 
-0.678438 0.663442 -0.253309 100 3.838946 0.163442 
-0.684774 0.651062 -0.247770 153 3.881026 0.151062 
-0.671228 0.624854 -0.259072 196 3.792790 0.124854 
-0.668143 0.643876 -0.261376 173 3.773535 0.143876


-0.675755 0.645809 -0.255517 157 3.821571 0.145809


-0.701626 0.540574 -0.230421 142 4.002030 0.040574 
-0.709982 0.581725 -0.220024 79 4.068737 0.081725 
-0.718799 0.577721 -0.207269 210 4.146286 0.077721 
-0.711847 0.538602 -0.217497 197 4.084441 0.038602 
-0.701626 0.540574 -0.230421 142 4.002030 0.040574


-0.710775 0.559656 -0.218960 158 4.075375 0.059656


-0.595581 0.597765 -0.294737 182 3.371518 0.097765 
-0.603928 0.649525 -0.292592 150 3.414614 0.149525 
-0.622724 0.625113 -0.286309 198 3.513746 0.125113 
-0.615062 0.582313 -0.289122 147 3.472931 0.082313 
-0.595581 0.597765 -0.294737 182 3.371518 0.097765


-0.609412 0.613679 -0.290972 159 3.443203 0.113679


-0.679135 0.590357 -0.252722 200 3.843500 0.090357 
-0.692633 0.583494 -0.240199 111 3.935599 0.083494 
-0.684109 0.540024 -0.248374 199 3.876538 0.040024 
-0.670676 0.542689 -0.259491 169 3.789324 0.042689 
-0.679135 0.590357 -0.252722 200 3.843500 0.090357


-0.681824 0.564141 -0.250408 160 3.861239 0.064141


-0.655992 0.579250 -0.269605 102 3.700146 0.079250 
-0.654197 0.604987 -0.270713 82 3.689597 0.104987 
-0.671228 0.624854 -0.259072 196 3.792790 0.124854 
-0.679135 0.590357 -0.252722 200 3.843500 0.090357 
-0.655992 0.579250 -0.269605 102 3.700146 0.079250


-0.665376 0.599862 -0.263366 161 3.756499 0.099862


-0.603928 0.649525 -0.292592 150 3.414614 0.149525 
-0.595581 0.597765 -0.294737 182 3.371518 0.097765 
-0.573908 0.619803 -0.298566 105 3.261421 0.119803 
-0.587840 0.689579 -0.296388 155 3.331942 0.189579 
-0.603928 0.649525 -0.292592 150 3.414614 0.149525


-0.590379 0.639168 -0.295882 162 3.344883 0.139168


-0.635145 0.596724 -0.280971 106 3.581354 0.096724 
-0.622724 0.625113 -0.286309 198 3.513746 0.125113 
-0.628271 0.634981 -0.284048 104 3.543695 0.134981 
-0.638120 0.626259 -0.279540 202 3.597862 0.126259 
-0.635145 0.596724 -0.280971 106 3.581354 0.096724


-0.631109 0.620769 -0.282815 163 3.559165 0.120769


-0.648359 0.681882 -0.274142 179 3.655743 0.181882 
-0.641574 0.656948 -0.277804 128 3.617190 0.156948 
-0.630421 0.664249 -0.283119 87 3.555408 0.164249 
-0.630484 0.688734 -0.283091 203 3.555753 0.188734 
-0.648359 0.681882 -0.274142 179 3.655743 0.181882


-0.637789 0.672953 -0.279703 164 3.596020 0.172953


-0.749037 0.500000 -0.080397 18 4.810564 0.000000 
-0.750000 0.500000 -0.100000 17 4.712389 0.000000 
-0.749664 0.532138 -0.111593 156 4.654390 0.032138 
-0.749808 0.536938 -0.091232 204 4.756241 0.036938 
-0.749037 0.500000 -0.080397 18 4.810564 0.000000


-0.749956 0.517269 -0.095799 165 4.733397 0.017269


-0.745210 0.558987 -0.143511 119 4.493080 0.058987 
-0.740419 0.543003 -0.161161 81 4.401605 0.043003 
-0.735205 0.559779 -0.175492 206 4.325336 0.059779 
-0.742805 0.588789 -0.153164 207 4.443336 0.088789 
-0.745210 0.558987 -0.143511 119 4.493080 0.058987


-0.741271 0.562640 -0.158442 166 4.415850 0.062640


-0.730397 0.530502 -0.186353 176 4.265938 0.030502 
-0.722932 0.535791 -0.200471 112 4.186069 0.035791 
-0.728758 0.571686 -0.189698 205 4.247313 0.071686 
-0.735205 0.559779 -0.175492 206 4.325336 0.059779 
-0.730397 0.530502 -0.186353 176 4.265938 0.030502


-0.729544 0.549440 -0.188112 167 4.256164 0.049440


-0.735205 0.559779 -0.175492 206 4.325336 0.059779 
-0.728758 0.571686 -0.189698 205 4.247313 0.071686 
-0.737614 0.615558 -0.169290 115 4.358605 0.115558 
-0.742805 0.588789 -0.153164 207 4.443336 0.088789 
-0.735205 0.559779 -0.175492 206 4.325336 0.059779


-0.736556 0.583953 -0.172089 168 4.343644 0.083953


-0.746654 0.595433 -0.136432 114 4.529204 0.095433 
-0.749054 0.602074 -0.119431 160 4.615078 0.102074 
-0.750000 0.573732 -0.100306 209 4.710857 0.073732 
-0.748589 0.564065 -0.123715 208 4.593533 0.064065 
-0.746654 0.595433 -0.136432 114 4.529204 0.095433


-0.748996 0.583826 -0.120014 169 4.612152 0.083826


-0.749054 0.602074 -0.119431 160 4.615078 0.102074 
-0.749990 0.609025 -0.101984 109 4.702470 0.109025 
-0.748790 0.582007 -0.078035 192 4.822438 0.082007 
-0.750000 0.573732 -0.100306 209 4.710857 0.073732 
-0.749054 0.602074 -0.119431 160 4.615078 0.102074


-0.750000 0.591709 -0.099939 170 4.712695 0.091709


-0.709982 0.581725 -0.220024 79 4.068737 0.081725 
-0.718644 0.623519 -0.207514 113 4.144835 0.123519 
-0.728803 0.620095 -0.189607 175 4.247821 0.120095 
-0.718799 0.577721 -0.207269 210 4.146286 0.077721 
-0.709982 0.581725 -0.220024 79 4.068737 0.081725


-0.719400 0.600765 -0.206319 171 4.151907 0.100765


