79 57
2.536563 0.335335 3.872983 
2.536507 0.334117 3.872983 
2.536452 0.332898 3.872983 
2.475654 0.327109 3.872983 
2.414883 0.321036 3.872983 
2.354146 0.314633 3.872983 
2.293447 0.307876 3.872983 
2.232789 0.300770 3.872983 
2.172168 0.293348 3.872983 
2.111578 0.285677 3.872983 
2.051007 0.277859 3.872983 
1.990436 0.270045 3.872983 
1.929856 0.262295 3.872983 
1.869335 0.254098 3.872983 
1.808833 0.245759 3.872983 
1.748267 0.237917 3.872983 
1.687514 0.231693 3.872983 
1.657035 0.229881 3.872983 
1.626501 0.229799 3.872983 
1.611276 0.230900 3.872983 
1.596215 0.233395 3.872983 
1.582031 0.238517 3.872983 
1.571946 0.249728 3.872983 
1.574697 0.264983 3.872983 
1.584509 0.276983 3.872983 
1.596598 0.287008 3.872983 
1.609663 0.295725 3.872983 
1.637319 0.310617 3.872983 
1.666130 0.323130 3.872983 
1.725679 0.343133 3.872983 
1.786721 0.357965 3.872983 
1.848649 0.368566 3.872983 
1.911097 0.375475 3.872983 
1.973825 0.379116 3.872983 
2.036642 0.380527 3.872983 
2.099475 0.380142 3.872983 
2.162277 0.378117 3.872983 
2.225012 0.374562 3.872983 
2.287647 0.369552 3.872983 
2.350152 0.363126 3.872983 
2.412498 0.355297 3.872983 
2.474648 0.346047 3.872983 
2.474475 0.344097 3.872983 
1.590362 0.255189 3.872983 
1.602939 0.264560 3.872983 
1.618082 0.262762 3.872983 
1.646316 0.276464 3.872983 
1.676822 0.277412 3.872983 
1.737118 0.294829 3.872983 
1.797777 0.301862 3.872983 
1.859965 0.310617 3.872983 
2.352972 0.331586 3.872983 
2.413690 0.338166 3.872983 
2.290547 0.338714 3.872983 
2.229907 0.331450 3.872983 
2.106642 0.327988 3.872983 
2.167223 0.335733 3.872983 
1.920476 0.318885 3.872983 
1.983249 0.321411 3.872983 
2.043824 0.329193 3.872983 
2.495210 0.341420 3.872983 
1.582363 0.252896 3.872983 
1.610765 0.252741 3.872983 
1.596633 0.268919 3.872983 
1.660057 0.261252 3.872983 
1.633906 0.283281 3.872983 
1.713206 0.305125 3.872983 
1.761054 0.278203 3.872983 
1.835464 0.327015 3.872983 
2.373603 0.328129 3.872983 
2.251081 0.323645 3.872983 
2.128481 0.316466 3.872983 
2.207381 0.347248 3.872983 
1.883259 0.294533 3.872983 
1.959183 0.339804 3.872983 
2.005836 0.306883 3.872983 
2.083314 0.345774 3.872983 
2.454606 0.336457 3.872983 
2.331224 0.344476 3.872983 

42 61 2 1
43 61 42 41
2 61 43 3
44 62 22 21
24 62 44 25
22 62 24 23
46 63 20 19
45 63 46 27
20 63 45 21
26 64 45 27
44 64 26 25
45 64 44 21
48 65 18 17
47 65 48 29
18 65 47 19
28 66 47 29
46 66 28 27
47 66 46 19
49 67 48 17
30 67 49 31
48 67 30 29
50 68 16 15
49 68 50 31
16 68 49 17
51 69 50 15
32 69 51 33
50 69 32 31
53 70 6 5
52 70 53 41
6 70 52 7
55 71 54 39
8 71 55 9
54 71 8 7
57 72 10 9
56 72 57 37
10 72 56 11
38 73 55 39
57 73 38 37
55 73 57 9
58 74 14 13
51 74 58 33
14 74 51 15
59 75 58 13
34 75 59 35
58 75 34 33
60 76 12 11
59 76 60 35
12 76 59 13
36 77 56 37
60 77 36 35
56 77 60 11
4 78 53 5
43 78 4 3
53 78 43 41
54 79 40 39
52 79 54 7
40 79 52 41
42
2.536507 0.334117 3.872983
2.536563 0.335335 3.872983
2.536563 0.335335 3.872983
2.474648 0.346047 3.872983
2.474648 0.346047 3.872983
2.412498 0.355297 3.872983
2.536452 0.332898 3.872983
2.536507 0.334117 3.872983
1.582031 0.238517 3.872983
1.596215 0.233395 3.872983
1.584509 0.276983 3.872983
1.574697 0.264983 3.872983
1.574697 0.264983 3.872983
1.571946 0.249728 3.872983
1.571946 0.249728 3.872983
1.582031 0.238517 3.872983
1.611276 0.230900 3.872983
1.626501 0.229799 3.872983
1.596215 0.233395 3.872983
1.611276 0.230900 3.872983
1.609663 0.295725 3.872983
1.596598 0.287008 3.872983
1.596598 0.287008 3.872983
1.584509 0.276983 3.872983
1.657035 0.229881 3.872983
1.687514 0.231693 3.872983
1.626501 0.229799 3.872983
1.657035 0.229881 3.872983
1.666130 0.323130 3.872983
1.637319 0.310617 3.872983
1.637319 0.310617 3.872983
1.609663 0.295725 3.872983
1.786721 0.357965 3.872983
1.725679 0.343133 3.872983
1.725679 0.343133 3.872983
1.666130 0.323130 3.872983
1.748267 0.237917 3.872983
1.808833 0.245759 3.872983
1.687514 0.231693 3.872983
1.748267 0.237917 3.872983
1.911097 0.375475 3.872983
1.848649 0.368566 3.872983
1.848649 0.368566 3.872983
1.786721 0.357965 3.872983
2.354146 0.314633 3.872983
2.414883 0.321036 3.872983
2.293447 0.307876 3.872983
2.354146 0.314633 3.872983
2.172168 0.293348 3.872983
2.232789 0.300770 3.872983
2.232789 0.300770 3.872983
2.293447 0.307876 3.872983
2.111578 0.285677 3.872983
2.172168 0.293348 3.872983
2.051007 0.277859 3.872983
2.111578 0.285677 3.872983
2.287647 0.369552 3.872983
2.225012 0.374562 3.872983
2.225012 0.374562 3.872983
2.162277 0.378117 3.872983
1.869335 0.254098 3.872983
1.929856 0.262295 3.872983
1.808833 0.245759 3.872983
1.869335 0.254098 3.872983
2.036642 0.380527 3.872983
1.973825 0.379116 3.872983
1.973825 0.379116 3.872983
1.911097 0.375475 3.872983
1.990436 0.270045 3.872983
2.051007 0.277859 3.872983
1.929856 0.262295 3.872983
1.990436 0.270045 3.872983
2.162277 0.378117 3.872983
2.099475 0.380142 3.872983
2.099475 0.380142 3.872983
2.036642 0.380527 3.872983
2.414883 0.321036 3.872983
2.475654 0.327109 3.872983
2.475654 0.327109 3.872983
2.536452 0.332898 3.872983
2.350152 0.363126 3.872983
2.287647 0.369552 3.872983
2.412498 0.355297 3.872983
2.350152 0.363126 3.872983
