1097 1041
1.684075 0.027330 -0.294135 
1.598023 0.051113 -0.302896 
1.511398 0.072938 -0.311094 
1.413723 0.095186 -0.320092 
1.315574 0.115149 -0.329286 
1.207375 0.134437 -0.339987 
1.098806 0.150890 -0.351630 
1.041460 0.158363 -0.358226 
0.984048 0.164959 -0.365175 
0.925310 0.170741 -0.372661 
0.866533 0.175489 -0.380551 
0.807466 0.179146 -0.388889 
0.748400 0.181472 -0.397703 
0.691874 0.181932 -0.406777 
0.635468 0.180461 -0.416474 
0.539626 0.173027 -0.434311 
0.444849 0.158459 -0.453391 
0.372826 0.141249 -0.468614 
0.302779 0.117221 -0.483820 
0.274723 0.104489 -0.489999 
0.247827 0.089389 -0.496002 
0.232885 0.078892 -0.499417 
0.219299 0.066643 -0.502659 
0.213504 0.059696 -0.504149 
0.208776 0.051959 -0.505510 
0.205701 0.042608 -0.506721 
0.205964 0.032721 -0.507457 
0.248651 0.039502 -0.612629 
0.291338 0.046284 -0.717802 
0.334025 0.053065 -0.822975 
0.376712 0.059847 -0.928147 
0.419398 0.066628 -1.033320 
0.462085 0.073410 -1.138493 
0.504772 0.080191 -1.243666 
0.547459 0.086973 -1.348838 
0.590146 0.093754 -1.454011 
0.632833 0.100536 -1.559184 
0.675520 0.107317 -1.664356 
0.718207 0.114098 -1.769529 
0.760894 0.120880 -1.874702 
0.803581 0.127661 -1.979874 
0.846268 0.134443 -2.085047 
0.888955 0.141224 -2.190220 
0.931642 0.148006 -2.295393 
0.974329 0.154787 -2.400565 
1.017016 0.161569 -2.505738 
1.059703 0.168350 -2.610911 
1.102390 0.175132 -2.716083 
1.145077 0.181913 -2.821256 
1.187764 0.188695 -2.926429 
1.230450 0.195476 -3.031602 
1.273137 0.202258 -3.136774 
1.315824 0.209039 -3.241947 
1.358511 0.215821 -3.347120 
1.401198 0.222602 -3.452292 
1.443885 0.229384 -3.557465 
1.486572 0.236165 -3.662638 
1.529259 0.242947 -3.767811 
1.571946 0.249728 -3.872983 
1.574697 0.264983 -3.872983 
1.584509 0.276983 -3.872983 
1.596598 0.287008 -3.872983 
1.609663 0.295725 -3.872983 
1.637319 0.310617 -3.872983 
1.666130 0.323130 -3.872983 
1.725679 0.343133 -3.872983 
1.786721 0.357965 -3.872983 
1.848649 0.368566 -3.872983 
1.911097 0.375475 -3.872983 
1.973825 0.379116 -3.872983 
2.036642 0.380527 -3.872983 
2.099475 0.380142 -3.872983 
2.162277 0.378117 -3.872983 
2.225012 0.374562 -3.872983 
2.287647 0.369552 -3.872983 
2.350152 0.363126 -3.872983 
2.412498 0.355297 -3.872983 
2.474648 0.346047 -3.872983 
2.536563 0.335335 -3.872983 
2.509922 0.325710 -3.761144 
2.483282 0.316085 -3.649305 
2.456642 0.306460 -3.537466 
2.430002 0.296835 -3.425627 
2.403362 0.287209 -3.313788 
2.376721 0.277584 -3.201949 
2.350081 0.267959 -3.090110 
2.323441 0.258334 -2.978271 
2.296801 0.248709 -2.866432 
2.270160 0.239083 -2.754593 
2.243520 0.229458 -2.642754 
2.216880 0.219833 -2.530915 
2.190240 0.210208 -2.419076 
2.163599 0.200583 -2.307237 
2.136959 0.190958 -2.195398 
2.110319 0.181332 -2.083559 
2.083679 0.171707 -1.971720 
2.057038 0.162082 -1.859881 
2.030398 0.152457 -1.748042 
2.003758 0.142832 -1.636203 
1.977118 0.133207 -1.524364 
1.950478 0.123581 -1.412525 
1.923837 0.113956 -1.300686 
1.897197 0.104331 -1.188847 
1.870557 0.094706 -1.077008 
1.843917 0.085081 -0.965169 
1.817276 0.075455 -0.853330 
1.790636 0.065830 -0.741491 
1.763996 0.056205 -0.629652 
1.737356 0.046580 -0.517813 
1.710715 0.036955 -0.405974 
1.490050 0.304319 -2.583047 
1.853293 0.285070 -2.563595 
1.090197 0.243392 -1.507788 
1.514994 0.209483 -1.430278 
1.097492 0.235085 -1.353817 
1.382089 0.212300 -1.299284 
1.764833 0.355831 -3.666310 
1.729496 0.348823 -3.447437 
1.679719 0.338891 -3.228805 
1.621374 0.327774 -3.011982 
1.557562 0.316155 -2.796915 
1.142037 0.240344 -2.601036 
1.253514 0.275796 -2.593501 
1.370504 0.295917 -2.587869 
2.119377 0.363469 -3.663907 
2.073478 0.348132 -3.449272 
2.023707 0.332382 -3.230348 
1.970024 0.316500 -3.008808 
1.913004 0.300697 -2.786290 
1.610743 0.303606 -2.577844 
1.731887 0.296958 -2.571456 
1.974732 0.268262 -2.554288 
2.096035 0.246583 -2.543493 
1.419763 0.292411 -2.370360 
1.346746 0.280488 -2.158677 
1.270078 0.268582 -1.948168 
1.187109 0.256504 -1.735694 
0.726326 0.177378 -1.570274 
0.844690 0.214867 -1.565232 
0.964359 0.235660 -1.544315 
1.791483 0.269673 -2.341288 
1.727833 0.254507 -2.119283 
1.662582 0.239553 -1.897391 
1.594199 0.224668 -1.672175 
1.257530 0.243230 -1.544591 
1.390554 0.232301 -1.520985 
1.666842 0.185659 -1.425695 
1.809819 0.157308 -1.419633 
0.933844 0.227401 -1.284677 
0.810881 0.211950 -1.075829 
0.679153 0.194127 -0.871971 
0.521872 0.169320 -0.671590 
1.006080 0.226855 -1.205551 
0.896763 0.215582 -1.018196 
0.770737 0.202225 -0.823584 
0.620164 0.184656 -0.628178 
1.192579 0.232149 -1.353929 
1.298307 0.223609 -1.333938 
1.478255 0.187300 -1.178642 
1.406158 0.173329 -0.956843 
1.322478 0.162385 -0.746414 
1.234504 0.153125 -0.545541 
1.337307 0.201734 -1.140740 
1.261077 0.191311 -0.947349 
1.169674 0.182265 -0.750751 
1.059482 0.175400 -0.558170 
1.513532 0.282112 -3.628955 
1.580233 0.312211 -3.635760 
1.665821 0.337027 -3.656035 
1.447684 0.278757 -3.423876 
1.530923 0.311329 -3.424052 
1.626070 0.334122 -3.436521 
1.375960 0.271269 -3.220594 
1.469121 0.304927 -3.215997 
1.571782 0.326648 -3.221564 
1.300159 0.261857 -3.015341 
1.400764 0.296232 -3.008763 
1.509077 0.317202 -3.009177 
1.221891 0.251415 -2.808621 
1.328445 0.286360 -2.801307 
1.441437 0.306819 -2.798199 
1.878560 0.366257 -3.666685 
1.997835 0.368009 -3.665721 
1.839557 0.355036 -3.451989 
1.955021 0.354440 -3.451765 
1.791588 0.342603 -3.233005 
1.906513 0.340207 -3.233285 
1.736051 0.329679 -3.013658 
1.852401 0.325723 -3.012676 
1.675267 0.316630 -2.795237 
1.793827 0.311269 -2.791855 
2.241703 0.353208 -3.661320 
2.363694 0.337467 -3.657429 
2.193145 0.336420 -3.444866 
2.312489 0.319401 -3.437727 
2.141932 0.319364 -3.224665 
2.259991 0.301180 -3.215691 
2.088250 0.302229 -3.002101 
2.206326 0.282919 -2.992223 
2.032405 0.285170 -2.778424 
2.151631 0.264705 -2.768031 
1.061117 0.228835 -2.393199 
1.176702 0.264765 -2.385746 
1.297118 0.284694 -2.378192 
0.979351 0.216951 -2.185589 
1.098180 0.253338 -2.178277 
1.221300 0.273203 -2.168999 
0.896720 0.204619 -1.978963 
1.017776 0.241484 -1.971665 
1.142352 0.261397 -1.959977 
0.812658 0.191558 -1.773819 
0.934220 0.228891 -1.767243 
1.058680 0.249098 -1.749954 
1.543433 0.290698 -2.361764 
1.667407 0.282861 -2.352022 
1.473562 0.277974 -2.147158 
1.600789 0.269018 -2.133765 
1.401110 0.265577 -1.935425 
1.532338 0.255557 -1.917964 
1.324525 0.253933 -1.731004 
1.464556 0.242625 -1.708413 
1.915549 0.251545 -2.330117 
2.039653 0.228577 -2.318833 
1.854930 0.235009 -2.105685 
1.982463 0.210690 -2.093926 
1.792603 0.218632 -1.880242 
1.924329 0.192961 -1.868771 
1.727471 0.202434 -1.652238 
1.866237 0.175305 -1.644175 
0.637171 0.161774 -1.367955 
0.747424 0.198821 -1.363962 
0.852939 0.219754 -1.339806 
0.545310 0.144564 -1.166935 
0.643351 0.180563 -1.162678 
0.730548 0.201227 -1.129449 
0.450337 0.125066 -0.967603 
0.531195 0.159035 -0.960906 
0.603861 0.180305 -0.923066 
0.347372 0.100096 -0.765367 
0.400902 0.129297 -0.753687 
0.453749 0.150633 -0.719184 
1.612942 0.167425 -1.197148 
1.754321 0.138894 -1.193538 
1.551381 0.150125 -0.965356 
1.696676 0.120828 -0.966629 
1.478869 0.136182 -0.744202 
1.634091 0.104103 -0.741424 
1.396329 0.124968 -0.529787 
1.568612 0.088982 -0.522945 
1.102550 0.221918 -1.158882 
1.209420 0.213776 -1.137790 
0.999698 0.212759 -0.973605 
1.123149 0.204425 -0.950047 
0.885770 0.203219 -0.785511 
1.020065 0.196153 -0.762376 
0.752535 0.192593 -0.602113 
0.909635 0.187929 -0.574067 
1.548488 0.280290 -3.751140 
1.537857 0.271340 -3.752857 
1.494535 0.264001 -3.648013 
1.594238 0.305505 -3.754566 
1.580283 0.298651 -3.755011 
1.546243 0.298540 -3.632526 
1.665526 0.331524 -3.764603 
1.635855 0.321494 -3.764995 
1.622692 0.325719 -3.645963 
1.775700 0.357348 -3.769650 
1.714208 0.344671 -3.769859 
1.715099 0.347619 -3.661191 
1.480532 0.280573 -3.526438 
1.461562 0.264761 -3.545466 
1.417864 0.257310 -3.440428 
1.555489 0.312033 -3.529925 
1.521071 0.299555 -3.526810 
1.488623 0.296780 -3.424128 
1.645877 0.335888 -3.546286 
1.602455 0.325768 -3.536266 
1.578198 0.323946 -3.430331 
1.747133 0.352598 -3.556870 
1.697227 0.345549 -3.551753 
1.677623 0.342603 -3.441974 
1.411803 0.275052 -3.322240 
1.382622 0.255343 -3.338858 
1.338724 0.247876 -3.233587 
1.500000 0.308206 -3.320029 
1.457470 0.294408 -3.320163 
1.421835 0.290073 -3.218456 
1.598906 0.330495 -3.329044 
1.550883 0.321081 -3.322872 
1.520161 0.317152 -3.218814 
1.704598 0.343969 -3.338118 
1.652645 0.338502 -3.332645 
1.625619 0.333936 -3.225167 
1.338052 0.266578 -3.117969 
1.301748 0.244619 -3.131213 
1.257746 0.237166 -3.025764 
1.434935 0.300609 -3.112382 
1.387507 0.286275 -3.114876 
1.349739 0.281189 -3.012208 
1.540423 0.321968 -3.115371 
1.488712 0.313000 -3.112627 
1.454634 0.308195 -3.008995 
1.650543 0.333383 -3.120392 
1.596401 0.328958 -3.116741 
1.565110 0.323717 -3.010552 
1.261022 0.256643 -2.911982 
1.219695 0.233199 -2.922807 
1.175628 0.225762 -2.817223 
1.364602 0.291309 -2.905036 
1.313482 0.276648 -2.908506 
1.274433 0.271161 -2.805118 
1.475255 0.312029 -2.903688 
1.420753 0.303409 -2.903509 
1.384658 0.298157 -2.799771 
1.589467 0.321987 -2.904448 
1.533179 0.318323 -2.903006 
1.499395 0.312779 -2.797522 
1.181963 0.245882 -2.704829 
1.136882 0.221348 -2.713950 
1.092769 0.213925 -2.608259 
1.290978 0.281083 -2.697405 
1.236900 0.266176 -2.701235 
1.197030 0.260447 -2.597421 
1.405970 0.301376 -2.693034 
1.349150 0.293006 -2.694608 
1.311727 0.287496 -2.590699 
1.523806 0.310247 -2.689981 
1.465624 0.307168 -2.690577 
1.430181 0.301467 -2.585417 
1.894815 0.371079 -3.769827 
1.832245 0.365475 -3.769793 
1.821572 0.362409 -3.666465 
2.017239 0.374360 -3.769346 
1.954415 0.373607 -3.769264 
1.938185 0.367964 -3.666158 
2.140830 0.370848 -3.768441 
2.078047 0.373367 -3.768348 
2.058632 0.366465 -3.664760 
1.859055 0.360778 -3.559331 
1.802016 0.357877 -3.559078 
1.784468 0.353001 -3.449672 
1.976429 0.361299 -3.558738 
1.916783 0.361807 -3.559142 
1.897293 0.355447 -3.451834 
2.096431 0.355846 -3.556585 
2.035710 0.359279 -3.557404 
2.014283 0.351940 -3.450466 
1.815572 0.348893 -3.342493 
1.760472 0.347436 -3.340151 
1.735625 0.341652 -3.230863 
1.930769 0.347375 -3.342521 
1.873051 0.348824 -3.342560 
1.849064 0.342062 -3.233101 
2.048596 0.340291 -3.339807 
1.989426 0.344470 -3.340970 
1.965150 0.336906 -3.231765 
1.763819 0.336181 -3.123329 
1.707857 0.335629 -3.121167 
1.678699 0.329555 -3.012777 
1.879458 0.332997 -3.122978 
1.822023 0.335204 -3.122769 
1.794247 0.328344 -3.013121 
1.996868 0.324463 -3.119576 
1.938335 0.329300 -3.120965 
1.911257 0.321704 -3.010690 
1.705659 0.323175 -2.904446 
1.648311 0.323359 -2.903548 
1.616410 0.317202 -2.796030 
1.823115 0.318514 -2.902264 
1.764976 0.321422 -2.902687 
1.734575 0.314597 -2.793497 
1.941515 0.308612 -2.897548 
1.882772 0.314081 -2.899405 
1.853465 0.306574 -2.789019 
1.643005 0.310127 -2.686540 
1.584154 0.310948 -2.687319 
1.550399 0.304781 -2.580397 
1.762858 0.304123 -2.681654 
1.703620 0.307691 -2.683278 
1.671349 0.300945 -2.574599 
1.883149 0.292891 -2.674942 
1.823633 0.298996 -2.677649 
1.792645 0.291614 -2.567470 
2.264678 0.361412 -3.767149 
2.202077 0.366818 -3.767048 
2.180595 0.359007 -3.662552 
2.388098 0.346397 -3.765205 
2.325795 0.354552 -3.765095 
2.302781 0.345993 -3.659304 
2.448053 0.336676 -3.761023 
2.423603 0.327453 -3.653283 
2.217427 0.344839 -3.553091 
2.156354 0.350997 -3.554287 
2.133370 0.342897 -3.447009 
2.338093 0.328445 -3.547577 
2.277222 0.337267 -3.549418 
2.252901 0.328529 -3.441228 
2.397008 0.318069 -3.541413 
2.371361 0.308765 -3.431595 
2.167541 0.327911 -3.334764 
2.107801 0.334704 -3.336875 
2.082882 0.326461 -3.227448 
2.286242 0.310299 -3.326708 
2.226694 0.319695 -3.330178 
2.201048 0.310864 -3.220111 
2.344764 0.299361 -3.319728 
2.318473 0.290006 -3.208740 
2.115093 0.310810 -3.113382 
2.056075 0.318184 -3.116136 
2.029203 0.309935 -3.005396 
2.233160 0.292056 -3.103956 
2.174254 0.301982 -3.108347 
2.147376 0.293151 -2.997095 
2.291874 0.280587 -3.096874 
2.265001 0.271235 -2.985168 
2.060329 0.293708 -2.890262 
2.001313 0.301657 -2.893531 
1.972774 0.293500 -2.782298 
2.178979 0.273816 -2.880126 
2.120067 0.284267 -2.884972 
2.092110 0.275508 -2.773160 
2.238402 0.261803 -2.873303 
2.211017 0.252495 -2.761233 
2.003570 0.276721 -2.666355 
1.943968 0.285266 -2.670206 
1.914087 0.277238 -2.558880 
2.123834 0.255646 -2.655762 
2.064348 0.266650 -2.660866 
2.035480 0.257996 -2.548821 
2.184416 0.243053 -2.649369 
2.156582 0.233810 -2.537123 
1.101577 0.234590 -2.497118 
1.053559 0.209188 -2.504954 
1.009413 0.201778 -2.399172 
1.215107 0.270282 -2.489624 
1.158578 0.255154 -2.493558 
1.118154 0.249262 -2.389623 
1.333811 0.290308 -2.483030 
1.275007 0.282106 -2.485861 
1.236629 0.276429 -2.381979 
1.454906 0.298368 -2.476703 
1.395028 0.295739 -2.479065 
1.358350 0.289951 -2.374230 
1.020234 0.222892 -2.289394 
0.969833 0.196754 -2.296061 
0.925666 0.189358 -2.190193 
1.137441 0.259051 -2.282011 
1.078866 0.243701 -2.285901 
1.038000 0.237674 -2.182084 
1.259209 0.278948 -2.273596 
1.198703 0.270831 -2.277383 
1.159459 0.265017 -2.173646 
1.383255 0.286448 -2.264519 
1.321836 0.284141 -2.268383 
1.283935 0.278289 -2.163789 
0.938036 0.210784 -2.082276 
0.885703 0.183978 -2.087647 
0.841530 0.176600 -1.981689 
1.057979 0.247409 -2.074971 
0.997792 0.231816 -2.078787 
0.956472 0.225633 -1.975466 
1.181827 0.267297 -2.064488 
1.119980 0.259174 -2.069136 
1.079781 0.253218 -1.965828 
1.308412 0.274531 -2.053423 
1.245601 0.272393 -2.058533 
1.206128 0.266463 -1.954022 
0.854689 0.198088 -1.876391 
0.800905 0.170648 -1.879952 
0.756750 0.163292 -1.773903 
0.975999 0.235186 -1.869454 
0.914724 0.219261 -1.873258 
0.872651 0.212817 -1.770687 
1.100517 0.255245 -1.854966 
1.037954 0.247016 -1.860818 
0.996157 0.240812 -1.758608 
1.228594 0.262541 -1.841931 
1.164647 0.260363 -1.847788 
1.122803 0.254288 -1.742774 
0.769490 0.184472 -1.672047 
0.715048 0.156481 -1.673019 
0.670943 0.149153 -1.566890 
0.889453 0.221888 -1.666237 
0.827978 0.205491 -1.669673 
0.784721 0.198630 -1.567913 
1.011518 0.242396 -1.647135 
0.949046 0.233743 -1.655791 
0.904223 0.227014 -1.554790 
1.138653 0.249955 -1.621741 
1.074357 0.247511 -1.628831 
1.027164 0.241149 -1.526003 
1.577088 0.297155 -2.469804 
1.516750 0.298534 -2.472344 
1.481606 0.292396 -2.366010 
1.699647 0.289913 -2.461739 
1.639122 0.294103 -2.464865 
1.605459 0.287465 -2.356839 
1.822389 0.277375 -2.452441 
1.761762 0.284118 -2.456297 
1.729505 0.276883 -2.346596 
1.508497 0.284335 -2.254461 
1.446676 0.286195 -2.258697 
1.410167 0.280108 -2.152863 
1.634098 0.275940 -2.242893 
1.572162 0.280714 -2.247696 
1.537220 0.274211 -2.140404 
1.759658 0.262090 -2.230286 
1.697700 0.269475 -2.235577 
1.664377 0.262402 -2.126463 
1.437336 0.271771 -2.041292 
1.373945 0.274020 -2.046990 
1.335610 0.268015 -1.941737 
1.566563 0.262285 -2.025865 
1.503005 0.267616 -2.032492 
1.466774 0.261324 -1.926633 
1.695207 0.247028 -2.008337 
1.631769 0.255078 -2.015501 
1.597533 0.248229 -1.907612 
1.362817 0.259749 -1.833215 
1.297319 0.262215 -1.839526 
1.255834 0.256230 -1.733285 
1.498447 0.249088 -1.813189 
1.432892 0.254973 -1.821848 
1.394599 0.249142 -1.719637 
1.628390 0.232107 -1.784783 
1.563357 0.240918 -1.794990 
1.529456 0.234354 -1.690224 
1.291027 0.248577 -1.637798 
1.222340 0.250933 -1.640076 
1.173883 0.244607 -1.526107 
1.427555 0.237458 -1.614699 
1.357594 0.243935 -1.625927 
1.324094 0.238544 -1.532724 
1.554595 0.217068 -1.551227 
1.489863 0.226839 -1.569268 
1.452868 0.221737 -1.475548 
1.945141 0.259906 -2.442202 
1.884523 0.269074 -2.446773 
1.853595 0.261192 -2.335639 
2.067844 0.237581 -2.431163 
2.007323 0.249179 -2.436468 
1.977702 0.240644 -2.324404 
2.129981 0.224360 -2.425260 
2.101756 0.215190 -2.312953 
1.885239 0.243278 -2.217901 
1.823312 0.253099 -2.223404 
1.791467 0.245359 -2.112418 
2.011058 0.219634 -2.206380 
1.949139 0.231872 -2.211929 
1.918803 0.223447 -2.099732 
2.075154 0.205734 -2.201090 
2.046528 0.196637 -2.088657 
1.823766 0.226819 -1.992964 
1.760327 0.237326 -1.999679 
1.727683 0.229714 -1.888747 
1.953396 0.201825 -1.981349 
1.889767 0.214740 -1.987134 
1.858580 0.206413 -1.874430 
2.019925 0.187175 -1.976795 
1.990829 0.178171 -1.864237 
1.760037 0.210530 -1.766240 
1.695138 0.221747 -1.774730 
1.660932 0.214194 -1.662134 
1.895283 0.184132 -1.756473 
1.829564 0.197738 -1.762112 
1.796977 0.189522 -1.648124 
1.964227 0.168706 -1.752375 
1.935151 0.159742 -1.640095 
1.697157 0.194047 -1.538966 
1.630645 0.205975 -1.548843 
1.591033 0.198318 -1.427902 
1.838029 0.166307 -1.531904 
1.768802 0.180691 -1.535832 
1.738460 0.172150 -1.422579 
1.908549 0.150274 -1.528234 
1.880308 0.141128 -1.415983 
0.681741 0.169592 -1.469116 
0.627875 0.141265 -1.466646 
0.583867 0.133975 -1.360472 
0.796048 0.206882 -1.464598 
0.736252 0.190035 -1.467255 
0.691525 0.182613 -1.366125 
0.908636 0.227802 -1.442060 
0.848624 0.218344 -1.452534 
0.799892 0.210776 -1.351911 
1.012001 0.235796 -1.396217 
0.949063 0.231943 -1.414488 
0.893294 0.224500 -1.312227 
0.591224 0.153206 -1.267450 
0.539475 0.124882 -1.260854 
0.495622 0.117647 -1.154681 
0.695366 0.189772 -1.263324 
0.639723 0.172717 -1.265442 
0.593580 0.164629 -1.164980 
0.791718 0.210651 -1.234628 
0.738843 0.200699 -1.246723 
0.686672 0.192128 -1.146101 
0.872350 0.219826 -1.180249 
0.831871 0.216177 -1.207814 
0.770584 0.207550 -1.102635 
0.497783 0.134896 -1.067280 
0.449716 0.106859 -1.055798 
0.406107 0.099712 -0.949721 
0.587225 0.169958 -1.061802 
0.537829 0.152892 -1.064026 
0.490040 0.143814 -0.964436 
0.667160 0.190993 -1.026262 
0.623506 0.180838 -1.042888 
0.567239 0.170749 -0.942037 
0.744988 0.203284 -0.973897 
0.704814 0.197912 -1.000710 
0.641342 0.188154 -0.897529 
0.398711 0.112825 -0.866528 
0.356505 0.085046 -0.849010 
0.313282 0.078025 -0.743269 
0.465880 0.144627 -0.857336 
0.425419 0.127612 -0.860700 
0.373460 0.116014 -0.759718 
0.528643 0.166106 -0.821152 
0.492454 0.154892 -0.840049 
0.427025 0.140821 -0.736505 
0.600408 0.182345 -0.771785 
0.562860 0.174844 -0.797329 
0.487571 0.160947 -0.695425 
0.276400 0.077867 -0.635991 
0.248545 0.049436 -0.612252 
0.308158 0.101409 -0.628720 
0.282945 0.083871 -0.634140 
0.349420 0.123410 -0.607923 
0.323943 0.110206 -0.624961 
0.411462 0.146339 -0.577861 
0.378062 0.134521 -0.601547 
1.051786 0.231060 -1.279679 
1.093843 0.239545 -1.430786 
1.048137 0.235180 -1.356667 
0.969932 0.227917 -1.245081 
0.951419 0.221328 -1.111868 
0.915288 0.221802 -1.151425 
0.853764 0.214682 -1.046983 
0.833740 0.209108 -0.920882 
0.790789 0.207341 -0.949700 
0.724845 0.199193 -0.847758 
0.695410 0.193901 -0.725871 
0.649645 0.189500 -0.750074 
0.570822 0.178257 -0.649888 
0.532343 0.172636 -0.540786 
0.483359 0.163896 -0.562491 
1.225054 0.237687 -1.449260 
1.141413 0.239177 -1.430772 
1.145048 0.234020 -1.353845 
1.344432 0.227968 -1.427460 
1.277954 0.233977 -1.439220 
1.245476 0.228373 -1.343894 
1.448570 0.211128 -1.364757 
1.386340 0.222482 -1.410117 
1.340229 0.218280 -1.316581 
1.496636 0.198472 -1.304451 
1.430253 0.200427 -1.238897 
1.407849 0.195033 -1.159637 
1.359698 0.207019 -1.220012 
1.442206 0.180309 -1.067743 
1.371807 0.188102 -1.048732 
1.333699 0.182948 -0.952030 
1.299191 0.196519 -1.044045 
1.364317 0.167853 -0.851629 
1.291849 0.177400 -0.846824 
1.246170 0.173064 -0.748506 
1.215376 0.186796 -0.849049 
1.278491 0.157758 -0.645977 
1.202163 0.168288 -0.648085 
1.147113 0.165266 -0.551755 
1.114583 0.178879 -0.654456 
1.166672 0.152134 -0.448572 
1.079190 0.163555 -0.454860 
1.021765 0.170176 -0.461673 
1.639894 0.176552 -1.311420 
1.564125 0.189459 -1.313598 
1.545681 0.177868 -1.187836 
1.782071 0.148103 -1.306585 
1.710747 0.163121 -1.309509 
1.683756 0.153788 -1.195262 
1.853705 0.131654 -1.304123 
1.825920 0.122292 -1.191097 
1.582162 0.158776 -1.081252 
1.514926 0.169364 -1.071922 
1.478870 0.162333 -0.961028 
1.725499 0.129861 -1.080084 
1.654965 0.144902 -1.081788 
1.624157 0.136109 -0.965910 
1.799316 0.112813 -1.079237 
1.770464 0.103648 -0.965800 
1.515124 0.143147 -0.854780 
1.442618 0.155385 -0.850449 
1.400794 0.150008 -0.745224 
1.665383 0.112461 -0.854027 
1.592884 0.127837 -0.853296 
1.556626 0.120858 -0.742720 
1.743860 0.094164 -0.853941 
1.712549 0.085725 -0.741349 
1.437598 0.130572 -0.636995 
1.359509 0.144317 -0.638026 
1.315548 0.139854 -0.537571 
1.601350 0.096537 -0.632185 
1.523896 0.113343 -0.633475 
1.482648 0.107846 -0.526253 
1.685946 0.076244 -0.629489 
1.653200 0.068657 -0.520253 
1.355952 0.120058 -0.429537 
1.275151 0.134832 -0.437334 
1.540004 0.080958 -0.417020 
1.454066 0.099938 -0.420312 
1.626598 0.059181 -0.408393 
1.147565 0.227038 -1.256405 
1.100029 0.228789 -1.256330 
1.054329 0.225079 -1.182173 
1.253864 0.218696 -1.235864 
1.201023 0.223331 -1.245830 
1.156016 0.218359 -1.148296 
1.317848 0.213088 -1.237300 
1.273417 0.208310 -1.139214 
1.051125 0.217378 -1.066241 
1.002895 0.220192 -1.089555 
0.948233 0.215125 -0.995846 
1.166285 0.209105 -1.043918 
1.112871 0.213552 -1.054435 
1.061460 0.209279 -0.961774 
1.235297 0.203052 -1.042523 
1.192174 0.198531 -0.948637 
0.942736 0.208088 -0.879552 
0.891263 0.209804 -0.901832 
0.828224 0.203916 -0.804492 
1.071609 0.200324 -0.856208 
1.009900 0.204850 -0.867961 
0.952953 0.200559 -0.773881 
1.146456 0.193840 -0.850354 
1.094940 0.190032 -0.756491 
0.819151 0.198199 -0.693796 
0.761623 0.197720 -0.712836 
0.686247 0.190174 -0.615097 
0.964853 0.192096 -0.668217 
0.897720 0.196065 -0.679756 
0.831114 0.191863 -0.587988 
1.039811 0.186241 -0.660233 
0.984623 0.182530 -0.566046 
0.693996 0.186684 -0.509287 
0.627758 0.183281 -0.522308 
0.829033 0.185117 -0.485856 
0.750466 0.187381 -0.499889 
0.946903 0.177265 -0.469552 
0.888086 0.181739 -0.477307 
1.553218 0.272949 -3.793244 
1.517440 0.260803 -3.722802 
1.590024 0.297787 -3.794685 
1.557905 0.293212 -3.712950 
1.645930 0.322072 -3.801044 
1.617271 0.318389 -3.721870 
1.738354 0.349229 -3.804211 
1.698052 0.342118 -3.731878 
1.478439 0.270520 -3.573574 
1.437409 0.252628 -3.514658 
1.540769 0.303821 -3.563147 
1.496462 0.292898 -3.492511 
1.623570 0.329553 -3.576200 
1.578572 0.321058 -3.498857 
1.719757 0.349028 -3.589946 
1.673489 0.341810 -3.513334 
1.403642 0.263386 -3.367388 
1.355964 0.242296 -3.306933 
1.481893 0.300225 -3.354814 
1.430125 0.287092 -3.287000 
1.575924 0.325534 -3.360762 
1.523575 0.315896 -3.287248 
1.678252 0.342039 -3.370912 
1.625668 0.334688 -3.295612 
1.325702 0.253911 -3.161121 
1.273357 0.230956 -3.098475 
1.414628 0.292760 -3.148606 
1.358199 0.278606 -3.081729 
1.516371 0.317724 -3.148945 
1.459333 0.307675 -3.078009 
1.624163 0.332408 -3.154095 
1.567268 0.325231 -3.080880 
1.245666 0.243278 -2.953710 
1.190022 0.219069 -2.889489 
1.342478 0.283507 -2.941949 
1.282750 0.268759 -2.875245 
1.450158 0.308231 -2.938736 
1.389916 0.298034 -2.869444 
1.562566 0.321651 -2.939328 
1.502572 0.314720 -2.868063 
1.164322 0.231987 -2.745524 
1.106212 0.206840 -2.680189 
1.267309 0.273280 -2.734616 
1.205070 0.258126 -2.667870 
1.379873 0.297873 -2.729141 
1.317200 0.287611 -2.660908 
1.496259 0.310374 -2.726018 
1.433891 0.303680 -2.656333 
1.858518 0.368951 -3.804199 
1.809755 0.362331 -3.735285 
1.981822 0.375995 -3.803851 
1.929124 0.371225 -3.735064 
2.106127 0.375026 -3.803241 
2.051310 0.371647 -3.734133 
1.827526 0.360779 -3.594949 
1.777831 0.354934 -3.521855 
1.943801 0.363942 -3.594666 
1.891039 0.359604 -3.523419 
2.063603 0.360743 -3.592900 
2.008815 0.357726 -3.522185 
1.786831 0.350044 -3.377429 
1.733544 0.344712 -3.303026 
1.900376 0.350759 -3.378959 
1.845896 0.346815 -3.306036 
2.017448 0.345756 -3.377066 
1.961791 0.343113 -3.305069 
1.735765 0.338029 -3.158443 
1.679022 0.333152 -3.084763 
1.850189 0.336940 -3.159603 
1.793366 0.333441 -3.086392 
1.966798 0.330394 -3.157421 
1.909694 0.328179 -3.084862 
1.677557 0.325553 -2.940247 
1.618056 0.321109 -2.867994 
1.794121 0.322932 -2.939345 
1.735075 0.319917 -2.866863 
1.911863 0.314959 -2.935867 
1.853129 0.313225 -2.863547 
1.614526 0.312944 -2.723286 
1.552783 0.308902 -2.652551 
1.733694 0.308970 -2.719464 
1.672664 0.306435 -2.648125 
1.853431 0.299642 -2.713856 
1.793058 0.298408 -2.642243 
2.230607 0.367806 -3.802375 
2.174514 0.365770 -3.732661 
2.354707 0.354886 -3.801074 
2.297772 0.354179 -3.730495 
2.477575 0.336335 -3.798360 
2.419946 0.337027 -3.726480 
2.184811 0.351805 -3.589959 
2.128733 0.350107 -3.519275 
2.306057 0.337415 -3.585414 
2.249205 0.337058 -3.514559 
2.425784 0.317505 -3.577366 
2.368849 0.318600 -3.506840 
2.136256 0.335345 -3.372866 
2.079775 0.333996 -3.301359 
2.255304 0.319676 -3.366019 
2.198449 0.319658 -3.294998 
2.373195 0.298614 -3.355016 
2.316522 0.300055 -3.285037 
2.084703 0.318647 -3.152306 
2.027399 0.317693 -3.080352 
2.202846 0.301793 -3.144120 
2.145597 0.302140 -3.072923 
2.320175 0.279679 -3.131887 
2.263374 0.281452 -3.061978 
2.030301 0.301920 -2.929714 
1.971885 0.301414 -2.857775 
2.148833 0.283897 -2.920713 
2.090858 0.284648 -2.849446 
2.266767 0.260739 -2.908280 
2.209495 0.262861 -2.838200 
1.973458 0.285311 -2.706271 
1.913753 0.285286 -2.634659 
2.093457 0.266084 -2.696578 
2.034489 0.267273 -2.625329 
2.213017 0.241823 -2.684432 
2.154974 0.244324 -2.614064 
1.082121 0.220262 -2.536967 
1.022087 0.194365 -2.470788 
1.190110 0.262447 -2.526896 
1.125875 0.246974 -2.460142 
1.306797 0.287002 -2.519866 
1.242165 0.276694 -2.452491 
1.426691 0.298837 -2.513719 
1.362365 0.292345 -2.445431 
0.999301 0.208201 -2.328398 
0.937718 0.181669 -2.261448 
1.111359 0.251167 -2.319206 
1.045472 0.235405 -2.252502 
1.231464 0.275772 -2.310987 
1.165120 0.265392 -2.244350 
1.354468 0.287162 -2.302367 
1.288297 0.280807 -2.235245 
0.915933 0.195790 -2.120227 
0.853116 0.168697 -2.052417 
1.031129 0.239467 -2.111974 
0.963872 0.223398 -2.045552 
1.153707 0.264200 -2.102424 
1.085833 0.253691 -2.036648 
1.279304 0.275384 -2.091904 
1.211156 0.269064 -2.025670 
0.831830 0.182871 -1.912865 
0.768128 0.155275 -1.843852 
0.948937 0.227189 -1.906085 
0.880463 0.210700 -1.840155 
1.072703 0.252191 -1.893871 
1.003290 0.241425 -1.829630 
1.199778 0.263428 -1.881236 
1.129294 0.256970 -1.815165 
0.746543 0.169166 -1.706509 
0.682523 0.141175 -1.635774 
0.863235 0.213875 -1.702225 
0.793847 0.196804 -1.636587 
0.985526 0.239328 -1.687178 
0.914166 0.227930 -1.625610 
1.111926 0.250876 -1.664438 
1.037650 0.244024 -1.600647 
1.548083 0.300341 -2.507504 
1.484419 0.296671 -2.438338 
1.670050 0.295152 -2.500388 
1.607231 0.293087 -2.430488 
1.792281 0.284521 -2.492055 
1.730318 0.283800 -2.421529 
1.478931 0.287827 -2.293045 
1.413365 0.284490 -2.225345 
1.603918 0.281538 -2.282463 
1.539302 0.279934 -2.214172 
1.728971 0.269635 -2.270805 
1.665406 0.269436 -2.201629 
1.407155 0.275485 -2.080370 
1.339323 0.272436 -2.014034 
1.535609 0.268204 -2.066240 
1.469048 0.267089 -2.000124 
1.663802 0.254991 -2.050085 
1.598638 0.255365 -1.982976 
1.331921 0.263510 -1.871481 
1.260583 0.260586 -1.804898 
1.466051 0.255302 -1.853875 
1.396780 0.254821 -1.791551 
1.596446 0.240578 -1.829113 
1.530437 0.241626 -1.766118 
1.256406 0.252107 -1.670373 
1.178292 0.248818 -1.595956 
1.393263 0.243690 -1.653406 
1.324249 0.243869 -1.598802 
1.524658 0.226247 -1.603557 
1.456781 0.228865 -1.553154 
1.914605 0.268886 -2.482603 
1.853521 0.269366 -2.411601 
2.036909 0.248399 -2.472133 
1.976746 0.250060 -2.401006 
2.158968 0.222946 -2.460466 
2.099891 0.225864 -2.389771 
1.854071 0.252670 -2.258965 
1.791499 0.253669 -2.188686 
1.979327 0.230864 -2.247553 
1.917753 0.233017 -2.176502 
2.104658 0.204116 -2.236460 
2.044279 0.207491 -2.165354 
1.791876 0.236650 -2.035004 
1.727760 0.238178 -1.965571 
1.920684 0.213487 -2.022720 
1.857397 0.216144 -1.951490 
2.050080 0.185331 -2.012369 
1.988084 0.189216 -1.940772 
1.727643 0.220814 -1.809889 
1.661508 0.222840 -1.740531 
1.861172 0.196248 -1.797653 
1.795554 0.199422 -1.725472 
1.995190 0.166607 -1.788196 
1.931589 0.171024 -1.716292 
1.662937 0.204898 -1.583297 
1.592116 0.207296 -1.509304 
1.801302 0.179003 -1.571933 
1.734836 0.182463 -1.499105 
1.940313 0.147909 -1.564208 
1.875665 0.152737 -1.492017 
0.659625 0.154390 -1.501071 
0.596155 0.126233 -1.428048 
0.772218 0.198954 -1.499948 
0.702972 0.181286 -1.434207 
0.887114 0.224689 -1.483130 
0.814790 0.212302 -1.423020 
0.996058 0.236563 -1.445562 
0.916979 0.228245 -1.389588 
0.570952 0.138354 -1.296449 
0.509110 0.110366 -1.220689 
0.675421 0.182089 -1.298324 
0.607991 0.163978 -1.232663 
0.776772 0.207623 -1.277759 
0.706905 0.194431 -1.218722 
0.865823 0.220320 -1.233428 
0.798034 0.211623 -1.181691 
0.480456 0.120726 -1.092785 
0.421389 0.093221 -1.013801 
0.572765 0.162826 -1.096964 
0.508388 0.144233 -1.031951 
0.659069 0.188188 -1.071757 
0.592605 0.174036 -1.015583 
0.740108 0.203073 -1.025748 
0.671077 0.192510 -0.974834 
0.386470 0.100039 -0.888648 
0.331865 0.073217 -0.805664 
0.460327 0.138978 -0.894192 
0.399075 0.119047 -0.829010 
0.529388 0.164122 -0.867759 
0.461737 0.146925 -0.811306 
0.601503 0.181963 -0.822219 
0.526317 0.167473 -0.771306 
0.278214 0.069349 -0.664587 
0.233839 0.043847 -0.577173 
0.321160 0.101077 -0.674413 
0.257177 0.074088 -0.591191 
0.366583 0.125379 -0.656574 
0.287897 0.097383 -0.584251 
0.425554 0.147795 -0.624999 
0.333831 0.121340 -0.566482 
1.064588 0.235313 -1.355708 
1.010019 0.233101 -1.332648 
0.945542 0.223812 -1.169453 
0.880456 0.218926 -1.126214 
0.826088 0.210527 -0.972518 
0.753524 0.203443 -0.923781 
0.689949 0.194376 -0.774565 
0.606926 0.183585 -0.723914 
0.528795 0.171869 -0.584393 
0.422397 0.151126 -0.536338 
1.180124 0.240732 -1.468697 
1.126770 0.237823 -1.405117 
1.315504 0.233641 -1.466456 
1.249501 0.233466 -1.410781 
1.429275 0.218588 -1.416794 
1.357006 0.222969 -1.384714 
1.458500 0.203447 -1.302691 
1.399282 0.200956 -1.206169 
1.407304 0.187932 -1.092025 
1.334916 0.189325 -1.014922 
1.329973 0.176195 -0.883481 
1.251150 0.179235 -0.814778 
1.242295 0.166515 -0.680841 
1.154641 0.170999 -0.618080 
1.131012 0.160486 -0.485045 
1.047482 0.164129 -0.424910 
1.598383 0.188303 -1.350951 
1.535507 0.188777 -1.268607 
1.743793 0.161293 -1.346203 
1.678163 0.164653 -1.272043 
1.885991 0.129082 -1.340240 
1.820603 0.134185 -1.267245 
1.547612 0.168796 -1.113655 
1.478690 0.170809 -1.033548 
1.688106 0.143006 -1.119025 
1.620458 0.146753 -1.042963 
1.831973 0.110105 -1.115757 
1.765132 0.115609 -1.041683 
1.478894 0.153756 -0.888736 
1.402600 0.157901 -0.815749 
1.627506 0.125618 -0.891058 
1.554909 0.130774 -0.816911 
1.777243 0.091260 -0.890999 
1.707305 0.097627 -0.816414 
1.399326 0.141781 -0.673397 
1.317875 0.147474 -0.607173 
1.560659 0.110409 -0.669439 
1.481416 0.117437 -0.598884 
1.720878 0.072910 -0.666803 
1.646878 0.080676 -0.593948 
1.315578 0.131745 -0.468128 
1.216438 0.140725 -0.408603 
1.492284 0.096452 -0.454502 
1.407959 0.105299 -0.389950 
1.663560 0.055143 -0.444843 
1.588260 0.063967 -0.376072 
1.130883 0.230021 -1.288856 
1.068717 0.228435 -1.239386 
1.233461 0.223560 -1.275188 
1.168207 0.223011 -1.216836 
1.339267 0.212877 -1.257957 
1.281720 0.213476 -1.204116 
1.036119 0.220994 -1.112649 
0.967515 0.219058 -1.065746 
1.145064 0.213768 -1.082208 
1.075158 0.213529 -1.027474 
1.269314 0.202741 -1.075250 
1.197930 0.203698 -1.011681 
0.927412 0.211168 -0.925734 
0.851070 0.207811 -0.875726 
1.047664 0.204939 -0.895305 
0.968535 0.204655 -0.840454 
1.184682 0.193181 -0.882669 
1.104348 0.194887 -0.821004 
0.802995 0.200140 -0.737033 
0.714410 0.194191 -0.684593 
0.938515 0.196382 -0.707274 
0.849333 0.195665 -0.653829 
1.083125 0.185194 -0.690380 
0.996440 0.187115 -0.631486 
0.669318 0.186975 -0.548888 
0.566509 0.176911 -0.499131 
0.803543 0.188406 -0.524559 
0.712108 0.185498 -0.471976 
0.984446 0.176837 -0.499075 
0.920110 0.176741 -0.439826 
0.841533 0.182111 -0.450676 

259 751 60 59
258 751 259 167
60 751 258 61
58 752 259 59
260 752 58 57
259 752 260 167
262 753 62 61
261 753 262 168
62 753 261 63
258 754 262 61
263 754 258 167
262 754 263 168
265 755 64 63
264 755 265 169
64 755 264 65
261 756 265 63
266 756 261 168
265 756 266 169
268 757 66 65
267 757 268 117
66 757 267 67
264 758 268 65
269 758 264 169
268 758 269 117
271 759 260 57
270 759 271 170
260 759 270 167
56 760 271 57
272 760 56 55
271 760 272 170
274 761 263 167
273 761 274 171
263 761 273 168
270 762 274 167
275 762 270 170
274 762 275 171
277 763 266 168
276 763 277 172
266 763 276 169
273 764 277 168
278 764 273 171
277 764 278 172
280 765 269 169
279 765 280 118
269 765 279 117
276 766 280 169
281 766 276 172
280 766 281 118
283 767 272 55
282 767 283 173
272 767 282 170
54 768 283 55
284 768 54 53
283 768 284 173
286 769 275 170
285 769 286 174
275 769 285 171
282 770 286 170
287 770 282 173
286 770 287 174
289 771 278 171
288 771 289 175
278 771 288 172
285 772 289 171
290 772 285 174
289 772 290 175
292 773 281 172
291 773 292 119
281 773 291 118
288 774 292 172
293 774 288 175
292 774 293 119
295 775 284 53
294 775 295 176
284 775 294 173
52 776 295 53
296 776 52 51
295 776 296 176
298 777 287 173
297 777 298 177
287 777 297 174
294 778 298 173
299 778 294 176
298 778 299 177
301 779 290 174
300 779 301 178
290 779 300 175
297 780 301 174
302 780 297 177
301 780 302 178
304 781 293 175
303 781 304 120
293 781 303 119
300 782 304 175
305 782 300 178
304 782 305 120
307 783 296 51
306 783 307 179
296 783 306 176
50 784 307 51
308 784 50 49
307 784 308 179
310 785 299 176
309 785 310 180
299 785 309 177
306 786 310 176
311 786 306 179
310 786 311 180
313 787 302 177
312 787 313 181
302 787 312 178
309 788 313 177
314 788 309 180
313 788 314 181
316 789 305 178
315 789 316 121
305 789 315 120
312 790 316 178
317 790 312 181
316 790 317 121
319 791 308 49
318 791 319 122
308 791 318 179
48 792 319 49
320 792 48 47
319 792 320 122
322 793 311 179
321 793 322 123
311 793 321 180
318 794 322 179
323 794 318 122
322 794 323 123
325 795 314 180
324 795 325 124
314 795 324 181
321 796 325 180
326 796 321 123
325 796 326 124
328 797 317 181
327 797 328 111
317 797 327 121
324 798 328 181
329 798 324 124
328 798 329 111
331 799 68 67
330 799 331 182
68 799 330 69
267 800 331 67
332 800 267 117
331 800 332 182
334 801 70 69
333 801 334 183
70 801 333 71
330 802 334 69
335 802 330 182
334 802 335 183
337 803 72 71
336 803 337 125
72 803 336 73
333 804 337 71
338 804 333 183
337 804 338 125
340 805 332 117
339 805 340 184
332 805 339 182
279 806 340 117
341 806 279 118
340 806 341 184
343 807 335 182
342 807 343 185
335 807 342 183
339 808 343 182
344 808 339 184
343 808 344 185
346 809 338 183
345 809 346 126
338 809 345 125
342 810 346 183
347 810 342 185
346 810 347 126
349 811 341 118
348 811 349 186
341 811 348 184
291 812 349 118
350 812 291 119
349 812 350 186
352 813 344 184
351 813 352 187
344 813 351 185
348 814 352 184
353 814 348 186
352 814 353 187
355 815 347 185
354 815 355 127
347 815 354 126
351 816 355 185
356 816 351 187
355 816 356 127
358 817 350 119
357 817 358 188
350 817 357 186
303 818 358 119
359 818 303 120
358 818 359 188
361 819 353 186
360 819 361 189
353 819 360 187
357 820 361 186
362 820 357 188
361 820 362 189
364 821 356 187
363 821 364 128
356 821 363 127
360 822 364 187
365 822 360 189
364 822 365 128
367 823 359 120
366 823 367 190
359 823 366 188
315 824 367 120
368 824 315 121
367 824 368 190
370 825 362 188
369 825 370 191
362 825 369 189
366 826 370 188
371 826 366 190
370 826 371 191
373 827 365 189
372 827 373 129
365 827 372 128
369 828 373 189
374 828 369 191
373 828 374 129
376 829 368 121
375 829 376 130
368 829 375 190
327 830 376 121
377 830 327 111
376 830 377 130
379 831 371 190
378 831 379 131
371 831 378 191
375 832 379 190
380 832 375 130
379 832 380 131
382 833 374 191
381 833 382 112
374 833 381 129
378 834 382 191
383 834 378 131
382 834 383 112
385 835 74 73
384 835 385 192
74 835 384 75
336 836 385 73
386 836 336 125
385 836 386 192
388 837 76 75
387 837 388 193
76 837 387 77
384 838 388 75
389 838 384 192
388 838 389 193
390 839 78 77
80 839 390 81
78 839 80 79
387 840 390 77
391 840 387 193
390 840 391 81
393 841 386 125
392 841 393 194
386 841 392 192
345 842 393 125
394 842 345 126
393 842 394 194
396 843 389 192
395 843 396 195
389 843 395 193
392 844 396 192
397 844 392 194
396 844 397 195
398 845 391 193
82 845 398 83
391 845 82 81
395 846 398 193
399 846 395 195
398 846 399 83
401 847 394 126
400 847 401 196
394 847 400 194
354 848 401 126
402 848 354 127
401 848 402 196
404 849 397 194
403 849 404 197
397 849 403 195
400 850 404 194
405 850 400 196
404 850 405 197
406 851 399 195
84 851 406 85
399 851 84 83
403 852 406 195
407 852 403 197
406 852 407 85
409 853 402 127
408 853 409 198
402 853 408 196
363 854 409 127
410 854 363 128
409 854 410 198
412 855 405 196
411 855 412 199
405 855 411 197
408 856 412 196
413 856 408 198
412 856 413 199
414 857 407 197
86 857 414 87
407 857 86 85
411 858 414 197
415 858 411 199
414 858 415 87
417 859 410 128
416 859 417 200
410 859 416 198
372 860 417 128
418 860 372 129
417 860 418 200
420 861 413 198
419 861 420 201
413 861 419 199
416 862 420 198
421 862 416 200
420 862 421 201
422 863 415 199
88 863 422 89
415 863 88 87
419 864 422 199
423 864 419 201
422 864 423 89
425 865 418 129
424 865 425 132
418 865 424 200
381 866 425 129
426 866 381 112
425 866 426 132
428 867 421 200
427 867 428 133
421 867 427 201
424 868 428 200
429 868 424 132
428 868 429 133
430 869 423 201
90 869 430 91
423 869 90 89
427 870 430 201
431 870 427 133
430 870 431 91
433 871 320 47
432 871 433 202
320 871 432 122
46 872 433 47
434 872 46 45
433 872 434 202
436 873 323 122
435 873 436 203
323 873 435 123
432 874 436 122
437 874 432 202
436 874 437 203
439 875 326 123
438 875 439 204
326 875 438 124
435 876 439 123
440 876 435 203
439 876 440 204
442 877 329 124
441 877 442 134
329 877 441 111
438 878 442 124
443 878 438 204
442 878 443 134
445 879 434 45
444 879 445 205
434 879 444 202
44 880 445 45
446 880 44 43
445 880 446 205
448 881 437 202
447 881 448 206
437 881 447 203
444 882 448 202
449 882 444 205
448 882 449 206
451 883 440 203
450 883 451 207
440 883 450 204
447 884 451 203
452 884 447 206
451 884 452 207
454 885 443 204
453 885 454 135
443 885 453 134
450 886 454 204
455 886 450 207
454 886 455 135
457 887 446 43
456 887 457 208
446 887 456 205
42 888 457 43
458 888 42 41
457 888 458 208
460 889 449 205
459 889 460 209
449 889 459 206
456 890 460 205
461 890 456 208
460 890 461 209
463 891 452 206
462 891 463 210
452 891 462 207
459 892 463 206
464 892 459 209
463 892 464 210
466 893 455 207
465 893 466 136
455 893 465 135
462 894 466 207
467 894 462 210
466 894 467 136
469 895 458 41
468 895 469 211
458 895 468 208
40 896 469 41
470 896 40 39
469 896 470 211
472 897 461 208
471 897 472 212
461 897 471 209
468 898 472 208
473 898 468 211
472 898 473 212
475 899 464 209
474 899 475 213
464 899 474 210
471 900 475 209
476 900 471 212
475 900 476 213
478 901 467 210
477 901 478 137
467 901 477 136
474 902 478 210
479 902 474 213
478 902 479 137
481 903 470 39
480 903 481 138
470 903 480 211
38 904 481 39
482 904 38 37
481 904 482 138
484 905 473 211
483 905 484 139
473 905 483 212
480 906 484 211
485 906 480 138
484 906 485 139
487 907 476 212
486 907 487 140
476 907 486 213
483 908 487 212
488 908 483 139
487 908 488 140
490 909 479 213
489 909 490 113
479 909 489 137
486 910 490 213
491 910 486 140
490 910 491 113
493 911 377 111
492 911 493 214
377 911 492 130
441 912 493 111
494 912 441 134
493 912 494 214
496 913 380 130
495 913 496 215
380 913 495 131
492 914 496 130
497 914 492 214
496 914 497 215
499 915 383 131
498 915 499 141
383 915 498 112
495 916 499 131
500 916 495 215
499 916 500 141
502 917 494 134
501 917 502 216
494 917 501 214
453 918 502 134
503 918 453 135
502 918 503 216
505 919 497 214
504 919 505 217
497 919 504 215
501 920 505 214
506 920 501 216
505 920 506 217
508 921 500 215
507 921 508 142
500 921 507 141
504 922 508 215
509 922 504 217
508 922 509 142
511 923 503 135
510 923 511 218
503 923 510 216
465 924 511 135
512 924 465 136
511 924 512 218
514 925 506 216
513 925 514 219
506 925 513 217
510 926 514 216
515 926 510 218
514 926 515 219
517 927 509 217
516 927 517 143
509 927 516 142
513 928 517 217
518 928 513 219
517 928 518 143
520 929 512 136
519 929 520 220
512 929 519 218
477 930 520 136
521 930 477 137
520 930 521 220
523 931 515 218
522 931 523 221
515 931 522 219
519 932 523 218
524 932 519 220
523 932 524 221
526 933 518 219
525 933 526 144
518 933 525 143
522 934 526 219
527 934 522 221
526 934 527 144
529 935 521 137
528 935 529 145
521 935 528 220
489 936 529 137
530 936 489 113
529 936 530 145
532 937 524 220
531 937 532 146
524 937 531 221
528 938 532 220
533 938 528 145
532 938 533 146
535 939 527 221
534 939 535 114
527 939 534 144
531 940 535 221
536 940 531 146
535 940 536 114
538 941 426 112
537 941 538 222
426 941 537 132
498 942 538 112
539 942 498 141
538 942 539 222
541 943 429 132
540 943 541 223
429 943 540 133
537 944 541 132
542 944 537 222
541 944 542 223
543 945 431 133
92 945 543 93
431 945 92 91
540 946 543 133
544 946 540 223
543 946 544 93
546 947 539 141
545 947 546 224
539 947 545 222
507 948 546 141
547 948 507 142
546 948 547 224
549 949 542 222
548 949 549 225
542 949 548 223
545 950 549 222
550 950 545 224
549 950 550 225
551 951 544 223
94 951 551 95
544 951 94 93
548 952 551 223
552 952 548 225
551 952 552 95
554 953 547 142
553 953 554 226
547 953 553 224
516 954 554 142
555 954 516 143
554 954 555 226
557 955 550 224
556 955 557 227
550 955 556 225
553 956 557 224
558 956 553 226
557 956 558 227
559 957 552 225
96 957 559 97
552 957 96 95
556 958 559 225
560 958 556 227
559 958 560 97
562 959 555 143
561 959 562 228
555 959 561 226
525 960 562 143
563 960 525 144
562 960 563 228
565 961 558 226
564 961 565 229
558 961 564 227
561 962 565 226
566 962 561 228
565 962 566 229
567 963 560 227
98 963 567 99
560 963 98 97
564 964 567 227
568 964 564 229
567 964 568 99
570 965 563 144
569 965 570 147
563 965 569 228
534 966 570 144
571 966 534 114
570 966 571 147
573 967 566 228
572 967 573 148
566 967 572 229
569 968 573 228
574 968 569 147
573 968 574 148
575 969 568 229
100 969 575 101
568 969 100 99
572 970 575 229
576 970 572 148
575 970 576 101
578 971 482 37
577 971 578 230
482 971 577 138
36 972 578 37
579 972 36 35
578 972 579 230
581 973 485 138
580 973 581 231
485 973 580 139
577 974 581 138
582 974 577 230
581 974 582 231
584 975 488 139
583 975 584 232
488 975 583 140
580 976 584 139
585 976 580 231
584 976 585 232
587 977 491 140
586 977 587 149
491 977 586 113
583 978 587 140
588 978 583 232
587 978 588 149
590 979 579 35
589 979 590 233
579 979 589 230
34 980 590 35
591 980 34 33
590 980 591 233
593 981 582 230
592 981 593 234
582 981 592 231
589 982 593 230
594 982 589 233
593 982 594 234
596 983 585 231
595 983 596 235
585 983 595 232
592 984 596 231
597 984 592 234
596 984 597 235
599 985 588 232
598 985 599 150
588 985 598 149
595 986 599 232
600 986 595 235
599 986 600 150
602 987 591 33
601 987 602 236
591 987 601 233
32 988 602 33
603 988 32 31
602 988 603 236
605 989 594 233
604 989 605 237
594 989 604 234
601 990 605 233
606 990 601 236
605 990 606 237
608 991 597 234
607 991 608 238
597 991 607 235
604 992 608 234
609 992 604 237
608 992 609 238
611 993 600 235
610 993 611 151
600 993 610 150
607 994 611 235
612 994 607 238
611 994 612 151
614 995 603 31
613 995 614 239
603 995 613 236
30 996 614 31
615 996 30 29
614 996 615 239
617 997 606 236
616 997 617 240
606 997 616 237
613 998 617 236
618 998 613 239
617 998 618 240
620 999 609 237
619 999 620 241
609 999 619 238
616 1000 620 237
621 1000 616 240
620 1000 621 241
623 1001 612 238
622 1001 623 152
612 1001 622 151
619 1002 623 238
624 1002 619 241
623 1002 624 152
626 1003 615 29
625 1003 626 25
615 1003 625 239
28 1004 626 29
26 1004 28 27
626 1004 26 25
628 1005 618 239
627 1005 628 23
618 1005 627 240
625 1006 628 239
24 1006 625 25
628 1006 24 23
630 1007 621 240
629 1007 630 21
621 1007 629 241
627 1008 630 240
22 1008 627 23
630 1008 22 21
632 1009 624 241
631 1009 632 19
624 1009 631 152
629 1010 632 241
20 1010 629 21
632 1010 20 19
635 1011 634 113
633 1011 635 153
634 1011 633 115
586 1012 635 113
636 1012 586 149
635 1012 636 153
638 1013 636 149
637 1013 638 154
636 1013 637 153
598 1014 638 149
639 1014 598 150
638 1014 639 154
641 1015 639 150
640 1015 641 155
639 1015 640 154
610 1016 641 150
642 1016 610 151
641 1016 642 155
644 1017 642 151
643 1017 644 156
642 1017 643 155
622 1018 644 151
645 1018 622 152
644 1018 645 156
647 1019 645 152
646 1019 647 17
645 1019 646 156
631 1020 647 152
18 1020 631 19
647 1020 18 17
649 1021 530 113
648 1021 649 157
530 1021 648 145
634 1022 649 113
650 1022 634 115
649 1022 650 157
652 1023 533 145
651 1023 652 158
533 1023 651 146
648 1024 652 145
653 1024 648 157
652 1024 653 158
655 1025 536 146
654 1025 655 116
536 1025 654 114
651 1026 655 146
656 1026 651 158
655 1026 656 116
658 1027 654 116
657 1027 658 159
654 1027 657 114
660 1028 658 116
659 1028 660 163
658 1028 659 159
662 1029 659 163
661 1029 662 160
659 1029 661 159
664 1030 662 163
663 1030 664 164
662 1030 663 160
666 1031 663 164
665 1031 666 161
663 1031 665 160
668 1032 666 164
667 1032 668 165
666 1032 667 161
670 1033 667 165
669 1033 670 162
667 1033 669 161
672 1034 670 165
671 1034 672 166
670 1034 671 162
674 1035 671 166
673 1035 674 7
671 1035 673 162
675 1036 674 166
8 1036 675 9
674 1036 8 7
677 1037 571 114
676 1037 677 242
571 1037 676 147
657 1038 677 114
678 1038 657 159
677 1038 678 242
680 1039 574 147
679 1039 680 243
574 1039 679 148
676 1040 680 147
681 1040 676 242
680 1040 681 243
682 1041 576 148
102 1041 682 103
576 1041 102 101
679 1042 682 148
683 1042 679 243
682 1042 683 103
685 1043 678 159
684 1043 685 244
678 1043 684 242
661 1044 685 159
686 1044 661 160
685 1044 686 244
688 1045 681 242
687 1045 688 245
681 1045 687 243
684 1046 688 242
689 1046 684 244
688 1046 689 245
690 1047 683 243
104 1047 690 105
683 1047 104 103
687 1048 690 243
691 1048 687 245
690 1048 691 105
693 1049 686 160
692 1049 693 246
686 1049 692 244
665 1050 693 160
694 1050 665 161
693 1050 694 246
696 1051 689 244
695 1051 696 247
689 1051 695 245
692 1052 696 244
697 1052 692 246
696 1052 697 247
698 1053 691 245
106 1053 698 107
691 1053 106 105
695 1054 698 245
699 1054 695 247
698 1054 699 107
701 1055 694 161
700 1055 701 248
694 1055 700 246
669 1056 701 161
702 1056 669 162
701 1056 702 248
704 1057 697 246
703 1057 704 249
697 1057 703 247
700 1058 704 246
705 1058 700 248
704 1058 705 249
706 1059 699 247
108 1059 706 109
699 1059 108 107
703 1060 706 247
707 1060 703 249
706 1060 707 109
709 1061 702 162
708 1061 709 5
702 1061 708 248
673 1062 709 162
6 1062 673 7
709 1062 6 5
711 1063 705 248
710 1063 711 3
705 1063 710 249
708 1064 711 248
4 1064 708 5
711 1064 4 3
712 1065 707 249
110 1065 712 1
707 1065 110 109
710 1066 712 249
2 1066 710 3
712 1066 2 1
714 1067 650 115
713 1067 714 250
650 1067 713 157
633 1068 714 115
715 1068 633 153
714 1068 715 250
717 1069 653 157
716 1069 717 251
653 1069 716 158
713 1070 717 157
718 1070 713 250
717 1070 718 251
719 1071 656 158
660 1071 719 163
656 1071 660 116
716 1072 719 158
720 1072 716 251
719 1072 720 163
722 1073 715 153
721 1073 722 252
715 1073 721 250
637 1074 722 153
723 1074 637 154
722 1074 723 252
725 1075 718 250
724 1075 725 253
718 1075 724 251
721 1076 725 250
726 1076 721 252
725 1076 726 253
727 1077 720 251
664 1077 727 164
720 1077 664 163
724 1078 727 251
728 1078 724 253
727 1078 728 164
730 1079 723 154
729 1079 730 254
723 1079 729 252
640 1080 730 154
731 1080 640 155
730 1080 731 254
733 1081 726 252
732 1081 733 255
726 1081 732 253
729 1082 733 252
734 1082 729 254
733 1082 734 255
735 1083 728 253
668 1083 735 165
728 1083 668 164
732 1084 735 253
736 1084 732 255
735 1084 736 165
738 1085 731 155
737 1085 738 256
731 1085 737 254
643 1086 738 155
739 1086 643 156
738 1086 739 256
741 1087 734 254
740 1087 741 257
734 1087 740 255
737 1088 741 254
742 1088 737 256
741 1088 742 257
743 1089 736 255
672 1089 743 166
736 1089 672 165
740 1090 743 255
744 1090 740 257
743 1090 744 166
746 1091 739 156
745 1091 746 15
739 1091 745 256
646 1092 746 156
16 1092 646 17
746 1092 16 15
748 1093 742 256
747 1093 748 13
742 1093 747 257
745 1094 748 256
14 1094 745 15
748 1094 14 13
749 1095 744 257
675 1095 749 9
744 1095 675 166
750 1096 749 257
10 1096 750 11
749 1096 10 9
747 1097 750 257
12 1097 747 13
750 1097 12 11
110
1.574697 0.264983 -3.872983
1.571946 0.249728 -3.872983
1.584509 0.276983 -3.872983
1.574697 0.264983 -3.872983
1.571946 0.249728 -3.872983
1.529259 0.242947 -3.767811
1.529259 0.242947 -3.767811
1.486572 0.236165 -3.662638
1.596598 0.287008 -3.872983
1.584509 0.276983 -3.872983
1.609663 0.295725 -3.872983
1.596598 0.287008 -3.872983
1.637319 0.310617 -3.872983
1.609663 0.295725 -3.872983
1.666130 0.323130 -3.872983
1.637319 0.310617 -3.872983
1.725679 0.343133 -3.872983
1.666130 0.323130 -3.872983
1.786721 0.357965 -3.872983
1.725679 0.343133 -3.872983
1.486572 0.236165 -3.662638
1.443885 0.229384 -3.557465
1.443885 0.229384 -3.557465
1.401198 0.222602 -3.452292
1.401198 0.222602 -3.452292
1.358511 0.215821 -3.347120
1.358511 0.215821 -3.347120
1.315824 0.209039 -3.241947
1.315824 0.209039 -3.241947
1.273137 0.202258 -3.136774
1.273137 0.202258 -3.136774
1.230450 0.195476 -3.031602
1.230450 0.195476 -3.031602
1.187764 0.188695 -2.926429
1.187764 0.188695 -2.926429
1.145077 0.181913 -2.821256
1.145077 0.181913 -2.821256
1.102390 0.175132 -2.716083
1.102390 0.175132 -2.716083
1.059703 0.168350 -2.610911
1.848649 0.368566 -3.872983
1.786721 0.357965 -3.872983
1.911097 0.375475 -3.872983
1.848649 0.368566 -3.872983
1.973825 0.379116 -3.872983
1.911097 0.375475 -3.872983
2.036642 0.380527 -3.872983
1.973825 0.379116 -3.872983
2.099475 0.380142 -3.872983
2.036642 0.380527 -3.872983
2.162277 0.378117 -3.872983
2.099475 0.380142 -3.872983
2.225012 0.374562 -3.872983
2.162277 0.378117 -3.872983
2.287647 0.369552 -3.872983
2.225012 0.374562 -3.872983
2.350152 0.363126 -3.872983
2.287647 0.369552 -3.872983
2.412498 0.355297 -3.872983
2.350152 0.363126 -3.872983
2.474648 0.346047 -3.872983
2.412498 0.355297 -3.872983
2.483282 0.316085 -3.649305
2.509922 0.325710 -3.761144
2.509922 0.325710 -3.761144
2.536563 0.335335 -3.872983
2.536563 0.335335 -3.872983
2.474648 0.346047 -3.872983
2.430002 0.296835 -3.425627
2.456642 0.306460 -3.537466
2.456642 0.306460 -3.537466
2.483282 0.316085 -3.649305
2.376721 0.277584 -3.201949
2.403362 0.287209 -3.313788
2.403362 0.287209 -3.313788
2.430002 0.296835 -3.425627
2.323441 0.258334 -2.978271
2.350081 0.267959 -3.090110
2.350081 0.267959 -3.090110
2.376721 0.277584 -3.201949
2.270160 0.239083 -2.754593
2.296801 0.248709 -2.866432
2.296801 0.248709 -2.866432
2.323441 0.258334 -2.978271
2.216880 0.219833 -2.530915
2.243520 0.229458 -2.642754
2.243520 0.229458 -2.642754
2.270160 0.239083 -2.754593
1.059703 0.168350 -2.610911
1.017016 0.161569 -2.505738
1.017016 0.161569 -2.505738
0.974329 0.154787 -2.400565
0.974329 0.154787 -2.400565
0.931642 0.148006 -2.295393
0.931642 0.148006 -2.295393
0.888955 0.141224 -2.190220
0.888955 0.141224 -2.190220
0.846268 0.134443 -2.085047
0.846268 0.134443 -2.085047
0.803581 0.127661 -1.979874
0.803581 0.127661 -1.979874
0.760894 0.120880 -1.874702
0.760894 0.120880 -1.874702
0.718207 0.114098 -1.769529
0.718207 0.114098 -1.769529
0.675520 0.107317 -1.664356
0.675520 0.107317 -1.664356
0.632833 0.100536 -1.559184
2.163599 0.200583 -2.307237
2.190240 0.210208 -2.419076
2.190240 0.210208 -2.419076
2.216880 0.219833 -2.530915
2.110319 0.181332 -2.083559
2.136959 0.190958 -2.195398
2.136959 0.190958 -2.195398
2.163599 0.200583 -2.307237
2.057038 0.162082 -1.859881
2.083679 0.171707 -1.971720
2.083679 0.171707 -1.971720
2.110319 0.181332 -2.083559
2.003758 0.142832 -1.636203
2.030398 0.152457 -1.748042
2.030398 0.152457 -1.748042
2.057038 0.162082 -1.859881
1.950478 0.123581 -1.412525
1.977118 0.133207 -1.524364
1.977118 0.133207 -1.524364
2.003758 0.142832 -1.636203
0.632833 0.100536 -1.559184
0.590146 0.093754 -1.454011
0.590146 0.093754 -1.454011
0.547459 0.086973 -1.348838
0.547459 0.086973 -1.348838
0.504772 0.080191 -1.243666
0.504772 0.080191 -1.243666
0.462085 0.073410 -1.138493
0.462085 0.073410 -1.138493
0.419398 0.066628 -1.033320
0.419398 0.066628 -1.033320
0.376712 0.059847 -0.928147
0.376712 0.059847 -0.928147
0.334025 0.053065 -0.822975
0.334025 0.053065 -0.822975
0.291338 0.046284 -0.717802
0.291338 0.046284 -0.717802
0.248651 0.039502 -0.612629
0.248651 0.039502 -0.612629
0.205964 0.032721 -0.507457
0.205964 0.032721 -0.507457
0.205701 0.042608 -0.506721
0.205701 0.042608 -0.506721
0.208776 0.051959 -0.505510
0.208776 0.051959 -0.505510
0.213504 0.059696 -0.504149
0.213504 0.059696 -0.504149
0.219299 0.066643 -0.502659
0.219299 0.066643 -0.502659
0.232885 0.078892 -0.499417
0.232885 0.078892 -0.499417
0.247827 0.089389 -0.496002
0.247827 0.089389 -0.496002
0.274723 0.104489 -0.489999
0.274723 0.104489 -0.489999
0.302779 0.117221 -0.483820
0.302779 0.117221 -0.483820
0.372826 0.141249 -0.468614
0.372826 0.141249 -0.468614
0.444849 0.158459 -0.453391
0.984048 0.164959 -0.365175
1.041460 0.158363 -0.358226
1.041460 0.158363 -0.358226
1.098806 0.150890 -0.351630
1.897197 0.104331 -1.188847
1.923837 0.113956 -1.300686
1.923837 0.113956 -1.300686
1.950478 0.123581 -1.412525
1.843917 0.085081 -0.965169
1.870557 0.094706 -1.077008
1.870557 0.094706 -1.077008
1.897197 0.104331 -1.188847
1.790636 0.065830 -0.741491
1.817276 0.075455 -0.853330
1.817276 0.075455 -0.853330
1.843917 0.085081 -0.965169
1.737356 0.046580 -0.517813
1.763996 0.056205 -0.629652
1.763996 0.056205 -0.629652
1.790636 0.065830 -0.741491
1.098806 0.150890 -0.351630
1.207375 0.134437 -0.339987
1.207375 0.134437 -0.339987
1.315574 0.115149 -0.329286
1.315574 0.115149 -0.329286
1.413723 0.095186 -0.320092
1.413723 0.095186 -0.320092
1.511398 0.072938 -0.311094
1.684075 0.027330 -0.294135
1.710715 0.036955 -0.405974
1.710715 0.036955 -0.405974
1.737356 0.046580 -0.517813
1.511398 0.072938 -0.311094
1.598023 0.051113 -0.302896
1.598023 0.051113 -0.302896
1.684075 0.027330 -0.294135
0.444849 0.158459 -0.453391
0.539626 0.173027 -0.434311
0.539626 0.173027 -0.434311
0.635468 0.180461 -0.416474
0.635468 0.180461 -0.416474
0.691874 0.181932 -0.406777
0.691874 0.181932 -0.406777
0.748400 0.181472 -0.397703
0.866533 0.175489 -0.380551
0.925310 0.170741 -0.372661
0.925310 0.170741 -0.372661
0.984048 0.164959 -0.365175
0.748400 0.181472 -0.397703
0.807466 0.179146 -0.388889
0.807466 0.179146 -0.388889
0.866533 0.175489 -0.380551
