1064 1007
2.536563 0.335335 3.872983 
2.474648 0.346047 3.872983 
2.412498 0.355297 3.872983 
2.350152 0.363126 3.872983 
2.287647 0.369552 3.872983 
2.225012 0.374562 3.872983 
2.162277 0.378117 3.872983 
2.099475 0.380142 3.872983 
2.036642 0.380527 3.872983 
1.973825 0.379116 3.872983 
1.911097 0.375475 3.872983 
1.848649 0.368566 3.872983 
1.786721 0.357965 3.872983 
1.725679 0.343133 3.872983 
1.666130 0.323130 3.872983 
1.637319 0.310617 3.872983 
1.609663 0.295725 3.872983 
1.596598 0.287008 3.872983 
1.584509 0.276983 3.872983 
1.574697 0.264983 3.872983 
1.571946 0.249728 3.872983 
1.529259 0.242947 3.767811 
1.486572 0.236165 3.662638 
1.443885 0.229384 3.557465 
1.401198 0.222602 3.452292 
1.358511 0.215821 3.347120 
1.315824 0.209039 3.241947 
1.273137 0.202258 3.136774 
1.230450 0.195476 3.031602 
1.187764 0.188695 2.926429 
1.145077 0.181913 2.821256 
1.102390 0.175132 2.716083 
1.059703 0.168350 2.610911 
1.017016 0.161569 2.505738 
0.974329 0.154787 2.400565 
0.931642 0.148006 2.295393 
0.888955 0.141224 2.190220 
0.846268 0.134443 2.085047 
0.803581 0.127661 1.979874 
0.760894 0.120880 1.874702 
0.718207 0.114098 1.769529 
0.675520 0.107317 1.664356 
0.632833 0.100536 1.559184 
0.590146 0.093754 1.454011 
0.547459 0.086973 1.348838 
0.504772 0.080191 1.243666 
0.462085 0.073410 1.138493 
0.419398 0.066628 1.033320 
0.376712 0.059847 0.928147 
0.334025 0.053065 0.822975 
0.291338 0.046284 0.717802 
0.248651 0.039502 0.612629 
0.205964 0.032721 0.507457 
0.205737 0.042823 0.506699 
0.208967 0.052346 0.505450 
0.214945 0.061594 0.503767 
0.222326 0.069728 0.501916 
0.231803 0.078038 0.499668 
0.241940 0.085502 0.497337 
0.253964 0.093177 0.494621 
0.266379 0.100180 0.491850 
0.331737 0.128256 0.477496 
0.399879 0.148448 0.462837 
0.492194 0.166740 0.443702 
0.585879 0.177439 0.425500 
0.642500 0.180755 0.415231 
0.699308 0.181980 0.405546 
0.760535 0.181129 0.395843 
0.821809 0.178365 0.386826 
0.883635 0.174220 0.378213 
0.945431 0.168874 0.370053 
1.006075 0.162536 0.362467 
1.066655 0.155187 0.355287 
1.125286 0.147151 0.348693 
1.183828 0.138256 0.342426 
1.239940 0.128932 0.336684 
1.295945 0.118859 0.331174 
1.399560 0.098213 0.321401 
1.502662 0.075027 0.311903 
1.593681 0.052256 0.303317 
1.684075 0.027330 0.294135 
1.710715 0.036955 0.405974 
1.737356 0.046580 0.517813 
1.763996 0.056205 0.629652 
1.790636 0.065830 0.741491 
1.817276 0.075455 0.853330 
1.843917 0.085081 0.965169 
1.870557 0.094706 1.077008 
1.897197 0.104331 1.188847 
1.923837 0.113956 1.300686 
1.950478 0.123581 1.412525 
1.977118 0.133207 1.524364 
2.003758 0.142832 1.636203 
2.030398 0.152457 1.748042 
2.057038 0.162082 1.859881 
2.083679 0.171707 1.971720 
2.110319 0.181332 2.083559 
2.136959 0.190958 2.195398 
2.163599 0.200583 2.307237 
2.190240 0.210208 2.419076 
2.216880 0.219833 2.530915 
2.243520 0.229458 2.642754 
2.270160 0.239083 2.754593 
2.296801 0.248709 2.866432 
2.323441 0.258334 2.978271 
2.350081 0.267959 3.090110 
2.376721 0.277584 3.201949 
2.403362 0.287209 3.313788 
2.430002 0.296835 3.425627 
2.456642 0.306460 3.537466 
2.483282 0.316085 3.649305 
2.509922 0.325710 3.761144 
1.670195 0.295022 2.498894 
1.381423 0.297281 2.596169 
1.355020 0.231125 1.473285 
0.950584 0.234151 1.586850 
1.113312 0.220685 1.148572 
0.939600 0.225679 1.222628 
1.945287 0.369675 3.696162 
1.938294 0.351634 3.405132 
1.876164 0.337364 3.178475 
1.825767 0.325317 2.989891 
1.788848 0.314507 2.827784 
2.066727 0.249496 2.523864 
1.958145 0.270601 2.553467 
1.832386 0.285515 2.545098 
1.609927 0.326326 3.567156 
1.574227 0.324747 3.376794 
1.521323 0.318391 3.166884 
1.509241 0.317238 3.063509 
1.405893 0.301796 2.777837 
1.566538 0.302432 2.545038 
1.421432 0.298948 2.525293 
1.225967 0.269003 2.592448 
1.162737 0.244802 2.639940 
1.642773 0.277548 2.269105 
1.586672 0.263371 2.057295 
1.524856 0.249486 1.843892 
1.434864 0.235775 1.603579 
1.787985 0.160078 1.405952 
1.667117 0.187133 1.438339 
1.541206 0.208262 1.452065 
1.264519 0.280210 2.322951 
1.177258 0.267609 2.142732 
1.089621 0.254646 1.924192 
1.061414 0.249586 1.762511 
1.301961 0.238801 1.518100 
1.178496 0.248074 1.583510 
0.797631 0.202513 1.567649 
0.724569 0.171895 1.609651 
1.344953 0.200118 1.133341 
1.299088 0.182125 0.901278 
1.219525 0.169483 0.681000 
1.116751 0.168976 0.553572 
1.193344 0.223957 1.247707 
1.062783 0.213097 1.013598 
1.057232 0.207047 0.929598 
0.965616 0.196581 0.727564 
0.936407 0.186861 0.579511 
0.990003 0.236028 1.442019 
1.054378 0.225616 1.190561 
0.764263 0.205264 0.964787 
0.773498 0.206866 1.285742 
0.644521 0.184637 1.077646 
0.523249 0.161883 0.877165 
0.465308 0.150393 0.779194 
0.864773 0.217613 1.118864 
0.744702 0.202311 0.909916 
0.696816 0.195280 0.786385 
0.671512 0.190677 0.676480 
2.269786 0.339347 3.559691 
2.250330 0.364373 3.783764 
2.123127 0.373000 3.784994 
2.269210 0.327325 3.450565 
2.177118 0.335933 3.422513 
2.096930 0.343982 3.423838 
2.234827 0.301091 3.180827 
2.108795 0.324761 3.238587 
2.011677 0.334096 3.238251 
2.180464 0.284009 2.965051 
2.083075 0.301549 2.989558 
1.947302 0.320693 3.031774 
2.123605 0.266958 2.746138 
2.020407 0.286070 2.771351 
1.909430 0.300096 2.776354 
1.853036 0.363451 3.627753 
1.728221 0.350290 3.620101 
1.806132 0.353445 3.437841 
1.685015 0.343199 3.398562 
1.746488 0.339671 3.186672 
1.682091 0.339708 3.249765 
1.685570 0.326713 2.960256 
1.559900 0.321401 2.937555 
1.625776 0.314571 2.751544 
1.504405 0.311257 2.737323 
1.527555 0.297602 3.570013 
1.552239 0.275912 3.780235 
1.467244 0.294593 3.359387 
1.401117 0.273212 3.297313 
1.386547 0.286719 3.104492 
1.290703 0.226782 3.160828 
1.360600 0.286368 2.985056 
1.231348 0.222275 3.001760 
1.324139 0.283290 2.848274 
1.173305 0.239614 2.724528 
2.009932 0.231932 2.300953 
1.897538 0.254188 2.329218 
1.777566 0.270790 2.336427 
1.953452 0.214218 2.077401 
1.839192 0.237756 2.107922 
1.719004 0.255755 2.120996 
1.897652 0.196383 1.854044 
1.779991 0.221321 1.885624 
1.657832 0.240540 1.901095 
1.842565 0.178346 1.630382 
1.721230 0.204639 1.661989 
1.596622 0.225179 1.679999 
1.483364 0.287977 2.296798 
1.353603 0.287497 2.312253 
1.472177 0.277246 2.136339 
1.296410 0.277620 2.128759 
1.416184 0.265248 1.940153 
1.273966 0.269393 1.962943 
1.354521 0.252739 1.734376 
1.211555 0.258096 1.760369 
1.234849 0.273434 2.532813 
1.077812 0.234316 2.405051 
1.028926 0.238247 2.124438 
1.051228 0.232988 2.308881 
1.042081 0.244934 2.038697 
0.869251 0.196939 1.942877 
0.868674 0.214352 1.722429 
0.837742 0.196144 1.828343 
1.732567 0.141867 1.180836 
1.616646 0.168258 1.209403 
1.496721 0.188440 1.213448 
1.673034 0.124517 0.955643 
1.559732 0.150592 0.981600 
1.439498 0.171543 0.985996 
1.609493 0.108443 0.733319 
1.495744 0.134893 0.759178 
1.373378 0.157697 0.773501 
1.491858 0.096956 0.457634 
1.361491 0.130424 0.523396 
1.239003 0.153264 0.552732 
1.168241 0.211252 1.071141 
1.176830 0.202950 0.982576 
1.138774 0.191177 0.813098 
1.081111 0.181125 0.643262 
1.221674 0.233648 1.393156 
1.099483 0.240254 1.443305 
0.822405 0.214958 1.201976 
0.698135 0.196793 1.010029 
0.586982 0.179468 0.807713 
0.458970 0.154043 0.683997 
0.688414 0.183948 1.332013 
0.534355 0.120763 1.261466 
0.568908 0.160612 1.107359 
0.523290 0.135785 1.150476 
0.508465 0.154097 0.925290 
0.324806 0.097992 0.702940 
0.297360 0.097283 0.616517 
0.377538 0.109872 0.812624 
0.978498 0.216853 1.029495 
0.898288 0.207825 0.865438 
0.800028 0.206742 0.906260 
0.771845 0.196688 0.679998 
0.724770 0.197034 0.755907 
0.773869 0.192153 0.586330 
0.704283 0.192030 0.637596 
2.304865 0.314779 3.388944 
2.315942 0.322615 3.469357 
2.316267 0.338583 3.608236 
2.143704 0.313901 3.176208 
2.257220 0.354108 3.686397 
2.236704 0.343859 3.564548 
1.836124 0.358966 3.537320 
2.137640 0.365855 3.705590 
2.126577 0.356439 3.587606 
1.992347 0.375090 3.783859 
1.995521 0.368096 3.666663 
2.064892 0.362890 3.621083 
2.271268 0.332091 3.495526 
2.406702 0.324731 3.608215 
1.863819 0.358327 3.506914 
2.091976 0.360147 3.604395 
2.223157 0.337763 3.491298 
2.223776 0.331619 3.434526 
2.003469 0.364380 3.612615 
2.153200 0.347051 3.509699 
2.133721 0.340491 3.422470 
1.994627 0.360855 3.558694 
2.051603 0.356577 3.532947 
2.055142 0.348477 3.438312 
2.279624 0.307470 3.294314 
2.364152 0.306731 3.405331 
1.764090 0.355750 3.706938 
2.139047 0.331270 3.335437 
2.171730 0.319769 3.263701 
2.197597 0.307567 3.186938 
2.052640 0.340214 3.342545 
2.016203 0.351972 3.452120 
2.070760 0.329105 3.241667 
1.969722 0.348367 3.377061 
1.755357 0.351773 3.473244 
1.952429 0.338233 3.238226 
2.228880 0.290162 3.082573 
2.310338 0.289375 3.192015 
1.919009 0.315304 2.946351 
2.113199 0.307747 3.082943 
1.772738 0.338442 3.161763 
2.139144 0.292868 2.983834 
1.982874 0.327201 3.136031 
2.009846 0.317150 3.056340 
2.029913 0.306876 2.976547 
1.875571 0.330982 3.094709 
1.643884 0.337202 3.451827 
1.889402 0.323276 3.010681 
2.169546 0.273881 2.867246 
2.254763 0.271573 2.972561 
2.058466 0.292648 2.878369 
1.625763 0.332060 3.134600 
2.078622 0.276660 2.764683 
1.943084 0.305909 2.871396 
1.768305 0.330091 3.028075 
1.964992 0.293590 2.774060 
1.817302 0.319370 2.908669 
1.794065 0.313849 2.823457 
1.846507 0.304391 2.758455 
2.111682 0.256633 2.645957 
2.199285 0.253472 2.750862 
1.619377 0.300038 2.531353 
1.996508 0.277434 2.663613 
1.587259 0.322668 2.924178 
2.019353 0.260139 2.544400 
1.860790 0.291980 2.641568 
1.711524 0.317478 2.821512 
1.895369 0.278539 2.548579 
1.530006 0.311873 2.721809 
1.784654 0.307286 2.736916 
1.779236 0.289768 2.534313 
1.891906 0.368379 3.703252 
1.764630 0.355087 3.790458 
1.851597 0.367151 3.750668 
1.820193 0.362142 3.660507 
1.643142 0.331555 3.646581 
1.690245 0.341254 3.703200 
1.696379 0.344434 3.634017 
1.891603 0.364375 3.614855 
1.950151 0.361916 3.562185 
1.915127 0.354970 3.446965 
1.750012 0.353465 3.607443 
1.803856 0.357743 3.550704 
1.781195 0.353181 3.459421 
1.645903 0.334877 3.581089 
1.687975 0.344109 3.535252 
1.668480 0.341252 3.428104 
1.802445 0.345148 3.276880 
1.884742 0.347972 3.332513 
1.853564 0.341613 3.227974 
1.689325 0.341875 3.306996 
1.742350 0.346780 3.344950 
1.714055 0.340387 3.219075 
1.572701 0.326515 3.265598 
1.639205 0.336720 3.328429 
1.637277 0.335544 3.245577 
1.741510 0.331915 3.050720 
1.818413 0.334216 3.107085 
1.802224 0.327517 3.005616 
1.612463 0.328210 3.038338 
1.689180 0.334150 3.099922 
1.669580 0.328460 2.994373 
1.555592 0.324250 3.157057 
1.549086 0.322808 3.058597 
1.517226 0.317616 2.945732 
1.688640 0.319432 2.842028 
1.762011 0.321912 2.907868 
1.747470 0.316171 2.822045 
1.554502 0.317106 2.822781 
1.641454 0.322785 2.894105 
1.608451 0.316225 2.779171 
1.443749 0.307456 2.860316 
1.505994 0.314716 2.852612 
1.474477 0.309405 2.746868 
1.639435 0.306546 2.632799 
1.733057 0.309589 2.726951 
1.739401 0.301244 2.628377 
1.495445 0.305988 2.615857 
1.579239 0.310525 2.679930 
1.547941 0.304071 2.568223 
1.441580 0.306832 2.797586 
1.450170 0.305067 2.657984 
1.381496 0.296292 2.540786 
1.566361 0.303595 3.665721 
1.623308 0.324405 3.669827 
1.603194 0.322803 3.596417 
1.355318 0.268209 3.168756 
1.536843 0.285858 3.685661 
1.517542 0.288879 3.600765 
1.499834 0.258520 3.678355 
1.540054 0.313780 3.428991 
1.517993 0.305573 3.446528 
1.583777 0.322034 3.508203 
1.555509 0.319103 3.408535 
1.494177 0.305003 3.344178 
1.485646 0.287772 3.494297 
1.451294 0.284939 3.389642 
1.484442 0.269628 3.596397 
1.419484 0.254648 3.455263 
1.451521 0.299508 3.222299 
1.527269 0.316342 3.299674 
1.490772 0.312018 3.171341 
1.349984 0.258983 3.213267 
1.416669 0.283415 3.269853 
1.379129 0.283753 3.110188 
1.383382 0.259963 3.318952 
1.326996 0.232950 3.249050 
1.417686 0.297828 3.073098 
1.469761 0.310110 3.066798 
1.320803 0.287963 2.680618 
1.335064 0.289790 2.442372 
1.163753 0.263462 2.330863 
1.315849 0.242523 3.184818 
1.245380 0.215439 3.058004 
1.386328 0.294368 2.964900 
1.374163 0.294983 2.859377 
1.362072 0.294427 2.768033 
1.231715 0.251239 2.847377 
1.326846 0.275147 2.988493 
1.306313 0.276820 2.871701 
1.296741 0.250902 3.081172 
1.193383 0.222492 2.887112 
1.269590 0.277136 2.664059 
1.513991 0.282107 3.630513 
1.417870 0.302514 2.676293 
1.209714 0.253448 2.741375 
1.193855 0.255261 2.654735 
1.193542 0.260042 2.586823 
1.106878 0.210414 2.668624 
1.132603 0.233400 2.623859 
2.054713 0.239100 2.423641 
2.144428 0.235096 2.527998 
1.932334 0.261676 2.440846 
1.284458 0.277098 2.753508 
1.960879 0.243083 2.320713 
1.811035 0.277500 2.440895 
1.481921 0.312535 2.870351 
1.837640 0.263048 2.333001 
1.677849 0.286897 2.407802 
1.659591 0.328988 3.774255 
1.710488 0.274538 2.302164 
1.997969 0.221375 2.200163 
2.089553 0.216656 2.304663 
1.873805 0.245358 2.220465 
1.903450 0.225997 2.098354 
1.755268 0.262450 2.228673 
1.779203 0.247318 2.114649 
1.631237 0.272747 2.204254 
1.653150 0.259908 2.088540 
1.941666 0.203608 1.977079 
2.034734 0.198174 2.081142 
1.815151 0.228933 1.999155 
1.845679 0.208897 1.875511 
1.696035 0.247216 2.011137 
1.719022 0.231499 1.893524 
1.573522 0.258698 1.993013 
1.591562 0.245394 1.872045 
1.885623 0.185770 1.753924 
1.980024 0.179662 1.857620 
1.756528 0.212356 1.776739 
1.788507 0.191591 1.652009 
1.634772 0.231923 1.790888 
1.659035 0.215484 1.671095 
1.477203 0.243386 1.729403 
1.524249 0.231168 1.652126 
1.830491 0.167647 1.530122 
1.925767 0.161023 1.633969 
1.699773 0.195330 1.553407 
1.734502 0.173618 1.428159 
1.576141 0.215865 1.567041 
1.604256 0.198248 1.445223 
1.406206 0.228076 1.490813 
1.464171 0.213931 1.410847 
1.709134 0.342357 3.795527 
1.572785 0.292602 2.403599 
1.427475 0.294106 2.401675 
1.523910 0.297921 2.463561 
1.477704 0.291897 2.357177 
1.591161 0.317830 3.613830 
1.363751 0.292160 2.434527 
1.304906 0.284315 2.318227 
1.491866 0.283674 2.236780 
1.569727 0.279267 2.227886 
1.288443 0.279521 2.192370 
1.396538 0.284112 2.218228 
1.374016 0.287855 2.299678 
0.822412 0.214549 1.163072 
1.259506 0.278053 2.222983 
1.000677 0.239081 1.923529 
1.451897 0.272530 2.060107 
1.521550 0.265975 2.027846 
1.293004 0.274013 2.049368 
1.375632 0.274785 2.059553 
0.920907 0.218488 1.915950 
1.195255 0.269551 2.116160 
1.196474 0.268018 2.030557 
1.137399 0.261141 2.183959 
1.390023 0.260730 1.863233 
1.447761 0.252641 1.806579 
1.249566 0.265015 1.884300 
1.327956 0.263868 1.875312 
1.069880 0.248781 2.118525 
1.069581 0.251221 1.815801 
1.166972 0.261103 1.865588 
0.885325 0.219016 1.717477 
1.331518 0.246547 1.638186 
1.371108 0.238642 1.574572 
1.190876 0.253181 1.672344 
1.272746 0.251875 1.674253 
0.945105 0.220458 2.000478 
1.045744 0.246569 1.681463 
1.117993 0.251749 1.679571 
1.023839 0.242637 1.591944 
1.280749 0.281405 2.606850 
1.298725 0.285566 2.556537 
1.212134 0.272738 2.326871 
1.133416 0.244184 2.527252 
1.197037 0.264185 2.530146 
1.202621 0.268029 2.470113 
1.143866 0.244006 2.572322 
1.060784 0.224843 2.427197 
1.103237 0.252051 2.251208 
1.197205 0.270669 2.256938 
1.159458 0.265035 2.169383 
1.114482 0.247417 2.400883 
1.088836 0.245092 2.312561 
0.997949 0.230120 2.106972 
1.006661 0.215022 2.305944 
0.982439 0.223308 2.129474 
1.050774 0.246061 2.066262 
1.090801 0.254272 2.061852 
1.100887 0.256394 2.001828 
0.928543 0.213172 2.019000 
1.001948 0.233699 2.066669 
0.987498 0.232746 2.006856 
0.862086 0.178463 2.038896 
0.893406 0.200281 2.005451 
0.911356 0.223064 1.778701 
0.986883 0.238425 1.826480 
0.977313 0.233136 1.375641 
0.894579 0.208537 1.929114 
0.877937 0.210760 1.827689 
0.840005 0.205748 1.723388 
0.814540 0.183527 1.847522 
1.026879 0.236539 1.398842 
0.860906 0.215221 1.659988 
0.944694 0.233176 1.632745 
0.775647 0.204198 1.403847 
0.770834 0.188164 1.640663 
0.812291 0.201187 1.660223 
0.775933 0.195034 1.579546 
0.676312 0.148403 1.587599 
1.777196 0.148960 1.305183 
1.872107 0.142175 1.409879 
1.648081 0.176952 1.326638 
1.682674 0.154740 1.200995 
1.527864 0.196446 1.326777 
1.556784 0.178858 1.211882 
1.329883 0.212058 1.239186 
1.383748 0.219585 1.376706 
1.424964 0.195115 1.181829 
1.723412 0.130133 1.078714 
1.818175 0.123290 1.185186 
1.595893 0.158227 1.097195 
1.626070 0.136773 0.974017 
1.472861 0.178734 1.094922 
1.177885 0.220870 1.196867 
1.499730 0.161589 0.984452 
1.339656 0.191272 1.039631 
1.369771 0.177067 0.942874 
1.664894 0.112463 0.853237 
1.762287 0.104846 0.960388 
1.535622 0.141459 0.871975 
1.562647 0.120587 0.750109 
1.413342 0.163288 0.877590 
1.434693 0.146805 0.766652 
1.282866 0.177866 0.840162 
1.119357 0.213354 1.056804 
1.299373 0.164622 0.736403 
1.559641 0.103198 0.613558 
1.705421 0.086844 0.737014 
1.450118 0.129688 0.648583 
1.418577 0.116240 0.492915 
1.313629 0.153278 0.652666 
1.113127 0.227829 1.248311 
1.303274 0.143507 0.552182 
1.184873 0.168539 0.629525 
1.072646 0.223054 1.159151 
1.174574 0.161841 0.551491 
1.511567 0.085670 0.404962 
1.613636 0.071327 0.471312 
0.993433 0.215239 1.008372 
1.391032 0.109753 0.399168 
1.035476 0.227775 1.221625 
1.273846 0.134400 0.431749 
1.161018 0.153395 0.453375 
1.235176 0.213657 1.160422 
1.232616 0.222126 1.257189 
1.112819 0.215349 1.077548 
1.132704 0.219836 1.150211 
1.159242 0.214847 1.107070 
1.117884 0.210255 1.016698 
1.173848 0.208720 1.046217 
1.248038 0.202904 1.054275 
0.846816 0.207424 0.869793 
1.083032 0.208575 0.968369 
1.108328 0.205862 0.954685 
1.159763 0.197386 0.903191 
1.220427 0.187895 0.866089 
1.080408 0.211621 1.005817 
0.974887 0.201924 0.805937 
1.050865 0.194665 0.769812 
1.108809 0.186547 0.731411 
1.149860 0.176049 0.664042 
0.957836 0.220478 1.093056 
0.957383 0.191765 0.658407 
1.011052 0.184103 0.608594 
1.058770 0.175053 0.553648 
0.908821 0.182501 0.502644 
1.287529 0.232967 1.434601 
0.767139 0.191679 1.584497 
1.210716 0.228254 1.315413 
1.172110 0.243098 1.501798 
0.785618 0.185549 1.724458 
1.230221 0.238608 1.464960 
1.003263 0.239044 1.515577 
1.065596 0.240509 1.459811 
1.042305 0.235706 1.369724 
1.154954 0.224827 1.231339 
1.120165 0.222589 1.178758 
1.101277 0.235640 1.363696 
1.165039 0.233033 1.349767 
0.396449 0.135507 0.669489 
0.993845 0.232871 1.342599 
0.997380 0.230404 1.280906 
0.923863 0.222624 1.162171 
0.890814 0.223348 1.263584 
0.953529 0.228287 1.274180 
0.878318 0.220098 1.171852 
0.598405 0.179881 0.895167 
0.842575 0.218157 1.361973 
0.915361 0.227974 1.383229 
0.830643 0.216415 1.262848 
0.759213 0.205869 1.071746 
0.803010 0.211073 1.071274 
0.722243 0.200430 0.975997 
0.711471 0.197388 1.145476 
0.768622 0.207304 1.162340 
0.701774 0.196946 1.059954 
0.678159 0.193770 0.970447 
0.660657 0.191474 0.858688 
0.587119 0.176852 0.912885 
0.719372 0.198767 0.854644 
0.583952 0.174944 0.944381 
0.639071 0.186715 0.961982 
0.616357 0.184043 0.866955 
0.556494 0.174818 0.739416 
0.617339 0.185091 0.726407 
0.620394 0.184904 0.645525 
0.532643 0.166331 0.839646 
0.513005 0.164703 0.759493 
0.469745 0.153636 0.748491 
0.519952 0.138388 1.121246 
0.584834 0.179778 0.561677 
0.474355 0.162728 0.531763 
0.322018 0.114004 0.588121 
0.433410 0.147065 0.677315 
0.762517 0.199942 1.427646 
0.855691 0.219037 1.492361 
0.775445 0.205801 1.351044 
0.715886 0.174668 1.554530 
0.731544 0.188205 1.471400 
0.675902 0.177199 1.367150 
0.644111 0.185802 1.039896 
0.634501 0.176114 1.194097 
0.712162 0.195051 1.236616 
0.643473 0.182786 1.117281 
0.561965 0.147026 1.208642 
0.620944 0.166619 1.257319 
0.566367 0.156289 1.144127 
0.489244 0.109446 1.165185 
0.449231 0.138582 0.854105 
0.507992 0.151596 0.954436 
0.575902 0.170036 1.003066 
0.515163 0.158078 0.899803 
0.451029 0.120019 1.000242 
0.515287 0.145460 1.047376 
0.644505 0.185796 0.568031 
0.494856 0.123358 1.126225 
0.440759 0.104822 1.036039 
0.380368 0.124728 0.716215 
0.455806 0.145494 0.803538 
0.397482 0.133740 0.694428 
0.445405 0.130375 0.912253 
0.383639 0.116407 0.792830 
0.337269 0.106505 0.696618 
0.332685 0.103571 0.698677 
0.351671 0.091485 0.814833 
0.302008 0.102466 0.601058 
0.576970 0.143910 1.283517 
0.276582 0.084141 0.613417 
0.251177 0.059486 0.608646 
1.034500 0.219212 1.085051 
1.088887 0.219295 1.114483 
1.054759 0.215587 1.042951 
0.961420 0.222875 1.139547 
1.010402 0.223126 1.139540 
0.963781 0.218218 1.050787 
0.742304 0.203360 1.023573 
0.850248 0.215040 1.066140 
0.957080 0.211054 0.930696 
1.016719 0.211721 0.967165 
1.006110 0.207693 0.904544 
0.821596 0.209994 0.964808 
0.901042 0.212884 0.959302 
0.877625 0.208581 0.881107 
0.836133 0.212528 1.015126 
0.766510 0.198593 0.729471 
0.864677 0.201007 0.744809 
0.774746 0.200744 0.775206 
0.843811 0.204545 0.810994 
0.764477 0.197653 0.708292 
0.751883 0.200783 0.817993 
0.670672 0.191330 0.712628 
0.778380 0.195515 0.651509 
0.870885 0.195284 0.655731 
0.902356 0.217345 1.054274 
0.712756 0.194803 0.708340 
0.756858 0.195604 0.666246 
0.530802 0.171989 0.608826 
0.534714 0.172960 0.508902 
0.771075 0.188322 0.516727 
0.869700 0.187859 0.547500 
0.671975 0.188743 0.599909 
0.608235 0.180845 0.488765 
0.684049 0.190956 0.646656 
2.357593 0.348957 3.750693 
2.418655 0.338151 3.734106 
2.307203 0.358199 3.779337 
2.296641 0.346611 3.657944 
2.188575 0.369594 3.787589 
2.182393 0.361325 3.689472 
2.040025 0.374469 3.773568 
2.092508 0.367782 3.700183 
2.331445 0.331411 3.564404 
2.390608 0.315054 3.508491 
1.890059 0.357306 3.482912 
2.238732 0.333467 3.469136 
1.942560 0.373916 3.783428 
2.188081 0.342623 3.500017 
2.024040 0.359049 3.547873 
2.096479 0.352623 3.519443 
1.830950 0.343020 3.243099 
2.334988 0.298412 3.298271 
2.194651 0.326463 3.352610 
2.222137 0.314432 3.278139 
2.095973 0.335314 3.331189 
1.990945 0.356270 3.493458 
2.009525 0.344404 3.354964 
1.733513 0.350111 3.493557 
2.082121 0.319375 3.156505 
2.280687 0.280597 3.080526 
2.168414 0.300026 3.083839 
1.657947 0.333729 3.118442 
2.036400 0.323446 3.148333 
2.058220 0.313184 3.069602 
1.928622 0.329757 3.118476 
1.795682 0.360105 3.691824 
1.977506 0.311638 2.966168 
2.225010 0.262627 2.859508 
2.109336 0.284691 2.874265 
1.488531 0.314111 2.954781 
1.996696 0.300173 2.873946 
1.714003 0.325399 2.941275 
1.870030 0.317856 2.931373 
1.869413 0.310285 2.844889 
2.170236 0.244294 2.637033 
2.048865 0.268368 2.654117 
1.584793 0.317635 2.811580 
1.936885 0.285305 2.662121 
1.659167 0.313307 2.739782 
1.807725 0.297020 2.640776 
1.459797 0.293535 2.383499 
1.807383 0.362304 3.774778 
1.858759 0.366645 3.709526 
1.655533 0.332879 3.688984 
1.725681 0.348866 3.709038 
1.969084 0.359556 3.530724 
1.777137 0.356102 3.572288 
1.667068 0.340007 3.558999 
1.712004 0.347726 3.514152 
1.860641 0.350071 3.360613 
1.912268 0.344981 3.300615 
1.727551 0.346272 3.357038 
1.773455 0.346478 3.310286 
1.618214 0.333624 3.345910 
1.664127 0.339645 3.317475 
1.793915 0.336955 3.140224 
1.835281 0.331288 3.074434 
1.460094 0.309744 2.960738 
1.720445 0.333701 3.081457 
1.589996 0.328759 3.146993 
1.582968 0.326220 3.048555 
1.742564 0.323551 2.922165 
1.771884 0.319089 2.875252 
1.614608 0.323150 2.910728 
1.665596 0.321000 2.862398 
1.444806 0.306723 2.756996 
1.532255 0.316331 2.836139 
1.690870 0.311530 2.727832 
1.461449 0.300104 2.509825 
1.551659 0.311315 2.698268 
1.606625 0.308619 2.652235 
1.445858 0.305512 2.689005 
1.469109 0.305570 2.634501 
1.610881 0.313517 3.747397 
1.626675 0.326714 3.649367 
1.565727 0.285521 3.781912 
1.551322 0.295290 3.675777 
1.537644 0.261107 3.778391 
1.522214 0.275341 3.690136 
1.562954 0.315083 3.521326 
1.601878 0.327287 3.496438 
1.472789 0.307175 3.187409 
1.500562 0.297347 3.466763 
1.452919 0.247959 3.569386 
1.475861 0.278801 3.521406 
1.507326 0.310156 3.322572 
1.550637 0.322318 3.269529 
1.433907 0.271611 3.422183 
1.435975 0.293334 3.239419 
1.368321 0.243289 3.340246 
1.347914 0.249752 3.254253 
1.431443 0.301547 3.068190 
1.307827 0.267417 2.994239 
1.134152 0.248094 2.482470 
1.275578 0.266559 2.870760 
1.300077 0.244039 3.128610 
1.422724 0.302735 2.962592 
1.413528 0.302591 2.862837 
1.016885 0.194370 2.454985 
0.959157 0.219506 2.075135 
1.211563 0.271593 2.407532 
1.544856 0.306865 3.547239 
1.246938 0.265525 2.757788 
1.222914 0.264982 2.651771 
1.159065 0.220714 2.787861 
1.147876 0.253874 2.461443 
1.521743 0.305634 2.597157 
2.115503 0.225851 2.413832 
1.990334 0.251594 2.432705 
1.156341 0.248402 2.575637 
1.866087 0.270779 2.440103 
1.672492 0.305016 2.628895 
1.744415 0.283266 2.429699 
1.382703 0.298329 2.718729 
2.060710 0.207379 2.190366 
1.931946 0.234551 2.209295 
1.807435 0.255226 2.222954 
1.690870 0.268675 2.220005 
2.005988 0.188877 1.966847 
1.874332 0.217465 1.986728 
1.747939 0.239455 2.002987 
1.631624 0.254106 2.005353 
1.951551 0.170299 1.743286 
1.817002 0.200260 1.763735 
1.687774 0.223532 1.780998 
1.567654 0.239607 1.786525 
1.897591 0.151557 1.519393 
1.761357 0.182596 1.539744 
1.630408 0.206913 1.556803 
1.499642 0.222217 1.534379 
1.929477 0.363788 3.592563 
1.581286 0.286390 2.326154 
1.488673 0.299350 2.485951 
1.556635 0.295766 2.440729 
1.588361 0.302050 3.759653 
1.395027 0.293666 2.419629 
1.540753 0.273402 2.133192 
1.394810 0.287821 2.287738 
1.393868 0.280060 2.148767 
0.698735 0.188556 1.305997 
1.282354 0.279339 2.199729 
1.481608 0.260459 1.928368 
0.642774 0.180327 1.164061 
1.350972 0.269652 1.971889 
1.199054 0.269859 2.109181 
1.192414 0.265757 1.959329 
1.400317 0.245570 1.681745 
0.632364 0.154878 1.403515 
1.293217 0.258584 1.782276 
1.086823 0.250639 2.181736 
1.141953 0.256494 1.774296 
0.653705 0.166930 1.385367 
1.252186 0.245451 1.572169 
0.996227 0.221806 2.204302 
1.080428 0.245591 1.566372 
1.343283 0.292414 2.633783 
1.258278 0.279306 2.477013 
1.159973 0.253609 2.524077 
1.059748 0.201328 2.559450 
1.096125 0.228191 2.530898 
1.116733 0.239632 2.507719 
1.166252 0.265307 2.265698 
1.228240 0.274921 2.239871 
1.142312 0.255834 2.396101 
1.027971 0.236144 2.157480 
0.993636 0.199653 2.358717 
1.089600 0.253415 2.100230 
1.098440 0.255959 2.019105 
0.968242 0.223950 2.057892 
1.020702 0.238994 2.061865 
0.937097 0.208225 2.102292 
0.938191 0.199992 2.169908 
0.998254 0.239741 1.874695 
0.940140 0.231956 1.678786 
1.035160 0.234248 2.221289 
0.911376 0.221304 1.817771 
0.826154 0.175122 1.939171 
0.842571 0.218229 1.315574 
0.885105 0.221686 1.212481 
0.852265 0.216506 1.568171 
0.807405 0.198742 1.671623 
0.837542 0.208907 1.659587 
0.752679 0.171271 1.714108 
1.843779 0.132682 1.294890 
1.708178 0.164276 1.314633 
1.580824 0.188592 1.329060 
1.443998 0.204011 1.290182 
1.332766 0.223668 1.367959 
1.788873 0.113984 1.069911 
1.653759 0.145870 1.087411 
1.528833 0.170149 1.098289 
1.407873 0.186261 1.077196 
1.206424 0.217443 1.178442 
1.731435 0.095954 0.845374 
1.594318 0.128635 0.861683 
1.469674 0.154102 0.878332 
1.350384 0.171482 0.866212 
1.114707 0.223798 1.192098 
1.679681 0.077655 0.628595 
1.514562 0.115486 0.635320 
1.384649 0.142419 0.657664 
1.243333 0.162018 0.639673 
1.043914 0.217292 1.061257 
1.036968 0.169833 0.474035 
1.604398 0.061105 0.383563 
0.970768 0.209017 0.904984 
1.458688 0.094780 0.388151 
1.051862 0.233778 1.328742 
1.332305 0.122093 0.411376 
1.099486 0.161407 0.456630 
1.222075 0.144090 0.446560 
1.290238 0.217865 1.261282 
1.241381 0.212314 1.151146 
1.149852 0.218305 1.142912 
1.245327 0.195921 0.977260 
1.096273 0.209758 0.993502 
1.099624 0.207682 0.970018 
1.194630 0.183130 0.787793 
1.071125 0.199724 0.848479 
1.127674 0.173562 0.613207 
1.032394 0.189659 0.693603 
0.920317 0.206441 0.846390 
0.998096 0.176372 0.506842 
1.270047 0.226818 1.345695 
0.812546 0.196339 1.723429 
0.770370 0.206929 1.244137 
0.940153 0.232395 1.514939 
0.872312 0.216167 1.705471 
1.160598 0.228414 1.283216 
1.151900 0.221993 1.191919 
1.171938 0.238186 1.427397 
1.107053 0.231773 1.304224 
0.992678 0.231398 1.307421 
0.981906 0.226650 1.208770 
0.959967 0.230129 1.316830 
0.921927 0.229461 1.440833 
0.898484 0.225066 1.313952 
0.817492 0.213410 1.121196 
0.787470 0.208622 1.021678 
0.767384 0.206855 1.203438 
0.762907 0.206502 1.112838 
0.693202 0.196210 0.913597 
0.544975 0.173627 0.680273 
0.642127 0.186430 1.001801 
0.642386 0.187679 0.945074 
0.636551 0.187932 0.801934 
0.609293 0.183821 0.681260 
0.539027 0.168192 0.834012 
0.452704 0.157375 0.562874 
0.573256 0.164751 1.073713 
0.474988 0.156170 0.729081 
0.340133 0.121594 0.589025 
0.854987 0.217937 1.537809 
0.853627 0.219497 1.430960 
0.721441 0.180828 1.516871 
0.749380 0.195068 1.451321 
0.642640 0.144322 1.499370 
0.710877 0.197994 1.104808 
0.704214 0.191575 1.274833 
0.709955 0.196106 1.186105 
0.607716 0.158553 1.284279 
0.628821 0.171816 1.228910 
0.529192 0.132544 1.190072 
0.576552 0.168196 1.037920 
0.580069 0.172882 0.969265 
0.516944 0.141878 1.084121 
0.512971 0.148785 1.006106 
0.483115 0.112043 1.138075 
0.462125 0.116298 1.055300 
0.704389 0.189505 0.568240 
0.424892 0.148878 0.600845 
0.446698 0.135001 0.878293 
0.379939 0.119543 0.757210 
0.388506 0.094202 0.915684 
0.445006 0.124440 0.953219 
0.314828 0.109525 0.597192 
0.449616 0.141196 0.828094 
0.291245 0.072002 0.695297 
0.262819 0.072756 0.611810 
1.077606 0.220981 1.131717 
1.105147 0.217451 1.099838 
1.006770 0.225441 1.179532 
1.023601 0.220971 1.107839 
0.651708 0.189662 0.925428 
0.913827 0.220099 1.109629 
1.005529 0.213290 0.984150 
1.027405 0.210046 0.949868 
0.897245 0.214789 1.000434 
0.937906 0.212505 0.949814 
0.942270 0.204654 0.827288 
0.874052 0.200106 0.731950 
0.831600 0.204772 0.821013 
0.862032 0.203752 0.792608 
0.559037 0.176556 0.587791 
0.867864 0.190424 0.582779 
0.717437 0.194071 0.675092 
0.722435 0.192480 0.623669 
0.384672 0.128271 0.699803 
0.804797 0.185515 0.480267 
0.693262 0.186728 0.511009 
0.563313 0.151109 1.180618 
0.650705 0.187526 0.618206 
1.834034 0.352263 3.400739 
2.245501 0.321235 3.367284 
2.208869 0.350189 3.597328 
1.708417 0.345419 3.383510 
1.639785 0.328902 3.019618 
1.599268 0.330108 3.366370 
1.592841 0.329846 3.239568 
1.623077 0.332805 3.473746 
1.668441 0.338158 3.642006 
1.318308 0.285386 2.760081 

750 275 749 747
1056 174 272 271
748 747 3 2
748 2 1 112
284 755 273 748
755 284 756 272
747 749 4 3
776 314 775 771
749 172 5 4
748 273 750 747
276 750 273 171
275 750 276 1057
172 751 6 5
119 349 186 342
751 173 7 6
749 275 752 172
279 752 275 1057
278 752 279 286
173 753 8 7
280 753 281 119
8 753 280 9
751 278 754 173
282 754 278 286
281 754 282 289
284 748 112 111
283 755 272 174
273 755 283 171
110 756 284 111
277 349 883 285
272 756 296 271
287 760 276 171
754 281 753 173
276 760 290 1057
283 758 287 171
288 758 283 174
287 758 288 175
290 762 279 1057
350 883 281 289
279 762 293 286
1055 188 285 757
291 760 287 175
290 760 291 176
293 761 282 286
768 761 293 302
282 761 292 289
349 277 353 186
294 762 290 176
293 762 294 302
296 756 110 109
295 764 308 177
296 764 295 271
108 764 296 109
797 343 794 297
802 358 805 1055
1056 765 288 174
298 765 299 178
288 765 298 175
295 766 1056 271
300 766 295 177
299 766 300 274
798 292 761 768
301 767 303 179
291 767 301 176
298 767 291 175
303 767 298 178
304 120 768 302
801 352 799 770
306 803 304 769
294 769 304 302
301 769 294 176
306 769 301 179
1058 189 770 305
308 764 108 107
307 772 320 180
308 772 307 177
106 772 308 107
786 328 785 309
771 178 299 274
363 774 322 191
310 773 312 181
300 773 310 274
307 773 300 177
312 773 307 180
808 367 811 311
771 775 303 178
313 775 314 182
303 775 313 179
310 776 771 274
315 776 310 181
314 776 315 779
352 187 297 778
316 777 318 122
306 777 316 121
313 777 306 179
318 777 313 182
1060 128 1062 317
320 772 106 105
319 780 331 183
320 780 319 180
104 780 320 105
334 193 370 1059
810 130 374 782
321 781 323 184
312 781 321 181
319 781 312 180
323 781 319 183
813 374 812 322
814 376 817 784
324 783 326 185
315 783 324 779
321 783 315 181
326 783 321 184
784 192 367 325
309 785 318 182
327 785 328 123
318 785 327 122
324 786 309 779
329 786 324 185
328 786 329 340
331 780 104 103
330 787 442 124
331 787 330 183
102 787 331 103
113 485 886 332
444 204 426 1064
339 195 379 789
333 788 335 125
323 788 333 184
330 788 323 183
335 788 330 124
816 379 819 334
820 385 823 791
336 790 338 126
326 790 336 185
333 790 326 184
338 790 333 125
791 194 376 337
496 219 486 793
387 792 341 113
329 792 387 340
336 792 329 185
341 792 336 126
386 123 328 340
759 344 11 10
280 759 10 9
344 794 12 11
297 794 344 778
12 794 343 13
759 342 795 344
345 795 342 186
344 795 345 778
343 797 347 484
346 796 347 1063
450 15 14 484
343 484 14 13
348 797 297 187
347 797 348 1063
285 883 350 757
119 342 759 280
292 798 350 289
351 798 768 120
350 798 351 757
353 799 345 186
770 799 353 305
345 799 352 778
354 277 285 188
353 277 354 305
356 800 348 187
1062 800 356 317
348 800 355 1063
352 801 356 187
357 801 770 189
356 801 357 317
359 802 351 120
358 802 359 763
351 802 1055 757
304 803 359 120
306 121 360 803
359 803 360 763
362 804 354 188
361 804 362 191
354 804 1058 305
1055 805 362 188
363 805 358 190
363 191 362 805
365 806 357 189
364 806 365 1061
357 806 1060 317
1058 807 365 189
366 807 361 191
365 807 366 1061
368 808 360 121
367 808 368 325
360 808 311 763
316 809 368 121
369 809 316 122
368 809 369 325
371 774 363 190
370 774 371 1059
850 426 849 810
311 811 371 190
372 811 367 192
371 811 372 1059
322 812 366 191
373 812 374 130
366 812 373 1061
370 813 322 774
375 813 370 193
374 813 375 782
377 814 369 122
376 814 377 337
369 814 784 325
327 815 377 122
378 815 327 123
377 815 378 337
380 816 372 192
379 816 380 789
372 816 334 1059
784 817 380 192
381 817 376 194
380 817 381 789
383 447 375 193
384 824 435 818
375 447 382 782
334 819 383 193
384 819 379 195
818 391 447 383
386 820 378 123
385 820 386 864
378 820 791 337
885 486 888 821
821 133 388 859
386 340 387 864
389 822 381 194
388 822 389 859
381 822 339 789
791 823 389 194
390 823 385 132
389 823 390 859
392 824 384 195
832 402 835 854
818 383 819 384
339 825 392 195
393 825 388 133
392 825 393 114
450 826 16 15
394 826 395 489
887 17 16 826
395 796 346 827
396 827 346 127
395 827 396 489
887 828 18 17
848 423 843 413
828 197 19 18
887 826 394 829
399 829 394 196
398 829 399 434
197 830 20 19
22 830 400 23
20 830 22 21
828 398 831 197
408 831 398 434
400 836 24 23
403 832 396 127
402 832 403 401
396 832 854 489
355 833 403 127
404 833 1062 128
403 833 404 401
406 837 399 196
838 410 841 405
399 837 408 434
854 835 406 196
407 835 402 198
407 840 406 835
405 198 402 401
836 409 25 24
400 831 408 836
418 200 410 834
406 840 409 837
836 408 837 409
411 838 404 128
410 838 411 834
404 838 405 401
1060 839 411 128
412 839 364 129
411 839 412 834
414 199 407 198
413 199 414 397
416 842 409 840
405 841 414 198
415 841 410 200
414 841 415 397
407 199 416 840
842 417 27 26
409 842 26 25
413 843 416 199
843 423 201 417
842 416 843 417
419 844 412 129
425 202 418 844
412 844 418 834
373 130 419 129
524 134 433 420
912 531 918 851
853 909 393 421
415 845 431 397
913 527 910 846
429 845 415 200
436 205 428 847
201 424 29 28
417 201 28 27
848 413 397 431
424 848 431 203
201 423 848 424
810 849 419 130
425 849 426 204
425 844 419 849
382 850 810 782
427 850 382 131
426 850 427 1064
200 418 202 429
428 845 429 847
421 526 422 853
430 202 425 204
429 202 430 847
917 537 852 539
203 432 31 30
424 203 30 29
845 432 203 431
916 529 909 853
845 428 857 432
866 420 427 131
427 420 433 1064
866 131 391 818
435 824 392 114
831 400 830 197
444 855 430 204
436 855 437 135
430 855 436 847
433 856 444 1064
438 856 433 134
437 856 438 862
857 428 205 439
32 857 439 33
432 857 32 31
535 227 846 858
440 205 436 135
439 911 34 33
442 787 102 101
441 860 453 206
442 860 441 124
100 860 442 101
822 388 825 339
530 135 437 862
443 861 445 207
335 861 443 125
441 861 335 124
445 861 441 206
856 437 855 444
332 132 385 864
446 863 448 208
338 863 446 126
443 863 338 125
448 863 443 207
391 131 382 447
866 818 435 908
449 865 451 136
341 865 449 113
446 865 341 126
451 865 446 208
796 395 826 450
453 860 100 99
452 867 461 209
453 867 452 206
98 867 453 99
454 868 455 210
445 868 454 207
452 868 445 206
455 868 452 209
456 869 457 211
448 869 456 208
454 869 448 207
457 869 454 210
458 870 459 137
451 870 458 136
456 870 451 208
459 870 456 211
461 867 98 97
460 871 469 212
461 871 460 209
96 871 461 97
462 872 463 213
455 872 462 210
460 872 455 209
463 872 460 212
464 873 465 214
457 873 464 211
462 873 457 210
465 873 462 213
466 874 467 138
459 874 466 137
464 874 459 211
467 874 464 214
469 871 96 95
468 875 477 215
469 875 468 212
94 875 469 95
470 876 471 216
463 876 470 213
468 876 463 212
471 876 468 215
472 877 473 217
465 877 472 214
470 877 465 213
473 877 470 216
474 878 475 139
467 878 474 138
472 878 467 214
475 878 472 217
477 875 94 93
476 879 564 140
477 879 476 215
92 879 477 93
478 880 479 141
471 880 478 216
476 880 471 215
479 880 476 140
480 881 481 142
473 881 480 217
478 881 473 216
481 881 478 141
482 882 483 570
475 882 482 139
480 882 475 217
483 882 480 142
349 119 281 883
347 796 450 484
387 113 332 864
449 884 485 113
485 884 492 218
487 885 390 132
486 885 487 793
390 885 821 859
332 886 487 132
488 886 485 218
487 886 488 793
490 421 393 133
854 196 394 489
393 909 525 114
821 888 490 133
491 888 486 219
490 888 491 143
493 884 449 136
492 884 493 220
458 889 493 136
493 889 500 220
495 890 488 218
494 890 495 221
488 890 496 793
492 891 495 218
1002 258 685 895
495 891 502 221
498 915 491 219
990 654 993 497
491 915 533 143
496 893 498 219
897 505 893 494
498 893 505 144
501 889 458 137
500 889 501 222
466 894 501 137
501 894 508 222
503 891 492 220
502 891 503 223
890 494 893 496
500 896 503 220
1009 681 1007 900
503 896 510 223
897 494 221 506
542 920 505 897
920 542 925 499
502 898 506 221
917 532 914 902
506 898 513 145
509 894 466 138
508 894 509 224
474 899 509 138
509 899 516 224
511 896 500 222
510 896 511 225
545 230 499 504
508 901 511 222
710 257 900 904
511 901 518 225
514 898 502 223
513 898 514 146
512 228 902 507
510 903 514 223
927 539 923 906
514 903 521 146
517 899 474 139
516 899 517 147
482 115 517 139
519 901 508 224
518 901 519 148
919 540 922 512
516 905 519 224
634 233 552 977
519 905 633 148
522 903 510 225
521 903 522 523
980 232 548 515
518 907 522 225
988 651 1006 979
522 907 636 523
525 908 435 114
524 908 525 226
866 908 524 420
829 398 828 887
526 421 490 143
909 529 226 525
528 910 438 134
846 910 528 858
438 910 527 862
524 226 528 134
440 912 851 911
528 226 529 858
530 912 440 135
851 35 34 911
439 205 440 911
527 913 530 862
531 913 846 227
531 912 530 913
533 914 526 143
902 914 533 507
526 914 532 422
1011 685 1014 892
534 915 498 144
533 915 534 507
853 422 536 916
535 916 536 229
529 916 535 858
532 927 536 422
537 917 902 228
927 906 229 536
538 918 531 227
36 918 538 37
851 918 36 35
535 229 538 227
538 924 38 37
541 919 534 144
540 919 541 230
534 919 512 507
505 920 541 144
542 897 506 145
541 920 499 230
544 921 537 228
543 921 544 520
537 921 543 852
512 922 544 228
545 922 540 230
544 922 545 520
923 547 929 546
924 546 39 38
538 229 906 924
906 923 546 924
547 852 543 231
923 539 852 547
549 925 542 145
548 925 549 515
499 928 552 504
513 926 549 145
497 252 647 931
549 926 556 515
532 917 539 927
551 504 552 233
545 504 551 520
499 925 548 928
553 928 548 232
552 928 553 977
554 929 547 231
40 929 554 41
546 929 40 39
551 233 554 231
978 163 651 930
550 160 637 555
557 926 513 146
1008 682 149 932
987 647 989 550
521 116 557 146
149 556 926 932
892 256 678 558
560 933 553 232
559 933 560 631
553 933 559 977
980 934 560 232
561 934 556 149
560 934 561 631
634 935 554 233
42 935 562 43
554 935 42 41
559 150 634 977
562 1009 44 43
564 879 92 91
563 936 573 234
564 936 563 140
90 936 564 91
565 937 566 235
479 937 565 141
563 937 479 140
566 937 563 234
567 938 568 236
481 938 567 142
565 938 481 141
568 938 565 235
964 608 976 940
569 939 571 151
483 939 569 570
567 939 483 142
571 939 567 236
940 115 482 570
573 936 90 89
572 941 582 237
573 941 572 234
88 941 573 89
574 942 575 238
566 942 574 235
572 942 566 234
575 942 572 237
576 943 578 239
568 943 576 236
574 943 568 235
578 943 574 238
966 610 982 577
577 155 608 945
579 944 580 152
571 944 579 151
576 944 571 236
580 944 576 239
613 246 607 965
582 941 88 87
581 946 591 240
582 946 581 237
86 946 582 87
583 947 584 241
575 947 583 238
581 947 575 237
584 947 581 240
585 948 586 242
578 948 585 239
583 948 578 238
586 948 583 241
598 161 595 950
587 949 589 153
580 949 587 152
585 949 580 239
589 949 585 242
620 156 609 588
591 946 86 85
590 951 601 243
591 951 590 240
84 951 591 85
592 952 593 244
584 952 592 241
590 952 584 240
593 952 590 243
594 953 596 245
586 953 594 242
592 953 586 241
596 953 592 244
984 642 981 595
602 264 713 955
597 954 599 154
589 954 597 153
594 954 589 242
599 954 594 245
1032 713 1035 598
601 951 84 83
600 957 80 79
601 957 600 243
82 957 601 83
80 957 82 81
733 266 725 615
603 961 593 243
1038 721 1041 602
593 961 605 244
600 959 603 243
78 959 600 79
603 959 78 77
605 963 596 244
1034 716 986 604
596 963 606 245
974 265 721 958
76 961 603 77
605 961 76 75
606 962 599 245
606 963 74 73
956 154 599 962
604 986 645 960
74 963 605 75
569 964 940 570
607 964 569 965
608 964 607 945
611 966 577 945
609 966 611 588
1033 714 117 610
607 246 611 945
611 246 612 588
614 965 569 151
613 965 614 247
579 967 614 151
614 967 618 247
612 969 616 968
612 968 620 588
612 246 613 969
617 969 613 247
616 969 617 157
619 967 579 152
618 967 619 248
587 970 619 152
619 970 623 248
621 971 622 158
617 971 621 157
618 971 617 247
622 971 618 248
624 970 587 153
623 970 624 249
968 616 1039 620
597 972 624 153
1042 729 1045 974
624 972 628 249
626 973 627 159
622 973 626 158
623 973 622 248
627 973 623 249
628 972 597 154
956 962 72 71
737 1037 716 625
975 628 154 956
72 962 606 73
628 975 627 249
629 975 70 69
627 975 629 159
70 975 956 71
681 150 559 631
517 115 630 147
940 976 630 115
632 976 608 155
630 976 632 250
635 905 516 147
983 641 251 633
551 231 543 520
992 657 1012 978
635 147 630 250
150 562 935 634
637 907 518 148
636 907 637 160
979 116 521 523
633 251 637 148
515 556 934 980
637 251 638 555
639 981 632 155
595 981 639 950
632 981 642 250
577 982 639 155
640 982 610 117
639 982 640 950
642 983 635 250
604 960 641 984
983 633 905 635
604 984 595 161
641 983 642 984
638 960 645 985
648 987 644 985
638 985 644 555
638 251 641 960
716 1037 646 986
645 986 646 118
648 985 645 118
647 987 648 931
644 987 550 555
1036 666 1000 650
648 118 649 931
652 988 636 160
651 988 652 930
636 988 979 523
550 989 652 160
653 989 647 252
652 989 653 930
655 990 649 167
654 990 655 719
649 990 497 931
720 991 655 167
162 991 720 727
655 991 656 719
658 992 653 252
657 992 658 1010
653 992 978 930
497 993 658 252
659 993 654 253
658 993 659 1010
661 994 162 168
650 997 660 1036
656 1036 660 719
663 998 661 168
670 165 664 662
661 998 667 254
665 996 659 253
664 996 665 662
659 996 684 1010
660 997 665 253
666 994 661 254
665 997 650 662
668 998 663 169
667 998 668 995
1023 255 667 995
669 999 734 170
668 999 740 995
671 1000 666 254
670 1000 672 166
650 1000 670 662
667 255 671 254
1000 671 1003 672
1016 693 1019 1002
1018 696 1021 673
740 1001 1023 995
740 1046 675 1001
62 1001 675 63
1023 1001 62 61
677 1003 671 255
676 1004 60 59
643 677 1004 676
1023 1004 677 255
60 1004 1023 61
643 672 1003 677
679 1005 557 116
678 1005 679 558
1005 932 926 557
979 1006 679 116
680 1006 651 163
679 1006 680 558
682 1007 561 149
900 1007 682 904
561 1007 681 631
1008 932 1005 678
683 1008 678 256
682 1008 683 904
681 1009 562 150
1009 900 45 44
996 664 1017 684
684 164 657 1010
686 1011 680 163
685 1011 686 895
680 1011 892 558
978 1012 686 163
687 1012 657 164
686 1012 687 895
689 1013 683 256
688 1013 689 1053
683 1013 710 904
892 1014 689 256
690 1014 685 258
689 1014 690 1053
46 257 691 47
900 257 46 45
710 1015 691 257
699 1015 688 259
691 1020 48 47
694 1016 687 164
693 1016 694 260
687 1016 1002 895
684 1017 694 164
695 1017 664 165
695 260 694 1017
697 1018 690 258
696 1018 697 1027
690 1018 673 1053
1002 1019 697 258
744 1049 1022 698
1031 712 1030 261
1025 705 1024 692
1020 700 49 48
691 1015 699 1020
673 1021 699 259
696 1026 700 1021
1020 699 1021 700
702 1029 695 165
701 1029 702 1050
269 742 1052 1022
670 166 702 165
1054 744 698 674
702 166 703 1050
692 1024 693 260
704 1024 705 263
1019 693 1024 704
701 1025 692 1029
706 1025 701 262
705 1025 706 707
696 1027 708 1026
50 1026 708 51
700 1026 50 49
1027 697 1019 704
708 1027 704 263
261 263 705 707
1028 676 59 58
709 1028 58 57
703 1028 709 1050
695 1029 692 260
1028 703 643 676
1013 688 1015 710
711 262 56 55
56 262 709 57
711 707 706 262
261 1030 708 263
52 1030 712 53
708 1030 52 51
711 1031 261 707
54 1031 711 55
712 1031 54 53
714 1032 640 117
713 1032 714 955
640 1032 598 950
1033 610 966 609
715 1033 609 156
714 1033 715 955
717 1034 604 161
716 1034 717 625
994 656 991 162
598 1035 717 161
718 1035 713 264
717 1035 718 625
660 253 654 719
656 994 666 1036
646 167 649 118
703 166 672 643
646 1037 720 167
722 1038 715 156
721 1038 722 958
715 1038 602 955
620 1039 722 156
723 1039 616 157
722 1039 723 958
725 1040 718 264
724 1040 725 266
718 1040 737 625
602 1041 725 264
726 1041 721 265
725 1041 726 615
737 727 720 1037
724 168 162 727
621 1043 729 1042
738 268 730 728
723 1042 974 958
621 1042 723 157
729 1043 735 267
731 1044 726 265
730 1044 731 728
726 1044 730 615
974 1045 731 265
732 1045 729 267
731 1045 732 728
663 266 733 169
724 266 663 168
730 268 733 615
669 1054 674 1046
733 268 734 169
736 1043 621 158
735 1043 736 269
626 1047 736 158
736 1047 742 269
739 1048 732 267
1048 739 270 746
732 1048 738 728
735 1049 739 267
739 1049 744 270
669 1046 740 999
734 999 668 169
1048 746 170 738
675 1046 674 741
709 262 701 1050
743 1047 626 159
742 1051 68 67
1040 724 727 737
629 1051 743 159
68 1051 629 69
742 1047 743 1051
698 1022 1052 745
745 741 674 698
1022 1049 735 269
66 1052 742 67
745 1052 66 65
170 734 268 738
741 64 63 675
673 259 688 1053
744 1054 746 270
745 65 64 741
669 170 746 1054
311 190 358 763
766 299 765 1056
752 278 751 172
804 361 807 1058
309 182 314 779
806 364 839 1060
373 129 364 1061
833 355 800 1062
355 127 346 1063
112
2.412498 0.355297 3.872983
2.474648 0.346047 3.872983
2.474648 0.346047 3.872983
2.536563 0.335335 3.872983
2.536563 0.335335 3.872983
2.509922 0.325710 3.761144
2.350152 0.363126 3.872983
2.412498 0.355297 3.872983
2.287647 0.369552 3.872983
2.350152 0.363126 3.872983
2.225012 0.374562 3.872983
2.287647 0.369552 3.872983
2.162277 0.378117 3.872983
2.225012 0.374562 3.872983
2.099475 0.380142 3.872983
2.162277 0.378117 3.872983
2.036642 0.380527 3.872983
2.099475 0.380142 3.872983
2.509922 0.325710 3.761144
2.483282 0.316085 3.649305
2.483282 0.316085 3.649305
2.456642 0.306460 3.537466
2.456642 0.306460 3.537466
2.430002 0.296835 3.425627
2.430002 0.296835 3.425627
2.403362 0.287209 3.313788
2.403362 0.287209 3.313788
2.376721 0.277584 3.201949
2.376721 0.277584 3.201949
2.350081 0.267959 3.090110
2.350081 0.267959 3.090110
2.323441 0.258334 2.978271
2.323441 0.258334 2.978271
2.296801 0.248709 2.866432
2.296801 0.248709 2.866432
2.270160 0.239083 2.754593
2.270160 0.239083 2.754593
2.243520 0.229458 2.642754
1.911097 0.375475 3.872983
1.973825 0.379116 3.872983
1.973825 0.379116 3.872983
2.036642 0.380527 3.872983
1.848649 0.368566 3.872983
1.911097 0.375475 3.872983
1.786721 0.357965 3.872983
1.848649 0.368566 3.872983
1.666130 0.323130 3.872983
1.725679 0.343133 3.872983
1.725679 0.343133 3.872983
1.786721 0.357965 3.872983
1.637319 0.310617 3.872983
1.666130 0.323130 3.872983
1.609663 0.295725 3.872983
1.637319 0.310617 3.872983
1.596598 0.287008 3.872983
1.609663 0.295725 3.872983
1.584509 0.276983 3.872983
1.596598 0.287008 3.872983
1.574697 0.264983 3.872983
1.584509 0.276983 3.872983
1.486572 0.236165 3.662638
1.529259 0.242947 3.767811
1.529259 0.242947 3.767811
1.571946 0.249728 3.872983
1.571946 0.249728 3.872983
1.574697 0.264983 3.872983
1.443885 0.229384 3.557465
1.486572 0.236165 3.662638
1.401198 0.222602 3.452292
1.443885 0.229384 3.557465
1.315824 0.209039 3.241947
1.358511 0.215821 3.347120
1.358511 0.215821 3.347120
1.401198 0.222602 3.452292
1.230450 0.195476 3.031602
1.273137 0.202258 3.136774
1.273137 0.202258 3.136774
1.315824 0.209039 3.241947
1.145077 0.181913 2.821256
1.187764 0.188695 2.926429
1.187764 0.188695 2.926429
1.230450 0.195476 3.031602
1.059703 0.168350 2.610911
1.102390 0.175132 2.716083
1.102390 0.175132 2.716083
1.145077 0.181913 2.821256
1.017016 0.161569 2.505738
1.059703 0.168350 2.610911
2.243520 0.229458 2.642754
2.216880 0.219833 2.530915
2.216880 0.219833 2.530915
2.190240 0.210208 2.419076
2.190240 0.210208 2.419076
2.163599 0.200583 2.307237
2.163599 0.200583 2.307237
2.136959 0.190958 2.195398
2.136959 0.190958 2.195398
2.110319 0.181332 2.083559
2.110319 0.181332 2.083559
2.083679 0.171707 1.971720
2.083679 0.171707 1.971720
2.057038 0.162082 1.859881
2.057038 0.162082 1.859881
2.030398 0.152457 1.748042
2.030398 0.152457 1.748042
2.003758 0.142832 1.636203
2.003758 0.142832 1.636203
1.977118 0.133207 1.524364
0.974329 0.154787 2.400565
1.017016 0.161569 2.505738
0.888955 0.141224 2.190220
0.931642 0.148006 2.295393
0.931642 0.148006 2.295393
0.974329 0.154787 2.400565
0.846268 0.134443 2.085047
0.888955 0.141224 2.190220
0.803581 0.127661 1.979874
0.846268 0.134443 2.085047
0.718207 0.114098 1.769529
0.760894 0.120880 1.874702
0.760894 0.120880 1.874702
0.803581 0.127661 1.979874
0.632833 0.100536 1.559184
0.675520 0.107317 1.664356
0.675520 0.107317 1.664356
0.718207 0.114098 1.769529
0.590146 0.093754 1.454011
0.632833 0.100536 1.559184
1.977118 0.133207 1.524364
1.950478 0.123581 1.412525
1.950478 0.123581 1.412525
1.923837 0.113956 1.300686
1.923837 0.113956 1.300686
1.897197 0.104331 1.188847
1.897197 0.104331 1.188847
1.870557 0.094706 1.077008
1.870557 0.094706 1.077008
1.843917 0.085081 0.965169
1.843917 0.085081 0.965169
1.817276 0.075455 0.853330
1.817276 0.075455 0.853330
1.790636 0.065830 0.741491
1.790636 0.065830 0.741491
1.763996 0.056205 0.629652
1.763996 0.056205 0.629652
1.737356 0.046580 0.517813
1.593681 0.052256 0.303317
1.502662 0.075027 0.311903
1.737356 0.046580 0.517813
1.710715 0.036955 0.405974
1.710715 0.036955 0.405974
1.684075 0.027330 0.294135
1.684075 0.027330 0.294135
1.593681 0.052256 0.303317
1.502662 0.075027 0.311903
1.399560 0.098213 0.321401
1.399560 0.098213 0.321401
1.295945 0.118859 0.331174
1.295945 0.118859 0.331174
1.239940 0.128932 0.336684
1.239940 0.128932 0.336684
1.183828 0.138256 0.342426
1.125286 0.147151 0.348693
1.066655 0.155187 0.355287
1.183828 0.138256 0.342426
1.125286 0.147151 0.348693
1.006075 0.162536 0.362467
0.945431 0.168874 0.370053
1.066655 0.155187 0.355287
1.006075 0.162536 0.362467
0.883635 0.174220 0.378213
0.821809 0.178365 0.386826
0.945431 0.168874 0.370053
0.883635 0.174220 0.378213
0.399879 0.148448 0.462837
0.331737 0.128256 0.477496
0.331737 0.128256 0.477496
0.266379 0.100180 0.491850
0.253964 0.093177 0.494621
0.241940 0.085502 0.497337
0.266379 0.100180 0.491850
0.253964 0.093177 0.494621
0.547459 0.086973 1.348838
0.590146 0.093754 1.454011
0.462085 0.073410 1.138493
0.504772 0.080191 1.243666
0.504772 0.080191 1.243666
0.547459 0.086973 1.348838
0.419398 0.066628 1.033320
0.462085 0.073410 1.138493
0.376712 0.059847 0.928147
0.419398 0.066628 1.033320
0.291338 0.046284 0.717802
0.334025 0.053065 0.822975
0.334025 0.053065 0.822975
0.376712 0.059847 0.928147
0.241940 0.085502 0.497337
0.231803 0.078038 0.499668
0.231803 0.078038 0.499668
0.222326 0.069728 0.501916
0.214945 0.061594 0.503767
0.208967 0.052346 0.505450
0.222326 0.069728 0.501916
0.214945 0.061594 0.503767
0.205964 0.032721 0.507457
0.248651 0.039502 0.612629
0.248651 0.039502 0.612629
0.291338 0.046284 0.717802
0.208967 0.052346 0.505450
0.205737 0.042823 0.506699
0.205737 0.042823 0.506699
0.205964 0.032721 0.507457
0.760535 0.181129 0.395843
0.699308 0.181980 0.405546
0.821809 0.178365 0.386826
0.760535 0.181129 0.395843
0.699308 0.181980 0.405546
0.642500 0.180755 0.415231
0.642500 0.180755 0.415231
0.585879 0.177439 0.425500
0.492194 0.166740 0.443702
0.399879 0.148448 0.462837
0.585879 0.177439 0.425500
0.492194 0.166740 0.443702
