77 55
1.571946 0.249728 -3.872983 
1.574697 0.264983 -3.872983 
1.584509 0.276983 -3.872983 
1.596598 0.287008 -3.872983 
1.609663 0.295725 -3.872983 
1.637319 0.310617 -3.872983 
1.666130 0.323130 -3.872983 
1.725679 0.343133 -3.872983 
1.786721 0.357965 -3.872983 
1.848649 0.368566 -3.872983 
1.911097 0.375475 -3.872983 
1.973825 0.379116 -3.872983 
2.036642 0.380527 -3.872983 
2.099475 0.380142 -3.872983 
2.162277 0.378117 -3.872983 
2.225012 0.374562 -3.872983 
2.287647 0.369552 -3.872983 
2.350152 0.363126 -3.872983 
2.412498 0.355297 -3.872983 
2.474648 0.346047 -3.872983 
2.536563 0.335335 -3.872983 
2.536507 0.334117 -3.872983 
2.536452 0.332898 -3.872983 
2.475654 0.327109 -3.872983 
2.414883 0.321036 -3.872983 
2.354146 0.314633 -3.872983 
2.293447 0.307876 -3.872983 
2.232789 0.300770 -3.872983 
2.172168 0.293348 -3.872983 
2.111578 0.285677 -3.872983 
2.051007 0.277859 -3.872983 
1.990436 0.270045 -3.872983 
1.929856 0.262295 -3.872983 
1.869335 0.254098 -3.872983 
1.808833 0.245759 -3.872983 
1.748267 0.237917 -3.872983 
1.687514 0.231693 -3.872983 
1.657035 0.229881 -3.872983 
1.626501 0.229799 -3.872983 
1.611276 0.230900 -3.872983 
1.596215 0.233395 -3.872983 
1.582031 0.238517 -3.872983 
2.404227 0.336226 -3.872983 
1.588909 0.268303 -3.872983 
1.705243 0.269206 -3.872983 
1.617426 0.279736 -3.872983 
2.274320 0.349057 -3.872983 
1.679135 0.300045 -3.872983 
1.776973 0.318605 -3.872983 
1.819185 0.283367 -3.872983 
1.894476 0.331486 -3.872983 
2.315633 0.325445 -3.872983 
2.197247 0.326512 -3.872983 
2.153764 0.351922 -3.872983 
1.943914 0.300302 -3.872983 
2.071695 0.316994 -3.872983 
1.586002 0.258563 -3.872983 
1.614081 0.255352 -3.872983 
1.597966 0.271267 -3.872983 
1.668057 0.264972 -3.872983 
1.647567 0.292061 -3.872983 
1.721954 0.307183 -3.872983 
1.760235 0.276951 -3.872983 
1.829012 0.321116 -3.872983 
2.341849 0.347850 -3.872983 
2.261763 0.328083 -3.872983 
2.136279 0.322003 -3.872983 
2.209154 0.348905 -3.872983 
1.879523 0.292716 -3.872983 
1.958425 0.338139 -3.872983 
2.007836 0.309481 -3.872983 
2.084580 0.347674 -3.872983 
2.475137 0.336577 -3.872983 
2.357174 0.325551 -3.872983 
2.022411 0.344434 -3.872983 
1.597755 0.252300 -3.872983 
1.637672 0.260714 -3.872983 

43 73 24 25
72 56 71 75
24 73 22 23
57 76 41 42
2 57 42 1
44 57 2 3
58 77 39 40
76 58 40 41
62 49 63 45
46 59 4 5
57 44 59 76
4 59 44 3
60 45 37 38
77 60 38 39
66 53 68 47
48 61 6 7
58 46 61 77
6 61 46 5
60 48 62 45
8 62 48 7
49 62 8 9
36 63 50 35
45 63 36 37
64 50 63 49
50 69 34 35
64 49 9 10
51 64 10 11
65 47 17 18
65 52 66 47
28 66 52 27
53 66 28 29
67 53 29 30
56 72 54 67
16 68 54 15
47 68 16 17
67 54 68 53
34 69 55 33
50 64 51 69
70 55 69 51
55 71 32 33
70 51 11 12
75 70 12 13
32 71 56 31
55 70 75 71
54 72 14 15
56 67 30 31
14 72 75 13
22 73 20 21
20 73 43 19
26 74 43 25
52 74 26 27
43 74 52 65
43 65 18 19
59 46 58 76
61 48 60 77
42
2.475654 0.327109 -3.872983
2.414883 0.321036 -3.872983
2.536507 0.334117 -3.872983
2.536452 0.332898 -3.872983
2.536452 0.332898 -3.872983
2.475654 0.327109 -3.872983
1.596215 0.233395 -3.872983
1.582031 0.238517 -3.872983
1.582031 0.238517 -3.872983
1.571946 0.249728 -3.872983
1.571946 0.249728 -3.872983
1.574697 0.264983 -3.872983
1.574697 0.264983 -3.872983
1.584509 0.276983 -3.872983
1.626501 0.229799 -3.872983
1.611276 0.230900 -3.872983
1.611276 0.230900 -3.872983
1.596215 0.233395 -3.872983
1.596598 0.287008 -3.872983
1.609663 0.295725 -3.872983
1.584509 0.276983 -3.872983
1.596598 0.287008 -3.872983
1.687514 0.231693 -3.872983
1.657035 0.229881 -3.872983
1.657035 0.229881 -3.872983
1.626501 0.229799 -3.872983
1.637319 0.310617 -3.872983
1.666130 0.323130 -3.872983
1.609663 0.295725 -3.872983
1.637319 0.310617 -3.872983
1.666130 0.323130 -3.872983
1.725679 0.343133 -3.872983
1.725679 0.343133 -3.872983
1.786721 0.357965 -3.872983
1.808833 0.245759 -3.872983
1.748267 0.237917 -3.872983
1.748267 0.237917 -3.872983
1.687514 0.231693 -3.872983
1.869335 0.254098 -3.872983
1.808833 0.245759 -3.872983
1.786721 0.357965 -3.872983
1.848649 0.368566 -3.872983
1.848649 0.368566 -3.872983
1.911097 0.375475 -3.872983
2.287647 0.369552 -3.872983
2.350152 0.363126 -3.872983
2.293447 0.307876 -3.872983
2.232789 0.300770 -3.872983
2.232789 0.300770 -3.872983
2.172168 0.293348 -3.872983
2.172168 0.293348 -3.872983
2.111578 0.285677 -3.872983
2.162277 0.378117 -3.872983
2.225012 0.374562 -3.872983
2.225012 0.374562 -3.872983
2.287647 0.369552 -3.872983
1.929856 0.262295 -3.872983
1.869335 0.254098 -3.872983
1.990436 0.270045 -3.872983
1.929856 0.262295 -3.872983
1.911097 0.375475 -3.872983
1.973825 0.379116 -3.872983
1.973825 0.379116 -3.872983
2.036642 0.380527 -3.872983
2.051007 0.277859 -3.872983
1.990436 0.270045 -3.872983
2.099475 0.380142 -3.872983
2.162277 0.378117 -3.872983
2.111578 0.285677 -3.872983
2.051007 0.277859 -3.872983
2.036642 0.380527 -3.872983
2.099475 0.380142 -3.872983
2.474648 0.346047 -3.872983
2.536563 0.335335 -3.872983
2.536563 0.335335 -3.872983
2.536507 0.334117 -3.872983
2.412498 0.355297 -3.872983
2.474648 0.346047 -3.872983
2.414883 0.321036 -3.872983
2.354146 0.314633 -3.872983
2.354146 0.314633 -3.872983
2.293447 0.307876 -3.872983
2.350152 0.363126 -3.872983
2.412498 0.355297 -3.872983
