1125 1069
1.684075 0.027330 -0.294135 
1.598023 0.051113 -0.302896 
1.511398 0.072938 -0.311094 
1.413723 0.095186 -0.320092 
1.315574 0.115149 -0.329286 
1.207375 0.134437 -0.339987 
1.098806 0.150890 -0.351630 
1.041460 0.158363 -0.358226 
0.984048 0.164959 -0.365175 
0.925310 0.170741 -0.372661 
0.866533 0.175489 -0.380551 
0.807466 0.179146 -0.388889 
0.748400 0.181472 -0.397703 
0.691874 0.181932 -0.406777 
0.635468 0.180461 -0.416474 
0.539626 0.173027 -0.434311 
0.444849 0.158459 -0.453391 
0.372826 0.141249 -0.468614 
0.302779 0.117221 -0.483820 
0.274723 0.104489 -0.489999 
0.247827 0.089389 -0.496002 
0.232885 0.078892 -0.499417 
0.219299 0.066643 -0.502659 
0.213504 0.059696 -0.504149 
0.208776 0.051959 -0.505510 
0.205701 0.042608 -0.506721 
0.205964 0.032721 -0.507457 
0.248651 0.039502 -0.612629 
0.291338 0.046284 -0.717802 
0.334025 0.053065 -0.822975 
0.376712 0.059847 -0.928147 
0.419398 0.066628 -1.033320 
0.462085 0.073410 -1.138493 
0.504772 0.080191 -1.243666 
0.547459 0.086973 -1.348838 
0.590146 0.093754 -1.454011 
0.632833 0.100536 -1.559184 
0.675520 0.107317 -1.664356 
0.718207 0.114098 -1.769529 
0.760894 0.120880 -1.874702 
0.803581 0.127661 -1.979874 
0.846268 0.134443 -2.085047 
0.888955 0.141224 -2.190220 
0.931642 0.148006 -2.295393 
0.974329 0.154787 -2.400565 
1.017016 0.161569 -2.505738 
1.059703 0.168350 -2.610911 
1.102390 0.175132 -2.716083 
1.145077 0.181913 -2.821256 
1.187764 0.188695 -2.926429 
1.230450 0.195476 -3.031602 
1.273137 0.202258 -3.136774 
1.315824 0.209039 -3.241947 
1.358511 0.215821 -3.347120 
1.401198 0.222602 -3.452292 
1.443885 0.229384 -3.557465 
1.486572 0.236165 -3.662638 
1.529259 0.242947 -3.767811 
1.571946 0.249728 -3.872983 
1.574697 0.264983 -3.872983 
1.584509 0.276983 -3.872983 
1.596598 0.287008 -3.872983 
1.609663 0.295725 -3.872983 
1.637319 0.310617 -3.872983 
1.666130 0.323130 -3.872983 
1.725679 0.343133 -3.872983 
1.786721 0.357965 -3.872983 
1.848649 0.368566 -3.872983 
1.911097 0.375475 -3.872983 
1.973825 0.379116 -3.872983 
2.036642 0.380527 -3.872983 
2.099475 0.380142 -3.872983 
2.162277 0.378117 -3.872983 
2.225012 0.374562 -3.872983 
2.287647 0.369552 -3.872983 
2.350152 0.363126 -3.872983 
2.412498 0.355297 -3.872983 
2.474648 0.346047 -3.872983 
2.536563 0.335335 -3.872983 
2.509922 0.325710 -3.761144 
2.483282 0.316085 -3.649305 
2.456642 0.306460 -3.537466 
2.430002 0.296835 -3.425627 
2.403362 0.287209 -3.313788 
2.376721 0.277584 -3.201949 
2.350081 0.267959 -3.090110 
2.323441 0.258334 -2.978271 
2.296801 0.248709 -2.866432 
2.270160 0.239083 -2.754593 
2.243520 0.229458 -2.642754 
2.216880 0.219833 -2.530915 
2.190240 0.210208 -2.419076 
2.163599 0.200583 -2.307237 
2.136959 0.190958 -2.195398 
2.110319 0.181332 -2.083559 
2.083679 0.171707 -1.971720 
2.057038 0.162082 -1.859881 
2.030398 0.152457 -1.748042 
2.003758 0.142832 -1.636203 
1.977118 0.133207 -1.524364 
1.950478 0.123581 -1.412525 
1.923837 0.113956 -1.300686 
1.897197 0.104331 -1.188847 
1.870557 0.094706 -1.077008 
1.843917 0.085081 -0.965169 
1.817276 0.075455 -0.853330 
1.790636 0.065830 -0.741491 
1.763996 0.056205 -0.629652 
1.737356 0.046580 -0.517813 
1.710715 0.036955 -0.405974 
1.513471 0.303405 -2.557086 
1.876669 0.275483 -2.497274 
1.173769 0.242042 -1.486014 
1.569957 0.194343 -1.364357 
1.105791 0.230747 -1.288140 
1.417583 0.213507 -1.352020 
1.755815 0.353551 -3.554254 
1.715453 0.347377 -3.447349 
1.720678 0.342599 -3.265483 
1.667606 0.327494 -2.976553 
1.605041 0.315916 -2.773912 
1.130610 0.239176 -2.567419 
1.281452 0.282546 -2.552597 
1.366641 0.295488 -2.590759 
2.151476 0.352777 -3.568841 
2.103749 0.343970 -3.430012 
2.057170 0.336331 -3.304292 
2.002083 0.310506 -2.981065 
1.935891 0.293633 -2.740982 
1.636074 0.298822 -2.524368 
1.755914 0.288822 -2.501233 
1.998325 0.255578 -2.477129 
2.143692 0.235745 -2.531760 
1.422568 0.291109 -2.343704 
1.369696 0.276636 -2.088339 
1.298880 0.265099 -1.886055 
1.215636 0.250194 -1.626453 
0.708232 0.173923 -1.531909 
0.856323 0.219357 -1.480275 
1.024563 0.238983 -1.464920 
1.812307 0.259729 -2.270872 
1.755236 0.242981 -2.044518 
1.692874 0.227290 -1.821538 
1.629346 0.210405 -1.586403 
1.274245 0.244607 -1.573612 
1.404540 0.232437 -1.536444 
1.712445 0.170166 -1.367523 
1.824307 0.153159 -1.411914 
0.908956 0.223282 -1.205253 
0.832840 0.215401 -1.144719 
0.691273 0.195303 -0.827920 
0.464195 0.156208 -0.667515 
1.025052 0.227392 -1.214277 
0.912764 0.214284 -0.983577 
0.849334 0.209268 -0.909462 
0.650143 0.188814 -0.689007 
1.182479 0.229425 -1.310859 
1.314559 0.218197 -1.289280 
1.505241 0.177914 -1.132018 
1.433156 0.163147 -0.903808 
1.351620 0.150260 -0.678328 
1.606419 0.157340 -1.105771 
1.342239 0.200757 -1.136587 
1.254334 0.186729 -0.893139 
1.130309 0.185573 -0.743094 
1.034756 0.176445 -0.544097 
1.617109 0.324639 -3.635813 
1.700219 0.345008 -3.644177 
1.456510 0.266279 -3.523283 
1.577751 0.321233 -3.490848 
1.628411 0.334995 -3.398725 
1.368056 0.269814 -3.202960 
1.491948 0.311456 -3.198027 
1.580692 0.326823 -3.088704 
1.279639 0.254219 -2.999762 
1.407446 0.300323 -2.929209 
1.544806 0.320178 -2.937400 
1.215191 0.251270 -2.784130 
1.358537 0.293712 -2.770308 
1.457769 0.309390 -2.856096 
1.846859 0.367142 -3.772745 
1.993047 0.366846 -3.646785 
1.844967 0.351357 -3.382479 
1.981144 0.354631 -3.466353 
1.795403 0.334297 -3.099859 
1.921779 0.335130 -3.178215 
1.787217 0.322902 -2.934946 
1.881690 0.330273 -3.089888 
1.705092 0.311772 -2.738703 
1.805041 0.301986 -2.693295 
2.291938 0.351467 -3.698238 
2.332739 0.335522 -3.601633 
2.218174 0.318886 -3.312394 
2.311906 0.320646 -3.447439 
2.189193 0.296464 -3.080778 
2.288603 0.288798 -3.156111 
2.127626 0.303072 -3.058493 
2.242838 0.283604 -3.049437 
2.051002 0.273693 -2.702311 
2.126643 0.263440 -2.722018 
1.049326 0.226772 -2.366547 
1.194336 0.269531 -2.333878 
1.331048 0.286330 -2.317476 
0.960231 0.212073 -2.156595 
1.100763 0.255648 -2.094606 
1.244378 0.273899 -2.108306 
0.882420 0.201000 -1.957210 
1.048604 0.247996 -1.955952 
1.146154 0.259593 -1.863332 
0.789868 0.185167 -1.743969 
0.934759 0.231075 -1.671239 
1.084752 0.250842 -1.716911 
1.564942 0.284923 -2.296126 
1.693562 0.274406 -2.283447 
1.498977 0.272631 -2.092233 
1.628292 0.259972 -2.062733 
1.434022 0.258468 -1.865601 
1.560623 0.245944 -1.843719 
1.363917 0.241970 -1.607506 
1.491241 0.230171 -1.604707 
1.938612 0.237433 -2.242537 
2.008603 0.223297 -2.231119 
1.877913 0.223202 -2.038851 
1.931642 0.217692 -2.072346 
1.819961 0.205624 -1.811459 
1.919750 0.190139 -1.840187 
1.766204 0.187113 -1.583015 
1.890297 0.166095 -1.613588 
0.609252 0.154896 -1.320335 
0.741755 0.199490 -1.309485 
0.849778 0.219220 -1.308468 
0.511931 0.133666 -1.124881 
0.619283 0.177175 -1.098756 
0.689664 0.194979 -1.043299 
0.390537 0.098037 -0.908707 
0.470026 0.145995 -0.858921 
0.568244 0.174885 -0.838892 
0.296277 0.077277 -0.696211 
0.398838 0.131425 -0.724725 
0.421737 0.142603 -0.689267 
1.650379 0.152378 -1.132943 
1.821528 0.110782 -1.102661 
1.588286 0.137044 -0.917453 
1.700817 0.111805 -0.907468 
1.523353 0.123220 -0.709070 
1.695027 0.099482 -0.809023 
1.505188 0.099211 -0.496037 
1.622714 0.074716 -0.510721 
1.096380 0.218464 -1.107726 
1.236815 0.205835 -1.074475 
1.011065 0.208174 -0.914166 
1.189097 0.198636 -0.946643 
0.920063 0.201256 -0.766730 
0.987170 0.195017 -0.722508 
0.811372 0.194635 -0.629658 
0.930722 0.184804 -0.548886 
1.621607 0.317470 -3.750285 
1.557487 0.287670 -3.744177 
1.747299 0.353219 -3.649712 
1.680531 0.336333 -3.758403 
1.919210 0.318923 -2.986415 
1.501620 0.272552 -3.637632 
2.060283 0.324642 -3.185305 
1.534987 0.311903 -3.434901 
1.475389 0.285463 -3.474558 
1.655953 0.335084 -3.642704 
1.593527 0.328401 -3.396370 
1.903347 0.367856 -3.680825 
1.710447 0.347621 -3.543417 
1.677793 0.342623 -3.441015 
1.392416 0.269050 -3.295635 
1.412748 0.257405 -3.424258 
1.852033 0.357218 -3.489875 
1.494633 0.308348 -3.288614 
1.444625 0.289331 -3.322683 
1.396669 0.282779 -3.195768 
1.633021 0.335852 -3.325182 
1.588536 0.329025 -3.190491 
1.546849 0.321764 -3.259108 
1.721076 0.345725 -3.354456 
1.671852 0.338993 -3.252700 
1.625562 0.331821 -3.126288 
1.337225 0.269578 -3.089071 
1.340742 0.254136 -3.209794 
1.420286 0.295313 -2.432888 
1.304517 0.278526 -2.834113 
1.402357 0.295513 -3.034783 
1.316422 0.285337 -2.748152 
1.543448 0.322043 -3.051929 
1.501139 0.315109 -3.131036 
1.456963 0.309093 -2.973967 
1.661132 0.331245 -3.055378 
2.392204 0.336137 -3.682729 
1.583203 0.324354 -2.979589 
1.245475 0.251289 -2.898015 
1.257733 0.240186 -3.011013 
1.148310 0.257446 -2.395995 
1.359201 0.290810 -2.883228 
1.303786 0.272476 -2.920948 
1.273088 0.269826 -2.818083 
1.501973 0.315155 -2.895554 
1.408804 0.302155 -2.814170 
1.665196 0.317792 -2.810479 
1.603262 0.320032 -2.852065 
1.563259 0.316756 -2.805946 
1.458990 0.304985 -2.635140 
1.163026 0.239562 -2.687221 
1.172224 0.225967 -2.805270 
1.282330 0.282996 -2.381810 
1.277146 0.279781 -2.638713 
1.235596 0.265503 -2.705249 
1.188446 0.257721 -2.597649 
1.367486 0.296046 -2.687555 
1.617795 0.324684 -2.941862 
1.323734 0.289524 -2.569891 
1.511553 0.308691 -2.664327 
1.460458 0.307962 -2.738261 
1.409768 0.300466 -2.611428 
2.310509 0.311602 -3.370221 
1.791245 0.359897 -3.767129 
1.846195 0.364308 -3.663683 
1.948441 0.367993 -3.664430 
2.264839 0.303419 -3.240764 
2.043286 0.371820 -3.734209 
2.176700 0.369963 -3.782841 
2.256364 0.337528 -3.527246 
2.140649 0.363201 -3.676512 
1.896414 0.363292 -3.591023 
1.801145 0.358008 -3.565557 
1.762135 0.351933 -3.459935 
1.979049 0.360512 -3.548019 
1.934537 0.356786 -3.479359 
1.888699 0.350400 -3.370461 
2.092818 0.353277 -3.523967 
2.029008 0.360466 -3.569326 
2.018451 0.353590 -3.473964 
1.803101 0.350345 -3.374403 
1.666402 0.335374 -3.150285 
1.760769 0.344344 -3.273021 
1.926996 0.343190 -3.284373 
1.841041 0.345076 -3.277463 
1.798666 0.339465 -3.180940 
2.056523 0.345434 -3.404441 
2.006149 0.337968 -3.277139 
1.968303 0.330642 -3.161532 
1.789599 0.329000 -3.020276 
1.748555 0.333982 -3.085584 
1.701647 0.328726 -2.994896 
1.881581 0.338052 -3.190653 
1.836792 0.333207 -3.101373 
1.829901 0.321576 -2.945088 
2.000062 0.319877 -3.074371 
1.926620 0.326498 -3.078784 
1.876119 0.323640 -3.004527 
1.736446 0.325100 -2.942782 
1.665398 0.322913 -2.894652 
1.626061 0.316735 -2.787825 
1.809454 0.308266 -2.768973 
1.779618 0.316399 -2.845209 
1.747746 0.311596 -2.762487 
1.911694 0.308296 -2.863947 
1.845465 0.310054 -2.820677 
1.841453 0.304683 -2.756921 
1.664870 0.312032 -2.723050 
1.594490 0.310746 -2.684530 
1.566702 0.305174 -2.588901 
1.754035 0.297040 -2.591506 
1.710833 0.305400 -2.658355 
1.675767 0.298740 -2.549425 
1.870608 0.285882 -2.591014 
1.821272 0.296128 -2.644319 
1.791536 0.288045 -2.528270 
1.929957 0.349993 -3.378440 
2.242506 0.356999 -3.700243 
2.205607 0.351827 -3.610676 
2.342882 0.344168 -3.690241 
2.290269 0.360581 -3.784765 
2.294949 0.341575 -3.609635 
2.433412 0.329343 -3.681903 
2.376234 0.326102 -3.578171 
2.207710 0.330234 -3.402903 
2.155286 0.342816 -3.468039 
2.366094 0.300461 -3.359009 
2.313764 0.329231 -3.523136 
2.295531 0.323631 -3.451603 
2.262698 0.315539 -3.339817 
2.393175 0.307892 -3.455794 
2.116022 0.286514 -2.898748 
2.150223 0.310808 -3.156015 
2.116832 0.318965 -3.191789 
2.108410 0.334065 -3.330983 
2.278833 0.301926 -3.247620 
2.228021 0.307428 -3.225265 
2.190723 0.302244 -3.132054 
2.337629 0.310492 -3.398268 
2.345605 0.290880 -3.255133 
2.168097 0.294431 -3.035454 
2.086365 0.308994 -3.062306 
2.045662 0.305510 -2.981676 
2.160886 0.285921 -2.954030 
2.207590 0.292472 -3.072199 
2.217512 0.274951 -2.944430 
2.258051 0.293875 -3.153355 
2.270709 0.275529 -3.026650 
2.093589 0.289684 -2.896793 
1.998778 0.301029 -2.884571 
1.975124 0.292458 -2.775176 
2.127706 0.275567 -2.822444 
2.134333 0.292494 -2.974298 
2.100999 0.267764 -2.720945 
2.083161 0.229563 -2.392219 
2.204006 0.255821 -2.775902 
1.992229 0.268168 -2.576473 
1.946749 0.282923 -2.651585 
1.916473 0.273795 -2.529872 
2.143979 0.247238 -2.619848 
2.063723 0.260299 -2.607336 
2.033211 0.249716 -2.477557 
1.956784 0.271772 -2.562195 
2.178988 0.230035 -2.544129 
1.074034 0.226827 -2.460269 
1.087053 0.213512 -2.591828 
1.249243 0.267787 -1.940995 
1.195388 0.267845 -2.422952 
1.150160 0.253096 -2.485111 
1.092232 0.243264 -2.357352 
1.329019 0.288341 -2.399625 
1.285354 0.283807 -2.462426 
1.240840 0.277169 -2.362996 
1.463766 0.301433 -2.537500 
1.371873 0.294595 -2.504055 
1.377477 0.289366 -2.331838 
1.018173 0.226514 -2.243757 
1.008412 0.205612 -2.375250 
0.985460 0.232421 -2.002181 
1.196655 0.270292 -2.165405 
1.098677 0.253074 -2.190966 
1.199817 0.269338 -2.076325 
1.243292 0.275949 -2.196273 
1.195216 0.270367 -2.254533 
1.153442 0.264184 -2.138877 
1.376056 0.281568 -2.173644 
1.333658 0.283381 -2.231043 
1.291617 0.277783 -2.138409 
0.908136 0.201584 -2.049704 
0.923939 0.191944 -2.170716 
1.039465 0.245695 -1.668061 
1.047016 0.245702 -2.049985 
0.981474 0.226303 -2.085727 
0.927435 0.217883 -1.955348 
1.154711 0.262573 -1.956313 
1.105263 0.257048 -2.008085 
1.331867 0.275949 -2.075358 
1.292128 0.269879 -1.968260 
1.248658 0.271476 -2.028751 
1.208039 0.265096 -1.914003 
0.849110 0.200332 -1.831133 
0.839377 0.179556 -1.958695 
0.703887 0.190622 -1.293418 
0.806806 0.204483 -1.579711 
0.929451 0.227586 -1.774561 
0.800291 0.207010 -1.488361 
1.094971 0.254184 -1.826450 
1.041532 0.247592 -1.855798 
0.981665 0.238715 -1.710492 
1.252325 0.263550 -1.856249 
1.207958 0.256330 -1.728265 
1.143598 0.256526 -1.772644 
0.745617 0.176893 -1.647478 
0.753116 0.164727 -1.754586 
0.926612 0.227569 -1.310603 
0.874824 0.219578 -1.633790 
0.813475 0.200919 -1.669509 
0.778837 0.196149 -1.577199 
1.649701 0.284401 -2.354444 
1.007686 0.240012 -1.539942 
1.313634 0.252201 -1.700849 
1.161436 0.247629 -1.574055 
1.105591 0.249839 -1.645351 
1.068787 0.242873 -1.511525 
1.561420 0.292135 -2.391070 
1.514445 0.298017 -2.463486 
1.467827 0.291855 -2.355025 
1.690339 0.283212 -2.376922 
1.642318 0.292054 -2.441298 
1.609225 0.284838 -2.326915 
1.808005 0.270304 -2.366577 
1.763377 0.280904 -2.424057 
1.732733 0.273234 -2.311874 
1.519937 0.285906 -2.282408 
1.428083 0.286300 -2.257382 
1.403795 0.276478 -2.094288 
1.624450 0.269010 -2.156251 
1.572765 0.278404 -2.219616 
1.540248 0.271654 -2.111494 
1.749551 0.254022 -2.140617 
1.701184 0.266005 -2.203383 
1.669040 0.258442 -2.090856 
1.426904 0.266804 -1.967701 
1.372582 0.273395 -2.036789 
1.341431 0.266086 -1.913910 
1.557509 0.255361 -1.940641 
1.506290 0.265451 -2.008836 
1.475146 0.257853 -1.891860 
1.685737 0.238981 -1.920343 
1.636251 0.251501 -1.983946 
1.602145 0.244101 -1.870874 
1.357938 0.250906 -1.713148 
1.304130 0.259811 -1.804994 
1.269930 0.252276 -1.678774 
1.486693 0.239680 -1.699101 
1.440114 0.249539 -1.763485 
1.543182 0.217411 -1.540308 
1.620339 0.222050 -1.680468 
1.574342 0.235678 -1.754870 
1.538289 0.228030 -1.637154 
1.322518 0.243339 -1.590805 
1.222624 0.243729 -1.532197 
1.770742 0.271805 -2.338878 
1.402928 0.241466 -1.636269 
1.363813 0.232982 -1.502709 
1.276049 0.228906 -1.375849 
1.587056 0.214742 -1.570558 
1.498134 0.220110 -1.511839 
1.446752 0.231336 -1.568289 
1.933289 0.249656 -2.337857 
1.885406 0.266620 -2.425255 
1.854249 0.258094 -2.308149 
2.107818 0.241018 -2.517585 
2.006356 0.239251 -2.354216 
1.973635 0.230554 -2.236760 
2.134881 0.216625 -2.375948 
2.138305 0.230014 -2.480385 
1.870207 0.234230 -2.120093 
1.824813 0.249395 -2.191769 
1.793232 0.240670 -2.072520 
1.965499 0.219158 -2.134206 
1.942259 0.224941 -2.145912 
1.907044 0.220352 -2.057613 
2.040748 0.215813 -2.222497 
1.988136 0.213145 -2.121482 
1.814491 0.218184 -1.907178 
1.763351 0.233046 -1.965369 
1.733283 0.224570 -1.850455 
1.930815 0.208452 -1.998244 
1.878052 0.212676 -1.953359 
1.858287 0.202942 -1.846267 
1.943118 0.213416 -2.055620 
1.948364 0.196329 -1.931664 
1.756279 0.200392 -1.676391 
1.701730 0.216621 -1.738228 
1.673768 0.207542 -1.621065 
1.880472 0.175337 -1.666813 
1.831014 0.193654 -1.731862 
1.806314 0.183654 -1.615887 
1.970323 0.153696 -1.655282 
1.909205 0.169617 -1.669936 
1.698820 0.183300 -1.452751 
1.641150 0.200054 -1.511427 
1.612868 0.191372 -1.397468 
1.828450 0.162992 -1.491836 
1.778774 0.175409 -1.509496 
1.752044 0.167220 -1.404798 
1.914309 0.156297 -1.581044 
1.892706 0.141882 -1.441988 
0.654499 0.160695 -1.440497 
0.662026 0.147043 -1.548435 
0.694170 0.194192 -1.130145 
0.757870 0.200109 -1.396494 
0.727100 0.187334 -1.463127 
0.675519 0.177596 -1.360640 
0.949264 0.233946 -1.579028 
0.813224 0.213041 -1.367731 
0.749379 0.201182 -1.311451 
0.948535 0.227334 -1.255135 
0.976042 0.233687 -1.396233 
0.899632 0.226254 -1.391452 
0.546184 0.138497 -1.212003 
0.570240 0.129477 -1.337351 
0.793809 0.203159 -0.814797 
0.649235 0.180860 -1.188144 
0.614364 0.165605 -1.241244 
0.543684 0.149247 -1.122281 
0.767351 0.206790 -1.209802 
0.715741 0.196567 -1.214694 
0.667054 0.188456 -1.120636 
0.880167 0.221972 -1.245575 
0.789833 0.210443 -1.169377 
0.719775 0.200087 -1.045226 
0.460178 0.124287 -1.006211 
0.482206 0.114383 -1.126431 
0.379501 0.115232 -0.786261 
0.568331 0.171924 -0.922217 
0.508128 0.151153 -0.960204 
0.525952 0.165164 -0.826795 
0.600744 0.179258 -0.935005 
0.599625 0.175964 -1.014353 
0.523795 0.160719 -0.899876 
0.724205 0.200348 -0.931395 
0.664587 0.191707 -0.943488 
0.593684 0.180087 -0.844192 
0.337065 0.079349 -0.807739 
0.373528 0.080692 -0.906630 
1.083037 0.182494 -0.660316 
0.422179 0.130891 -0.821171 
0.391324 0.111734 -0.848068 
0.345843 0.103476 -0.742990 
0.456474 0.149603 -0.749115 
0.439834 0.142014 -0.777306 
0.604439 0.183080 -0.663287 
0.653528 0.190427 -0.839695 
0.520564 0.166873 -0.749587 
0.442295 0.149579 -0.679439 
0.252104 0.063741 -0.603513 
0.292060 0.067465 -0.706755 
0.302574 0.086062 -0.685799 
0.265905 0.081448 -0.591307 
1.031345 0.223328 -1.147436 
0.409863 0.137190 -0.706777 
0.399626 0.141846 -0.596018 
0.383057 0.133044 -0.641649 
1.062616 0.229048 -1.247560 
1.097783 0.235599 -1.362349 
1.011206 0.230023 -1.265895 
0.978963 0.224176 -1.159767 
0.971491 0.220571 -1.092889 
0.941385 0.221934 -1.129893 
0.867330 0.217481 -1.108007 
0.870051 0.213422 -0.989788 
0.808308 0.207639 -0.917945 
0.744131 0.200572 -0.832225 
0.727072 0.192291 -0.613862 
0.675975 0.192624 -0.756878 
0.589674 0.180723 -0.749587 
0.494295 0.166048 -0.560135 
0.505134 0.166178 -0.657746 
1.180813 0.236773 -1.411236 
1.035650 0.236413 -1.388864 
1.133366 0.229102 -1.277011 
1.313165 0.227004 -1.386777 
1.274121 0.236548 -1.468391 
1.230044 0.229583 -1.346852 
1.461473 0.211610 -1.384923 
1.410808 0.223222 -1.444189 
1.356493 0.214647 -1.295256 
1.491241 0.190892 -1.228254 
1.428726 0.203662 -1.268151 
1.386353 0.197039 -1.152433 
1.228744 0.162563 -0.626205 
1.419275 0.175805 -0.996636 
1.353814 0.190774 -1.052046 
1.308930 0.184500 -0.936355 
1.379612 0.169150 -0.883751 
1.339984 0.163434 -0.779250 
1.273513 0.177084 -0.821064 
1.233483 0.171315 -0.715938 
1.200074 0.188448 -0.849085 
1.228679 0.152966 -0.536434 
1.127202 0.178058 -0.659577 
1.066034 0.179238 -0.606976 
1.093822 0.187113 -0.722541 
1.149631 0.154663 -0.451202 
1.091803 0.170034 -0.536183 
1.670992 0.127356 -0.973571 
1.640515 0.165852 -1.225185 
1.580271 0.183286 -1.282675 
1.546780 0.174592 -1.161434 
1.820161 0.143797 -1.336321 
1.734742 0.155653 -1.288783 
1.708859 0.146290 -1.176699 
0.596986 0.166506 -1.156598 
1.843859 0.120577 -1.209237 
1.575721 0.149245 -0.994752 
1.513577 0.167035 -1.050231 
1.479918 0.159188 -0.935859 
1.713189 0.121266 -0.996806 
1.665417 0.139792 -1.058821 
1.631730 0.132765 -0.952123 
1.799603 0.099351 -0.985544 
1.456648 0.140361 -0.745241 
1.508567 0.134251 -0.773430 
1.442606 0.152602 -0.826836 
1.408475 0.144163 -0.706631 
1.666210 0.110935 -0.844185 
1.598368 0.124422 -0.835790 
1.570987 0.118262 -0.745494 
1.734219 0.102176 -0.894091 
1.735327 0.082555 -0.758411 
1.498610 0.111188 -0.577108 
1.403299 0.128193 -0.566504 
1.594363 0.170654 -1.196563 
1.615664 0.091570 -0.619642 
1.537703 0.111954 -0.644652 
1.579598 0.084554 -0.508837 
0.973040 0.209378 -0.911372 
1.680518 0.062184 -0.522777 
1.308308 0.129441 -0.438138 
0.982660 0.180639 -0.541840 
1.509228 0.086002 -0.403607 
0.981398 0.214073 -0.986022 
1.634920 0.067465 -0.480507 
1.274028 0.220432 -1.274695 
1.107941 0.224928 -1.204114 
1.060377 0.218693 -1.089932 
1.229314 0.214317 -1.162463 
1.187413 0.223507 -1.237473 
1.129449 0.217599 -1.118744 
1.329643 0.210808 -1.225738 
1.281269 0.203942 -1.100890 
1.018823 0.213557 -0.994574 
0.992190 0.218401 -1.057909 
0.948597 0.214340 -0.982379 
1.184189 0.208051 -1.047967 
1.098333 0.211574 -1.018227 
1.047673 0.206234 -0.912131 
1.140078 0.209753 -1.028832 
1.242626 0.196699 -0.982463 
0.924659 0.205974 -0.840386 
0.892949 0.210107 -0.907297 
0.830600 0.204619 -0.818260 
1.151132 0.200992 -0.935558 
0.995077 0.205816 -0.871934 
0.966276 0.200726 -0.784151 
1.170494 0.183294 -0.762391 
1.035426 0.199114 -0.811719 
0.831825 0.197756 -0.685482 
0.780036 0.198344 -0.711566 
0.669329 0.189995 -0.654988 
0.964128 0.189430 -0.633565 
0.906363 0.196887 -0.696074 
0.834851 0.193704 -0.618302 
1.037841 0.189094 -0.691821 
1.670221 0.120657 -0.922396 
0.680717 0.186280 -0.512853 
1.770710 0.125147 -1.119577 
0.865719 0.188113 -0.548739 
0.783301 0.186196 -0.483319 
1.017531 0.170255 -0.458104 
0.894907 0.180405 -0.465185 
1.591441 0.304911 -3.748959 
1.539816 0.271966 -3.756626 
1.736059 0.349883 -3.761539 
1.640370 0.323628 -3.758766 
1.666148 0.340192 -3.537568 
1.446768 0.301573 -3.159559 
1.375188 0.254780 -3.317869 
1.492187 0.301892 -3.379099 
1.413415 0.282337 -3.267355 
1.586876 0.328661 -3.300546 
1.806068 0.354956 -3.472577 
1.676202 0.341315 -3.339299 
1.630614 0.334490 -3.225559 
1.717675 0.338420 -3.173319 
1.299589 0.247123 -3.111779 
1.400637 0.290041 -3.122713 
1.354003 0.284010 -2.990893 
1.543849 0.322424 -3.155604 
1.450657 0.305420 -3.088509 
1.623603 0.328722 -3.033975 
2.036750 0.352833 -3.476646 
1.233724 0.269825 -2.619219 
1.210894 0.229361 -2.912815 
1.904700 0.371790 -3.773271 
1.282383 0.268060 -2.882131 
1.236163 0.273819 -2.529777 
1.738093 0.329458 -3.010495 
1.596907 0.320803 -2.871339 
1.510815 0.312912 -2.774387 
1.633718 0.305802 -2.619558 
1.127623 0.217793 -2.701497 
1.274321 0.275653 -2.726508 
1.200919 0.256308 -2.672565 
1.701396 0.318644 -2.834369 
1.320695 0.288311 -2.658594 
1.594537 0.305365 -2.598359 
1.408143 0.301786 -2.707058 
1.426539 0.272248 -3.393193 
1.797641 0.359986 -3.666404 
1.973619 0.373128 -3.752416 
2.289233 0.312562 -3.349580 
2.116547 0.372725 -3.777793 
2.250111 0.347168 -3.611091 
1.846125 0.361147 -3.578730 
1.446006 0.296545 -3.241207 
1.937173 0.362363 -3.568197 
1.894070 0.357588 -3.487581 
2.081033 0.363414 -3.637519 
2.010694 0.358463 -3.533027 
1.761233 0.348571 -3.366462 
1.504291 0.316536 -3.017309 
1.884226 0.344283 -3.278290 
1.800382 0.345286 -3.279547 
2.012171 0.345841 -3.374125 
1.967230 0.340816 -3.280444 
1.755741 0.339509 -3.181663 
1.706509 0.333117 -3.073160 
1.960930 0.314010 -2.973562 
1.832868 0.327481 -3.022461 
1.959315 0.323633 -3.075154 
2.005423 0.328328 -3.169282 
1.700070 0.324016 -2.916516 
1.632569 0.321832 -2.878077 
1.819207 0.313287 -2.836059 
1.740969 0.318695 -2.852685 
1.863049 0.317184 -2.917722 
1.832043 0.307605 -2.780998 
1.626557 0.311439 -2.701422 
1.564965 0.311312 -2.695041 
1.751799 0.304412 -2.676282 
1.668593 0.305743 -2.636441 
1.858336 0.295312 -2.673320 
1.781130 0.296348 -2.608219 
2.233631 0.366026 -3.785844 
2.191058 0.360678 -3.690018 
2.351365 0.352696 -3.777170 
1.975311 0.348150 -3.377646 
2.455954 0.336384 -3.769316 
2.403294 0.346408 -3.784236 
2.205998 0.340390 -3.497367 
2.177816 0.320967 -3.281971 
2.296937 0.332427 -3.529970 
2.252835 0.329107 -3.446334 
2.416073 0.316830 -3.558336 
2.358123 0.314479 -3.458753 
2.159842 0.331711 -3.362527 
1.841584 0.338647 -3.180257 
1.897472 0.255054 -2.336753 
2.182073 0.309577 -3.184741 
2.055740 0.284776 -2.804789 
2.316897 0.304313 -3.319669 
1.900671 0.242243 -2.230094 
2.045061 0.314369 -3.066447 
2.228871 0.298859 -3.154178 
2.187162 0.287110 -2.999849 
2.104577 0.253252 -2.608730 
2.018071 0.277268 -2.689946 
2.049437 0.295939 -2.897065 
1.959931 0.304638 -2.876571 
2.157721 0.289158 -2.976918 
2.096742 0.279566 -2.813746 
2.247871 0.263730 -2.902220 
2.175015 0.270935 -2.851377 
1.985074 0.280617 -2.677698 
1.905525 0.284548 -2.617969 
2.075334 0.245279 -2.502790 
2.031249 0.264512 -2.597533 
2.191399 0.239416 -2.632950 
1.960954 0.259561 -2.460265 
1.144506 0.259893 -2.306868 
1.046987 0.209147 -2.483662 
1.194469 0.264453 -2.509675 
1.105769 0.242333 -2.430972 
1.327306 0.289581 -2.486122 
1.238031 0.275958 -2.450195 
1.407515 0.297617 -2.511856 
1.375926 0.292487 -2.417185 
1.513582 0.292019 -2.368523 
0.967958 0.200126 -2.271210 
1.093697 0.248141 -2.282665 
1.040013 0.240024 -2.149878 
1.241378 0.276923 -2.278695 
1.149824 0.262770 -2.230110 
1.380251 0.285613 -2.248943 
1.283613 0.280092 -2.222493 
1.334571 0.280139 -2.156688 
0.882868 0.186570 -2.064092 
0.989052 0.236642 -1.918499 
0.942442 0.217377 -2.028850 
1.153221 0.263788 -2.047563 
1.487328 0.279811 -2.180155 
1.293772 0.274322 -2.055507 
1.204823 0.267861 -2.000260 
1.037264 0.246722 -1.761964 
0.798432 0.173810 -1.854593 
0.930209 0.223324 -1.880577 
0.863665 0.212726 -1.726389 
1.097773 0.255632 -1.911915 
0.979098 0.237265 -1.807093 
1.204968 0.261326 -1.827780 
1.384415 0.266909 -1.944888 
0.718689 0.190032 -1.382443 
0.704064 0.152536 -1.656696 
1.123337 0.241346 -1.462784 
0.790412 0.195370 -1.639938 
0.990266 0.239545 -1.616376 
1.115160 0.245880 -1.548049 
1.154012 0.253123 -1.680675 
1.050650 0.244738 -1.590847 
1.566715 0.298922 -2.491387 
1.467266 0.297146 -2.448449 
1.682291 0.291276 -2.463015 
1.603229 0.292298 -2.417552 
1.800208 0.279272 -2.446693 
1.724821 0.282186 -2.398585 
1.476943 0.286194 -2.267494 
1.425294 0.279498 -2.147756 
1.616104 0.277102 -2.240105 
1.530021 0.279324 -2.199947 
1.740228 0.263955 -2.226176 
1.660268 0.267629 -2.177085 
1.410431 0.273484 -2.051996 
1.335766 0.271481 -1.997633 
1.547719 0.263909 -2.026687 
1.466058 0.266409 -1.989317 
1.676399 0.248988 -2.005000 
1.593769 0.253605 -1.959305 
1.347601 0.259537 -1.821641 
1.258005 0.259054 -1.779131 
1.481009 0.248903 -1.794192 
1.398477 0.250443 -1.738643 
1.612568 0.233064 -1.774658 
1.532297 0.238047 -1.731094 
1.654945 0.275884 -2.261719 
1.581813 0.270664 -2.135176 
1.519524 0.198242 -1.332084 
1.320343 0.234959 -1.486357 
1.579384 0.225576 -1.662581 
1.442489 0.240604 -1.664261 
1.923378 0.263326 -2.443807 
1.845958 0.268395 -2.393299 
2.033734 0.233791 -2.350796 
1.971254 0.244716 -2.348831 
2.156825 0.222938 -2.457010 
2.113860 0.229550 -2.439115 
1.864720 0.246199 -2.215667 
1.783706 0.251915 -2.162704 
1.833009 0.238031 -2.101979 
1.907014 0.230317 -2.138964 
2.099383 0.213718 -2.298323 
1.842252 0.225763 -2.009745 
1.802526 0.229489 -1.986711 
1.722701 0.236194 -1.940953 
1.906930 0.210207 -1.976284 
1.847706 0.215526 -1.932467 
1.969558 0.202739 -2.013238 
1.938856 0.203814 -1.974384 
1.742748 0.212997 -1.763006 
1.662181 0.219545 -1.711621 
1.864592 0.190447 -1.757561 
1.792183 0.197139 -1.702058 
1.975598 0.170429 -1.783397 
1.910104 0.175307 -1.713519 
1.684760 0.195667 -1.534897 
1.598029 0.203857 -1.486346 
1.819613 0.171141 -1.539616 
1.735846 0.179526 -1.477096 
1.943842 0.145589 -1.553753 
1.873202 0.158405 -1.529425 
0.776306 0.208028 -1.240647 
0.616440 0.137354 -1.448077 
0.773238 0.199878 -1.488238 
0.695821 0.178573 -1.435639 
1.390918 0.259184 -1.843416 
0.784573 0.206422 -1.399242 
1.053013 0.233266 -1.319112 
0.959927 0.234362 -1.486250 
0.576515 0.165894 -1.072644 
0.527012 0.122928 -1.230259 
0.668454 0.181386 -1.275684 
0.570458 0.153019 -1.191075 
0.743378 0.202281 -1.216920 
0.688242 0.190146 -1.212687 
0.753665 0.205003 -1.047714 
0.766880 0.207045 -1.158689 
0.789778 0.209095 -1.035252 
0.436252 0.104897 -1.022170 
0.532844 0.152372 -1.049231 
0.452180 0.132870 -0.917289 
0.635759 0.184245 -1.029166 
0.557903 0.165282 -0.993489 
0.628282 0.186402 -0.847281 
0.629037 0.185185 -0.939063 
0.687923 0.195475 -0.937098 
0.332919 0.074309 -0.806627 
0.342828 0.112572 -0.675331 
0.343753 0.097141 -0.767660 
0.484638 0.154239 -0.812541 
0.296893 0.104548 -0.569196 
0.549502 0.173233 -0.748488 
0.486063 0.158059 -0.751944 
0.289761 0.098197 -0.585712 
0.248552 0.052956 -0.609740 
0.314381 0.096042 -0.678980 
0.257768 0.072967 -0.596409 
0.435345 0.143068 -0.744410 
0.352146 0.121445 -0.637431 
0.408676 0.141896 -0.638696 
0.319432 0.115217 -0.567962 
1.086616 0.239951 -1.439572 
0.965517 0.226165 -1.208001 
0.954095 0.221982 -1.124212 
0.985146 0.221044 -1.101279 
0.830014 0.212037 -1.012769 
0.760565 0.204151 -0.925385 
0.771154 0.190903 -0.563199 
0.633302 0.187389 -0.752872 
0.554601 0.175565 -0.660978 
0.433944 0.152774 -0.566827 
1.776830 0.261934 -2.248985 
1.136606 0.236497 -1.387486 
1.439491 0.193614 -1.186114 
1.226439 0.236781 -1.437933 
1.452631 0.221716 -1.475067 
1.349783 0.224963 -1.399247 
1.475194 0.201183 -1.302221 
1.377353 0.207385 -1.243965 
1.402429 0.186658 -1.073908 
1.286538 0.194806 -1.012116 
1.323912 0.174185 -0.856913 
1.216685 0.180033 -0.781748 
1.178369 0.174341 -0.679568 
1.111427 0.173743 -0.596837 
1.771473 0.139205 -1.223538 
1.065953 0.164294 -0.447391 
1.625161 0.179015 -1.310463 
1.530886 0.187198 -1.248421 
1.772026 0.155650 -1.347276 
1.689008 0.160873 -1.258668 
0.730105 0.200947 -1.145339 
1.868184 0.131267 -1.325629 
1.559980 0.162264 -1.077185 
1.465845 0.171519 -1.021935 
1.715548 0.133137 -1.088310 
1.617724 0.144707 -1.022724 
1.487378 0.128402 -0.694620 
1.755867 0.114759 -1.020136 
1.493119 0.146764 -0.851587 
1.390871 0.158135 -0.801490 
1.639349 0.121456 -0.878604 
1.552536 0.128868 -0.798360 
1.775549 0.089096 -0.873123 
1.550267 0.100268 -0.576502 
1.447026 0.127158 -0.623533 
1.315166 0.141672 -0.552780 
1.590622 0.107154 -0.693160 
1.511157 0.116818 -0.640303 
1.117240 0.192871 -0.810438 
1.683909 0.080760 -0.657580 
1.217634 0.143828 -0.438241 
1.527320 0.154658 -0.966733 
0.894337 0.192312 -0.624282 
1.398662 0.113158 -0.437970 
1.674325 0.056511 -0.473057 
1.606854 0.068583 -0.440370 
1.177734 0.167805 -0.613670 
1.069206 0.224487 -1.178846 
1.236799 0.222285 -1.262706 
1.147281 0.224707 -1.224655 
1.156216 0.161820 -0.528762 
1.278002 0.212476 -1.189356 
1.023983 0.218698 -1.072949 
0.963110 0.218655 -1.058564 
1.083404 0.203181 -0.901080 
1.053567 0.212671 -1.001971 
1.178835 0.216137 -1.139102 
1.293103 0.156457 -0.653549 
0.938050 0.210051 -0.909185 
0.886361 0.205822 -0.829732 
1.008563 0.203754 -0.852327 
0.962323 0.205760 -0.853100 
1.285052 0.167873 -0.748044 
1.161261 0.191982 -0.845100 
0.822644 0.199905 -0.725497 
0.723327 0.196547 -0.742411 
0.871158 0.197596 -0.691296 
1.068633 0.193330 -0.769726 
1.011991 0.184818 -0.617871 
0.905196 0.217695 -1.060106 
0.607184 0.182437 -0.573243 
0.805521 0.189887 -0.548839 
0.729918 0.187057 -0.497374 
1.541725 0.141033 -0.877786 
0.956281 0.175903 -0.461889 
0.836577 0.183645 -0.469060 
1.540875 0.318004 -3.344521 
1.573387 0.310636 -3.624662 
1.530793 0.294372 -3.608504 
1.621358 0.331234 -3.516901 
1.781463 0.310312 -2.770729 
1.776166 0.303331 -2.683362 
1.869206 0.306721 -2.805507 
1.897532 0.294398 -2.705799 
2.011354 0.289799 -2.794043 
1.598943 0.299011 -2.506562 
1.716419 0.298218 -2.573682 
1.719630 0.290200 -2.482724 
1.831878 0.287184 -2.561547 
1.839599 0.277484 -2.473136 
2.090038 0.299320 -2.977908 
1.277055 0.281229 -2.297144 
1.448284 0.273202 -2.067190 
0.990783 0.232368 -1.333330 
1.588714 0.262115 -2.045459 
1.709749 0.256552 -2.118036 
1.716678 0.246384 -2.028194 
1.513141 0.256785 -1.913527 
1.521180 0.247472 -1.818373 
1.644288 0.241818 -1.897241 
1.652186 0.230857 -1.802483 
1.555896 0.207245 -1.461585 
1.504479 0.209677 -1.418973 
1.455327 0.182511 -1.105041 
1.367995 0.180590 -0.973228 
2.026781 0.198645 -2.072001 
2.011204 0.182150 -1.926156 
1.773479 0.221616 -1.879196 
1.782010 0.209379 -1.787691 
1.888337 0.200863 -1.874819 
1.913252 0.202436 -1.924773 
1.893943 0.189808 -1.797690 
1.714227 0.204513 -1.651099 
1.725837 0.191482 -1.559068 
1.845845 0.179885 -1.647261 
1.856796 0.167914 -1.573676 
1.927132 0.166343 -1.674844 
1.941820 0.174575 -1.758831 
1.654653 0.187792 -1.426000 
1.669659 0.174705 -1.339974 
1.789379 0.165478 -1.449218 
1.795799 0.158164 -1.403824 
0.662618 0.189866 -1.036397 
0.934036 0.218428 -1.059465 
0.874426 0.200646 -0.740790 
1.620147 0.113647 -0.789294 
1.642257 0.102488 -0.743046 

58 741 60 59
258 740 62 61
257 740 1076 167
62 740 257 63
60 741 258 61
257 743 64 63
260 742 66 65
763 181 321 268
742 320 67 66
64 743 260 65
1080 190 358 1079
799 353 261 797
262 741 58 57
265 747 264 1077
56 169 262 57
832 398 390 263
264 170 1076 1077
1076 170 1078 167
264 747 274 1075
257 167 266 743
267 171 1078 170
117 259 168 269
259 742 260 168
266 744 269 168
270 744 1078 171
269 744 270 118
272 169 56 55
271 746 284 172
272 746 271 777
54 746 272 55
786 328 783 273
745 173 274 784
275 747 265 777
274 747 275 784
265 1077 262 169
271 748 275 777
276 748 271 172
275 748 276 784
279 749 267 1075
752 281 751 277
749 277 171 267
274 173 279 1075
337 183 273 750
757 278 749 279
277 751 270 171
280 751 281 119
270 751 280 118
749 278 752 277
282 752 278 174
281 752 282 338
284 746 54 53
283 754 296 175
284 754 283 172
52 754 284 53
432 134 285 856
753 119 281 338
283 756 287 755
288 179 298 286
276 755 745 784
283 755 276 172
319 194 385 780
287 756 298 176
290 757 279 173
289 757 290 790
278 757 289 174
745 758 290 173
291 758 287 176
290 758 291 790
376 191 378 192
292 338 282 759
314 120 292 759
343 126 334 760
294 174 289 177
282 174 294 759
296 754 52 51
295 762 308 178
296 762 295 175
50 762 296 51
859 437 862 849
771 310 774 288
299 756 283 175
298 756 299 286
765 123 310 761
295 764 299 175
300 764 295 178
299 764 300 286
302 180 291 176
810 364 807 769
291 180 301 790
298 179 302 176
355 187 346 766
302 776 317 180
305 767 294 177
304 767 305 121
294 767 314 759
301 768 305 177
1084 130 769 775
808 365 121 305
308 762 50 49
307 770 422 122
308 770 307 178
48 770 308 49
1090 203 427 309
851 424 854 765
311 771 300 178
310 771 311 761
300 771 288 286
307 772 311 178
312 772 307 122
311 772 312 761
804 355 801 773
767 304 802 314
364 189 773 303
288 774 313 179
315 774 310 123
313 774 315 124
317 768 301 180
316 768 317 306
430 111 316 306
302 179 313 776
318 776 313 124
317 776 318 306
320 181 68 67
265 169 272 777
181 763 69 68
742 259 778 320
778 329 783 321
320 778 321 181
763 779 70 69
787 324 182 335
779 324 71 70
830 395 194 319
763 268 322 779
403 196 392 323
324 781 72 71
814 374 813 325
781 325 73 72
779 322 182 324
378 191 374 782
822 385 821 326
778 259 117 329
273 783 329 750
321 783 328 268
755 287 758 745
117 269 118 330
329 117 330 750
328 786 332 785
331 785 332 184
322 785 331 182
328 785 322 268
333 786 273 183
332 786 333 373
787 327 781 324
334 787 335 760
327 787 334 125
331 788 335 182
336 788 331 184
335 788 336 760
301 177 289 790
339 792 337 789
330 789 337 750
280 789 330 118
339 789 280 119
796 347 795 753
341 791 333 183
826 341 792 342
333 791 340 373
337 792 341 183
795 347 185 342
791 349 186 340
816 793 336 184
343 793 344 127
336 793 343 760
340 794 816 373
345 794 340 186
344 794 345 800
753 795 339 119
795 342 792 339
185 347 766 346
292 796 753 338
348 796 292 120
347 796 348 766
350 826 342 185
349 826 350 188
798 351 805 354
346 798 350 185
351 798 346 187
798 354 188 350
353 799 345 186
799 797 128 352
345 799 352 800
349 188 353 186
263 127 344 800
353 188 354 261
356 801 348 120
773 801 356 303
348 801 355 766
314 802 356 120
357 802 304 121
356 802 357 303
359 803 351 187
358 803 359 1079
362 805 351 803
355 804 359 187
360 804 773 189
359 804 360 1079
261 361 838 797
361 805 362 1081
354 805 361 261
362 803 358 806
363 806 358 190
362 806 363 1081
365 807 357 121
769 807 365 775
357 807 364 303
808 305 768 316
366 808 316 111
365 808 366 775
368 809 360 189
367 809 368 1085
360 809 1080 1079
364 810 368 189
369 810 769 130
368 810 369 1085
371 811 363 190
370 811 371 1087
363 811 1082 1081
1080 812 371 190
372 812 367 131
371 812 372 1087
325 813 74 73
377 813 374 191
813 377 75 74
781 327 814 325
375 814 327 125
374 814 375 782
377 815 76 75
191 376 815 377
815 818 77 76
816 184 332 373
378 782 326 821
376 192 380 293
818 817 78 77
80 817 379 81
78 817 80 79
815 376 293 818
293 379 817 818
379 823 82 81
382 819 375 125
381 819 382 825
326 782 375 819
334 126 382 125
126 391 825 382
824 395 383 387
794 344 793 816
384 821 385 194
378 821 384 192
326 819 381 822
386 822 381 193
385 822 386 780
824 387 823 380
82 823 387 83
379 293 380 823
824 380 192 384
395 824 384 194
387 383 84 83
390 389 828 820
197 397 195 389
381 825 820 193
791 341 826 349
391 126 343 127
398 197 389 390
393 323 386 193
831 221 526 827
386 323 392 780
820 828 393 193
394 828 389 195
833 403 323 393
840 405 837 829
383 396 85 84
405 840 408 388
392 830 319 780
396 830 392 196
383 395 830 396
263 390 391 127
925 534 928 831
390 820 825 391
352 832 263 800
399 832 352 128
398 832 399 1089
401 833 394 195
403 833 401 198
833 393 828 394
397 834 401 195
843 413 846 836
401 834 402 198
402 841 404 198
404 87 86 196
396 196 86 85
388 408 842 400
529 133 416 835
404 196 403 198
406 837 399 128
829 837 406 1083
399 837 405 1089
797 838 406 128
407 838 361 129
406 838 407 1083
397 197 409 839
408 840 410 200
397 839 400 834
405 388 409 1089
410 840 829 199
400 839 409 388
924 532 923 533
841 412 89 88
404 841 88 87
400 842 402 834
848 132 413 419
841 402 842 412
414 843 407 129
413 843 414 419
407 843 836 1083
1082 844 414 129
415 844 370 112
414 844 415 419
417 835 410 199
418 921 411 845
410 835 416 200
836 846 417 199
418 846 413 132
845 529 835 417
842 408 200 412
847 420 91 90
412 847 90 89
416 847 412 200
420 847 416 133
919 526 922 848
422 770 48 47
421 850 434 201
422 850 421 122
46 850 422 47
447 212 463 873
849 202 424 297
425 851 312 122
424 851 425 297
312 851 765 761
421 852 425 122
426 852 421 201
425 852 426 297
428 853 315 123
427 853 428 309
853 427 856 431
765 854 428 123
429 854 424 202
428 854 429 309
431 855 318 124
285 890 430 855
318 855 430 306
853 431 124 315
432 856 427 203
855 431 856 285
434 850 46 45
433 858 446 204
434 858 433 201
44 858 434 45
867 208 448 435
861 439 864 1090
433 860 437 859
438 206 439 436
426 859 849 297
433 859 426 201
875 461 878 867
437 860 448 205
440 861 429 202
439 861 440 436
429 861 1090 309
849 862 440 202
441 862 437 205
440 862 441 436
443 863 432 203
442 863 443 865
863 442 896 491
1090 864 443 203
444 864 439 206
443 864 444 865
446 858 44 43
445 866 458 207
446 866 445 204
42 866 446 43
885 476 888 447
869 451 872 438
449 860 433 204
448 860 449 435
453 135 442 865
445 868 449 204
450 868 445 207
449 868 450 435
452 869 441 205
877 463 209 451
441 869 438 436
448 208 452 205
896 492 901 1091
871 454 902 453
455 871 444 206
454 871 455 423
444 871 453 865
438 872 455 206
456 872 451 209
455 872 456 423
458 866 42 41
457 874 470 210
458 874 457 207
40 874 458 41
588 231 573 949
466 136 454 423
457 876 461 875
462 139 472 460
450 875 867 435
457 875 450 207
989 623 1000 883
461 876 472 211
464 877 452 208
463 877 464 873
877 451 869 452
867 878 464 208
465 878 461 211
464 878 465 873
468 879 456 209
467 908 466 879
456 879 466 423
463 212 468 209
953 217 499 880
887 467 879 468
470 874 40 39
469 882 567 138
470 882 469 210
38 882 470 39
587 149 575 471
951 569 954 462
473 876 457 210
472 876 473 460
459 230 569 881
469 884 473 210
474 884 469 138
473 884 474 460
572 956 476 885
913 214 484 475
465 885 447 873
572 885 465 211
883 113 478 886
476 956 576 140
479 887 468 212
478 887 479 886
467 887 478 137
447 888 479 212
480 888 476 140
479 888 480 886
482 889 366 111
481 889 482 857
366 889 1084 775
430 890 482 111
285 134 483 890
482 890 483 857
485 891 369 130
484 891 485 475
369 891 1086 1085
1084 892 485 130
486 892 481 213
485 892 486 475
488 893 372 131
487 893 488 519
372 893 1088 1087
1086 894 488 131
489 894 484 214
488 894 489 519
491 895 483 134
870 898 490 895
483 895 490 857
863 491 134 432
492 896 442 135
895 491 896 870
494 897 486 213
493 897 494 914
486 897 913 475
490 898 494 213
870 215 495 898
494 898 495 914
497 899 489 214
496 899 497 1094
489 899 999 519
913 900 497 214
498 900 493 216
497 900 498 1094
500 901 492 135
499 901 500 880
904 503 215 1091
453 902 500 135
501 902 454 136
500 902 501 880
503 903 495 215
502 903 503 1096
495 903 1093 914
904 1091 901 499
504 904 499 217
503 904 504 1096
506 905 498 216
505 905 506 1098
498 905 1095 1094
1093 906 506 216
507 906 502 218
506 906 507 1098
509 907 501 136
219 517 916 521
501 907 953 880
466 908 509 136
467 137 510 908
509 908 510 477
512 909 504 217
918 525 220 511
504 909 1097 1096
953 910 512 217
520 910 508 219
220 525 1003 524
515 911 507 218
514 911 515 917
507 911 1099 1098
1097 912 515 218
516 912 511 220
515 912 516 917
518 145 510 137
897 493 900 913
510 145 517 477
478 113 518 137
1093 216 493 914
518 1002 641 145
1005 646 1016 915
520 219 521 146
915 114 1100 1101
219 508 477 517
1102 159 646 1001
1004 644 146 521
524 513 516 220
523 144 514 917
516 513 523 917
918 512 910 520
525 918 520 146
524 1003 643 1101
527 919 415 112
526 919 527 827
415 919 848 419
1088 920 527 112
528 920 487 141
527 920 528 827
530 921 418 132
411 924 529 845
845 417 846 418
848 922 530 132
531 922 526 221
530 922 531 222
533 923 420 133
92 923 532 93
420 923 92 91
529 924 533 133
921 540 929 411
532 929 94 93
535 925 528 141
534 925 535 927
528 925 831 827
999 926 535 141
536 926 496 142
535 926 536 927
531 537 541 222
531 221 538 537
930 223 534 927
831 928 538 221
539 928 534 223
538 928 539 224
921 530 222 540
94 929 540 95
532 924 411 929
931 542 934 930
538 224 548 537
540 1104 96 95
543 931 536 142
542 931 543 1106
536 931 930 927
1095 932 543 142
544 932 505 143
543 932 544 1106
546 933 539 223
1109 933 546 1108
539 933 545 224
930 934 546 223
547 934 542 225
546 934 547 1108
548 935 541 537
1105 97 96 1104
540 222 541 1104
545 936 548 224
549 936 1109 226
549 935 548 936
551 937 544 143
550 937 551 1111
544 937 1107 1106
1099 938 551 143
552 938 514 144
551 938 552 1111
554 939 547 225
553 939 554 1113
547 939 1110 1108
1107 940 554 225
555 940 550 227
554 940 555 1113
1116 941 549 226
98 941 556 99
1105 941 98 97
1110 942 1116 226
557 942 553 228
556 947 100 99
559 943 552 144
558 943 559 1117
552 943 1112 1111
523 944 559 144
560 944 1100 114
559 944 560 1117
562 945 555 227
561 945 562 1119
555 945 1114 1113
1112 946 562 227
563 946 558 147
562 946 563 1119
564 1115 557 228
947 565 101 100
1116 942 557 1115
1114 948 564 228
565 948 561 148
947 564 948 565
567 882 38 37
566 950 579 229
567 950 566 138
36 950 567 37
1121 234 1019 568
959 581 962 459
570 951 474 138
569 951 570 881
474 951 462 460
566 952 570 138
571 952 566 229
570 952 571 881
907 508 910 953
139 577 956 572
477 508 907 509
462 954 573 139
574 954 569 230
573 954 574 949
576 1092 638 140
575 1092 576 471
623 989 638 955
572 211 472 139
139 573 231 577
576 956 577 471
579 950 36 35
578 958 591 232
579 958 578 229
34 958 579 35
720 155 630 580
957 233 581 671
582 959 571 229
581 959 582 671
571 959 459 881
578 960 582 229
583 960 578 232
582 960 583 671
585 961 574 230
1019 961 585 568
574 961 584 949
459 962 585 230
586 962 581 233
585 962 586 568
965 150 588 963
587 231 588 150
577 231 587 471
584 964 588 949
589 964 1019 234
588 964 589 963
591 958 34 33
590 966 603 235
591 966 590 232
32 966 591 33
975 239 605 592
969 596 972 1121
590 968 594 967
595 237 596 593
583 967 957 671
590 967 583 232
983 617 981 975
594 968 605 236
597 969 586 233
596 969 597 593
586 969 1121 568
957 970 597 233
598 970 594 236
597 970 598 593
600 973 589 234
601 979 634 971
589 973 599 963
1121 972 600 234
601 972 596 237
971 611 973 600
603 966 32 31
602 974 615 238
603 974 602 235
30 974 603 31
728 156 610 1069
977 608 980 595
606 968 590 235
605 968 606 592
611 151 599 973
602 976 606 235
616 976 602 238
606 976 607 592
609 977 598 236
619 986 621 240
598 977 595 593
605 239 609 236
978 986 975 981
634 996 611 971
612 979 601 237
634 997 610 996
971 600 972 601
595 980 612 237
613 980 608 240
612 980 613 152
615 974 30 29
614 982 26 25
615 982 614 238
28 982 615 29
26 982 28 27
988 621 986 978
984 616 238 614
983 607 976 616
607 983 975 592
984 617 983 616
24 984 614 25
617 984 24 23
619 985 609 239
978 981 22 21
985 608 977 609
975 986 619 239
22 981 617 23
619 240 608 985
621 987 613 240
620 988 20 19
613 987 620 152
1051 704 1046 618
20 988 978 21
620 987 621 988
638 1092 624 955
622 955 624 153
623 955 622 115
575 990 624 1092
990 627 991 625
624 990 625 153
990 575 149 627
1122 991 627 1068
625 991 626 992
618 153 625 992
628 149 587 150
627 149 628 1068
965 993 628 150
629 993 630 155
628 993 629 1068
599 994 965 963
631 994 599 151
630 994 631 580
633 1064 631 151
995 255 727 632
631 1064 727 580
611 996 633 151
636 997 634 979
633 996 610 156
636 979 612 152
635 998 18 17
1067 698 166 660
620 998 636 152
18 998 620 19
635 997 636 998
899 496 926 999
989 480 140 638
999 141 487 519
883 1000 637 113
639 1000 623 115
637 1000 639 157
641 916 517 145
640 916 641 522
702 158 640 522
518 113 637 1002
642 1002 637 157
641 1002 642 522
644 1003 525 146
643 1003 644 116
918 511 909 512
1004 521 916 640
645 1004 640 158
644 1004 645 116
647 1005 643 116
646 1005 647 1001
643 1005 915 1101
662 1039 658 1049
648 1006 708 163
647 1006 648 1001
651 1007 648 163
650 1007 651 1103
648 1007 1102 1001
713 250 705 1055
652 1008 717 164
651 1008 652 1103
655 1009 652 164
654 1009 655 1061
652 1009 653 1103
657 1010 655 164
1011 656 1010 724
655 1010 656 1061
1011 724 165 659
649 656 1011 1045
656 649 1056 1061
661 604 659 165
1013 672 1020 668
1012 663 1049 1045
1012 660 166 663
662 1014 8 7
660 1012 659 604
1072 243 673 1040
1014 738 9 8
662 1049 663 1014
666 1015 560 114
665 1015 666 691
560 1015 1118 1117
915 1016 666 114
667 1016 646 159
666 1016 667 691
669 1017 563 147
668 1017 669 1013
563 1017 1120 1119
1118 1018 669 147
670 1018 665 241
669 1018 670 1013
964 584 961 1019
967 594 970 957
565 1020 102 101
148 668 1020 565
1013 735 242 672
102 1020 672 103
674 1021 667 159
673 1021 674 1040
667 1021 162 691
1102 1022 674 159
675 1022 650 160
674 1022 675 1040
677 1023 670 241
676 1023 677 664
670 1023 735 1013
162 1024 677 241
678 1024 673 243
677 1024 678 664
1033 689 1036 1025
104 242 679 105
672 242 104 103
735 1026 679 242
687 1026 676 244
679 1031 106 105
682 1027 675 160
681 1027 682 680
675 1027 1072 1040
653 1028 682 160
683 1028 654 161
682 1028 683 680
685 1029 678 243
684 1029 685 1124
678 1029 733 664
1072 1030 685 243
686 1030 681 245
685 1030 686 1124
1025 245 681 680
1031 688 107 106
679 1026 687 1031
684 246 687 244
736 256 729 1041
1031 687 246 688
690 1033 683 161
689 1033 690 247
683 1033 1025 680
1056 1034 690 161
697 1034 658 1039
1042 699 247 690
693 1035 686 245
692 1032 694 248
686 1035 1125 1124
1025 1036 693 245
694 1032 689 247
692 1035 693 1032
1053 725 1066 1037
1057 718 1060 695
688 1038 108 107
688 246 1125 1038
696 1038 692 248
108 1038 696 109
1039 662 7 6
697 1039 6 5
162 241 665 691
738 1014 663 166
1021 673 1024 162
1073 738 166 698
699 1044 694 247
699 1042 4 3
694 1044 701 248
1042 690 1034 697
4 1042 697 5
695 251 710 700
701 1043 696 248
110 1044 2 1
696 1043 110 109
693 1036 689 1032
2 1044 699 3
110 1043 701 1044
703 1048 639 115
1047 705 1050 702
639 1048 706 157
622 1046 703 115
618 1046 622 153
703 1046 704 249
706 1047 642 157
705 1047 706 1055
642 1047 702 522
1011 659 1012 1045
707 1048 703 249
706 1048 707 1055
708 1006 645 158
649 1045 1049 658
645 1006 647 116
702 1050 708 158
709 1050 705 250
708 1050 709 163
711 1051 618 992
710 1051 711 700
704 1054 714 249
626 1052 711 992
712 1052 1122 154
711 1052 712 700
714 716 707 249
715 1059 725 1053
707 716 713 1055
704 1051 710 1054
715 1054 710 251
1053 721 716 714
717 1008 709 250
1009 654 1028 653
709 1008 651 163
649 658 1034 1056
717 250 713 252
721 252 713 716
719 1057 712 154
718 1057 719 1058
712 1057 695 700
629 155 719 154
1123 253 718 1058
719 155 720 1058
722 1059 715 251
1037 1062 721 1053
1053 714 1054 715
695 1060 722 251
723 1060 718 253
1059 722 1060 723
657 164 717 252
1062 724 1010 657
1056 161 654 1061
721 1062 657 252
1059 723 254 725
724 1062 1037 165
720 580 727 1063
726 1063 727 255
720 1063 1123 1058
1071 737 1070 995
728 1064 633 156
727 1064 728 632
730 254 723 253
729 254 730 1041
1123 1065 730 253
731 1065 726 255
730 1065 731 1041
732 1066 725 254
661 1066 732 604
1037 1066 661 165
729 1067 732 254
698 1067 729 256
732 1067 660 604
629 154 1122 1068
734 1069 16 15
728 1069 734 632
610 997 635 1069
16 1069 635 17
1023 676 1026 735
995 1070 731 255
1074 736 1070 737
731 1070 736 1041
734 1071 995 632
14 1071 734 15
737 1071 14 13
684 244 733 1029
733 244 676 664
1027 681 1030 1072
739 1073 698 256
10 1073 739 11
738 1073 10 9
736 1074 739 256
1074 737 13 12
739 1074 12 11
267 170 264 1075
740 258 1077 1076
258 741 262 1077
744 266 167 1078
266 168 260 743
809 367 812 1080
1082 129 361 1081
811 370 844 1082
836 199 829 1083
889 481 892 1084
1086 131 367 1085
891 484 894 1086
1088 112 370 1087
893 487 920 1088
409 197 398 1089
490 213 481 857
215 870 896 1091
480 989 883 886
903 502 906 1093
1095 142 496 1094
905 505 932 1095
1097 218 502 1096
909 511 912 1097
1099 143 505 1098
911 514 938 1099
944 523 513 1100
1100 513 524 1101
1007 650 1022 1102
653 160 650 1103
541 935 1105 1104
935 549 941 1105
1107 225 542 1106
937 550 940 1107
1110 226 1109 1108
936 545 933 1109
939 553 942 1110
1112 227 550 1111
943 558 946 1112
1114 228 553 1113
945 561 948 1114
564 947 556 1115
1115 556 941 1116
1118 147 558 1117
1015 665 1018 1118
1120 148 561 1119
148 1120 1017 668
994 630 993 965
1052 626 991 1122
1063 726 1065 1123
1125 246 684 1124
1035 692 1038 1125
110
1.574697 0.264983 -3.872983
1.571946 0.249728 -3.872983
1.571946 0.249728 -3.872983
1.529259 0.242947 -3.767811
1.596598 0.287008 -3.872983
1.584509 0.276983 -3.872983
1.609663 0.295725 -3.872983
1.596598 0.287008 -3.872983
1.584509 0.276983 -3.872983
1.574697 0.264983 -3.872983
1.637319 0.310617 -3.872983
1.609663 0.295725 -3.872983
1.725679 0.343133 -3.872983
1.666130 0.323130 -3.872983
1.786721 0.357965 -3.872983
1.725679 0.343133 -3.872983
1.666130 0.323130 -3.872983
1.637319 0.310617 -3.872983
1.529259 0.242947 -3.767811
1.486572 0.236165 -3.662638
1.486572 0.236165 -3.662638
1.443885 0.229384 -3.557465
1.443885 0.229384 -3.557465
1.401198 0.222602 -3.452292
1.401198 0.222602 -3.452292
1.358511 0.215821 -3.347120
1.358511 0.215821 -3.347120
1.315824 0.209039 -3.241947
1.315824 0.209039 -3.241947
1.273137 0.202258 -3.136774
1.273137 0.202258 -3.136774
1.230450 0.195476 -3.031602
1.230450 0.195476 -3.031602
1.187764 0.188695 -2.926429
1.187764 0.188695 -2.926429
1.145077 0.181913 -2.821256
1.145077 0.181913 -2.821256
1.102390 0.175132 -2.716083
1.848649 0.368566 -3.872983
1.786721 0.357965 -3.872983
1.911097 0.375475 -3.872983
1.848649 0.368566 -3.872983
1.973825 0.379116 -3.872983
1.911097 0.375475 -3.872983
2.036642 0.380527 -3.872983
1.973825 0.379116 -3.872983
2.099475 0.380142 -3.872983
2.036642 0.380527 -3.872983
2.162277 0.378117 -3.872983
2.099475 0.380142 -3.872983
2.225012 0.374562 -3.872983
2.162277 0.378117 -3.872983
2.287647 0.369552 -3.872983
2.225012 0.374562 -3.872983
2.350152 0.363126 -3.872983
2.287647 0.369552 -3.872983
2.412498 0.355297 -3.872983
2.350152 0.363126 -3.872983
2.474648 0.346047 -3.872983
2.412498 0.355297 -3.872983
2.483282 0.316085 -3.649305
2.509922 0.325710 -3.761144
2.509922 0.325710 -3.761144
2.536563 0.335335 -3.872983
2.536563 0.335335 -3.872983
2.474648 0.346047 -3.872983
2.456642 0.306460 -3.537466
2.483282 0.316085 -3.649305
2.430002 0.296835 -3.425627
2.456642 0.306460 -3.537466
2.403362 0.287209 -3.313788
2.430002 0.296835 -3.425627
2.376721 0.277584 -3.201949
2.403362 0.287209 -3.313788
2.323441 0.258334 -2.978271
2.350081 0.267959 -3.090110
2.350081 0.267959 -3.090110
2.376721 0.277584 -3.201949
2.270160 0.239083 -2.754593
2.296801 0.248709 -2.866432
2.296801 0.248709 -2.866432
2.323441 0.258334 -2.978271
2.216880 0.219833 -2.530915
2.243520 0.229458 -2.642754
2.243520 0.229458 -2.642754
2.270160 0.239083 -2.754593
1.102390 0.175132 -2.716083
1.059703 0.168350 -2.610911
1.059703 0.168350 -2.610911
1.017016 0.161569 -2.505738
1.017016 0.161569 -2.505738
0.974329 0.154787 -2.400565
0.974329 0.154787 -2.400565
0.931642 0.148006 -2.295393
0.931642 0.148006 -2.295393
0.888955 0.141224 -2.190220
0.888955 0.141224 -2.190220
0.846268 0.134443 -2.085047
0.846268 0.134443 -2.085047
0.803581 0.127661 -1.979874
0.803581 0.127661 -1.979874
0.760894 0.120880 -1.874702
0.760894 0.120880 -1.874702
0.718207 0.114098 -1.769529
0.718207 0.114098 -1.769529
0.675520 0.107317 -1.664356
2.163599 0.200583 -2.307237
2.190240 0.210208 -2.419076
2.190240 0.210208 -2.419076
2.216880 0.219833 -2.530915
2.136959 0.190958 -2.195398
2.163599 0.200583 -2.307237
2.110319 0.181332 -2.083559
2.136959 0.190958 -2.195398
2.083679 0.171707 -1.971720
2.110319 0.181332 -2.083559
2.057038 0.162082 -1.859881
2.083679 0.171707 -1.971720
2.003758 0.142832 -1.636203
2.030398 0.152457 -1.748042
2.030398 0.152457 -1.748042
2.057038 0.162082 -1.859881
1.977118 0.133207 -1.524364
2.003758 0.142832 -1.636203
1.950478 0.123581 -1.412525
1.977118 0.133207 -1.524364
0.675520 0.107317 -1.664356
0.632833 0.100536 -1.559184
0.632833 0.100536 -1.559184
0.590146 0.093754 -1.454011
0.590146 0.093754 -1.454011
0.547459 0.086973 -1.348838
0.547459 0.086973 -1.348838
0.504772 0.080191 -1.243666
0.504772 0.080191 -1.243666
0.462085 0.073410 -1.138493
0.462085 0.073410 -1.138493
0.419398 0.066628 -1.033320
0.419398 0.066628 -1.033320
0.376712 0.059847 -0.928147
0.376712 0.059847 -0.928147
0.334025 0.053065 -0.822975
0.334025 0.053065 -0.822975
0.291338 0.046284 -0.717802
0.205701 0.042608 -0.506721
0.208776 0.051959 -0.505510
0.291338 0.046284 -0.717802
0.248651 0.039502 -0.612629
0.248651 0.039502 -0.612629
0.205964 0.032721 -0.507457
0.205964 0.032721 -0.507457
0.205701 0.042608 -0.506721
0.208776 0.051959 -0.505510
0.213504 0.059696 -0.504149
0.213504 0.059696 -0.504149
0.219299 0.066643 -0.502659
0.232885 0.078892 -0.499417
0.247827 0.089389 -0.496002
0.219299 0.066643 -0.502659
0.232885 0.078892 -0.499417
0.274723 0.104489 -0.489999
0.302779 0.117221 -0.483820
0.247827 0.089389 -0.496002
0.274723 0.104489 -0.489999
0.372826 0.141249 -0.468614
0.444849 0.158459 -0.453391
0.302779 0.117221 -0.483820
0.372826 0.141249 -0.468614
1.041460 0.158363 -0.358226
1.098806 0.150890 -0.351630
0.984048 0.164959 -0.365175
1.041460 0.158363 -0.358226
1.923837 0.113956 -1.300686
1.950478 0.123581 -1.412525
1.897197 0.104331 -1.188847
1.923837 0.113956 -1.300686
1.843917 0.085081 -0.965169
1.870557 0.094706 -1.077008
1.870557 0.094706 -1.077008
1.897197 0.104331 -1.188847
1.817276 0.075455 -0.853330
1.843917 0.085081 -0.965169
1.790636 0.065830 -0.741491
1.817276 0.075455 -0.853330
1.763996 0.056205 -0.629652
1.790636 0.065830 -0.741491
1.737356 0.046580 -0.517813
1.763996 0.056205 -0.629652
1.098806 0.150890 -0.351630
1.207375 0.134437 -0.339987
1.207375 0.134437 -0.339987
1.315574 0.115149 -0.329286
1.413723 0.095186 -0.320092
1.511398 0.072938 -0.311094
1.315574 0.115149 -0.329286
1.413723 0.095186 -0.320092
1.598023 0.051113 -0.302896
1.684075 0.027330 -0.294135
1.684075 0.027330 -0.294135
1.710715 0.036955 -0.405974
1.710715 0.036955 -0.405974
1.737356 0.046580 -0.517813
1.511398 0.072938 -0.311094
1.598023 0.051113 -0.302896
0.539626 0.173027 -0.434311
0.635468 0.180461 -0.416474
0.444849 0.158459 -0.453391
0.539626 0.173027 -0.434311
0.635468 0.180461 -0.416474
0.691874 0.181932 -0.406777
0.691874 0.181932 -0.406777
0.748400 0.181472 -0.397703
0.866533 0.175489 -0.380551
0.925310 0.170741 -0.372661
0.925310 0.170741 -0.372661
0.984048 0.164959 -0.365175
0.748400 0.181472 -0.397703
0.807466 0.179146 -0.388889
0.807466 0.179146 -0.388889
0.866533 0.175489 -0.380551
