1017 963
1.571946 0.249728 3.872983 
1.582031 0.238517 3.872983 
1.596215 0.233395 3.872983 
1.611276 0.230900 3.872983 
1.626501 0.229799 3.872983 
1.657035 0.229881 3.872983 
1.687514 0.231693 3.872983 
1.748267 0.237917 3.872983 
1.808833 0.245759 3.872983 
1.869335 0.254098 3.872983 
1.929856 0.262295 3.872983 
1.990436 0.270045 3.872983 
2.051007 0.277859 3.872983 
2.111578 0.285677 3.872983 
2.172168 0.293348 3.872983 
2.232789 0.300770 3.872983 
2.293447 0.307876 3.872983 
2.354146 0.314633 3.872983 
2.414883 0.321036 3.872983 
2.475654 0.327109 3.872983 
2.536452 0.332898 3.872983 
2.509803 0.323228 3.761156 
2.483153 0.313557 3.649330 
2.456503 0.303887 3.537503 
2.429853 0.294217 3.425676 
2.403204 0.284547 3.313849 
2.376554 0.274877 3.202022 
2.349904 0.265207 3.090195 
2.323255 0.255537 2.978368 
2.296605 0.245866 2.866541 
2.269955 0.236196 2.754714 
2.243306 0.226526 2.642887 
2.216656 0.216856 2.531060 
2.190006 0.207186 2.419233 
2.163357 0.197516 2.307407 
2.136707 0.187846 2.195580 
2.110057 0.178175 2.083753 
2.083408 0.168505 1.971926 
2.056758 0.158835 1.860099 
2.030108 0.149165 1.748272 
2.003459 0.139495 1.636445 
1.976809 0.129825 1.524618 
1.950159 0.120155 1.412791 
1.923510 0.110484 1.300964 
1.896860 0.100814 1.189137 
1.870210 0.091144 1.077311 
1.843561 0.081474 0.965484 
1.816911 0.071804 0.853657 
1.790261 0.062134 0.741830 
1.763611 0.052464 0.630003 
1.736962 0.042793 0.518176 
1.710312 0.033123 0.406349 
1.683662 0.023453 0.294522 
1.622642 0.023473 0.302852 
1.561664 0.023328 0.311489 
1.502748 0.023005 0.320100 
1.443867 0.022480 0.328938 
1.332658 0.020883 0.346144 
1.221536 0.018466 0.363817 
1.117747 0.015508 0.380549 
1.013979 0.011999 0.397296 
0.912206 0.008239 0.413551 
0.810379 0.004493 0.429473 
0.710220 0.000543 0.444645 
0.610002 -0.004249 0.459175 
0.500988 -0.009215 0.474058 
0.391749 -0.011626 0.487889 
0.341830 -0.010598 0.493837 
0.292018 -0.006757 0.499527 
0.268720 -0.003228 0.502088 
0.245790 0.002268 0.504510 
0.233801 0.006546 0.505708 
0.222437 0.012313 0.506751 
0.212143 0.020843 0.507493 
0.205964 0.032721 0.507457 
0.248651 0.039502 0.612629 
0.291338 0.046284 0.717802 
0.334025 0.053065 0.822975 
0.376712 0.059847 0.928147 
0.419398 0.066628 1.033320 
0.462085 0.073410 1.138493 
0.504772 0.080191 1.243666 
0.547459 0.086973 1.348838 
0.590146 0.093754 1.454011 
0.632833 0.100536 1.559184 
0.675520 0.107317 1.664356 
0.718207 0.114098 1.769529 
0.760894 0.120880 1.874702 
0.803581 0.127661 1.979874 
0.846268 0.134443 2.085047 
0.888955 0.141224 2.190220 
0.931642 0.148006 2.295393 
0.974329 0.154787 2.400565 
1.017016 0.161569 2.505738 
1.059703 0.168350 2.610911 
1.102390 0.175132 2.716083 
1.145077 0.181913 2.821256 
1.187764 0.188695 2.926429 
1.230450 0.195476 3.031602 
1.273137 0.202258 3.136774 
1.315824 0.209039 3.241947 
1.358511 0.215821 3.347120 
1.401198 0.222602 3.452292 
1.443885 0.229384 3.557465 
1.486572 0.236165 3.662638 
1.529259 0.242947 3.767811 
1.510723 0.219262 3.662594 
1.569881 0.211611 3.605767 
1.690036 0.227361 3.743100 
1.726302 0.228966 3.644333 
1.872727 0.248926 3.682935 
1.987646 0.263349 3.695775 
2.112896 0.279120 3.708517 
2.235214 0.292448 3.694891 
2.375699 0.307556 3.708321 
1.473680 0.207270 3.530319 
1.511820 0.202254 3.480531 
1.589580 0.208948 3.505233 
1.661352 0.216921 3.504430 
1.772987 0.227456 3.408365 
1.938153 0.247041 3.433207 
2.054110 0.261098 3.457361 
2.205316 0.276403 3.451026 
2.296818 0.284997 3.453231 
1.362640 0.194319 3.295329 
1.376326 0.184163 3.225530 
1.510618 0.196920 3.373888 
1.604915 0.200452 3.190823 
1.735690 0.217208 3.247607 
1.843610 0.227956 3.229642 
1.985981 0.243755 3.245297 
2.124430 0.256962 3.239206 
2.250765 0.265713 3.205203 
1.252055 0.177814 3.032059 
1.334099 0.172152 3.060930 
1.417415 0.174795 3.023239 
1.519403 0.185673 3.038305 
1.623915 0.195831 3.005524 
1.785636 0.211939 3.004061 
1.926743 0.225406 2.995692 
2.070640 0.237730 2.986972 
2.196483 0.247222 2.982610 
1.168231 0.163095 2.821036 
1.198231 0.157102 2.820335 
1.258559 0.155177 2.818778 
1.380378 0.163319 2.815141 
1.529004 0.178145 2.806168 
1.719930 0.195403 2.786831 
1.866196 0.208341 2.776369 
2.016024 0.220071 2.765469 
2.142414 0.228705 2.760016 
1.082480 0.149151 2.610646 
1.112220 0.142710 2.609806 
1.171983 0.140051 2.607937 
1.293117 0.147006 2.603573 
1.447569 0.161407 2.592805 
1.654478 0.178844 2.569600 
1.805972 0.191244 2.557046 
1.961841 0.202363 2.543966 
2.088558 0.210163 2.537423 
0.996679 0.135248 2.400257 
1.026090 0.128372 2.399276 
1.085148 0.124993 2.397096 
1.205333 0.130758 2.392005 
1.365712 0.144700 2.379442 
1.589282 0.162262 2.352370 
1.746073 0.174115 2.337723 
1.908092 0.184605 2.322463 
2.034913 0.191595 2.314829 
0.910829 0.121390 2.189867 
0.939844 0.114091 2.188747 
0.998052 0.110005 2.186255 
1.117026 0.114580 2.180436 
1.283432 0.128024 2.166079 
1.524340 0.145658 2.135139 
1.686496 0.156953 2.118400 
1.854776 0.166797 2.100960 
1.981481 0.173002 2.092236 
0.824932 0.107576 1.979478 
0.853481 0.099869 1.978217 
0.910697 0.095092 1.975414 
1.028196 0.098477 1.968868 
1.200731 0.111378 1.952716 
1.459653 0.129031 1.917909 
1.627244 0.139758 1.899077 
1.801895 0.148938 1.879458 
1.928261 0.154383 1.869643 
0.738989 0.093810 1.769088 
0.767003 0.085709 1.767687 
0.823082 0.080258 1.764573 
0.938842 0.082454 1.757299 
1.117608 0.094764 1.739353 
1.395221 0.112381 1.700678 
1.568315 0.122531 1.679754 
1.749447 0.131028 1.657955 
1.875253 0.135739 1.647049 
0.653001 0.080093 1.558698 
0.680411 0.071616 1.557158 
0.735210 0.065508 1.553732 
0.848966 0.066516 1.545731 
1.034062 0.078180 1.525990 
1.331044 0.095709 1.483448 
1.509709 0.105271 1.460432 
1.697433 0.113067 1.436452 
1.822458 0.117069 1.424456 
0.566969 0.066427 1.348309 
0.593706 0.057591 1.346628 
0.647081 0.050849 1.342891 
0.758566 0.050671 1.334163 
0.950095 0.061629 1.312627 
1.267121 0.079013 1.266217 
1.451428 0.087977 1.241109 
1.645853 0.095054 1.214949 
1.769874 0.098372 1.201862 
0.480895 0.052813 1.137919 
0.506890 0.043640 1.136099 
0.558696 0.036285 1.132050 
0.667644 0.034925 1.122594 
0.865705 0.045109 1.099264 
1.203454 0.062294 1.048987 
1.393469 0.070650 1.021786 
1.594706 0.076989 0.993446 
1.717503 0.079650 0.979269 
0.394781 0.039255 0.927530 
0.419964 0.029766 0.925569 
0.470056 0.021824 0.921209 
0.576201 0.019287 0.911026 
0.780893 0.028623 0.885901 
1.140041 0.045553 0.831757 
1.335835 0.053289 0.802463 
1.543993 0.058872 0.771943 
1.665345 0.060902 0.756675 
0.308627 0.025754 0.717140 
0.332930 0.015974 0.715039 
0.381163 0.007474 0.710368 
0.484235 0.003767 0.699458 
0.695659 0.012170 0.672538 
1.076882 0.028788 0.614526 
1.278523 0.035895 0.583140 
1.493713 0.040703 0.550440 
1.613398 0.042128 0.534082 
1.564350 0.228891 3.799056 
1.539235 0.234425 3.776204 
1.509158 0.230738 3.705039 
1.627748 0.218514 3.667851 
1.563271 0.220610 3.734446 
1.529505 0.216153 3.663196 
1.664391 0.225477 3.764849 
1.618817 0.222120 3.760698 
1.582209 0.214211 3.643992 
1.789009 0.241276 3.800208 
1.697847 0.228414 3.748798 
1.685889 0.224247 3.654729 
1.902839 0.255414 3.765426 
1.817597 0.244078 3.759977 
1.787810 0.237058 3.648811 
2.027462 0.270999 3.767701 
1.922934 0.257539 3.754872 
1.917911 0.252216 3.624343 
2.151036 0.286257 3.767732 
2.047480 0.273097 3.756959 
2.047625 0.269540 3.667019 
2.273801 0.300357 3.767437 
2.170937 0.288147 3.756952 
2.172143 0.282965 3.643337 
2.397499 0.313159 3.767431 
2.293625 0.301936 3.756593 
2.296900 0.297369 3.665987 
2.426010 0.316276 3.773456 
2.421893 0.307924 3.644512 
1.486108 0.215909 3.606049 
1.491124 0.219869 3.634018 
1.410049 0.210242 3.448252 
1.518299 0.206390 3.544643 
1.489960 0.211837 3.584982 
1.442517 0.200950 3.444422 
1.592786 0.212259 3.585111 
1.536902 0.205676 3.523475 
1.539785 0.204772 3.502308 
1.691640 0.224165 3.627677 
1.631976 0.214220 3.529067 
1.641749 0.215819 3.544931 
1.799437 0.237125 3.601085 
1.734737 0.225958 3.502137 
1.719260 0.224437 3.516091 
1.960497 0.255006 3.564891 
1.867917 0.244296 3.569481 
1.843435 0.236706 3.443972 
2.051811 0.266489 3.582814 
1.986957 0.256825 3.533084 
1.983278 0.251938 3.428561 
2.216823 0.284312 3.575654 
2.140100 0.276063 3.573822 
2.117728 0.269685 3.492870 
2.304440 0.293515 3.584999 
2.239158 0.284209 3.532323 
2.242073 0.278252 3.422739 
2.405131 0.301419 3.565259 
2.367545 0.289338 3.426727 
1.390213 0.197661 3.356011 
1.388509 0.204757 3.388125 
1.314140 0.195193 3.213678 
1.446392 0.196108 3.396747 
1.403270 0.195261 3.355600 
1.397768 0.196807 3.360717 
1.555741 0.205148 3.485219 
1.453489 0.191108 3.322622 
1.461016 0.195459 3.389865 
1.592522 0.203956 3.344463 
1.562261 0.201139 3.359973 
1.527945 0.192673 3.217157 
1.755326 0.221919 3.313700 
1.710261 0.218716 3.368510 
1.665123 0.207743 3.202469 
1.881707 0.236420 3.331025 
1.788581 0.225264 3.307797 
1.780010 0.219906 3.199867 
1.996134 0.250855 3.372837 
1.942547 0.243122 3.331033 
1.919347 0.236413 3.237548 
2.120887 0.263161 3.359004 
2.050169 0.253127 3.301996 
2.058273 0.249119 3.209302 
2.278011 0.274952 3.316499 
2.214547 0.270477 3.332492 
2.188213 0.260698 3.206829 
2.340878 0.279892 3.314885 
2.313649 0.270433 3.203603 
1.293144 0.183349 3.126964 
1.306741 0.190183 3.181906 
1.228295 0.181045 3.001526 
1.361576 0.181701 3.190039 
1.305027 0.177879 3.106717 
1.325905 0.181794 3.161385 
1.378131 0.174998 3.088388 
1.369635 0.175816 3.108544 
1.342393 0.169173 3.010421 
1.564333 0.195626 3.185336 
1.458405 0.179972 3.058738 
1.455034 0.177752 3.006809 
1.669926 0.205227 3.121119 
1.592508 0.195825 3.096729 
1.566271 0.189408 2.998363 
1.818615 0.220202 3.112676 
1.738093 0.212112 3.118466 
1.697822 0.203469 3.011794 
1.959581 0.234573 3.113424 
1.889134 0.227278 3.108475 
1.856178 0.218788 2.999871 
2.097858 0.246739 3.101519 
2.035674 0.242027 3.116970 
1.998672 0.231784 2.991320 
2.223624 0.256473 3.093906 
2.161055 0.251676 3.095518 
2.133549 0.242645 2.984780 
2.286985 0.260975 3.091762 
2.259860 0.251516 2.980479 
1.208617 0.169833 2.920943 
1.197609 0.176509 2.927257 
1.154525 0.169874 2.822122 
1.273305 0.165972 2.966199 
1.225450 0.166583 2.926205 
1.183084 0.159351 2.820793 
1.344662 0.165865 2.944898 
1.292365 0.163671 2.941090 
1.228367 0.155186 2.819633 
1.447776 0.174018 2.923610 
1.387396 0.168170 2.923167 
1.319539 0.158209 2.817007 
1.585187 0.187922 2.907537 
1.518246 0.181436 2.922005 
1.454701 0.170637 2.810658 
1.752782 0.203677 2.895446 
1.664943 0.195476 2.903167 
1.624460 0.186844 2.796496 
1.896469 0.216881 2.886030 
1.825882 0.210495 2.890198 
1.793051 0.201999 2.781594 
2.043331 0.228911 2.876220 
1.971342 0.223214 2.880554 
1.941091 0.214438 2.770906 
2.169449 0.237969 2.871313 
2.106499 0.233598 2.873470 
2.079207 0.224554 2.762732 
2.233198 0.242045 2.868639 
2.206177 0.232585 2.757356 
1.125354 0.156120 2.715841 
1.111912 0.162891 2.716917 
1.068942 0.156187 2.611763 
1.155225 0.149901 2.715071 
1.140100 0.152259 2.715516 
1.097189 0.145176 2.610340 
1.215271 0.147605 2.713358 
1.185084 0.147790 2.714202 
1.142061 0.140414 2.608954 
1.336749 0.155149 2.709358 
1.275892 0.150295 2.711215 
1.232614 0.142446 2.605808 
1.488287 0.169767 2.699487 
1.413963 0.162465 2.703969 
1.370357 0.154059 2.598195 
1.687204 0.187129 2.678215 
1.591709 0.178846 2.687868 
1.551015 0.170228 2.581198 
1.836083 0.199800 2.666707 
1.762919 0.193685 2.671920 
1.730213 0.185182 2.563316 
1.988931 0.211227 2.654717 
1.913980 0.205839 2.660139 
1.883888 0.197052 2.550491 
2.115486 0.219439 2.648719 
2.052266 0.215483 2.651422 
2.025189 0.206425 2.540684 
2.179516 0.223103 2.645515 
2.152599 0.213641 2.534232 
1.039578 0.142197 2.505452 
1.026293 0.149232 2.506555 
0.983341 0.142529 2.401401 
1.069154 0.135536 2.504542 
1.054148 0.138112 2.505062 
1.011211 0.131049 2.399886 
1.128566 0.132513 2.502517 
1.098650 0.133051 2.503522 
1.055566 0.125704 2.398274 
1.249227 0.138868 2.497789 
1.188708 0.134563 2.500015 
1.145297 0.126752 2.394609 
1.406641 0.153045 2.486124 
1.329410 0.145900 2.491506 
1.285541 0.137521 2.385732 
1.621880 0.170559 2.460985 
1.518392 0.162224 2.472569 
1.477485 0.153619 2.365899 
1.776022 0.182686 2.447384 
1.700245 0.176848 2.453642 
1.667665 0.168339 2.345038 
1.934965 0.193494 2.433214 
1.856995 0.188424 2.439725 
1.827063 0.179624 2.330077 
2.061735 0.200884 2.426126 
1.998355 0.197331 2.429374 
1.971493 0.188258 2.318636 
2.125941 0.204149 2.422392 
2.099128 0.194685 2.311109 
0.953753 0.128316 2.295062 
0.940658 0.135602 2.296189 
0.897724 0.128898 2.191035 
0.982966 0.121227 2.294012 
0.968112 0.124015 2.294607 
0.925149 0.116975 2.189432 
1.041600 0.117490 2.291676 
1.012027 0.118377 2.292842 
0.968882 0.111060 2.187594 
1.161181 0.122655 2.286221 
1.101131 0.118903 2.288815 
1.057587 0.111129 2.183410 
1.324573 0.136353 2.272761 
1.244384 0.129377 2.279042 
1.200253 0.121025 2.173269 
1.556811 0.153966 2.243754 
1.444991 0.145610 2.257270 
1.403872 0.137018 2.150600 
1.716284 0.165541 2.228061 
1.637860 0.159984 2.235364 
1.605406 0.151468 2.126761 
1.881433 0.175710 2.211711 
1.800390 0.170968 2.219310 
1.770618 0.162156 2.109663 
2.008197 0.182303 2.203532 
1.944767 0.179141 2.207327 
1.918120 0.170053 2.096588 
2.072471 0.185183 2.199269 
2.045763 0.175715 2.087985 
0.867879 0.114480 2.084673 
0.855007 0.122002 2.085820 
0.812090 0.115296 1.980666 
0.896662 0.106975 2.083482 
0.881994 0.109971 2.084152 
0.839005 0.102954 1.978978 
0.954374 0.102540 2.080836 
0.925216 0.103771 2.082161 
0.882010 0.096485 1.976914 
1.072612 0.106514 2.074653 
1.013161 0.103317 2.077616 
0.969485 0.095582 1.972211 
1.242082 0.119693 2.059398 
1.158886 0.112895 2.066580 
1.114491 0.104571 1.960808 
1.491997 0.137350 2.026524 
1.371507 0.129002 2.041970 
1.330176 0.120424 1.935301 
1.656870 0.148362 2.008738 
1.575764 0.143093 2.017086 
1.543436 0.134570 1.908483 
1.828335 0.157876 1.990208 
1.744163 0.153472 1.998895 
1.714552 0.144646 1.889248 
1.954871 0.163697 1.980939 
1.891502 0.160914 1.985279 
1.865071 0.151810 1.874539 
2.019107 0.166204 1.976146 
1.992504 0.156732 1.864861 
0.781959 0.100690 1.874283 
0.769341 0.108432 1.875447 
0.726442 0.101724 1.770292 
0.810241 0.092784 1.872953 
0.795795 0.095983 1.873698 
0.752780 0.088989 1.768525 
0.866889 0.087666 1.869995 
0.838217 0.089237 1.871480 
0.794951 0.081983 1.766235 
0.983520 0.090451 1.863084 
0.924800 0.087812 1.866417 
0.880991 0.080118 1.761013 
1.159170 0.103063 1.846035 
1.072915 0.096458 1.854118 
1.028258 0.088162 1.748347 
1.427437 0.120711 1.809293 
1.297939 0.112402 1.826670 
1.256396 0.103838 1.720002 
1.597779 0.131151 1.789415 
1.513957 0.126175 1.798809 
1.481756 0.117645 1.690205 
1.775671 0.139992 1.768706 
1.688315 0.135934 1.778481 
1.658864 0.127095 1.668834 
1.901757 0.145065 1.758345 
1.838560 0.142648 1.763231 
1.812344 0.133527 1.652492 
1.965849 0.147212 1.753023 
1.939352 0.137736 1.641738 
0.695993 0.086948 1.663894 
0.683660 0.094892 1.665070 
0.640779 0.088182 1.559915 
0.723706 0.078657 1.662423 
0.709515 0.082053 1.663243 
0.666476 0.075084 1.558071 
0.779146 0.072874 1.659154 
0.751030 0.074780 1.660799 
0.707706 0.067558 1.555555 
0.893905 0.074470 1.651516 
0.836046 0.072392 1.655217 
0.792105 0.064740 1.549815 
1.075836 0.086464 1.632672 
0.986471 0.080065 1.641657 
0.941551 0.071800 1.535887 
1.363132 0.104050 1.592063 
1.224287 0.095810 1.611370 
1.182532 0.087261 1.504702 
1.539012 0.113907 1.570093 
1.452440 0.109230 1.580531 
1.420364 0.100692 1.471928 
1.723440 0.122056 1.547203 
1.632845 0.118354 1.558066 
1.603555 0.109502 1.448419 
1.848855 0.126408 1.535752 
1.785940 0.124345 1.541184 
1.759940 0.115207 1.430444 
1.912698 0.128208 1.529900 
1.886305 0.118727 1.418615 
0.609983 0.073257 1.453504 
0.597967 0.081383 1.454690 
0.555102 0.074669 1.349534 
0.637057 0.064598 1.451894 
0.623157 0.068185 1.452788 
0.580093 0.061242 1.347617 
0.691145 0.058169 1.448313 
0.663659 0.060403 1.450119 
0.620275 0.053216 1.344875 
0.803767 0.058579 1.439948 
0.746902 0.057064 1.444018 
0.702829 0.049455 1.338617 
0.992079 0.069897 1.419309 
0.899554 0.063719 1.429197 
0.854372 0.055485 1.323428 
1.299082 0.087366 1.374832 
1.150552 0.079225 1.396070 
1.108585 0.070690 1.289401 
1.480568 0.096630 1.350770 
1.391211 0.092257 1.362253 
1.359262 0.083711 1.253650 
1.671643 0.104069 1.325700 
1.577754 0.100733 1.337651 
1.548624 0.091866 1.228005 
1.796166 0.107725 1.313159 
1.733643 0.106002 1.319136 
1.707859 0.096847 1.208396 
1.859652 0.109191 1.306777 
1.833364 0.099705 1.195491 
0.523931 0.059617 1.243115 
0.512261 0.067907 1.244305 
0.469413 0.061188 1.139149 
0.550297 0.050610 1.241364 
0.536722 0.054382 1.242333 
0.493634 0.047465 1.137163 
0.602888 0.043557 1.237472 
0.576103 0.046111 1.239437 
0.532660 0.038960 1.134195 
0.713106 0.042783 1.228379 
0.657366 0.041833 1.232819 
0.613162 0.034271 1.127419 
0.907900 0.053362 1.205946 
0.812165 0.047423 1.216738 
0.766720 0.039221 1.110970 
1.235287 0.070658 1.157602 
1.076733 0.062648 1.180769 
1.034554 0.054128 1.074101 
1.422448 0.079320 1.131447 
1.330272 0.075257 1.143975 
1.298449 0.066702 1.035372 
1.620279 0.086030 1.104197 
1.523041 0.083070 1.117237 
1.494073 0.074189 1.007590 
1.743689 0.089015 1.090565 
1.681669 0.087622 1.097089 
1.656101 0.078447 0.986348 
1.806712 0.090161 1.083654 
1.780529 0.080669 0.972368 
0.437836 0.046031 1.032725 
0.426544 0.054462 1.033917 
0.383713 0.047739 0.928761 
0.463426 0.036697 1.030835 
0.450211 0.040646 1.031877 
0.407101 0.033756 0.926708 
0.514375 0.029044 1.026631 
0.488363 0.031911 1.028756 
0.444863 0.024798 0.923515 
0.621923 0.027090 1.016811 
0.567441 0.026708 1.021620 
0.523106 0.019194 0.916222 
0.823299 0.036859 0.992583 
0.724303 0.031178 1.004280 
0.678596 0.023010 0.898514 
1.171747 0.053928 0.940371 
1.002831 0.046078 0.965468 
0.960440 0.037573 0.858800 
1.364652 0.061976 0.912124 
1.269622 0.058229 0.925697 
1.237926 0.049665 0.817094 
1.569349 0.067939 0.882694 
1.468708 0.065364 0.896822 
1.439899 0.056468 0.787175 
1.691424 0.070280 0.867972 
1.630018 0.069202 0.875041 
1.604666 0.060009 0.764300 
1.753877 0.071119 0.860531 
1.727801 0.061621 0.749244 
0.351702 0.032501 0.822336 
0.340817 0.041051 0.823524 
0.298002 0.034322 0.718368 
0.376446 0.022863 0.820305 
0.363626 0.026981 0.821421 
0.320494 0.020120 0.716253 
0.425608 0.014638 0.815790 
0.400442 0.017808 0.818075 
0.356885 0.010735 0.712835 
0.530218 0.011511 0.805243 
0.477127 0.011697 0.810422 
0.432661 0.004234 0.705025 
0.738276 0.020389 0.779220 
0.635969 0.014987 0.791824 
0.589999 0.006854 0.686059 
1.108461 0.037175 0.723141 
0.928845 0.029515 0.750167 
0.886242 0.021026 0.643499 
1.307179 0.044598 0.692801 
1.209261 0.041172 0.707419 
1.177691 0.032601 0.598816 
1.518853 0.049795 0.661191 
1.414752 0.047615 0.676407 
1.386105 0.038705 0.566761 
1.639371 0.051519 0.645378 
1.578690 0.050744 0.652994 
1.553553 0.041531 0.542252 
1.701149 0.052064 0.637408 
1.675178 0.042559 0.526121 
0.265530 0.019030 0.611947 
0.255081 0.027672 0.613128 
0.289358 0.009114 0.609776 
0.276970 0.013391 0.610964 
0.336589 0.000346 0.604949 
0.312342 0.003810 0.607393 
0.437992 -0.003947 0.593675 
0.386424 -0.003191 0.599223 
0.652831 0.003953 0.565857 
0.547162 -0.001148 0.579369 
1.045430 0.020398 0.505911 
0.854775 0.012960 0.534866 
0.752990 0.008872 0.550974 
1.250029 0.027186 0.473478 
1.149189 0.024088 0.489141 
1.468790 0.031599 0.439688 
1.361175 0.029824 0.455992 
1.587531 0.032732 0.422785 
1.527684 0.032246 0.430946 
1.648527 0.032996 0.414285 
1.529805 0.226918 3.732421 
1.527191 0.236224 3.754869 
1.601003 0.221451 3.757749 
1.542008 0.224338 3.739030 
1.638777 0.225277 3.802725 
1.598140 0.219421 3.726360 
1.739651 0.234925 3.802367 
1.679040 0.227307 3.776961 
1.863049 0.251327 3.801858 
1.789968 0.239532 3.728026 
1.988372 0.267268 3.800570 
1.922860 0.256672 3.730454 
2.111143 0.282731 3.799869 
2.048223 0.272191 3.731325 
2.234205 0.297484 3.799139 
2.172635 0.287167 3.731107 
2.356069 0.310788 3.798774 
2.295570 0.300755 3.730545 
2.478141 0.322732 3.798420 
2.422526 0.313380 3.731276 
1.487228 0.224549 3.643986 
1.436568 0.219123 3.526414 
1.521090 0.213639 3.632391 
1.481359 0.209489 3.556795 
1.577566 0.212577 3.616575 
1.524309 0.204649 3.514549 
1.671404 0.220942 3.600502 
1.607043 0.211802 3.537027 
1.783426 0.234825 3.592176 
1.711319 0.223530 3.519170 
1.921485 0.251822 3.602479 
1.838112 0.239439 3.531334 
2.051426 0.267320 3.603159 
1.982758 0.256090 3.527178 
2.178991 0.281693 3.602261 
2.104637 0.271866 3.568200 
2.303259 0.294335 3.601158 
2.242737 0.283855 3.519675 
2.427482 0.304682 3.586203 
2.364937 0.294234 3.506531 
1.388246 0.204063 3.384931 
1.355008 0.201085 3.311962 
1.442608 0.198677 3.423118 
1.396573 0.195057 3.346386 
1.475313 0.193999 3.358537 
1.451627 0.191705 3.333762 
1.589312 0.205005 3.388661 
1.540890 0.197718 3.324497 
1.714938 0.219922 3.388058 
1.648145 0.209379 3.309220 
1.847288 0.234159 3.368980 
1.784756 0.224002 3.286790 
1.986407 0.249822 3.373428 
1.914827 0.238599 3.297139 
2.116238 0.263400 3.372318 
2.054009 0.252698 3.285927 
2.243914 0.275075 3.366115 
2.185175 0.265398 3.290507 
2.370538 0.284646 3.351817 
2.310841 0.275151 3.278325 
1.296642 0.189190 3.159614 
1.267911 0.187745 3.099955 
1.347768 0.185934 3.218937 
1.297712 0.178104 3.100036 
1.406195 0.182926 3.209313 
1.370366 0.175547 3.103649 
1.550647 0.196198 3.249298 
1.451081 0.181753 3.124117 
1.643747 0.203679 3.156223 
1.566906 0.193388 3.109551 
1.775935 0.217488 3.152744 
1.695400 0.206391 3.085487 
1.922680 0.232822 3.153146 
1.854638 0.222134 3.073672 
2.064460 0.246129 3.143429 
1.996012 0.235951 3.072610 
2.190959 0.256345 3.132080 
2.130918 0.247020 3.059336 
2.316843 0.265590 3.128517 
2.256819 0.256378 3.055379 
1.211320 0.175423 2.950009 
1.178910 0.177674 2.891779 
1.274953 0.171228 3.019379 
1.205716 0.164862 2.888150 
1.337727 0.167935 2.991688 
1.269277 0.161811 2.914348 
1.430077 0.173234 2.951198 
1.350785 0.164123 2.898051 
1.552648 0.186005 2.945932 
1.470482 0.175071 2.886833 
1.705181 0.200889 2.936802 
1.619627 0.189731 2.870833 
1.859504 0.215448 2.925363 
1.790567 0.205436 2.855743 
2.004442 0.228050 2.916027 
1.936294 0.218255 2.845825 
2.136494 0.238131 2.909850 
2.076341 0.229083 2.837470 
2.263218 0.246526 2.905216 
2.202937 0.237588 2.832432 
1.130428 0.162545 2.751851 
1.093405 0.164058 2.681440 
1.159454 0.153717 2.750483 
1.120825 0.150989 2.680579 
1.209574 0.150048 2.749078 
1.160771 0.145783 2.679426 
1.310738 0.154417 2.745866 
1.241273 0.146489 2.676808 
1.452313 0.167663 2.738037 
1.373695 0.157171 2.670509 
1.634456 0.184288 2.720859 
1.543657 0.173089 2.656178 
1.797346 0.198557 2.706737 
1.726774 0.188713 2.637815 
1.947994 0.210585 2.695249 
1.877977 0.200977 2.625774 
2.082316 0.219884 2.687621 
2.022124 0.211106 2.615604 
2.209663 0.227453 2.681916 
2.149197 0.218781 2.609485 
1.044760 0.148790 2.541487 
1.007892 0.150462 2.471099 
1.073479 0.139486 2.540005 
1.034918 0.136922 2.470148 
1.123091 0.135178 2.538345 
1.074435 0.131176 2.468797 
1.223527 0.138483 2.534544 
1.154201 0.130973 2.465729 
1.368800 0.151034 2.525273 
1.288066 0.140692 2.458345 
1.563761 0.167684 2.504917 
1.467491 0.156463 2.441523 
1.735488 0.181637 2.488111 
1.663259 0.171965 2.419886 
1.891943 0.193076 2.474472 
1.820021 0.183661 2.405724 
2.028423 0.201603 2.465391 
1.968267 0.193086 2.393737 
2.156180 0.208372 2.458616 
2.095599 0.199957 2.386538 
0.959064 0.135070 2.331120 
0.922371 0.136886 2.260753 
0.987410 0.125307 2.329527 
0.948940 0.122904 2.259716 
1.036394 0.120373 2.327612 
0.987933 0.116631 2.258169 
1.135879 0.122618 2.323223 
1.066781 0.115528 2.254651 
1.284830 0.134442 2.312511 
1.201947 0.124260 2.246182 
1.493095 0.151078 2.288974 
1.391129 0.139855 2.226868 
1.673931 0.164688 2.269484 
1.600021 0.155191 2.201957 
1.836290 0.175524 2.253694 
1.762424 0.166308 2.185673 
1.974816 0.183289 2.243161 
1.914770 0.175025 2.171871 
2.102767 0.189283 2.235316 
2.042141 0.181117 2.163592 
0.873342 0.121385 2.120750 
0.836842 0.123330 2.050405 
0.901246 0.111182 2.119049 
0.862891 0.108937 2.049284 
0.949486 0.105637 2.116880 
0.901266 0.102152 2.047540 
1.047796 0.106826 2.111901 
0.979012 0.100158 2.043573 
1.200406 0.117886 2.099748 
1.115339 0.107878 2.034019 
1.422458 0.134469 2.073031 
1.314571 0.123263 2.012212 
1.612675 0.147711 2.050858 
1.537062 0.138392 1.984028 
1.781033 0.157927 2.032916 
1.705189 0.148917 1.965622 
1.921495 0.164941 2.020931 
1.861633 0.156921 1.950005 
2.049424 0.170185 2.012016 
1.988825 0.162259 1.940645 
0.787595 0.107737 1.910377 
0.751306 0.109795 1.840053 
0.814990 0.097115 1.908571 
0.776772 0.095024 1.838852 
0.862365 0.090974 1.906147 
0.814436 0.087743 1.836911 
0.959276 0.091113 1.900580 
0.890895 0.084868 1.832495 
1.115525 0.101369 1.886987 
1.028241 0.091547 1.821857 
1.351850 0.117857 1.857088 
1.237816 0.106688 1.797556 
1.551719 0.130704 1.832232 
1.474379 0.121567 1.766099 
1.726174 0.140287 1.812139 
1.648313 0.131487 1.745571 
1.868460 0.146558 1.798702 
1.808856 0.138775 1.728139 
1.996153 0.151078 1.788716 
1.935651 0.143384 1.717699 
0.701823 0.094127 1.700001 
0.665763 0.096280 1.629698 
0.728641 0.083108 1.698093 
0.690586 0.081167 1.628420 
0.775034 0.076389 1.695414 
0.727443 0.073406 1.626282 
0.870321 0.075484 1.689259 
0.802431 0.069664 1.621417 
1.030189 0.084890 1.674226 
0.940654 0.075271 1.609695 
1.281271 0.101243 1.641144 
1.160864 0.090129 1.582900 
1.491064 0.113669 1.613605 
1.411975 0.104716 1.548170 
1.671711 0.122601 1.591361 
1.591798 0.114018 1.525520 
1.815711 0.128142 1.576472 
1.756438 0.120586 1.506273 
1.942951 0.131963 1.565416 
1.882618 0.124492 1.494752 
0.616028 0.080555 1.489621 
0.580214 0.082786 1.419340 
0.642202 0.069163 1.487615 
0.604332 0.067368 1.417988 
0.687492 0.061885 1.484681 
0.640289 0.059147 1.415653 
0.780930 0.059944 1.477939 
0.713620 0.054551 1.410339 
0.944396 0.068450 1.461465 
0.852577 0.059052 1.397535 
1.210722 0.084627 1.425201 
1.083717 0.073586 1.368243 
1.430710 0.096604 1.394979 
1.349848 0.087839 1.330241 
1.617646 0.104871 1.370583 
1.535644 0.096511 1.305468 
1.763248 0.109691 1.354243 
1.704380 0.102354 1.284407 
1.889821 0.112839 1.342116 
1.829726 0.105582 1.271806 
0.530212 0.067023 1.279238 
0.494660 0.069314 1.208978 
0.555674 0.055285 1.277137 
0.518012 0.053629 1.207555 
0.599742 0.047469 1.273948 
0.552975 0.044971 1.205023 
0.691105 0.044500 1.266618 
0.624463 0.039535 1.199262 
0.858148 0.052052 1.248706 
0.764010 0.042894 1.185376 
1.140201 0.068007 1.209257 
1.006373 0.057058 1.153587 
1.370657 0.079509 1.176352 
1.287999 0.070936 1.112312 
1.563977 0.087095 1.149805 
1.479849 0.078964 1.085417 
1.711071 0.091206 1.132013 
1.652682 0.084079 1.062541 
1.836761 0.093707 1.118816 
1.776976 0.086656 1.048859 
0.444374 0.053532 1.068851 
0.409100 0.055862 0.998613 
0.469058 0.041476 1.066658 
0.431629 0.039955 0.997122 
0.511784 0.033147 1.063215 
0.465502 0.030882 0.994394 
0.600845 0.029160 1.055298 
0.534961 0.024625 0.988184 
0.771445 0.035697 1.035947 
0.674954 0.026800 0.973218 
1.069710 0.051386 0.993313 
0.928833 0.040545 0.938930 
1.310904 0.062385 0.957726 
1.226428 0.054007 0.894383 
1.510706 0.069274 0.929028 
1.424415 0.061378 0.865366 
1.659180 0.072686 0.909784 
1.601343 0.065761 0.840675 
1.783772 0.074566 0.895516 
1.724367 0.067712 0.825913 
0.358518 0.040083 0.858460 
0.323535 0.042432 0.788245 
0.382356 0.027741 0.856180 
0.345183 0.026348 0.786689 
0.423621 0.018924 0.852482 
0.377872 0.016885 0.783764 
0.510151 0.013932 0.843977 
0.445114 0.009828 0.777107 
0.684285 0.019386 0.823190 
0.585409 0.010773 0.761062 
0.999248 0.034761 0.777369 
0.851096 0.024048 0.724273 
1.251451 0.045232 0.739099 
1.165134 0.037052 0.676454 
1.457831 0.051407 0.708250 
1.369341 0.043753 0.645315 
1.607575 0.054131 0.687554 
1.550364 0.047399 0.618809 
1.730853 0.055417 0.672216 
1.671899 0.048751 0.602966 
0.272644 0.026677 0.648064 
0.237916 0.028989 0.577710 
0.295571 0.014084 0.645701 
0.258673 0.012807 0.576225 
0.335253 0.004807 0.641749 
0.290084 0.002986 0.573112 
0.419025 -0.001175 0.632657 
0.354925 -0.004847 0.566033 
0.596669 0.003122 0.610433 
0.495394 -0.005172 0.549058 
0.928815 0.018134 0.561425 
0.839984 0.010138 0.499790 
1.192299 0.028048 0.520472 
1.104119 0.020071 0.458529 
1.405354 0.033493 0.487472 
1.314617 0.026082 0.425196 
1.556255 0.035541 0.465325 
1.499740 0.028990 0.396908 
1.678006 0.036258 0.448916 
1.619566 0.029769 0.379971 
0.705343 0.004524 0.520488 

106 700 2 1
-2 -2 -2 -2
-2 -2 -2 -2
-2 -2 -2 -2
-2 -2 -2 -2
-2 -2 -2 -2
246 699 4 3
245 699 246 108
4 699 245 5
2 700 246 3
-2 -2 -2 -2
-2 -2 -2 -2
245 109 6 5
-2 -2 -2 -2
-2 -2 -2 -2
-2 -2 -2 -2
-2 -2 -2 -2
-2 -2 -2 -2
252 703 8 7
251 703 252 110
8 703 251 9
6 109 252 7
-2 -2 -2 -2
252 109 280 110
251 111 10 9
-2 -2 -2 -2
10 111 258 11
-2 -2 -2 -2
283 111 251 110
-2 -2 -2 -2
258 112 12 11
-2 -2 -2 -2
12 112 261 13
-2 -2 -2 -2
259 112 258 111
-2 -2 -2 -2
261 113 14 13
-2 -2 -2 -2
14 113 264 15
-2 -2 -2 -2
289 113 261 112
-2 -2 -2 -2
264 114 16 15
-2 -2 -2 -2
16 114 267 17
-2 -2 -2 -2
265 114 264 113
-2 -2 -2 -2
267 115 18 17
-2 -2 -2 -2
18 115 269 19
-2 -2 -2 -2
295 115 267 114
-2 -2 -2 -2
269 715 20 19
22 715 269 23
20 715 22 21
-2 -2 -2 -2
24 23 269 115
-2 -2 -2 -2
272 700 106 105
274 700 272 116
-2 -2 -2 -2
104 116 272 105
305 116 104 103
-2 -2 -2 -2
-2 -2 -2 -2
-2 -2 -2 -2
246 700 274 108
-2 -2 -2 -2
-2 -2 -2 -2
-2 -2 -2 -2
-2 -2 -2 -2
-2 -2 -2 -2
-2 -2 -2 -2
-2 -2 -2 -2
306 108 274 127
245 108 306 118
-2 -2 -2 -2
280 109 245 119
-2 -2 -2 -2
-2 -2 -2 -2
-2 -2 -2 -2
-2 -2 -2 -2
-2 -2 -2 -2
283 110 285 120
-2 -2 -2 -2
280 119 285 110
-2 -2 -2 -2
-2 -2 -2 -2
287 121 259 111
-2 -2 -2 -2
259 121 290 112
283 728 287 111
288 728 283 120
287 728 288 121
-2 -2 -2 -2
289 112 290 122
-2 -2 -2 -2
-2 -2 -2 -2
318 122 290 121
-2 -2 -2 -2
293 123 265 113
-2 -2 -2 -2
265 123 296 114
289 732 293 113
294 732 289 122
293 732 294 123
-2 -2 -2 -2
295 114 296 124
-2 -2 -2 -2
-2 -2 -2 -2
324 124 296 123
-2 -2 -2 -2
-2 -2 -2 -2
24 115 298 25
-2 -2 -2 -2
295 736 298 115
299 736 295 124
298 736 299 25
-2 -2 -2 -2
-2 -2 -2 -2
-2 -2 -2 -2
102 125 305 103
334 125 102 101
-2 -2 -2 -2
-2 -2 -2 -2
-2 -2 -2 -2
274 116 308 127
-2 -2 -2 -2
-2 -2 -2 -2
308 116 305 126
-2 -2 -2 -2
-2 -2 -2 -2
-2 -2 -2 -2
-2 -2 -2 -2
-2 -2 -2 -2
-2 -2 -2 -2
-2 -2 -2 -2
-2 -2 -2 -2
245 118 309 119
306 127 309 118
-2 -2 -2 -2
-2 -2 -2 -2
313 120 285 119
316 120 313 129
-2 -2 -2 -2
309 128 313 119
-2 -2 -2 -2
313 128 341 129
316 747 288 120
315 747 316 130
288 747 315 121
-2 -2 -2 -2
344 130 316 129
-2 -2 -2 -2
-2 -2 -2 -2
318 121 320 131
-2 -2 -2 -2
-2 -2 -2 -2
320 121 315 130
-2 -2 -2 -2
-2 -2 -2 -2
321 122 322 132
294 122 321 123
318 131 322 122
-2 -2 -2 -2
322 131 323 132
-2 -2 -2 -2
324 123 325 133
-2 -2 -2 -2
321 754 325 123
326 754 321 132
325 754 326 133
327 755 299 124
26 755 327 27
299 755 26 25
324 756 327 124
328 756 324 133
327 756 328 27
-2 -2 -2 -2
-2 -2 -2 -2
-2 -2 -2 -2
100 134 334 101
331 134 100 99
-2 -2 -2 -2
-2 -2 -2 -2
-2 -2 -2 -2
305 125 334 126
-2 -2 -2 -2
-2 -2 -2 -2
-2 -2 -2 -2
-2 -2 -2 -2
-2 -2 -2 -2
308 126 335 127
334 135 335 126
-2 -2 -2 -2
-2 -2 -2 -2
339 128 309 127
-2 -2 -2 -2
-2 -2 -2 -2
335 136 339 127
-2 -2 -2 -2
339 136 340 137
-2 -2 -2 -2
341 128 342 138
-2 -2 -2 -2
339 137 342 128
-2 -2 -2 -2
342 137 343 138
-2 -2 -2 -2
344 129 345 139
-2 -2 -2 -2
341 768 345 129
346 768 341 138
345 768 346 139
348 769 320 130
347 769 348 140
320 769 347 131
344 770 348 130
349 770 344 139
348 770 349 140
351 771 323 131
350 771 351 141
323 771 350 132
347 772 351 131
352 772 347 140
351 772 352 141
354 773 326 132
353 773 354 142
326 773 353 133
350 774 354 132
355 774 350 141
354 774 355 142
356 775 328 133
28 775 356 29
328 775 28 27
353 776 356 133
357 776 353 142
356 776 357 29
359 777 331 99
358 777 359 143
331 777 358 134
98 778 359 99
360 778 98 97
359 778 360 143
362 779 334 134
361 779 362 144
334 779 361 135
358 780 362 134
363 780 358 143
362 780 363 144
365 781 335 135
364 781 365 145
335 781 364 136
361 782 365 135
366 782 361 144
365 782 366 145
368 783 340 136
367 783 368 146
340 783 367 137
364 784 368 136
369 784 364 145
368 784 369 146
371 785 343 137
370 785 371 147
343 785 370 138
367 786 371 137
372 786 367 146
371 786 372 147
374 787 346 138
373 787 374 148
346 787 373 139
370 788 374 138
375 788 370 147
374 788 375 148
377 789 349 139
376 789 377 149
349 789 376 140
373 790 377 139
378 790 373 148
377 790 378 149
380 791 352 140
379 791 380 150
352 791 379 141
376 792 380 140
381 792 376 149
380 792 381 150
383 793 355 141
382 793 383 151
355 793 382 142
379 794 383 141
384 794 379 150
383 794 384 151
385 795 357 142
30 795 385 31
357 795 30 29
382 796 385 142
386 796 382 151
385 796 386 31
388 797 360 97
387 797 388 152
360 797 387 143
96 798 388 97
389 798 96 95
388 798 389 152
391 799 363 143
390 799 391 153
363 799 390 144
387 800 391 143
392 800 387 152
391 800 392 153
394 801 366 144
393 801 394 154
366 801 393 145
390 802 394 144
395 802 390 153
394 802 395 154
397 803 369 145
396 803 397 155
369 803 396 146
393 804 397 145
398 804 393 154
397 804 398 155
400 805 372 146
399 805 400 156
372 805 399 147
396 806 400 146
401 806 396 155
400 806 401 156
403 807 375 147
402 807 403 157
375 807 402 148
399 808 403 147
404 808 399 156
403 808 404 157
406 809 378 148
405 809 406 158
378 809 405 149
402 810 406 148
407 810 402 157
406 810 407 158
409 811 381 149
408 811 409 159
381 811 408 150
405 812 409 149
410 812 405 158
409 812 410 159
412 813 384 150
411 813 412 160
384 813 411 151
408 814 412 150
413 814 408 159
412 814 413 160
414 815 386 151
32 815 414 33
386 815 32 31
411 816 414 151
415 816 411 160
414 816 415 33
417 817 389 95
416 817 417 161
389 817 416 152
94 818 417 95
418 818 94 93
417 818 418 161
420 819 392 152
419 819 420 162
392 819 419 153
416 820 420 152
421 820 416 161
420 820 421 162
423 821 395 153
422 821 423 163
395 821 422 154
419 822 423 153
424 822 419 162
423 822 424 163
426 823 398 154
425 823 426 164
398 823 425 155
422 824 426 154
427 824 422 163
426 824 427 164
429 825 401 155
428 825 429 165
401 825 428 156
425 826 429 155
430 826 425 164
429 826 430 165
432 827 404 156
431 827 432 166
404 827 431 157
428 828 432 156
433 828 428 165
432 828 433 166
435 829 407 157
434 829 435 167
407 829 434 158
431 830 435 157
436 830 431 166
435 830 436 167
438 831 410 158
437 831 438 168
410 831 437 159
434 832 438 158
439 832 434 167
438 832 439 168
441 833 413 159
440 833 441 169
413 833 440 160
437 834 441 159
442 834 437 168
441 834 442 169
443 835 415 160
34 835 443 35
415 835 34 33
440 836 443 160
444 836 440 169
443 836 444 35
446 837 418 93
445 837 446 170
418 837 445 161
92 838 446 93
447 838 92 91
446 838 447 170
449 839 421 161
448 839 449 171
421 839 448 162
445 840 449 161
450 840 445 170
449 840 450 171
452 841 424 162
451 841 452 172
424 841 451 163
448 842 452 162
453 842 448 171
452 842 453 172
455 843 427 163
454 843 455 173
427 843 454 164
451 844 455 163
456 844 451 172
455 844 456 173
458 845 430 164
457 845 458 174
430 845 457 165
454 846 458 164
459 846 454 173
458 846 459 174
461 847 433 165
460 847 461 175
433 847 460 166
457 848 461 165
462 848 457 174
461 848 462 175
464 849 436 166
463 849 464 176
436 849 463 167
460 850 464 166
465 850 460 175
464 850 465 176
467 851 439 167
466 851 467 177
439 851 466 168
463 852 467 167
468 852 463 176
467 852 468 177
470 853 442 168
469 853 470 178
442 853 469 169
466 854 470 168
471 854 466 177
470 854 471 178
472 855 444 169
36 855 472 37
444 855 36 35
469 856 472 169
473 856 469 178
472 856 473 37
475 857 447 91
474 857 475 179
447 857 474 170
90 858 475 91
476 858 90 89
475 858 476 179
478 859 450 170
477 859 478 180
450 859 477 171
474 860 478 170
479 860 474 179
478 860 479 180
481 861 453 171
480 861 481 181
453 861 480 172
477 862 481 171
482 862 477 180
481 862 482 181
484 863 456 172
483 863 484 182
456 863 483 173
480 864 484 172
485 864 480 181
484 864 485 182
487 865 459 173
486 865 487 183
459 865 486 174
483 866 487 173
488 866 483 182
487 866 488 183
490 867 462 174
489 867 490 184
462 867 489 175
486 868 490 174
491 868 486 183
490 868 491 184
493 869 465 175
492 869 493 185
465 869 492 176
489 870 493 175
494 870 489 184
493 870 494 185
496 871 468 176
495 871 496 186
468 871 495 177
492 872 496 176
497 872 492 185
496 872 497 186
499 873 471 177
498 873 499 187
471 873 498 178
495 874 499 177
500 874 495 186
499 874 500 187
501 875 473 178
38 875 501 39
473 875 38 37
498 876 501 178
502 876 498 187
501 876 502 39
504 877 476 89
503 877 504 188
476 877 503 179
88 878 504 89
505 878 88 87
504 878 505 188
507 879 479 179
506 879 507 189
479 879 506 180
503 880 507 179
508 880 503 188
507 880 508 189
510 881 482 180
509 881 510 190
482 881 509 181
506 882 510 180
511 882 506 189
510 882 511 190
513 883 485 181
512 883 513 191
485 883 512 182
509 884 513 181
514 884 509 190
513 884 514 191
516 885 488 182
515 885 516 192
488 885 515 183
512 886 516 182
517 886 512 191
516 886 517 192
519 887 491 183
518 887 519 193
491 887 518 184
515 888 519 183
520 888 515 192
519 888 520 193
522 889 494 184
521 889 522 194
494 889 521 185
518 890 522 184
523 890 518 193
522 890 523 194
525 891 497 185
524 891 525 195
497 891 524 186
521 892 525 185
526 892 521 194
525 892 526 195
528 893 500 186
527 893 528 196
500 893 527 187
524 894 528 186
529 894 524 195
528 894 529 196
530 895 502 187
40 895 530 41
502 895 40 39
527 896 530 187
531 896 527 196
530 896 531 41
533 897 505 87
532 897 533 197
505 897 532 188
86 898 533 87
534 898 86 85
533 898 534 197
536 899 508 188
535 899 536 198
508 899 535 189
532 900 536 188
537 900 532 197
536 900 537 198
539 901 511 189
538 901 539 199
511 901 538 190
535 902 539 189
540 902 535 198
539 902 540 199
542 903 514 190
541 903 542 200
514 903 541 191
538 904 542 190
543 904 538 199
542 904 543 200
545 905 517 191
544 905 545 201
517 905 544 192
541 906 545 191
546 906 541 200
545 906 546 201
548 907 520 192
547 907 548 202
520 907 547 193
544 908 548 192
549 908 544 201
548 908 549 202
551 909 523 193
550 909 551 203
523 909 550 194
547 910 551 193
552 910 547 202
551 910 552 203
554 911 526 194
553 911 554 204
526 911 553 195
550 912 554 194
555 912 550 203
554 912 555 204
557 913 529 195
556 913 557 205
529 913 556 196
553 914 557 195
558 914 553 204
557 914 558 205
559 915 531 196
42 915 559 43
531 915 42 41
556 916 559 196
560 916 556 205
559 916 560 43
562 917 534 85
561 917 562 206
534 917 561 197
84 918 562 85
563 918 84 83
562 918 563 206
565 919 537 197
564 919 565 207
537 919 564 198
561 920 565 197
566 920 561 206
565 920 566 207
568 921 540 198
567 921 568 208
540 921 567 199
564 922 568 198
569 922 564 207
568 922 569 208
571 923 543 199
570 923 571 209
543 923 570 200
567 924 571 199
572 924 567 208
571 924 572 209
574 925 546 200
573 925 574 210
546 925 573 201
570 926 574 200
575 926 570 209
574 926 575 210
577 927 549 201
576 927 577 211
549 927 576 202
573 928 577 201
578 928 573 210
577 928 578 211
580 929 552 202
579 929 580 212
552 929 579 203
576 930 580 202
581 930 576 211
580 930 581 212
583 931 555 203
582 931 583 213
555 931 582 204
579 932 583 203
584 932 579 212
583 932 584 213
586 933 558 204
585 933 586 214
558 933 585 205
582 934 586 204
587 934 582 213
586 934 587 214
588 935 560 205
44 935 588 45
560 935 44 43
585 936 588 205
589 936 585 214
588 936 589 45
591 937 563 83
590 937 591 215
563 937 590 206
82 938 591 83
592 938 82 81
591 938 592 215
594 939 566 206
593 939 594 216
566 939 593 207
590 940 594 206
595 940 590 215
594 940 595 216
597 941 569 207
596 941 597 217
569 941 596 208
593 942 597 207
598 942 593 216
597 942 598 217
600 943 572 208
599 943 600 218
572 943 599 209
596 944 600 208
601 944 596 217
600 944 601 218
603 945 575 209
602 945 603 219
575 945 602 210
599 946 603 209
604 946 599 218
603 946 604 219
606 947 578 210
605 947 606 220
578 947 605 211
602 948 606 210
607 948 602 219
606 948 607 220
609 949 581 211
608 949 609 221
581 949 608 212
605 950 609 211
610 950 605 220
609 950 610 221
612 951 584 212
611 951 612 222
584 951 611 213
608 952 612 212
613 952 608 221
612 952 613 222
615 953 587 213
614 953 615 223
587 953 614 214
611 954 615 213
616 954 611 222
615 954 616 223
617 955 589 214
46 955 617 47
589 955 46 45
614 956 617 214
618 956 614 223
617 956 618 47
620 957 592 81
619 957 620 224
592 957 619 215
80 958 620 81
621 958 80 79
620 958 621 224
623 959 595 215
622 959 623 225
595 959 622 216
619 960 623 215
624 960 619 224
623 960 624 225
626 961 598 216
625 961 626 226
598 961 625 217
622 962 626 216
627 962 622 225
626 962 627 226
629 963 601 217
628 963 629 227
601 963 628 218
625 964 629 217
630 964 625 226
629 964 630 227
632 965 604 218
631 965 632 228
604 965 631 219
628 966 632 218
633 966 628 227
632 966 633 228
635 967 607 219
634 967 635 229
607 967 634 220
631 968 635 219
636 968 631 228
635 968 636 229
638 969 610 220
637 969 638 230
610 969 637 221
634 970 638 220
639 970 634 229
638 970 639 230
641 971 613 221
640 971 641 231
613 971 640 222
637 972 641 221
642 972 637 230
641 972 642 231
644 973 616 222
643 973 644 232
616 973 643 223
640 974 644 222
645 974 640 231
644 974 645 232
646 975 618 223
48 975 646 49
618 975 48 47
643 976 646 223
647 976 643 232
646 976 647 49
649 977 621 79
648 977 649 233
621 977 648 224
78 978 649 79
650 978 78 77
649 978 650 233
652 979 624 224
651 979 652 234
624 979 651 225
648 980 652 224
653 980 648 233
652 980 653 234
655 981 627 225
654 981 655 235
627 981 654 226
651 982 655 225
656 982 651 234
655 982 656 235
658 983 630 226
657 983 658 236
630 983 657 227
654 984 658 226
659 984 654 235
658 984 659 236
661 985 633 227
660 985 661 237
633 985 660 228
657 986 661 227
662 986 657 236
661 986 662 237
664 987 636 228
663 987 664 238
636 987 663 229
660 988 664 228
665 988 660 237
664 988 665 238
667 989 639 229
666 989 667 239
639 989 666 230
663 990 667 229
668 990 663 238
667 990 668 239
670 991 642 230
669 991 670 240
642 991 669 231
666 992 670 230
671 992 666 239
670 992 671 240
673 993 645 231
672 993 673 241
645 993 672 232
669 994 673 231
674 994 669 240
673 994 674 241
675 995 647 232
50 995 675 51
647 995 50 49
672 996 675 232
676 996 672 241
675 996 676 51
678 997 650 77
677 997 678 73
650 997 677 233
76 998 678 77
74 998 76 75
678 998 74 73
680 999 653 233
679 999 680 71
653 999 679 234
677 1000 680 233
72 1000 677 73
680 1000 72 71
682 1001 656 234
681 1001 682 69
656 1001 681 235
679 1002 682 234
70 1002 679 71
682 1002 70 69
684 1003 659 235
683 1003 684 67
659 1003 683 236
681 1004 684 235
68 1004 681 69
684 1004 68 67
686 1005 662 236
685 1005 686 65
662 1005 685 237
683 1006 686 236
66 1006 683 67
686 1006 66 65
688 1007 665 237
687 1007 688 61
665 1007 687 238
689 1008 688 237
62 1008 689 63
688 1008 62 61
691 1009 668 238
690 1009 691 59
668 1009 690 239
687 1010 691 238
60 1010 687 61
691 1010 60 59
693 1011 671 239
692 1011 693 57
671 1011 692 240
690 1012 693 239
58 1012 690 59
693 1012 58 57
695 1013 674 240
694 1013 695 55
674 1013 694 241
692 1014 695 240
56 1014 692 57
695 1014 56 55
696 1015 676 241
52 1015 696 53
676 1015 52 51
694 1016 696 241
54 1016 694 55
696 1016 54 53
685 1017 689 237
64 1017 685 65
689 1017 64 63
106
1.582031 0.238517 3.872983
1.571946 0.249728 3.872983
1.571946 0.249728 3.872983
1.529259 0.242947 3.767811
1.611276 0.230900 3.872983
1.596215 0.233395 3.872983
1.626501 0.229799 3.872983
1.611276 0.230900 3.872983
1.596215 0.233395 3.872983
1.582031 0.238517 3.872983
1.657035 0.229881 3.872983
1.626501 0.229799 3.872983
1.748267 0.237917 3.872983
1.687514 0.231693 3.872983
1.808833 0.245759 3.872983
1.748267 0.237917 3.872983
1.687514 0.231693 3.872983
1.657035 0.229881 3.872983
1.869335 0.254098 3.872983
1.808833 0.245759 3.872983
1.929856 0.262295 3.872983
1.869335 0.254098 3.872983
1.990436 0.270045 3.872983
1.929856 0.262295 3.872983
2.051007 0.277859 3.872983
1.990436 0.270045 3.872983
2.111578 0.285677 3.872983
2.051007 0.277859 3.872983
2.172168 0.293348 3.872983
2.111578 0.285677 3.872983
2.232789 0.300770 3.872983
2.172168 0.293348 3.872983
2.293447 0.307876 3.872983
2.232789 0.300770 3.872983
2.354146 0.314633 3.872983
2.293447 0.307876 3.872983
2.414883 0.321036 3.872983
2.354146 0.314633 3.872983
2.475654 0.327109 3.872983
2.414883 0.321036 3.872983
2.483153 0.313557 3.649330
2.509803 0.323228 3.761156
2.509803 0.323228 3.761156
2.536452 0.332898 3.872983
2.536452 0.332898 3.872983
2.475654 0.327109 3.872983
2.456503 0.303887 3.537503
2.483153 0.313557 3.649330
1.529259 0.242947 3.767811
1.486572 0.236165 3.662638
1.486572 0.236165 3.662638
1.443885 0.229384 3.557465
1.443885 0.229384 3.557465
1.401198 0.222602 3.452292
2.429853 0.294217 3.425676
2.456503 0.303887 3.537503
1.401198 0.222602 3.452292
1.358511 0.215821 3.347120
1.358511 0.215821 3.347120
1.315824 0.209039 3.241947
2.376554 0.274877 3.202022
2.403204 0.284547 3.313849
2.403204 0.284547 3.313849
2.429853 0.294217 3.425676
1.315824 0.209039 3.241947
1.273137 0.202258 3.136774
1.273137 0.202258 3.136774
1.230450 0.195476 3.031602
2.323255 0.255537 2.978368
2.349904 0.265207 3.090195
2.349904 0.265207 3.090195
2.376554 0.274877 3.202022
1.230450 0.195476 3.031602
1.187764 0.188695 2.926429
1.187764 0.188695 2.926429
1.145077 0.181913 2.821256
2.269955 0.236196 2.754714
2.296605 0.245866 2.866541
2.296605 0.245866 2.866541
2.323255 0.255537 2.978368
1.145077 0.181913 2.821256
1.102390 0.175132 2.716083
1.102390 0.175132 2.716083
1.059703 0.168350 2.610911
2.216656 0.216856 2.531060
2.243306 0.226526 2.642887
2.243306 0.226526 2.642887
2.269955 0.236196 2.754714
1.059703 0.168350 2.610911
1.017016 0.161569 2.505738
1.017016 0.161569 2.505738
0.974329 0.154787 2.400565
2.163357 0.197516 2.307407
2.190006 0.207186 2.419233
2.190006 0.207186 2.419233
2.216656 0.216856 2.531060
0.974329 0.154787 2.400565
0.931642 0.148006 2.295393
0.931642 0.148006 2.295393
0.888955 0.141224 2.190220
2.110057 0.178175 2.083753
2.136707 0.187846 2.195580
2.136707 0.187846 2.195580
2.163357 0.197516 2.307407
0.888955 0.141224 2.190220
0.846268 0.134443 2.085047
0.846268 0.134443 2.085047
0.803581 0.127661 1.979874
2.056758 0.158835 1.860099
2.083408 0.168505 1.971926
2.083408 0.168505 1.971926
2.110057 0.178175 2.083753
0.803581 0.127661 1.979874
0.760894 0.120880 1.874702
0.760894 0.120880 1.874702
0.718207 0.114098 1.769529
2.003459 0.139495 1.636445
2.030108 0.149165 1.748272
2.030108 0.149165 1.748272
2.056758 0.158835 1.860099
0.718207 0.114098 1.769529
0.675520 0.107317 1.664356
0.675520 0.107317 1.664356
0.632833 0.100536 1.559184
1.950159 0.120155 1.412791
1.976809 0.129825 1.524618
1.976809 0.129825 1.524618
2.003459 0.139495 1.636445
0.632833 0.100536 1.559184
0.590146 0.093754 1.454011
0.590146 0.093754 1.454011
0.547459 0.086973 1.348838
1.896860 0.100814 1.189137
1.923510 0.110484 1.300964
1.923510 0.110484 1.300964
1.950159 0.120155 1.412791
0.547459 0.086973 1.348838
0.504772 0.080191 1.243666
0.504772 0.080191 1.243666
0.462085 0.073410 1.138493
1.843561 0.081474 0.965484
1.870210 0.091144 1.077311
1.870210 0.091144 1.077311
1.896860 0.100814 1.189137
0.462085 0.073410 1.138493
0.419398 0.066628 1.033320
0.419398 0.066628 1.033320
0.376712 0.059847 0.928147
1.790261 0.062134 0.741830
1.816911 0.071804 0.853657
1.816911 0.071804 0.853657
1.843561 0.081474 0.965484
0.376712 0.059847 0.928147
0.334025 0.053065 0.822975
0.334025 0.053065 0.822975
0.291338 0.046284 0.717802
1.736962 0.042793 0.518176
1.763611 0.052464 0.630003
1.763611 0.052464 0.630003
1.790261 0.062134 0.741830
0.291338 0.046284 0.717802
0.248651 0.039502 0.612629
0.248651 0.039502 0.612629
0.205964 0.032721 0.507457
0.205964 0.032721 0.507457
0.212143 0.020843 0.507493
0.212143 0.020843 0.507493
0.222437 0.012313 0.506751
0.222437 0.012313 0.506751
0.233801 0.006546 0.505708
0.233801 0.006546 0.505708
0.245790 0.002268 0.504510
0.245790 0.002268 0.504510
0.268720 -0.003228 0.502088
0.268720 -0.003228 0.502088
0.292018 -0.006757 0.499527
0.292018 -0.006757 0.499527
0.341830 -0.010598 0.493837
0.341830 -0.010598 0.493837
0.391749 -0.011626 0.487889
0.391749 -0.011626 0.487889
0.500988 -0.009215 0.474058
0.500988 -0.009215 0.474058
0.610002 -0.004249 0.459175
0.810379 0.004493 0.429473
0.912206 0.008239 0.413551
0.912206 0.008239 0.413551
1.013979 0.011999 0.397296
1.013979 0.011999 0.397296
1.117747 0.015508 0.380549
1.117747 0.015508 0.380549
1.221536 0.018466 0.363817
1.221536 0.018466 0.363817
1.332658 0.020883 0.346144
1.332658 0.020883 0.346144
1.443867 0.022480 0.328938
1.443867 0.022480 0.328938
1.502748 0.023005 0.320100
1.502748 0.023005 0.320100
1.561664 0.023328 0.311489
1.683662 0.023453 0.294522
1.710312 0.033123 0.406349
1.710312 0.033123 0.406349
1.736962 0.042793 0.518176
1.561664 0.023328 0.311489
1.622642 0.023473 0.302852
1.622642 0.023473 0.302852
1.683662 0.023453 0.294522
0.610002 -0.004249 0.459175
0.710220 0.000543 0.444645
0.710220 0.000543 0.444645
0.810379 0.004493 0.429473
