1920 1823
0.000000 0.000000 0.000000 
0.016136 -0.021681 0.000000 
0.039444 -0.035363 0.000000 
0.065287 -0.043552 0.000000 
0.091966 -0.048371 0.000000 
0.146038 -0.052181 0.000000 
0.200239 -0.051514 0.000000 
0.254355 -0.048255 0.000000 
0.308347 -0.043360 0.000000 
0.362230 -0.037381 0.000000 
0.416027 -0.030676 0.000000 
0.469763 -0.023496 0.000000 
0.523459 -0.016021 0.000000 
0.577133 -0.008394 0.000000 
0.630801 -0.000727 0.000000 
0.684477 0.006890 0.000000 
0.738171 0.014378 0.000000 
0.791892 0.021670 0.000000 
0.845646 0.028709 0.000000 
0.899440 0.035443 0.000000 
0.953277 0.041825 0.000000 
1.007158 0.047815 0.000000 
1.061086 0.053376 0.000000 
1.115060 0.058469 0.000000 
1.169079 0.063064 0.000000 
1.223139 0.067148 0.000000 
1.277238 0.070675 0.000000 
1.331374 0.073574 0.000000 
1.385536 0.075935 0.000000 
1.439712 0.077973 0.000000 
1.493895 0.079810 0.000000 
1.548081 0.081510 0.000000 
1.602272 0.083066 0.000000 
1.656468 0.084445 0.000000 
1.710669 0.085635 0.000000 
1.764873 0.086632 0.000000 
1.819081 0.087426 0.000000 
1.873291 0.088008 0.000000 
1.927503 0.088368 0.000000 
1.981717 0.088502 0.000000 
2.035930 0.088401 0.000000 
2.090143 0.088060 0.000000 
2.144353 0.087475 0.000000 
2.198560 0.086640 0.000000 
2.252763 0.085551 0.000000 
2.306960 0.084206 0.000000 
2.361149 0.082602 0.000000 
2.415331 0.080735 0.000000 
2.469502 0.078605 0.000000 
2.523663 0.076210 0.000000 
2.577811 0.073550 0.000000 
2.631946 0.070623 0.000000 
2.686065 0.067431 0.000000 
2.740168 0.063973 0.000000 
2.794254 0.060251 0.000000 
2.848321 0.056266 0.000000 
2.902368 0.052019 0.000000 
2.956393 0.047513 0.000000 
3.010397 0.042751 0.000000 
3.064378 0.037734 0.000000 
3.118335 0.032467 0.000000 
3.172267 0.026952 0.000000 
3.226174 0.021194 0.000000 
3.280055 0.015196 0.000000 
3.333909 0.008963 0.000000 
3.387736 0.002499 0.000000 
3.441534 -0.004191 0.000000 
3.456973 -0.001211 -0.043571 
3.472411 0.001769 -0.087142 
3.487850 0.004749 -0.130713 
3.503289 0.007730 -0.174284 
3.518727 0.010710 -0.217855 
3.534166 0.013690 -0.261426 
3.549604 0.016670 -0.304997 
3.565043 0.019650 -0.348569 
3.580481 0.022631 -0.392140 
3.595920 0.025611 -0.435711 
3.611359 0.028591 -0.479282 
3.626797 0.031571 -0.522853 
3.642236 0.034551 -0.566424 
3.657674 0.037532 -0.609995 
3.673113 0.040512 -0.653566 
3.688552 0.043492 -0.697137 
3.703990 0.046472 -0.740708 
3.719429 0.049452 -0.784279 
3.734867 0.052433 -0.827850 
3.750306 0.055413 -0.871421 
3.765745 0.058393 -0.914992 
3.781183 0.061373 -0.958563 
3.796622 0.064353 -1.002134 
3.812060 0.067333 -1.045706 
3.827499 0.070314 -1.089277 
3.842938 0.073294 -1.132848 
3.858376 0.076274 -1.176419 
3.873815 0.079254 -1.219990 
3.889253 0.082234 -1.263561 
3.904692 0.085215 -1.307132 
3.920130 0.088195 -1.350703 
3.935569 0.091175 -1.394274 
3.870391 0.099805 -1.394274 
3.805165 0.108068 -1.394274 
3.734379 0.116601 -1.394274 
3.663540 0.124678 -1.394274 
3.625438 0.128828 -1.394274 
3.587322 0.132841 -1.394274 
3.546964 0.136939 -1.394274 
3.506590 0.140880 -1.394274 
3.463500 0.144911 -1.394274 
3.420394 0.148762 -1.394274 
3.373927 0.152707 -1.394274 
3.327442 0.156438 -1.394274 
3.276700 0.160266 -1.394274 
3.225939 0.163837 -1.394274 
3.169632 0.167496 -1.394274 
3.113306 0.170839 -1.394274 
3.049559 0.174239 -1.394274 
2.985792 0.177236 -1.394274 
2.912046 0.180202 -1.394274 
2.838280 0.182638 -1.394274 
2.796858 0.183777 -1.394274 
2.755432 0.184754 -1.394274 
2.710932 0.185624 -1.394274 
2.666430 0.186313 -1.394274 
2.619506 0.186847 -1.394274 
2.572581 0.187186 -1.394274 
2.524591 0.187338 -1.394274 
2.476600 0.187298 -1.394274 
2.429123 0.187076 -1.394274 
2.381646 0.186679 -1.394274 
2.335782 0.186138 -1.394274 
2.289919 0.185447 -1.394274 
2.246129 0.184651 -1.394274 
2.202340 0.183735 -1.394274 
2.160356 0.182765 -1.394274 
2.118373 0.181703 -1.394274 
2.044143 0.179475 -1.394274 
1.969944 0.176384 -1.394274 
1.913877 0.173204 -1.394274 
1.857850 0.169373 -1.394274 
1.811382 0.165737 -1.394274 
1.764947 0.161698 -1.394274 
1.724087 0.157830 -1.394274 
1.683254 0.153689 -1.394274 
1.611067 0.145756 -1.394274 
1.538956 0.137153 -1.394274 
1.473471 0.128870 -1.394274 
1.408025 0.120276 -1.394274 
1.344527 0.111780 -1.394274 
1.281026 0.103303 -1.394274 
1.213822 0.094600 -1.394274 
1.146540 0.086516 -1.394274 
1.106583 0.082215 -1.394274 
1.066570 0.078461 -1.394274 
1.003414 0.074203 -1.394274 
0.940121 0.073297 -1.394274 
0.908625 0.074974 -1.394274 
0.877345 0.079025 -1.394274 
0.857057 0.083707 -1.394274 
0.837512 0.090881 -1.394274 
0.818212 0.103257 -1.394274 
0.804984 0.121983 -1.394274 
0.779829 0.118171 -1.350703 
0.754673 0.114359 -1.307132 
0.729517 0.110547 -1.263561 
0.704361 0.106735 -1.219990 
0.679206 0.102923 -1.176419 
0.654050 0.099111 -1.132848 
0.628894 0.095299 -1.089277 
0.603738 0.091487 -1.045706 
0.578583 0.087675 -1.002134 
0.553427 0.083863 -0.958563 
0.528271 0.080051 -0.914992 
0.503115 0.076239 -0.871421 
0.477960 0.072428 -0.827850 
0.452804 0.068616 -0.784279 
0.427648 0.064804 -0.740708 
0.402492 0.060992 -0.697137 
0.377336 0.057180 -0.653566 
0.352181 0.053368 -0.609995 
0.327025 0.049556 -0.566424 
0.301869 0.045744 -0.522853 
0.276713 0.041932 -0.479282 
0.251558 0.038120 -0.435711 
0.226402 0.034308 -0.392140 
0.201246 0.030496 -0.348569 
0.176090 0.026684 -0.304997 
0.150935 0.022872 -0.261426 
0.125779 0.019060 -0.217855 
0.100623 0.015248 -0.174284 
0.075467 0.011436 -0.130713 
0.050312 0.007624 -0.087142 
0.025156 0.003812 -0.043571 
2.490744 0.145287 -0.824883 
1.232202 0.082368 -0.438211 
2.680865 0.173152 -1.227565 
2.640070 0.164794 -1.110788 
3.617983 0.071316 -0.864327 
3.529788 0.074789 -0.802147 
3.149459 0.118888 -0.873803 
3.089940 0.119966 -0.839134 
2.820168 0.142722 -0.914906 
2.597127 0.145854 -0.860218 
1.688172 0.152379 -1.326521 
2.488645 0.151649 -0.907514 
2.254191 0.151643 -0.894887 
2.100598 0.151177 -0.914558 
1.804938 0.138685 -0.833335 
1.477754 0.087813 -0.148842 
1.274732 0.095919 -0.872998 
1.302265 0.101323 -1.003341 
0.992009 0.058812 -0.942257 
0.759290 0.031116 -0.880260 
0.477288 0.029473 -0.751200 
2.493536 0.141968 -0.782653 
2.485433 0.136094 -0.705402 
2.391812 0.130467 -0.611589 
2.394577 0.124159 -0.530147 
3.484750 0.039592 -0.436961 
3.372086 0.050442 -0.417439 
3.133805 0.076328 -0.436685 
2.801592 0.092668 -0.348168 
2.740508 0.101668 -0.408240 
2.714420 0.110678 -0.494247 
2.681523 0.105244 -0.414850 
2.508240 0.109090 -0.378103 
1.482354 0.115042 -0.735725 
1.321845 0.095522 -0.589455 
0.680672 0.012921 -0.565030 
2.170479 0.118547 -0.425474 
2.086126 0.123126 -0.494029 
1.697313 0.113012 -0.455640 
1.691567 0.115414 -0.499359 
1.056167 0.061554 -0.421244 
0.938692 0.046036 -0.422989 
0.863586 0.035866 -0.450758 
0.705470 0.013443 -0.407564 
0.615616 0.002133 -0.426255 
0.620697 0.005063 -0.521138 
0.412117 -0.017513 -0.380086 
2.326539 0.111628 -0.352656 
2.084668 0.098323 -0.140288 
2.320102 0.099674 -0.197912 
2.231058 0.110812 -0.324520 
2.121580 0.106031 -0.249156 
2.051043 0.093400 -0.070233 
2.042858 0.112807 -0.347088 
1.737274 0.109632 -0.379621 
1.720768 0.111357 -0.416127 
1.316011 0.084483 -0.264492 
1.065312 0.057633 -0.151093 
3.423214 0.138889 -1.300339 
3.309240 0.147532 -1.289997 
3.303686 0.152699 -1.337753 
3.194215 0.160328 -1.335097 
3.051507 0.159528 -1.232766 
2.967234 0.170200 -1.304391 
2.852485 0.174564 -1.302329 
3.749522 0.095215 -1.219680 
3.513268 0.112609 -1.133574 
3.309167 0.138883 -1.203305 
3.180011 0.151821 -1.235869 
2.833907 0.161683 -1.141712 
3.589180 0.104153 -1.130926 
3.514460 0.106159 -1.074672 
3.428810 0.123795 -1.159742 
3.057283 0.154786 -1.184685 
3.681644 0.083705 -1.043619 
3.595748 0.089027 -1.000001 
3.461262 0.099308 -0.958814 
3.279312 0.118169 -0.973059 
3.159067 0.128000 -0.974120 
3.167778 0.132969 -1.031675 
2.936492 0.141587 -0.966216 
2.946662 0.152313 -1.091309 
3.550922 0.122088 -1.258616 
3.734166 0.072606 -1.003330 
3.571024 0.082600 -0.915973 
3.408912 0.094009 -0.858564 
3.175108 0.121945 -0.925021 
2.984729 0.136289 -0.938106 
2.937078 0.144890 -1.003133 
2.820028 0.149463 -0.992566 
2.360074 0.159016 -0.996007 
2.654022 0.181996 -1.335500 
2.501926 0.181299 -1.309663 
2.416390 0.180972 -1.306948 
2.269815 0.177164 -1.272289 
2.141096 0.176096 -1.294755 
2.020645 0.167909 -1.212294 
2.015480 0.169971 -1.249071 
1.873464 0.164904 -1.266935 
1.797120 0.162255 -1.330410 
2.616008 0.172726 -1.207265 
2.469140 0.172598 -1.187826 
2.266662 0.173395 -1.215699 
2.136133 0.168206 -1.170807 
2.074235 0.169339 -1.212204 
1.835222 0.159688 -1.203734 
2.313430 0.167599 -1.121937 
2.248541 0.170474 -1.175208 
2.117142 0.164595 -1.119999 
1.974860 0.160944 -1.118857 
1.845001 0.156409 -1.124713 
2.478274 0.162439 -1.049682 
2.298439 0.164155 -1.073127 
2.215825 0.160626 -1.032837 
2.088776 0.160493 -1.064584 
1.873582 0.151878 -1.020153 
1.813895 0.151144 -1.051840 
1.771246 0.150471 -1.087769 
1.581028 0.132249 -0.993672 
2.413734 0.162039 -1.039312 
2.189171 0.156429 -0.974577 
1.984585 0.152110 -0.969568 
1.319062 0.107133 -1.292299 
1.188536 0.089894 -1.305300 
1.112065 0.080962 -1.328453 
0.897376 0.061432 -1.263420 
0.950986 0.066748 -1.314738 
0.815305 0.086510 -1.353042 
1.247104 0.095467 -1.123020 
1.631376 0.140189 -1.099640 
0.794768 0.065729 -1.248364 
0.788561 0.047544 -1.109992 
0.674302 0.062581 -1.101821 
0.961191 0.056071 -1.011735 
1.469831 0.120278 -0.956556 
1.129942 0.078926 -1.068552 
0.843850 0.040056 -0.907128 
0.783311 0.035745 -0.940460 
0.567301 0.050370 -0.928456 
3.295095 0.105909 -0.866964 
3.496780 0.069198 -0.717050 
3.366730 0.081644 -0.701824 
3.304101 0.097176 -0.790683 
3.237133 0.109838 -0.855030 
3.052752 0.117494 -0.785912 
2.847183 0.127975 -0.762944 
2.600044 0.134278 -0.718559 
2.593133 0.139600 -0.781386 
3.640972 0.053946 -0.735309 
3.475357 0.062439 -0.633330 
3.296691 0.080836 -0.627599 
3.059892 0.102525 -0.637264 
3.029593 0.111751 -0.709224 
2.784541 0.124680 -0.690786 
2.609018 0.131133 -0.683770 
2.498274 0.130850 -0.642503 
3.523538 0.052671 -0.595908 
3.177786 0.085043 -0.560374 
2.716037 0.117396 -0.571446 
2.657275 0.123118 -0.608783 
2.501796 0.127992 -0.607752 
3.144334 0.082167 -0.503089 
2.951936 0.099444 -0.524225 
2.615960 0.116057 -0.506972 
2.476112 0.120970 -0.512102 
2.353081 0.144102 -0.788688 
2.242796 0.145879 -0.812337 
1.935183 0.139365 -0.782559 
2.005350 0.145353 -0.852468 
1.410054 0.082326 -0.098278 
1.645935 0.128921 -0.783624 
2.100742 0.138571 -0.721678 
1.560332 0.115596 -0.606157 
2.405038 0.135323 -0.677785 
2.273973 0.133727 -0.640752 
1.807951 0.124277 -0.589980 
1.969188 0.139376 -0.769766 
1.703105 0.125277 -0.662737 
1.886992 0.117446 -0.448450 
1.821676 0.121686 -0.541113 
1.664361 0.116654 -0.536328 
1.608989 0.116666 -0.576117 
1.326724 0.105725 -1.093934 
1.019047 0.059443 -0.661380 
0.830397 0.034444 -0.724249 
0.848558 0.038591 -0.825378 
0.576456 0.010142 -0.691977 
1.264487 0.091396 -0.683293 
0.700141 0.016587 -0.623953 
0.733417 0.023692 -0.747331 
0.505923 0.002441 -0.608821 
0.564742 -0.000266 -0.522618 
1.085041 0.067373 -0.574431 
0.752671 0.021103 -0.510611 
0.286586 0.010132 -0.448972 
0.346447 0.036193 -0.584020 
3.452919 0.033745 -0.350319 
3.349599 0.044829 -0.342963 
3.074817 0.067100 -0.294902 
3.033819 0.081236 -0.400972 
2.691728 0.090398 -0.254367 
2.626819 0.103813 -0.369800 
3.402180 0.029063 -0.254041 
3.300828 0.041268 -0.260778 
3.115759 0.060648 -0.267941 
2.501092 0.100171 -0.268272 
1.402361 0.098347 -0.453665 
3.373228 0.022749 -0.166305 
3.271595 0.034873 -0.172252 
3.174088 0.043189 -0.154619 
2.246823 0.101572 -0.204769 
3.356813 0.015742 -0.085574 
3.253108 0.027686 -0.087176 
3.149211 0.037794 -0.079842 
2.866753 0.061928 -0.072289 
2.530264 0.083685 -0.089056 
2.377934 0.093465 -0.138830 
0.995433 0.052545 -0.333268 
0.882655 0.037367 -0.323818 
0.767822 0.021405 -0.336381 
0.669981 0.007945 -0.351199 
0.527870 -0.010980 -0.303974 
0.492651 -0.013544 -0.346179 
0.962994 0.046753 -0.216906 
0.652498 0.003833 -0.186225 
0.606041 -0.002051 -0.242518 
0.493456 -0.016332 -0.246510 
0.415504 -0.025288 -0.222670 
0.418891 -0.020282 -0.329357 
0.454772 -0.022987 -0.153852 
0.395837 -0.028991 -0.170979 
0.328323 -0.033322 -0.192613 
0.955653 0.043980 -0.100319 
0.376393 -0.033752 -0.081386 
0.292828 -0.041374 -0.084664 
2.138780 0.110404 -0.310740 
1.599734 0.099932 -0.285771 
1.447685 0.095461 -0.317453 
2.038789 0.095299 -0.096420 
2.078796 0.107592 -0.270294 
2.035967 0.108941 -0.291357 
1.796150 0.105016 -0.280678 
3.060173 0.054774 -0.161351 
1.304177 0.081229 -0.203969 
3.269417 0.067653 -0.476822 
1.126489 0.061057 -0.049122 
1.476364 0.087925 -0.151757 
1.687365 0.093178 -0.130122 
1.804648 0.098651 -0.177041 
1.597318 0.091158 -0.138015 
1.797316 0.101724 -0.227816 
1.289957 0.077871 -0.146211 
3.830948 0.089896 -1.263344 
3.765878 0.097816 -1.260600 
3.655039 0.120570 -1.348063 
3.710841 0.109464 -1.305263 
3.558744 0.130800 -1.347672 
3.583661 0.123430 -1.303074 
3.459030 0.139958 -1.342426 
3.383325 0.138522 -1.262077 
3.361981 0.148431 -1.341893 
3.244245 0.152035 -1.285287 
3.248927 0.156573 -1.335506 
3.032542 0.170773 -1.345989 
3.140748 0.164072 -1.338565 
3.021573 0.167687 -1.305339 
2.998162 0.162821 -1.237796 
2.767058 0.181006 -1.350609 
2.909472 0.172507 -1.302795 
2.805200 0.180103 -1.351702 
3.844388 0.093031 -1.305858 
2.737499 0.165805 -1.153033 
3.497229 0.116032 -1.150152 
3.183815 0.156224 -1.284676 
3.664481 0.103274 -1.200715 
3.493031 0.122538 -1.207417 
3.506202 0.135660 -1.344132 
3.359835 0.143383 -1.290030 
3.468980 0.134655 -1.300400 
3.491804 0.128484 -1.262560 
3.253941 0.147208 -1.243267 
3.258524 0.143242 -1.206493 
1.636660 0.105792 -0.365470 
3.127892 0.151140 -1.192149 
3.117679 0.155792 -1.234699 
2.822144 0.157325 -1.085234 
2.892340 0.163795 -1.193450 
2.995296 0.158236 -1.185082 
2.794037 0.168412 -1.205374 
2.724512 0.175682 -1.271446 
2.805266 0.176256 -1.304677 
2.794868 0.172768 -1.258459 
3.733107 0.092622 -1.178782 
3.811684 0.087343 -1.219344 
3.328968 0.121550 -1.049012 
3.583535 0.108248 -1.162753 
3.650707 0.097555 -1.134648 
3.698926 0.086764 -1.089573 
3.528929 0.109146 -1.116646 
3.335156 0.124013 -1.078458 
3.454554 0.109943 -1.052131 
3.357526 0.129830 -1.154725 
3.122403 0.143102 -1.103560 
3.238168 0.139229 -1.149842 
2.883009 0.159319 -1.137185 
2.882647 0.154766 -1.084689 
3.364004 0.125269 -1.115903 
2.687030 0.167724 -1.160747 
3.777742 0.081827 -1.132960 
3.617059 0.091343 -1.043243 
3.635278 0.094301 -1.089071 
3.665594 0.080959 -1.001779 
3.176811 0.139416 -1.104793 
3.531923 0.094359 -0.983059 
2.818994 0.153149 -1.034946 
3.215993 0.127254 -1.011178 
3.310166 0.120843 -1.025806 
3.228956 0.132112 -1.070527 
3.227687 0.129375 -1.041917 
2.996220 0.142225 -1.009771 
3.113100 0.139552 -1.059721 
3.108192 0.136051 -1.019563 
3.010847 0.149272 -1.095660 
3.052205 0.139292 -1.014775 
3.001366 0.153605 -1.137417 
2.774046 0.159393 -1.089097 
2.663772 0.158649 -1.040349 
2.779958 0.163849 -1.144923 
3.001984 0.130801 -0.890402 
3.748537 0.075605 -1.045711 
2.866232 0.134263 -0.844001 
3.575567 0.086519 -0.956232 
3.432393 0.096761 -0.906996 
3.423942 0.105994 -0.985840 
3.490347 0.088846 -0.890459 
3.334922 0.115657 -0.996861 
3.489472 0.101949 -1.010991 
3.386383 0.103987 -0.931551 
3.207832 0.122611 -0.957892 
3.246871 0.119450 -0.958356 
2.999980 0.145856 -1.051650 
3.112135 0.127806 -0.936688 
3.120684 0.124489 -0.908870 
3.002862 0.136401 -0.951054 
3.109821 0.133604 -0.995202 
3.107056 0.131171 -0.967854 
2.880739 0.140783 -0.925171 
2.899916 0.138031 -0.905352 
3.054832 0.133992 -0.960306 
2.707757 0.153327 -0.990137 
2.876885 0.147226 -0.995766 
2.880356 0.150973 -1.040189 
1.788486 0.153731 -1.136309 
3.637058 0.074986 -0.917677 
3.716260 0.069816 -0.958825 
0.756149 0.055202 -1.155662 
3.549345 0.078961 -0.860376 
3.328260 0.107918 -0.916019 
2.713225 0.137353 -0.801476 
3.079611 0.126910 -0.903508 
3.451461 0.081964 -0.787991 
3.210249 0.119214 -0.925781 
3.276154 0.115742 -0.946490 
3.270499 0.111383 -0.898822 
3.057282 0.122819 -0.844650 
3.116474 0.121442 -0.874374 
2.930636 0.125294 -0.784413 
2.790191 0.135870 -0.821079 
2.931742 0.135453 -0.895835 
2.924228 0.131887 -0.852154 
2.766089 0.151223 -0.988519 
2.877526 0.143849 -0.957902 
2.650355 0.147766 -0.901489 
2.754164 0.147722 -0.941919 
2.757476 0.144446 -0.904802 
2.542098 0.147253 -0.862242 
2.616925 0.182979 -1.342336 
2.724357 0.181640 -1.346609 
2.609787 0.177351 -1.266738 
1.889519 0.156704 -1.094405 
2.536288 0.180971 -1.306744 
2.519351 0.176063 -1.238421 
2.458093 0.181167 -1.307741 
1.287100 0.100686 -1.109018 
2.447029 0.184119 -1.350244 
2.359799 0.183504 -1.350491 
2.176872 0.173848 -1.246476 
2.292196 0.180103 -1.312038 
2.195485 0.178022 -1.306201 
2.229604 0.176797 -1.276746 
2.138015 0.174717 -1.273845 
2.270826 0.182477 -1.353482 
2.175048 0.180313 -1.349594 
2.081393 0.173262 -1.272822 
2.014939 0.169101 -1.234837 
1.740426 0.137924 -0.864791 
1.185557 0.085931 -1.016433 
1.672114 0.148965 -1.262072 
2.666595 0.174570 -1.242102 
2.731282 0.178264 -1.305823 
1.952546 0.165050 -1.200284 
2.494991 0.177842 -1.261465 
2.492470 0.170552 -1.161116 
2.455294 0.177870 -1.261215 
2.445811 0.174551 -1.214545 
2.306971 0.177304 -1.266823 
2.378909 0.180896 -1.309377 
2.377423 0.177528 -1.260321 
2.172386 0.171155 -1.205537 
2.244851 0.174137 -1.231844 
2.073390 0.170141 -1.225539 
2.093347 0.169878 -1.213241 
2.106727 0.168013 -1.178176 
1.925383 0.166433 -1.244081 
2.045139 0.167685 -1.197562 
1.892734 0.165491 -1.256669 
2.017559 0.173155 -1.301532 
1.947743 0.166339 -1.225875 
1.611071 0.142689 -1.258493 
1.818647 0.159004 -1.211695 
1.800118 0.160196 -1.270881 
2.628558 0.170878 -1.185924 
2.592016 0.165795 -1.112309 
2.341543 0.177307 -1.261312 
2.561879 0.171231 -1.178216 
2.359383 0.171024 -1.167482 
2.420064 0.169373 -1.141748 
2.392641 0.164190 -1.068842 
2.294974 0.173663 -1.214377 
2.283799 0.170592 -1.170337 
2.275627 0.167329 -1.122991 
2.157909 0.167744 -1.156482 
2.238560 0.167155 -1.126976 
2.223148 0.170516 -1.181564 
2.022903 0.164474 -1.154825 
1.406468 0.117181 -1.178943 
2.100052 0.165095 -1.133958 
1.934938 0.160502 -1.132394 
1.831875 0.157002 -1.150739 
1.968441 0.164545 -1.182505 
2.396659 0.171204 -1.167991 
1.813234 0.156712 -1.168054 
1.742933 0.153482 -1.210249 
2.527024 0.165873 -1.101874 
2.584518 0.161630 -1.056817 
2.548778 0.157104 -0.990498 
2.349494 0.167718 -1.120428 
2.318733 0.162577 -1.048345 
2.236772 0.164473 -1.086869 
2.263620 0.164242 -1.078897 
2.242817 0.160357 -1.024264 
2.139046 0.164186 -1.106466 
2.204757 0.167067 -1.133115 
2.196638 0.164075 -1.089195 
2.009486 0.161168 -1.106656 
2.015868 0.158002 -1.052375 
2.075879 0.161426 -1.084106 
1.918074 0.156833 -1.079323 
1.834953 0.151498 -1.040085 
1.852250 0.156142 -1.112718 
1.713180 0.147701 -1.118786 
2.492929 0.159728 -1.015150 
2.462639 0.165060 -1.083788 
2.472250 0.156117 -0.964079 
2.282941 0.157814 -0.982139 
2.138520 0.157203 -0.997848 
2.106215 0.157354 -1.009301 
2.183478 0.160856 -1.043019 
2.163931 0.156898 -0.986975 
1.904593 0.152109 -1.006604 
2.051211 0.157341 -1.027764 
1.947338 0.151974 -0.983529 
1.679147 0.141920 -1.036296 
1.754512 0.144606 -0.983057 
1.782114 0.150461 -1.073090 
1.697368 0.142646 -1.020876 
1.673193 0.142004 -1.050521 
1.761720 0.153063 -1.163223 
2.541751 0.153832 -0.946620 
2.655940 0.154899 -0.991295 
2.431492 0.159567 -1.006319 
2.400268 0.154954 -0.940864 
2.437598 0.152653 -0.913147 
2.325342 0.154613 -0.934089 
2.364724 0.151799 -0.895333 
2.211311 0.155821 -0.961552 
2.239224 0.153154 -0.918348 
2.010793 0.152001 -0.957228 
2.066973 0.151847 -0.934869 
1.853538 0.145758 -0.926685 
1.798519 0.145392 -0.956223 
1.770331 0.138297 -0.848415 
2.045410 0.151941 -0.943511 
2.228328 0.131722 -0.611305 
1.616047 0.133845 -0.953000 
0.982852 0.056348 -0.846350 
1.554005 0.136326 -1.254476 
1.426966 0.122130 -1.343539 
1.010291 0.069126 -1.283878 
1.444946 0.123281 -1.260550 
1.370561 0.113920 -1.283275 
1.472182 0.127845 -1.334582 
1.362987 0.113634 -1.342795 
1.244228 0.097815 -1.348919 
1.024274 0.068655 -1.230252 
1.155133 0.085872 -1.317748 
1.037377 0.073331 -1.329822 
1.075881 0.077287 -1.337444 
1.127084 0.083415 -1.358478 
1.067818 0.075291 -1.299205 
1.042375 0.074877 -1.357309 
0.953954 0.064347 -1.272768 
0.952281 0.069651 -1.354195 
0.775105 0.099804 -1.324412 
1.321178 0.106329 -1.200253 
1.162567 0.083112 -1.045689 
1.245593 0.096543 -1.235046 
1.923919 0.152015 -0.995228 
1.257379 0.098880 -1.296929 
1.578047 0.132727 -1.017594 
1.149959 0.084260 -1.263371 
0.890948 0.057937 -1.219025 
0.931541 0.057420 -1.163010 
0.860301 0.067004 -1.307088 
0.844004 0.061419 -1.255050 
0.905621 0.065536 -1.310263 
0.814695 0.071733 -1.297408 
1.210085 0.090626 -1.139395 
0.867264 0.053017 -1.159807 
1.671570 0.147171 -1.204463 
2.768587 0.138735 -0.843370 
1.504915 0.122400 -0.903802 
0.744839 0.078049 -1.237408 
1.526267 0.131639 -1.181772 
1.126503 0.080012 -1.186054 
1.462001 0.121715 -1.057175 
0.952174 0.057334 -1.104787 
0.810634 0.051989 -1.158576 
0.702657 0.066513 -1.149652 
0.774606 0.060226 -1.200436 
2.419696 0.143119 -0.783275 
1.685558 0.146711 -1.152909 
1.545962 0.131386 -1.081115 
1.387065 0.113478 -1.096871 
1.019059 0.064271 -1.066222 
0.847374 0.048780 -1.107262 
3.206469 0.048336 -0.234206 
0.730093 0.050750 -1.107920 
1.591229 0.135126 -1.055781 
1.468515 0.120865 -0.986648 
1.531518 0.131046 -1.129278 
0.903280 0.048000 -0.957275 
0.929490 0.052751 -1.028502 
0.981790 0.058067 -0.980380 
0.723749 0.039170 -1.014940 
1.029853 0.067159 -1.146172 
0.897971 0.049935 -1.045701 
0.856300 0.046242 -1.046755 
0.721400 0.029320 -0.892892 
0.680013 0.043022 -1.021289 
0.772954 0.038992 -1.007132 
0.612455 0.041197 -0.949966 
0.594216 0.053231 -0.971645 
1.483612 0.121012 -0.929531 
1.340483 0.104666 -0.911973 
2.948438 0.107449 -0.605718 
1.393494 0.112500 -0.994030 
1.239944 0.091726 -0.891258 
1.059540 0.068629 -1.003717 
0.821841 0.038466 -0.927327 
0.786073 0.032663 -0.859811 
0.852446 0.040033 -0.869496 
0.700083 0.024544 -0.831417 
0.742427 0.034070 -0.951995 
0.524800 0.017082 -0.740189 
0.624537 0.024435 -0.849642 
3.601463 0.067819 -0.815274 
3.684191 0.063466 -0.867245 
3.514539 0.071968 -0.760669 
3.274250 0.093456 -0.727813 
3.570170 0.061637 -0.726299 
2.704960 0.146100 -0.901912 
3.433001 0.075852 -0.713042 
2.450021 0.157044 -0.973757 
3.366521 0.084454 -0.728021 
3.131965 0.115171 -0.822319 
3.335694 0.099147 -0.838459 
3.099756 0.118489 -0.831338 
3.177816 0.116589 -0.873127 
3.178481 0.112888 -0.836495 
2.978223 0.122199 -0.782606 
3.039809 0.119865 -0.801170 
2.541879 0.150558 -0.904472 
2.597097 0.152728 -0.946394 
2.657624 0.135827 -0.759588 
2.652896 0.141267 -0.823242 
2.767057 0.141452 -0.874213 
2.531107 0.184036 -1.348614 
2.545396 0.143936 -0.820961 
2.549485 0.140485 -0.778610 
3.358504 0.101612 -0.883042 
3.654333 0.057080 -0.777789 
3.480214 0.066242 -0.672975 
3.013573 0.095101 -0.525523 
3.358747 0.077221 -0.652611 
3.289373 0.088686 -0.695735 
3.411621 0.068644 -0.625036 
3.215390 0.090958 -0.651119 
3.302590 0.085783 -0.680203 
3.218041 0.103236 -0.773677 
3.090735 0.111436 -0.752156 
3.198793 0.108311 -0.807580 
3.102687 0.107192 -0.718275 
3.009146 0.117528 -0.754723 
2.970154 0.115532 -0.706287 
2.850990 0.124498 -0.726567 
2.669144 0.132604 -0.725989 
2.805679 0.132126 -0.786484 
2.760618 0.127759 -0.713033 
3.117881 0.102256 -0.680547 
2.543066 0.132690 -0.679327 
2.538891 0.137869 -0.742649 
2.546904 0.135370 -0.713870 
3.541406 0.055530 -0.640702 
3.623910 0.050957 -0.690006 
2.209430 0.141318 -0.748590 
3.289811 0.078186 -0.595962 
3.237028 0.083904 -0.602044 
3.098796 0.098605 -0.628374 
3.149151 0.090067 -0.585017 
2.996598 0.103789 -0.602214 
3.002046 0.107036 -0.639953 
2.973601 0.111864 -0.669982 
2.783492 0.118486 -0.620530 
2.860590 0.115589 -0.634529 
2.874327 0.111746 -0.601544 
2.805207 0.115102 -0.595424 
2.722251 0.123773 -0.647701 
2.687288 0.120494 -0.592466 
2.543930 0.129512 -0.640298 
2.663934 0.129206 -0.683475 
2.631327 0.125610 -0.626699 
3.386991 0.065422 -0.570577 
2.447546 0.129195 -0.607640 
3.510810 0.049515 -0.553954 
3.590289 0.045480 -0.604405 
2.562622 0.121104 -0.544526 
3.283440 0.063001 -0.446332 
3.427805 0.051925 -0.488265 
3.197810 0.076174 -0.491999 
2.138223 0.138016 -0.707420 
3.402531 0.121290 -1.111813 
3.210184 0.065432 -0.400109 
3.187339 0.083108 -0.549905 
3.007839 0.099569 -0.567016 
3.035951 0.091109 -0.502351 
2.894934 0.103726 -0.529186 
2.552737 0.126637 -0.608062 
2.663110 0.116903 -0.539038 
2.536145 0.123092 -0.558710 
2.609055 0.122177 -0.576350 
2.582353 0.118718 -0.523862 
2.341077 0.125522 -0.537294 
2.453125 0.126458 -0.574263 
2.445689 0.122441 -0.521356 
3.493912 0.042792 -0.475501 
3.559463 0.039364 -0.516235 
2.803090 0.098422 -0.411338 
3.370112 0.054107 -0.449150 
3.426954 0.045832 -0.431968 
3.458719 0.058952 -0.584322 
3.226514 0.062299 -0.385511 
2.424978 0.090752 -0.123799 
3.103067 0.063192 -0.281363 
2.924090 0.090393 -0.409514 
2.782383 0.103137 -0.449744 
2.888028 0.100583 -0.491028 
2.853370 0.095011 -0.407990 
2.768222 0.110978 -0.527931 
1.860119 0.105826 -0.273858 
2.381454 0.103378 -0.262754 
2.653163 0.113500 -0.494739 
2.484422 0.115224 -0.443827 
2.734151 0.106253 -0.455556 
2.563089 0.115345 -0.475515 
2.414390 0.118690 -0.465142 
2.446767 0.111384 -0.383530 
2.421410 0.146404 -0.827284 
1.586785 0.126565 -0.821190 
2.436950 0.149542 -0.871363 
2.285687 0.144693 -0.794211 
2.205554 0.147014 -0.831934 
0.996249 0.069577 -1.319506 
2.306857 0.148583 -0.849047 
2.167487 0.148771 -0.863293 
1.980345 0.145764 -0.868355 
1.838073 0.139031 -0.821159 
1.751949 0.131800 -0.745997 
1.904366 0.139368 -0.795559 
1.595148 0.132863 -0.974518 
1.521612 0.123344 -0.883214 
1.712626 0.137386 -0.881732 
1.427652 0.111962 -0.803314 
2.009244 0.124515 -0.526480 
1.565539 0.125609 -0.839099 
2.423904 0.139757 -0.739519 
2.446318 0.136676 -0.703652 
1.716223 0.131064 -0.757011 
2.278139 0.141119 -0.743893 
2.182489 0.142608 -0.769780 
2.089929 0.143950 -0.805767 
2.053963 0.139027 -0.738682 
2.059230 0.144480 -0.821765 
1.815498 0.132666 -0.725876 
1.670945 0.124652 -0.674249 
1.582167 0.113044 -0.530774 
1.596744 0.116805 -0.590014 
1.353871 0.098293 -0.575545 
1.616121 0.127845 -0.801787 
2.445040 0.134599 -0.676479 
2.450245 0.131931 -0.643347 
2.069234 0.127535 -0.561349 
1.125818 0.063989 -0.151908 
2.147834 0.134957 -0.661219 
1.864821 0.127925 -0.625040 
2.020026 0.134284 -0.673947 
1.708996 0.120445 -0.575513 
1.868420 0.133327 -0.712087 
1.434301 0.107872 -0.646431 
1.592216 0.121463 -0.691963 
1.522611 0.113729 -0.618865 
2.305148 0.129312 -0.582934 
0.434600 0.031504 -0.702289 
2.269223 0.130230 -0.592232 
2.368363 0.133834 -0.651954 
2.111692 0.126543 -0.541594 
2.042589 0.129247 -0.591691 
2.179545 0.132967 -0.629906 
1.880943 0.125891 -0.585539 
2.016236 0.131003 -0.624238 
2.030090 0.144943 -0.837669 
0.912649 0.046839 -0.835646 
1.746370 0.119768 -0.544355 
2.825671 0.139849 -0.884884 
1.352956 0.095404 -0.485519 
2.215996 0.116964 -0.406175 
2.239860 0.124345 -0.509260 
0.457314 0.019297 -0.689898 
2.230248 0.120861 -0.460707 
2.152321 0.125333 -0.521540 
2.130552 0.122143 -0.476662 
1.991335 0.120502 -0.469058 
1.924257 0.121988 -0.508669 
1.640682 0.111313 -0.457958 
1.760643 0.117415 -0.498106 
1.495601 0.104325 -0.446307 
1.622586 0.112913 -0.497359 
0.509135 -0.001290 -0.563106 
1.396656 0.098146 -0.460042 
1.447377 0.102126 -0.465891 
1.187528 0.074579 -0.314719 
1.392132 0.109575 -0.858888 
0.375166 0.024766 -0.605048 
1.216761 0.086820 -0.754706 
1.104968 0.072559 -0.792931 
1.186523 0.083718 -0.812569 
1.064960 0.068304 -0.912087 
1.206688 0.088458 -0.985584 
1.009721 0.058403 -0.686644 
1.416301 0.111569 -0.833222 
0.903701 0.044984 -0.789024 
1.914571 0.133693 -0.698760 
0.920377 0.048576 -0.881818 
0.838320 0.036340 -0.775029 
0.662103 0.018798 -0.769099 
0.600618 0.018597 -0.787655 
0.564088 0.012105 -0.716040 
0.527864 0.028483 -0.804851 
1.352234 0.102236 -0.729808 
1.463928 0.114042 -0.755101 
1.323385 0.100199 -0.782871 
1.251994 0.090355 -0.706386 
1.114191 0.073128 -0.731024 
1.148263 0.076916 -0.674183 
1.033980 0.062661 -0.778641 
0.765181 0.025400 -0.675546 
0.957214 0.052022 -0.773785 
0.793738 0.031266 -0.785842 
0.716822 0.020088 -0.685634 
0.729784 0.024514 -0.781026 
0.541263 0.014480 -0.731152 
0.501866 0.004575 -0.629811 
0.585100 0.009519 -0.679853 
0.409459 0.021665 -0.642003 
1.269220 0.091361 -0.654396 
1.375847 0.103486 -0.682815 
1.285580 0.092156 -0.607577 
1.171500 0.079261 -0.632227 
1.057281 0.064474 -0.642648 
0.806883 0.030409 -0.661735 
0.636732 0.008417 -0.576464 
0.659754 0.014883 -0.693297 
0.574423 0.002825 -0.574300 
0.361463 0.037910 -0.609260 
1.290729 0.090129 -0.505641 
0.990627 0.054613 -0.568561 
0.814972 0.030025 -0.548491 
0.939566 0.047830 -0.598956 
0.898267 0.041443 -0.531247 
0.839014 0.034421 -0.644146 
0.744018 0.020293 -0.535421 
0.358905 0.001133 -0.506161 
0.368905 0.016462 -0.574793 
0.302100 0.016827 -0.485618 
1.158359 0.074859 -0.469844 
1.215762 0.080818 -0.446222 
0.997280 0.054274 -0.451885 
1.112134 0.069870 -0.505459 
1.044169 0.060125 -0.428409 
0.934070 0.046147 -0.500230 
1.010250 0.056832 -0.524688 
0.946863 0.047534 -0.460855 
0.758524 0.021135 -0.445108 
0.850506 0.034202 -0.469853 
0.678252 0.011025 -0.486446 
0.724803 0.017093 -0.488960 
0.688622 0.011437 -0.427381 
0.613739 0.002700 -0.461090 
0.494932 -0.008121 -0.465855 
0.552582 -0.003379 -0.471196 
0.876654 0.037525 -0.431654 
1.012323 0.052750 -0.210972 
3.469003 0.036643 -0.393588 
3.542604 0.032750 -0.439034 
2.980477 0.070157 -0.246155 
3.365359 0.047556 -0.384074 
3.400164 0.039699 -0.348255 
3.238779 0.054937 -0.327449 
3.293674 0.049497 -0.329974 
3.135299 0.067298 -0.349949 
3.094271 0.081849 -0.457186 
3.068334 0.076056 -0.377842 
3.051581 0.070255 -0.306161 
3.112866 0.086957 -0.523522 
2.752107 0.091876 -0.307686 
2.813226 0.088203 -0.308049 
2.698498 0.099932 -0.364460 
2.664095 0.109918 -0.458953 
3.427130 0.031483 -0.302398 
3.507482 0.027017 -0.349481 
3.327246 0.042702 -0.300680 
1.944664 0.113170 -0.366945 
3.354358 0.035326 -0.260803 
3.231360 0.050007 -0.273866 
3.133443 0.057320 -0.251727 
3.250376 0.045575 -0.250762 
3.171674 0.060416 -0.316497 
3.190648 0.053637 -0.269424 
2.937931 0.074367 -0.254870 
3.014834 0.066478 -0.237688 
2.847766 0.077954 -0.223946 
2.315317 0.135703 -0.670785 
2.999570 0.086274 -0.424526 
2.543260 0.090415 -0.173252 
2.366783 0.110120 -0.343351 
2.557914 0.096612 -0.252331 
2.564081 0.106697 -0.373280 
2.560730 0.102408 -0.321333 
2.571148 0.111432 -0.432378 
3.396482 0.025440 -0.215287 
3.467629 0.021500 -0.256720 
2.872029 0.072837 -0.188617 
3.292176 0.037749 -0.219553 
1.507203 0.095500 -0.265856 
3.325020 0.028993 -0.172610 
3.222050 0.039157 -0.162990 
3.124400 0.052329 -0.195415 
3.165819 0.051291 -0.223797 
3.190639 0.045711 -0.194269 
3.072462 0.059568 -0.219002 
2.987808 0.062301 -0.173477 
2.499375 0.104562 -0.320062 
2.624097 0.088502 -0.194097 
2.079049 0.093601 -0.074647 
2.441468 0.097393 -0.210491 
2.141298 0.091798 -0.057055 
2.321093 0.094722 -0.135710 
2.117892 0.100927 -0.178344 
3.368129 0.019166 -0.128523 
3.437544 0.015375 -0.169256 
3.263492 0.031239 -0.130486 
3.303118 0.022117 -0.087121 
3.162852 0.040483 -0.118300 
2.950666 0.060408 -0.123818 
3.202430 0.033065 -0.086771 
3.132782 0.046919 -0.151255 
3.075625 0.048673 -0.115814 
2.917794 0.068902 -0.183364 
2.805968 0.071497 -0.126083 
2.823114 0.065749 -0.078582 
2.720267 0.080495 -0.163582 
2.514709 0.085016 -0.096593 
2.201281 0.096225 -0.125784 
3.345984 0.012317 -0.043137 
3.411696 0.008807 -0.082459 
3.134867 0.035047 -0.040172 
3.239302 0.024478 -0.043601 
3.028396 0.044512 -0.033130 
3.094426 0.042065 -0.069251 
2.930060 0.053251 -0.035092 
3.004140 0.050606 -0.071506 
2.830544 0.061119 -0.036204 
2.741767 0.075444 -0.123273 
2.639304 0.078691 -0.093398 
2.516124 0.082215 -0.064935 
2.773066 0.081697 -0.211329 
2.846494 0.107052 -0.532782 
2.310262 0.089405 -0.065755 
1.297005 0.076295 -0.097582 
2.295894 0.113432 -0.369837 
2.264914 0.108889 -0.304327 
2.223562 0.104198 -0.235133 
2.056163 0.099913 -0.161641 
2.167538 0.100071 -0.171721 
2.200973 0.091480 -0.063471 
2.316947 0.117877 -0.432190 
2.109517 0.116085 -0.390673 
2.032257 0.120086 -0.455705 
2.011314 0.116841 -0.410383 
2.123674 0.119361 -0.437063 
1.865993 0.113191 -0.387760 
0.628712 0.035112 -0.932584 
1.901192 0.113118 -0.376470 
1.777146 0.115573 -0.459953 
1.800487 0.114021 -0.424527 
1.639607 0.108688 -0.413353 
1.370766 0.093733 -0.396521 
1.290483 0.086507 -0.383062 
1.236816 0.081261 -0.378325 
1.364409 0.094445 -0.429450 
1.199983 0.072832 -0.210724 
1.123196 0.066498 -0.262286 
1.129980 0.065909 -0.208601 
1.064079 0.058744 -0.208070 
1.267526 0.080762 -0.269972 
1.251031 0.077212 -0.207716 
1.024134 0.050902 -0.053489 
0.900358 0.039633 -0.308176 
1.054449 0.060426 -0.361671 
1.133207 0.070172 -0.380019 
1.129887 0.069078 -0.345315 
0.941582 0.045825 -0.365270 
1.013991 0.055663 -0.386580 
0.981937 0.050909 -0.341860 
0.823998 0.029565 -0.365520 
0.896742 0.039927 -0.388434 
0.869408 0.035714 -0.342739 
0.722220 0.015512 -0.387671 
0.796280 0.026033 -0.407375 
0.752375 0.019337 -0.348471 
0.652342 0.005861 -0.372565 
0.428128 -0.007498 -0.496310 
0.555213 -0.005801 -0.386612 
0.504332 -0.013160 -0.320918 
0.483138 -0.013469 -0.371345 
0.320627 -0.023203 -0.319681 
0.271877 0.003390 -0.411829 
1.073296 0.060981 -0.266100 
1.021986 0.054924 -0.269522 
1.131867 0.068597 -0.312813 
0.848231 0.031883 -0.246536 
0.944269 0.045264 -0.285837 
0.910800 0.040119 -0.226098 
0.730757 0.015400 -0.245205 
0.824437 0.028888 -0.280074 
0.645892 0.003769 -0.274569 
0.719617 0.014242 -0.293939 
0.650280 0.003825 -0.219817 
0.546946 -0.009044 -0.287811 
0.619370 0.000627 -0.310991 
0.586860 -0.004446 -0.256564 
0.468562 -0.018660 -0.262852 
0.431082 -0.020464 -0.308208 
0.409892 -0.019999 -0.343347 
0.825826 0.028178 -0.181986 
0.765601 0.019960 -0.200777 
0.655214 0.003926 -0.151762 
0.507473 -0.016068 -0.173836 
0.497153 -0.017226 -0.182355 
0.559191 -0.008734 -0.212404 
0.444689 -0.022751 -0.209667 
0.426344 -0.026096 -0.161000 
0.387805 -0.027013 -0.238298 
0.364048 -0.031491 -0.180392 
0.215366 -0.027288 -0.225460 
0.346213 -0.027487 -0.270479 
0.296476 -0.034142 -0.199361 
0.238496 -0.010684 -0.325250 
0.757189 0.018100 -0.120271 
0.805128 0.024663 -0.113019 
0.718033 0.012661 -0.128799 
0.426317 -0.027837 -0.086324 
0.574164 -0.007555 -0.142139 
0.569312 -0.008706 -0.094375 
0.266461 -0.033536 -0.207628 
0.414462 -0.028514 -0.118852 
0.334604 -0.038031 -0.081120 
0.345511 -0.035214 -0.128870 
0.255119 -0.043364 -0.088573 
0.174469 -0.042221 -0.097608 
0.270682 -0.039352 -0.138695 
0.086316 -0.023430 -0.094612 
0.907261 0.037198 -0.048574 
0.785078 0.021262 -0.047164 
0.896522 0.036624 -0.100469 
0.682852 0.007091 -0.054346 
0.596640 -0.005047 -0.071561 
0.522736 -0.014444 -0.149959 
0.343053 -0.038496 -0.040945 
0.248757 -0.046438 -0.043247 
0.166426 -0.047489 -0.049756 
0.085624 -0.036452 -0.051792 
2.195277 0.112707 -0.346155 
1.993744 0.113087 -0.356929 
1.979452 0.105481 -0.245885 
1.573661 0.093793 -0.195245 
1.181665 0.069293 -0.151154 
1.671751 0.105209 -0.337218 
1.499984 0.097649 -0.310519 
1.239684 0.080733 -0.349617 
1.265483 0.082365 -0.323923 
2.171358 0.108628 -0.288287 
1.858777 0.102058 -0.215718 
1.353550 0.079431 -0.093610 
1.732718 0.100670 -0.234148 
1.980396 0.109354 -0.303193 
3.154631 0.053363 -0.233174 
3.033081 0.052767 -0.117912 
1.536915 0.094413 -0.227149 
1.631763 0.096339 -0.207997 
1.356960 0.084667 -0.200271 
1.397655 0.092790 -0.325308 
1.496245 0.085070 -0.089293 
1.651951 0.095773 -0.188677 
2.681501 0.073652 -0.064340 
2.024029 0.093419 -0.069722 
1.993059 0.098909 -0.148729 
1.882723 0.095889 -0.116578 
1.867346 0.098860 -0.164612 
3.193981 0.068528 -0.414854 
1.749500 0.094514 -0.128711 
1.647141 0.092456 -0.135640 
1.742271 0.097569 -0.180211 
1.538060 0.088868 -0.130689 
1.369100 0.083206 -0.153589 
1.975094 0.101787 -0.191988 
3.303251 0.054978 -0.390480 
1.129877 0.062980 -0.102236 
2.014852 0.100788 -0.174744 
1.014424 0.050886 -0.101482 
2.083375 0.091506 -0.046237 
1.899494 0.093119 -0.072569 
2.002203 0.090792 -0.032442 
1.893545 0.090454 -0.033774 
1.775806 0.089131 -0.036061 
1.638426 0.088967 -0.081671 
1.766945 0.091599 -0.077120 
1.642367 0.086378 -0.037264 
1.542229 0.086498 -0.087854 
1.528858 0.082866 -0.033113 
1.438525 0.080325 -0.042115 
1.343080 0.076515 -0.046211 
1.454075 0.083834 -0.094006 
1.239766 0.070409 -0.050942 
3.794269 0.104277 -1.348833 
3.857449 0.096408 -1.350050 
3.724683 0.112692 -1.348901 
3.693887 0.106715 -1.262645 
3.087884 0.167823 -1.345740 
2.974664 0.173570 -1.346679 
3.073244 0.163370 -1.288091 
2.858370 0.178299 -1.349403 
3.782789 0.100575 -1.303528 
3.621785 0.114920 -1.262612 
3.524439 0.129328 -1.301180 
3.432637 0.133615 -1.257616 
3.319421 0.142997 -1.252769 
1.572032 0.103414 -0.362756 
2.852830 0.171053 -1.260667 
2.842448 0.166214 -1.198903 
2.749064 0.174307 -1.261716 
3.795181 0.084636 -1.177123 
3.661487 0.100684 -1.174199 
3.712550 0.090187 -1.134805 
3.134860 0.146723 -1.150390 
3.379477 0.119958 -1.078204 
3.468268 0.113396 -1.097717 
3.286417 0.135119 -1.147085 
3.193240 0.142847 -1.152452 
2.940720 0.156574 -1.135842 
3.229939 0.135443 -1.104999 
2.740388 0.170372 -1.210216 
3.073300 0.150353 -1.147125 
3.763126 0.078718 -1.089340 
3.411903 0.116253 -1.072103 
3.572158 0.101122 -1.085870 
3.553759 0.098066 -1.039190 
3.395870 0.112958 -1.025874 
3.278512 0.125638 -1.046188 
3.355482 0.118677 -1.044388 
3.296336 0.130837 -1.112643 
3.295124 0.127528 -1.078834 
3.163074 0.136063 -1.059939 
3.058240 0.142841 -1.056692 
3.001643 0.138887 -0.977064 
3.266742 0.123901 -1.019122 
3.651374 0.078154 -0.961397 
3.239496 0.117944 -0.937242 
3.509787 0.091803 -0.937236 
3.354092 0.110124 -0.960572 
3.255576 0.122613 -0.997029 
3.164463 0.130575 -1.004605 
3.168621 0.124972 -0.950630 
3.050572 0.136428 -0.983201 
2.763526 0.155395 -1.037017 
2.952276 0.138421 -0.940924 
3.005250 0.134312 -0.930175 
2.941672 0.148492 -1.045834 
2.716261 0.157137 -1.039579 
3.701064 0.067068 -0.917724 
3.000195 0.124294 -0.819894 
3.385750 0.091393 -0.811757 
3.466551 0.085511 -0.835855 
3.032982 0.126096 -0.861703 
3.229742 0.120015 -0.949769 
3.293956 0.113957 -0.944355 
3.094997 0.123286 -0.877200 
2.892287 0.118777 -0.689248 
2.958627 0.129034 -0.842885 
2.843589 0.137172 -0.864054 
2.966329 0.133071 -0.891488 
2.703363 0.149572 -0.943038 
2.815215 0.145822 -0.948112 
2.694941 0.171689 -1.212843 
2.578175 0.183915 -1.350245 
2.570270 0.179387 -1.288313 
2.489064 0.184138 -1.349247 
2.059002 0.167398 -1.187024 
2.403694 0.183812 -1.349284 
2.185759 0.175934 -1.276469 
2.315796 0.183086 -1.352241 
2.244755 0.179273 -1.310943 
2.224801 0.181641 -1.353728 
1.553097 0.090995 -0.158755 
2.125839 0.178648 -1.341671 
1.967985 0.172253 -1.317663 
1.856856 0.166741 -1.331951 
2.709043 0.176504 -1.277490 
1.741363 0.157461 -1.328564 
1.736056 0.154941 -1.266887 
2.576088 0.168499 -1.144493 
2.767581 0.177634 -1.308850 
2.541109 0.173634 -1.207584 
2.413973 0.177697 -1.260005 
2.336264 0.180585 -1.310818 
2.214426 0.174322 -1.242560 
1.868144 0.161217 -1.196676 
2.123724 0.172449 -1.242881 
2.141195 0.170772 -1.209788 
0.744447 0.021677 -0.615643 
1.924629 0.170733 -1.328380 
2.119996 0.150636 -0.901273 
2.408528 0.174477 -1.214199 
2.642992 0.168836 -1.163025 
2.306059 0.156256 -0.958108 
2.510434 0.168003 -1.128288 
2.443473 0.167451 -1.115516 
2.331412 0.174008 -1.213969 
2.322925 0.170856 -1.168627 
2.197280 0.170874 -1.193812 
2.538179 0.162466 -1.058515 
2.060809 0.164723 -1.142979 
1.984480 0.163993 -1.164858 
1.495431 0.129435 -1.254125 
1.834565 0.157909 -1.166509 
2.120151 0.160621 -1.056317 
2.520932 0.158475 -1.002995 
2.618184 0.159913 -1.043056 
2.339029 0.160930 -1.023569 
2.373326 0.166253 -1.098252 
2.160514 0.163790 -1.094008 
1.889484 0.160620 -1.165270 
2.175772 0.167292 -1.144164 
1.882655 0.160893 -1.176235 
2.062589 0.162010 -1.098513 
1.949109 0.157146 -1.068290 
1.908944 0.160497 -1.148519 
1.607210 0.139165 -1.140857 
2.602618 0.156156 -0.991267 
2.420556 0.153841 -0.927343 
1.478351 0.122807 -1.024010 
1.723538 0.143656 -1.002882 
2.150739 0.160783 -1.050020 
2.033668 0.157698 -1.040253 
2.073571 0.157142 -1.016545 
2.595744 0.149219 -0.901865 
2.381385 0.157252 -0.971656 
2.486083 0.154740 -0.947835 
2.262882 0.159116 -1.003202 
2.225253 0.154702 -0.942860 
1.885091 0.145804 -0.910838 
1.776362 0.145066 -0.969271 
1.823628 0.145612 -0.942212 
1.916042 0.145910 -0.897898 
1.638471 0.134831 -0.933235 
1.638599 0.147247 -1.324892 
1.528131 0.134683 -1.327259 
0.827194 0.056550 -1.206268 
1.407846 0.118682 -1.272249 
1.303122 0.105577 -1.341724 
1.103956 0.078840 -1.277650 
1.185904 0.090420 -1.356437 
1.085368 0.078876 -1.357090 
0.907202 0.069606 -1.350478 
0.997379 0.071555 -1.355451 
0.836110 0.077541 -1.345842 
0.798607 0.099054 -1.358263 
1.367320 0.112263 -1.187387 
1.467203 0.124657 -1.177067 
1.286307 0.101794 -1.213130 
1.195123 0.089912 -1.246704 
0.955502 0.062098 -1.225717 
0.993031 0.063426 -1.164718 
0.868436 0.072382 -1.348993 
0.777686 0.088063 -1.306569 
1.674318 0.142784 -1.069035 
1.174961 0.086216 -1.168934 
1.074240 0.073744 -1.205345 
0.984087 0.060456 -1.088072 
0.906500 0.052933 -1.105816 
0.722688 0.072055 -1.191807 
1.113416 0.077145 -1.104654 
2.344976 0.152925 -0.910360 
1.662510 0.135837 -0.915752 
1.600863 0.139955 -1.192938 
1.073496 0.072218 -1.126427 
0.648395 0.058779 -1.057455 
0.919177 0.049160 -0.922587 
2.371567 0.174334 -1.214434 
1.495035 0.087522 -0.132684 
0.882638 0.046204 -0.976580 
1.048988 0.067723 -1.040665 
3.239539 0.052394 -0.304216 
0.703531 0.046406 -1.060448 
0.815555 0.043647 -1.049498 
0.650994 0.040227 -0.981167 
0.621666 0.055802 -1.014513 
1.340275 0.105062 -0.936128 
1.067844 0.069450 -0.979078 
1.440145 0.120096 -1.104453 
0.655122 0.030927 -0.918110 
0.861915 0.044716 -0.995825 
0.565877 0.041089 -0.897806 
0.805609 0.040270 -0.999673 
0.660611 0.023432 -0.839790 
0.711138 0.034273 -0.962793 
3.668213 0.060258 -0.821215 
3.582909 0.064646 -0.766930 
3.444505 0.078749 -0.751326 
2.652171 0.144227 -0.858911 
3.365407 0.086926 -0.750239 
3.051282 0.131397 -0.930417 
3.224896 0.114016 -0.886048 
3.026633 0.122201 -0.816233 
3.446335 0.116459 -1.106003 
2.264742 0.150496 -0.877547 
2.706374 0.142864 -0.863814 
1.766615 0.150917 -1.104544 
2.080758 0.172696 -1.263903 
2.600091 0.142360 -0.817801 
3.085106 0.091318 -0.544029 
3.559027 0.058428 -0.685591 
2.009220 0.139288 -0.755064 
3.422511 0.072619 -0.672671 
3.493707 0.046069 -0.504700 
2.936079 0.121168 -0.743410 
3.175729 0.102190 -0.727505 
3.129426 0.112057 -0.788729 
3.262637 0.103782 -0.817656 
2.994087 0.119898 -0.769105 
3.025747 0.114784 -0.737954 
2.938753 0.123807 -0.773579 
2.878807 0.121572 -0.711238 
2.734211 0.134218 -0.774423 
2.806855 0.121805 -0.670947 
2.950024 0.118419 -0.723226 
3.133604 0.094106 -0.611939 
2.601792 0.136989 -0.752300 
0.424881 0.013154 -0.628787 
3.603912 0.048418 -0.645444 
3.445516 0.055644 -0.540510 
3.348733 0.073853 -0.611344 
3.231869 0.087375 -0.630946 
3.160447 0.107366 -0.766453 
3.045881 0.099640 -0.596934 
2.915480 0.115885 -0.673049 
3.052771 0.107073 -0.678332 
2.834935 0.118923 -0.655389 
2.923771 0.111912 -0.636043 
2.745710 0.114088 -0.549950 
2.742368 0.121704 -0.634397 
2.688369 0.126764 -0.665877 
2.286968 0.123222 -0.498608 
3.576072 0.042491 -0.562249 
3.355642 0.057351 -0.464533 
1.952537 0.127261 -0.583118 
3.259255 0.076156 -0.548097 
3.065574 0.095515 -0.570535 
3.237073 0.081574 -0.579633 
2.961948 0.103128 -0.569974 
2.404975 0.132877 -0.645678 
2.696245 0.113809 -0.520133 
2.581999 0.124263 -0.590270 
2.634682 0.119637 -0.557584 
2.510038 0.125033 -0.573571 
3.553292 0.036299 -0.482275 
3.436403 0.048613 -0.467093 
2.902031 0.106975 -0.568650 
3.161946 0.063306 -0.335359 
2.966609 0.095083 -0.489698 
2.981859 0.090642 -0.455432 
2.833940 0.103946 -0.491051 
2.906554 0.095522 -0.450485 
2.821477 0.111200 -0.562240 
2.348936 0.140622 -0.740857 
2.788858 0.106884 -0.494885 
2.534875 0.117309 -0.487858 
0.907687 0.038911 -0.162756 
2.446644 0.116969 -0.452921 
2.490213 0.148504 -0.866628 
3.322303 0.071078 -0.559728 
2.352484 0.147490 -0.835174 
2.290368 0.149397 -0.860745 
2.392050 0.150581 -0.880403 
2.130983 0.149898 -0.887447 
2.189480 0.147949 -0.847697 
1.949043 0.145945 -0.883999 
1.871516 0.139281 -0.808958 
1.588564 0.141746 -1.325212 
1.544853 0.124636 -0.859853 
1.686922 0.136669 -0.898320 
2.498864 0.138626 -0.741146 
1.681334 0.130123 -0.768850 
1.759783 0.108920 -0.357957 
2.577999 0.084663 -0.125339 
2.126648 0.143392 -0.789626 
1.785618 0.132315 -0.735449 
0.676697 0.029056 -0.904771 
1.734034 0.125793 -0.652916 
1.323843 0.093085 -0.496265 
2.332090 0.121869 -0.487509 
2.495409 0.133729 -0.677998 
2.125149 0.130368 -0.596265 
2.209343 0.138213 -0.703840 
2.229687 0.135477 -0.664250 
1.967642 0.134063 -0.685690 
2.071181 0.134361 -0.663617 
1.798821 0.126798 -0.636125 
1.645809 0.124083 -0.685049 
1.555526 0.119511 -0.702648 
2.367789 0.131308 -0.618330 
2.373001 0.120351 -0.476025 
1.948172 0.120969 -0.486131 
2.331510 0.132303 -0.626379 
2.169355 0.129177 -0.575950 
1.470060 0.106843 -0.541600 
1.938749 0.129778 -0.627198 
2.086394 0.131856 -0.623253 
1.427691 0.104022 -0.552134 
1.464113 0.109852 -0.631448 
1.402946 0.095301 -0.376180 
1.385922 0.100917 -0.564780 
1.395894 0.098323 -0.466358 
2.276263 0.119460 -0.446674 
2.424832 0.112542 -0.390809 
2.296478 0.126575 -0.544950 
2.193210 0.124809 -0.513709 
2.050123 0.123533 -0.504496 
1.984882 0.125919 -0.553479 
1.845308 0.119994 -0.503840 
1.546056 0.109164 -0.489516 
1.578605 0.109145 -0.460900 
1.481795 0.105851 -0.498740 
2.259407 0.095574 -0.129717 
1.302588 0.098219 -0.806395 
1.177828 0.082840 -0.834585 
1.205263 0.085809 -0.786217 
1.137950 0.077700 -0.854073 
0.574159 0.020177 -0.792853 
2.711899 0.140082 -0.833127 
0.790712 0.031866 -0.820084 
0.643607 0.018618 -0.780598 
0.573456 0.032072 -0.867512 
1.235339 0.088746 -0.730039 
1.337806 0.101269 -0.756340 
1.006636 0.058247 -0.714457 
1.069607 0.065921 -0.623469 
0.784709 0.029148 -0.741004 
0.658191 0.016322 -0.727158 
0.481554 0.012156 -0.676487 
1.359456 0.102322 -0.702299 
1.402853 0.105518 -0.662167 
1.160831 0.078214 -0.651977 
0.344575 -0.010119 -0.432480 
2.692559 0.178562 -1.299422 
2.316207 0.105631 -0.272904 
0.652300 0.012097 -0.639569 
0.491637 0.007795 -0.653210 
0.584409 0.006160 -0.625909 
0.395771 0.034121 -0.653936 
1.261974 0.087456 -0.516926 
1.080570 0.067062 -0.596550 
0.918456 0.044982 -0.608798 
0.975894 0.052753 -0.586060 
0.798097 0.028089 -0.579173 
1.094618 0.068399 -0.557653 
0.790057 0.026055 -0.498626 
0.430018 0.000682 -0.564374 
0.363346 0.008266 -0.540677 
0.418617 -0.012116 -0.447064 
1.099298 0.068611 -0.529724 
1.138302 0.072683 -0.481228 
1.005503 0.056471 -0.551182 
1.014166 0.057092 -0.500621 
0.829881 0.031449 -0.484513 
0.926289 0.045222 -0.517067 
0.715172 0.016069 -0.505435 
0.736899 0.018382 -0.463318 
1.082383 0.064636 -0.408639 
0.674634 0.010937 -0.505902 
0.784098 0.024500 -0.426160 
0.336569 -0.015652 -0.389197 
0.623397 0.002732 -0.408599 
3.523331 0.029983 -0.393251 
3.414095 0.042606 -0.389228 
1.795746 0.108776 -0.341272 
3.298331 0.052015 -0.358016 
2.839882 0.099820 -0.450414 
3.181332 0.057030 -0.293029 
3.125238 0.068969 -0.357281 
3.375376 0.061476 -0.522453 
2.527926 0.113502 -0.439114 
2.744211 0.096884 -0.357638 
2.652301 0.098616 -0.323889 
2.594271 0.113384 -0.465705 
2.619749 0.108655 -0.422251 
2.974964 0.080093 -0.342276 
3.486923 0.024378 -0.303463 
3.374139 0.037401 -0.300240 
1.728963 0.104170 -0.293050 
3.271280 0.047240 -0.286832 
3.149420 0.049525 -0.191637 
3.235845 0.058679 -0.360009 
3.049673 0.062491 -0.227841 
3.054773 0.087183 -0.477802 
2.911017 0.079334 -0.285142 
2.615609 0.092967 -0.239945 
2.441507 0.106708 -0.324077 
2.495266 0.094032 -0.192895 
1.754680 0.104280 -0.284194 
2.993514 0.056624 -0.121832 
3.452558 0.018407 -0.212684 
3.338384 0.032229 -0.215994 
1.436948 0.089544 -0.211181 
3.234079 0.042130 -0.202583 
2.725540 0.068759 -0.040761 
3.097538 0.056003 -0.206554 
2.827649 0.082824 -0.260825 
2.634745 0.085612 -0.167698 
1.928615 0.109494 -0.314216 
2.077419 0.095519 -0.101020 
2.380876 0.098614 -0.203337 
2.173610 0.102789 -0.209127 
2.911256 0.063791 -0.126188 
3.422493 0.012238 -0.124851 
3.313642 0.025710 -0.130847 
3.195089 0.051425 -0.252612 
3.212994 0.035933 -0.123950 
1.945705 0.096098 -0.111345 
3.095776 0.050892 -0.155492 
3.116886 0.044480 -0.113160 
2.851128 0.068188 -0.124810 
2.789433 0.076643 -0.168668 
2.412267 0.084318 -0.041374 
2.568269 0.087096 -0.147866 
2.106792 0.096093 -0.111101 
3.401138 0.005625 -0.042530 
1.513565 0.101217 -0.366053 
3.292661 0.018544 -0.043648 
3.187865 0.029898 -0.042853 
3.050510 0.046480 -0.071999 
3.081617 0.039944 -0.037081 
2.957755 0.054512 -0.070712 
2.980689 0.049001 -0.035474 
2.879093 0.057303 -0.034754 
2.766352 0.070066 -0.082861 
2.780325 0.064900 -0.038374 
2.570288 0.080678 -0.075964 
2.474279 0.087324 -0.104289 
2.460656 0.083341 -0.051173 
2.364557 0.087204 -0.057289 
2.256504 0.115331 -0.388616 
2.352855 0.116213 -0.417948 
2.137629 0.104451 -0.228274 
2.292747 0.107134 -0.286889 
2.260771 0.090774 -0.068566 
2.179011 0.121876 -0.472311 
2.074617 0.119454 -0.441377 
1.516035 0.103765 -0.412761 
1.933191 0.117158 -0.430900 
1.966009 0.116760 -0.417257 
1.866705 0.118596 -0.473451 
1.183713 0.077512 -0.456527 
1.587012 0.106896 -0.414452 
1.458146 0.098615 -0.371076 
1.452040 0.100034 -0.410142 
1.412349 0.098314 -0.433702 
1.310111 0.089609 -0.424792 
1.193611 0.073843 -0.265306 
0.954284 0.044730 -0.155781 
0.255788 -0.004604 -0.367159 
0.686947 0.010054 -0.332432 
1.108855 0.067614 -0.395328 
1.177511 0.074996 -0.374308 
0.992923 0.053037 -0.396446 
1.033013 0.057936 -0.374675 
0.887197 0.038806 -0.410477 
0.918779 0.042842 -0.376334 
1.185982 0.080076 -0.574676 
0.810087 0.027787 -0.386138 
0.683756 0.011262 -0.458676 
0.429044 -0.003569 -0.531674 
0.563312 -0.005411 -0.365544 
0.638345 0.004310 -0.390744 
0.549696 -0.005674 -0.411788 
0.501888 -0.004882 -0.514514 
0.884888 0.036743 -0.233279 
1.071501 0.061634 -0.311404 
1.187791 0.075445 -0.347538 
0.917176 0.041786 -0.296782 
0.966993 0.048093 -0.275593 
0.816740 0.028030 -0.305310 
0.832072 0.029733 -0.255627 
0.703578 0.012172 -0.313407 
0.723556 0.014582 -0.269180 
0.601486 -0.001412 -0.330653 
0.636653 0.002738 -0.294841 
0.748176 0.017683 -0.222989 
0.449752 -0.019789 -0.285464 
0.333400 -0.025781 -0.295107 
0.489993 -0.010854 -0.418483 
0.350719 -0.004448 -0.470549 
0.867761 0.033786 -0.174102 
0.587203 -0.005242 -0.189512 
0.535657 -0.011776 -0.214631 
0.473262 -0.019849 -0.196523 
0.359551 -0.027881 -0.256005 
0.218822 -0.019776 -0.266544 
0.476203 -0.021713 -0.071749 
0.783992 0.022453 -0.190316 
0.675145 0.006656 -0.139286 
0.554393 -0.009561 -0.198772 
0.194046 -0.036834 -0.148964 
0.458884 -0.023071 -0.124916 
0.380829 -0.032057 -0.123177 
0.228422 -0.039265 -0.143637 
0.308115 -0.037827 -0.133691 
0.213402 -0.043948 -0.093245 
0.964339 0.044122 -0.051559 
0.846482 0.030152 -0.104844 
0.840873 0.028660 -0.043011 
0.722657 0.012644 -0.047295 
0.643423 0.001550 -0.063269 
0.500375 -0.017955 -0.111054 
0.129133 -0.025865 -0.141556 
0.397046 -0.032238 -0.045136 
0.296149 -0.043040 -0.041257 
0.210981 -0.047780 -0.047444 
0.132347 -0.036981 -0.098342 
0.121154 -0.043820 -0.050777 
0.051099 -0.022632 -0.048322 
2.059138 0.116503 -0.399644 
1.580404 0.101286 -0.320275 
1.630558 0.099156 -0.256132 
2.910706 0.058166 -0.068750 
1.321392 0.088503 -0.362160 
1.006771 0.051023 -0.152587 
1.506630 0.108897 -0.531505 
1.917986 0.105742 -0.259237 
1.826822 0.108847 -0.331433 
1.667150 0.099661 -0.246407 
1.422546 0.091064 -0.255259 
2.047824 0.098315 -0.139024 
2.094243 0.102425 -0.197789 
2.024868 0.104745 -0.231284 
1.702785 0.100152 -0.238193 
1.588784 0.092743 -0.169271 
1.197206 0.081035 -0.554402 
1.075825 0.057618 -0.103710 
1.933030 0.099133 -0.157568 
1.689990 0.096579 -0.184840 
1.816631 0.095298 -0.121450 
1.370819 0.088197 -0.260101 
3.298002 0.058274 -0.416107 
2.008216 0.096008 -0.106490 
2.127966 0.095080 -0.099462 
1.962342 0.093380 -0.070506 
2.032234 0.090908 -0.034714 
1.951148 0.090768 -0.033341 
1.835903 0.092592 -0.075374 
1.834787 0.089912 -0.034769 
1.687964 0.090031 -0.078617 
1.712835 0.087998 -0.036945 
1.587569 0.087717 -0.084867 
1.590825 0.084811 -0.034423 
1.490452 0.082087 -0.041115 
1.390847 0.078645 -0.045419 
1.291464 0.073803 -0.049483 
1.079453 0.056604 -0.050989 
1.178955 0.065629 -0.048935 
2.945136 0.161067 -1.188990 
3.638793 0.117687 -1.305193 
3.611331 0.125495 -1.349490 
3.577669 0.112341 -1.194541 
3.420306 0.143739 -1.345040 
3.425283 0.128927 -1.205828 
3.202339 0.146970 -1.201761 
3.357627 0.134532 -1.200896 
3.121897 0.160143 -1.284065 
2.960757 0.166428 -1.258081 
2.910740 0.169109 -1.263848 
2.917173 0.176085 -1.348140 
2.676114 0.163052 -1.099029 
2.723105 0.161301 -1.092839 
3.066604 0.146375 -1.100056 
2.652624 0.151310 -0.945838 
3.210598 0.125136 -0.985517 
1.445016 0.112978 -0.778453 
0.676149 0.036560 -0.973885 
0.758318 0.043146 -1.060835 
0.727042 0.025760 -0.817539 
1.368898 0.107456 -0.882411 
1.288798 0.097136 -0.839757 
1.309483 0.101653 -0.962233 
1.363125 0.109236 -1.017974 
1.239196 0.092000 -0.919599 
1.056849 0.066579 -0.854034 
2.655475 0.138578 -0.791768 
3.071435 0.114444 -0.768297 
2.738261 0.130490 -0.733130 
2.287046 0.138188 -0.703205 
2.608330 0.128028 -0.646066 
3.198302 0.094495 -0.670786 
2.366684 0.137728 -0.703753 
2.396202 0.127558 -0.574533 
1.893253 0.123524 -0.543005 
2.352635 0.128628 -0.580333 
1.829077 0.113610 -0.406873 
2.505545 0.119199 -0.500094 
1.689630 0.104002 -0.308207 
3.007627 0.074716 -0.314109 
2.867092 0.089627 -0.360432 
2.686432 0.095415 -0.307036 
2.386875 0.114377 -0.402890 
1.520486 0.117469 -0.716307 
1.233103 0.084699 -0.532969 
2.209048 0.128068 -0.559717 
2.249396 0.127221 -0.549495 
2.155775 0.114547 -0.369139 
2.096928 0.112095 -0.334069 
1.343076 0.089305 -0.336305 
1.235463 0.073824 -0.148668 
1.273445 0.086255 -0.427900 
1.106667 0.072420 -0.758489 
0.988020 0.057642 -0.894907 
0.873802 0.039986 -0.713692 
1.131347 0.075074 -0.702679 
0.930403 0.047572 -0.702680 
1.276124 0.091579 -0.628068 
0.922030 0.045972 -0.659482 
0.428096 0.006426 -0.598713 
0.871180 0.037761 -0.542395 
0.778272 0.025724 -0.598986 
0.731403 0.019043 -0.560107 
1.023655 0.057627 -0.440598 
0.964300 0.049381 -0.410327 
0.942828 0.047173 -0.480750 
1.180228 0.079928 -0.606549 
0.319258 0.024663 -0.525430 
0.334549 0.030909 -0.558386 
1.080468 0.063370 -0.348143 
1.021453 0.055613 -0.316779 
0.964027 0.048695 -0.353470 
0.585873 -0.003052 -0.349160 
0.849747 0.033083 -0.354854 
0.793100 0.024861 -0.323767 
0.736989 0.017371 -0.368813 
2.759112 0.086853 -0.257603 
2.698959 0.085432 -0.204006 
2.406820 0.108383 -0.333228 
1.555390 0.091838 -0.171906 
2.946691 0.066071 -0.177607 
2.942203 0.085308 -0.370362 
2.884084 0.084178 -0.315419 
2.438299 0.101794 -0.262740 
2.199893 0.106704 -0.265191 
1.876475 0.109285 -0.323388 
1.180288 0.067490 -0.099641 
1.234523 0.071847 -0.097484 
2.061235 0.097128 -0.122650 
2.068456 0.103665 -0.214686 
0.655208 0.004845 -0.254128 
0.593783 -0.004109 -0.209756 
0.569110 -0.006562 -0.270322 
0.518456 -0.013673 -0.230382 
0.519080 -0.014363 -0.186881 
1.920294 0.102107 -0.203899 
3.026930 0.058568 -0.169594 

1519 858 218 862
1268 1267 101 100
1268 100 99 98
1267 1268 463 1275
463 445 446 1275
1267 1269 102 101
1269 447 103 102
1269 448 1824 447
1275 448 1269 1267
447 1825 104 103
104 1825 449 105
1826 468 275 1276
449 469 106 105
106 469 451 107
449 1277 471 469
451 1827 108 107
108 1827 453 109
1279 470 251 452
453 253 110 109
110 253 455 111
454 253 453 252
112 254 457 113
254 455 466 1831
457 1271 114 113
457 1273 458 1271
114 1271 456 115
254 1831 1273 457
456 256 461 1272
1272 461 257 1834
1272 1834 117 116
456 1272 116 115
459 1273 1831 255
458 1273 459 1832
1834 1274 118 117
1274 483 1354 462
118 1274 462 119
1338 569 284 571
462 460 120 119
460 570 121 120
1354 592 460 462
463 1268 98 97
446 1270 448 1275
96 445 463 97
464 520 1836 1835
1276 275 450 1824
467 1826 1276 1270
1292 517 274 498
467 1270 446 258
472 1277 450 275
1467 844 465 259
1826 465 265 468
469 471 251 451
470 1827 451 251
1825 450 1277 449
452 251 471 1278
1830 260 452 1278
471 1277 472 1278
1317 1321 518 478
476 266 477 261
1831 466 477 255
470 1279 473 252
474 1279 452 260
473 1279 474 1829
252 473 261 454
248 475 1280 1128
480 1823 459 255
459 1823 479 1832
255 477 266 480
1833 1281 461 256
484 1281 481 1294
461 1281 484 257
479 1282 1833 1832
520 1282 479 262
481 1282 520 464
482 1354 483 1283
1336 195 482 1283
483 257 484 1283
486 445 96 95
501 1286 485 1284
258 446 445 486
94 1284 486 95
1297 1300 528 1302
497 262 479 1823
485 1285 467 258
488 1285 489 263
467 1285 488 1826
258 486 1284 485
489 1286 490 503
491 1289 1467 259
1288 1297 1302 487
1291 495 1837 1287
491 259 488 263
492 844 1467 1288
487 1301 492 1288
468 265 494 1828
1127 247 475 248
493 1289 491 264
1830 1828 494 1290
499 844 492 1304
496 1291 474 260
474 1291 1287 1829
1290 1293 505 496
495 1291 496 505
495 505 513 1306
476 261 473 1829
454 261 477 466
1287 1837 515 1295
480 266 517 1292
500 1294 481 464
480 1292 497 1823
476 1295 517 266
484 1294 1336 1283
1304 492 1301 511
501 1284 94 93
1296 490 1286 501
92 1296 501 93
1303 510 1305 1293
1328 555 270 528
490 267 502 503
489 1285 485 1286
1296 522 267 490
1298 263 489 503
1298 264 491 263
495 1306 533 1837
502 1299 1298 503
506 1299 502 268
529 264 1298 1299
1317 478 498 507
1288 1467 1289 1297
1321 672 1391 519
508 1301 487 1308
509 1302 528 270
487 1302 509 1308
1303 499 1304 510
1290 494 1303 1293
1303 494 265 499
511 1301 508 1314
511 272 510 1304
512 1306 513 516
513 505 1293 1305
513 1305 514 516
1320 515 1837 533
1307 273 512 516
517 1295 515 274
518 1321 519 1836
1316 536 1318 1307
507 544 282 563
519 1380 1835 1836
196 500 464 1835
518 1836 520 262
1839 271 508 1308
468 1828 472 275
522 1296 92 91
522 276 504 267
90 276 522 91
560 1486 787 551
524 1309 546 277
504 1309 524 268
1289 493 1300 1297
268 502 267 504
537 272 511 1314
525 1311 527 278
506 1311 525 269
524 1311 506 268
527 1311 524 277
1312 1300 493 526
529 1299 506 269
526 493 264 529
936 789 201 539
530 269 525 793
529 269 530 526
532 1313 509 270
509 1313 1839 1308
542 1317 507 563
533 281 543 1320
1314 508 271 538
552 534 1315 535
1839 1315 534 271
535 1315 531 279
537 1316 514 272
536 1316 537 541
514 1316 1307 516
538 271 534 1464
537 1314 538 541
521 1464 534 552
512 281 533 1306
1307 1318 539 273
540 1318 536 280
539 1318 540 936
1319 280 536 541
273 564 281 512
274 515 1320 544
542 563 1334 1838
1464 521 1333 1319
544 1320 543 282
478 518 262 497
1838 786 672 542
547 276 90 89
546 1322 770 197
1309 504 276 547
88 1322 547 89
781 199 554 1310
557 1466 783 1323
549 197 769 198
1309 547 1322 546
556 1328 1312 550
1326 1323 559 1331
1324 1325 553 1463
527 1325 1324 278
549 1325 527 277
553 1325 549 198
521 552 1326 1331
530 550 1312 526
332 550 530 793
532 1310 554 1327
532 270 555 1310
1327 531 1313 532
1328 528 1300 1312
555 1465 781 1310
558 1329 535 279
557 1329 558 200
535 1329 1326 552
279 531 1327 554
558 279 554 199
1478 1484 783 1482
538 1464 1319 541
1326 1329 557 1323
561 1332 540 280
560 1332 561 523
540 1332 723 936
1319 1333 561 280
562 1333 521 1331
561 1333 562 523
564 1335 543 281
1398 565 202 568
543 1335 566 282
723 1332 560 551
539 201 564 273
507 498 274 544
565 1334 566 774
563 282 566 1334
559 1323 783 1484
567 1335 564 201
566 1335 567 774
1399 676 1367 283
631 303 1470 545
568 202 791 193
193 791 214 733
570 284 122 121
1294 500 1366 1336
122 284 569 123
460 592 1607 570
1607 571 284 570
569 1338 573 1337
790 1337 573 285
1337 790 125 124
569 1337 124 123
571 1355 574 1338
573 1338 574 594
790 1339 126 125
599 1341 577 286
1339 577 127 126
652 1389 630 572
607 297 604 1340
577 1341 128 127
1344 584 1343 580
1341 578 129 128
1339 575 286 577
583 288 581 1342
1361 604 1360 579
578 1343 130 129
581 1345 584 1344
1343 584 131 130
580 1343 578 1357
582 1344 580 287
581 1344 582 1342
584 1345 132 131
288 585 1345 581
1345 585 133 132
1360 583 1342 579
1360 603 1471 583
585 1347 134 133
586 1471 587 290
134 1347 609 135
586 288 583 1471
591 1607 592 1350
1363 137 136 1348
609 1348 136 135
1363 1349 138 137
1349 292 139 138
291 612 635 613
1363 291 613 1349
292 1351 140 139
1381 283 1367 657
1351 203 141 140
1349 613 1352 292
1352 613 635 722
1437 726 611 590
1354 482 1350 592
617 293 614 1353
591 1350 482 195
594 597 1365 596
574 1355 595 294
571 293 617 1355
1355 617 1368 595
285 596 1356 575
1441 1356 596 1365
575 1356 600 286
594 596 285 573
594 574 294 597
734 322 735 1390
1357 578 1341 599
598 1357 599 616
580 1357 598 287
599 286 600 616
602 1358 582 287
601 1358 602 1372
579 1342 582 1358
598 295 602 287
295 626 1372 602
693 1422 709 315
608 291 1363 1348
603 1360 604 297
603 289 587 1471
579 1358 601 1361
605 1361 601 296
604 1361 605 1340
1359 298 608 606
610 606 609 290
607 289 603 297
632 593 587 289
609 1347 586 290
608 1348 609 606
1352 590 1351 292
610 290 587 593
1371 622 1370 1441
612 291 608 298
689 1408 203 611
933 1537 887 905
734 635 612 670
614 293 591 195
1336 1366 614 195
615 1366 500 196
614 1366 615 1353
595 1368 655 1369
621 295 598 616
595 1369 619 294
1607 591 293 571
619 633 597 294
597 633 618 1365
1379 656 776 654
1382 639 633 619
621 1370 622 300
600 1370 621 616
618 1371 1441 1365
623 1371 618 299
622 1371 623 625
1386 631 1377 1359
1385 644 301 624
601 1372 624 296
654 304 636 1373
626 295 621 300
645 300 622 625
375 576 1420 628
627 1340 605 1374
647 302 627 1374
629 296 624 301
605 296 629 1374
589 959 1451 708
632 1375 630 1389
632 289 607 1375
1375 627 302 630
1375 607 1340 627
610 1386 1359 606
1384 1386 610 593
639 299 618 633
612 298 634 670
1359 1377 634 298
634 1377 631 545
678 313 643 1401
637 1373 615 196
638 1400 656 1379
615 1373 636 1353
196 1835 1380 637
638 1380 519 1391
1379 654 1373 637
620 312 283 1381
640 1401 643 305
636 1368 617 1353
655 1368 636 304
640 1382 620 1381
639 1382 640 305
1382 619 1369 620
640 1381 657 1401
623 641 646 625
623 299 642 641
1378 307 644 1383
639 305 642 299
303 1384 1389 652
642 305 643 306
645 1385 626 300
644 1385 645 1383
1385 624 1372 626
1384 303 631 1386
642 306 660 641
645 625 646 1383
649 1387 629 301
648 1388 647 1387
629 1387 647 1374
644 307 649 301
1452 736 1421 726
1396 648 1387 649
650 572 630 302
667 310 652 572
647 1388 650 302
648 308 651 1388
650 1388 651 309
1384 593 632 1389
668 665 667 309
653 670 634 545
1428 653 545 1470
669 1428 1470 310
1379 637 1380 638
310 667 665 669
671 1400 638 1391
304 673 312 655
724 954 1844 756
657 1402 678 1401
892 668 1394 687
643 313 661 306
367 927 1566 686
660 1395 646 641
659 1395 660 658
646 1395 1378 1383
680 314 659 658
660 306 661 658
663 1396 649 307
662 1396 663 710
648 1396 662 308
1378 1397 663 307
664 1397 659 314
663 1397 664 710
666 1394 651 308
651 1394 668 309
666 308 662 1404
650 309 667 572
712 669 665 311
671 1391 672 786
542 672 1321 1317
1398 785 786 1838
1392 674 776 656
304 654 776 673
675 1400 671 204
1392 656 1400 675
676 1399 674 1435
673 1399 283 312
1435 674 1392 677
1369 655 312 620
679 1367 676 205
657 1367 679 1402
681 685 661 313
1364 206 678 1402
678 206 681 313
682 1405 664 314
664 1405 683 710
680 1403 682 314
894 1405 682 588
684 1403 1406 207
588 682 1403 684
1403 680 685 1406
680 658 661 685
1407 666 1404 1436
687 724 756 892
311 665 668 892
724 687 1407 893
687 1394 666 1407
689 1376 1541 1408
1408 1541 143 142
1351 590 611 203
321 576 589 708
1541 1409 144 143
714 1410 717 318
1409 694 145 144
1541 1376 692 1409
694 690 146 145
714 318 704 1424
695 147 146 690
1409 692 1411 694
693 1411 707 1422
694 1411 693 690
695 1412 148 147
703 1415 700 699
1412 696 149 148
695 690 693 315
702 317 698 1413
715 721 714 1424
696 1414 150 149
701 1414 698 317
1414 701 151 150
1412 711 316 696
1414 696 316 698
701 1415 152 151
317 700 1415 701
1415 703 153 152
697 691 702 1413
702 699 700 317
703 1417 154 153
885 691 704 319
154 1417 705 155
702 691 885 699
1416 705 319 718
1426 157 156 1416
705 1416 156 155
705 1417 885 319
1426 1418 158 157
326 745 1431 737
1418 320 159 158
1426 716 719 1418
320 1419 160 159
162 1419 706 163
160 1419 162 161
706 1427 164 163
689 611 726 1421
628 1420 692 1376
375 628 1421 736
692 1420 707 1411
689 1421 628 1376
1437 590 1352 722
210 736 1452 1847
720 1429 709 1422
1412 695 315 711
321 720 1422 707
683 1404 662 710
713 1423 727 1430
316 711 1423 713
709 1423 711 315
1438 1434 1444 737
1413 713 1430 697
1413 698 316 713
732 323 717 1410
697 1424 704 691
697 1430 748 1425
725 1427 719 323
714 721 730 1410
718 319 704 318
716 1426 1416 718
718 318 717 716
1427 320 1418 719
725 323 732 1433
1429 720 328 1434
737 1444 746 326
729 749 750 1432
1427 725 165 164
576 321 707 1420
635 734 1390 722
1395 659 1397 1378
322 741 1393 735
1427 706 1419 320
1425 748 1431 729
709 1429 727 1423
323 719 716 717
735 1393 759 728
748 1438 737 1431
715 1424 697 1425
1432 738 721 715
548 730 324 740
328 761 1444 1434
740 325 731 548
738 324 730 721
740 1446 1439 325
1433 731 167 166
725 1433 166 165
1468 205 676 1435
893 1407 1436 1542
894 881 897 1543
1437 722 1390 743
653 322 734 670
726 1437 743 1452
720 321 708 328
1448 1841 1124 754
1432 715 1425 729
329 764 1593 763
1410 730 548 732
731 1433 732 548
752 1448 755 1449
168 325 1439 169
731 325 168 167
1439 1449 170 169
741 1428 669 712
742 712 311 327
743 1390 735 728
1847 728 759 1846
749 729 1431 745
326 746 1440 744
744 1440 764 329
1430 727 1438 748
1454 1456 750 749
1070 1679 1046 739
762 330 1454 1443
745 326 744 1443
1445 1030 1639 1031
738 1447 1842 324
1448 752 747 1841
1446 1842 747 752
752 1449 1439 1446
1446 740 324 1842
750 1456 753 1447
1842 1447 753 747
331 1455 173 172
1449 755 171 170
1393 741 712 742
724 893 962 954
757 1450 742 327
757 327 756 1844
742 1450 759 1393
327 311 892 756
760 1450 757 209
759 1450 760 1846
688 963 934 1877
576 375 960 589
746 211 965 1440
1440 965 378 764
211 746 1444 761
762 329 763 212
744 329 762 1443
973 1596 956 1587
763 1593 982 1843
768 1550 751 1457
751 1550 766 330
212 751 330 762
1454 330 766 1456
768 1457 968 1591
753 1458 1841 747
1595 1453 1550 768
1453 1458 766 1550
1591 968 983 767
1841 1458 1453 1124
755 331 172 171
331 754 1124 1455
770 1322 88 87
769 1459 794 1460
770 1459 769 197
86 1459 770 87
802 335 772 1479
360 933 905 369
525 278 779 793
1461 553 198 771
549 277 546 197
769 1460 771 198
798 800 1855 772
1469 788 1472 1462
777 1461 775 334
777 798 772 1463
775 1461 771 333
1462 202 565 774
772 335 1324 1463
674 1399 673 776
1370 600 1356 1441
1851 337 780 778
555 1328 556 1465
779 278 1324 335
556 550 332 336
1838 1334 565 1398
780 199 781 778
558 199 780 200
782 1465 556 336
781 1465 782 778
1466 557 200 784
783 1466 784 1482
784 200 780 337
559 338 562 1331
562 338 810 523
559 1484 808 338
303 652 310 1470
882 204 785 1532
551 1850 1592 723
560 523 810 1486
785 204 671 786
789 1469 567 201
788 1469 789 1592
567 1469 1462 774
1535 884 1538 1468
723 1592 789 936
733 214 898 1527
285 575 1339 790
1462 1472 791 202
792 1472 788 340
791 1472 792 214
794 1459 86 85
794 341 773 1460
84 341 794 85
1509 846 1511 819
1558 917 1560 964
795 1474 816 342
773 1474 795 333
793 779 1481 332
333 771 1460 773
797 1494 819 343
775 1476 797 334
795 1476 775 333
799 1476 795 342
1519 841 1477 858
1488 1330 1485 1478
777 1463 553 1461
801 334 797 343
777 334 801 798
1481 804 336 332
800 1489 821 1855
804 1480 782 336
803 1480 804 1496
782 1480 1851 778
1481 779 335 802
802 1496 804 1481
806 1482 784 337
1478 1482 806 1488
1851 1483 806 337
807 1483 803 345
806 1483 807 1488
1478 1485 808 1484
1330 1500 1487 1485
265 465 844 499
809 1486 810 1852
787 1486 809 339
1500 826 1503 1487
811 338 808 346
810 338 811 1852
787 1490 1850 551
1498 827 1500 1330
813 339 809 347
1855 821 344 812
814 1544 792 340
350 846 354 1036
792 1544 898 214
1850 1490 814 340
813 1554 815 339
814 1490 815 215
817 341 84 83
816 1492 838 349
1474 773 341 817
82 1492 817 83
1507 840 437 1643
368 917 1569 931
368 931 372 935
1493 841 1507 1643
1493 863 349 837
1474 817 1492 816
1109 849 1524 1528
902 359 883 818
846 350 820 1511
819 1494 1533 1509
797 1476 799 1494
799 835 1533 1494
799 342 863 835
1860 247 1127 371
820 1495 801 343
801 1495 800 798
819 1511 820 343
1497 1510 796 847
1479 805 1496 802
822 1495 820 350
800 1495 822 1489
824 1499 812 344
1499 805 1479 812
812 1479 772 1855
344 821 1497 823
825 1498 807 345
825 1501 827 1498
1330 1488 807 1498
805 1499 825 345
1499 824 1501 825
826 1500 827 829
828 1501 824 758
827 1501 828 829
830 1504 811 346
1502 351 826 829
811 1504 833 1852
1487 1503 830 346
831 1503 826 351
830 1503 831 352
832 347 833 1854
813 347 832 348
1526 871 1514 1502
834 1504 830 352
833 1504 834 1854
1554 912 215 815
832 353 836 348
855 217 1553 1505
1857 856 217 855
838 1492 82 81
437 842 1509 1533
80 1506 838 81
1861 357 852 839
1581 945 1582 1858
372 1858 1582 947
861 1806 840 1507
837 349 838 1506
863 342 816 349
1477 841 1493 837
916 1570 932 1559
354 842 220 1033
1643 835 863 1493
1556 916 1559 843
1509 842 354 846
866 391 1032 1521
1036 1473 822 350
1473 1510 1489 822
1473 848 796 1510
847 1512 823 1497
847 355 849 1512
824 344 823 758
828 1526 1502 829
851 1516 831 351
1515 852 1517 850
831 1516 853 352
1502 1514 851 351
853 1515 834 352
852 1515 853 839
834 1515 850 1854
927 366 912 1513
854 1516 851 356
853 1516 854 839
1857 836 353 856
850 1517 856 353
857 1517 852 357
856 1517 857 217
859 1506 80 79
858 1518 1026 218
1477 837 1506 859
78 1518 859 79
1039 222 860 1645
371 1127 1714 1565
861 1519 862 219
861 1507 841 1519
1477 859 1518 858
1528 1524 868 876
1806 861 219 1249
845 840 1806 864
1242 845 1032 1642
1523 867 1525 1522
1906 1864 867 1905
848 1523 1522 796
1657 1033 392 1055
1524 849 355 869
868 1524 869 1640
1522 1525 869 355
870 1864 1038 221
869 1525 870 1640
1520 1526 828 758
871 1526 1520 1109
758 823 1512 1520
1528 223 871 1109
874 1514 871 223
1648 1040 876 224
877 1529 854 356
875 1529 877 1644
854 1529 1861 839
1907 873 1660 1074
878 1564 857 357
857 1564 1553 217
1861 1531 878 357
875 1577 1866 1531
1705 1118 1564 878
568 1532 785 1398
1527 901 358 733
733 358 880 193
1347 585 288 586
1527 898 1856 1853
882 1536 675 204
1536 677 1392 675
882 1532 880 1534
883 1534 880 358
886 1536 882 1534
1536 886 1535 677
677 1535 1468 1435
886 1534 883 359
1417 703 699 885
887 1537 679 205
679 1537 1364 1402
1468 1538 887 205
888 1539 681 206
1539 1406 685 681
1364 361 888 206
905 887 1538 903
891 361 933 360
889 1540 890 900
889 1539 888 1540
369 905 903 1475
1543 683 1405 894
1549 890 1540 891
1545 363 684 207
1551 370 906 920
684 363 911 588
1545 207 889 900
1542 895 962 893
1436 1404 683 1543
1451 1877 211 761
322 653 1428 741
1542 897 1840 895
1436 1543 897 1542
1853 1856 1054 1557
1557 1054 367 930
1489 1510 1497 821
899 1544 814 215
898 1544 899 1856
901 818 883 358
1545 1562 1867 363
884 1535 886 359
364 843 1559 918
884 359 902 1548
933 361 1364 1537
884 1548 903 1538
904 1548 902 364
1540 888 361 891
906 1549 891 360
906 370 907 1549
207 1406 1539 889
1475 903 1548 904
890 1561 922 900
1847 1452 743 728
908 374 919 373
938 1871 1119 229
909 365 907 370
975 376 961 1876
951 1585 952 399
894 588 911 881
924 1870 1869 926
912 366 899 215
914 1567 928 896
899 366 1054 1856
348 913 1554 813
216 913 348 836
912 1554 913 1513
920 906 360 369
1853 1556 901 1527
1853 1557 916 1556
901 1556 843 818
918 1558 904 364
917 1558 918 1569
904 1558 964 1475
364 902 818 843
920 964 1560 1551
919 1560 917 368
369 1475 964 920
1790 1575 937 1568
923 1561 907 365
1867 226 911 363
1568 937 1552 1571
921 1562 922 1572
890 1549 907 1561
922 1561 923 1572
1513 913 216 1563
1563 216 1859 924
855 1578 1859 1857
896 945 1581 914
927 367 1054 366
896 928 1580 1565
924 926 1566 1563
1566 926 1567 686
1571 365 909 1568
1565 1580 944 371
928 1567 926 1869
1565 1714 945 896
932 1569 918 1559
931 1569 932 1508
930 1555 929 1570
1508 932 1570 929
1508 929 1581 1858
934 965 211 1877
919 368 935 373
1491 1005 955 986
1551 1560 919 374
1571 1574 923 365
909 370 1551 374
910 227 921 1572
923 1574 910 1572
1574 997 1613 910
1553 1576 941 1505
952 1585 908 1583
1505 939 1578 855
952 1719 1132 399
1711 1718 948 1584
941 1576 938 229
1790 1568 909 374
942 1580 928 1869
371 944 1712 1860
942 1869 1870 1579
943 1579 939 1709
942 1579 943 230
914 1581 929 1555
944 1580 942 230
947 231 946 232
947 232 935 372
372 931 1508 1858
1126 1582 945 1714
1126 248 1128 231
949 373 935 232
1583 949 1584 948
949 1583 908 373
1726 1142 194 1875
1871 1215 428 1872
946 1716 1711 1584
951 1575 1790 1585
952 1583 948 1719
900 922 1562 1545
954 962 973 1587
956 1589 1845 1587
954 1587 1845 1844
958 1588 760 209
957 1588 958 1876
760 1588 1848 1846
1845 1589 958 209
975 1876 958 1589
960 375 736 210
959 589 960 1849
1848 1590 960 210
957 1598 977 1590
976 1599 991 1879
965 934 966 378
688 959 1849 979
764 378 980 1593
1843 982 1601 967
966 934 963 377
765 1843 967 1594
765 1594 968 1457
1850 340 788 1592
967 1601 985 379
767 983 1602 940
1602 1491 986 940
969 1594 967 379
968 1594 969 983
986 1612 925 940
1595 970 175 174
1455 1595 174 173
1591 970 1595 768
940 925 213 767
972 1603 971 1840
1892 388 996 955
1595 1455 1124 1453
972 881 911 226
972 1840 897 881
974 1605 976 1596
1879 975 1589 956
1597 895 1840 971
974 1597 971 380
974 1596 973 1597
1879 956 1596 976
1876 961 1598 957
1605 1614 1599 976
977 1849 960 1590
963 1878 992 377
377 992 1362 978
873 242 403 1608
1600 966 377 978
1600 980 378 966
981 1600 978 381
980 1600 981 382
982 382 994 1601
1593 980 382 982
994 1611 985 1601
1602 1610 1883 1491
379 984 1610 969
1620 1883 1610 984
969 1610 1602 983
985 1611 950 383
767 213 970 1591
176 213 925 177
970 213 176 175
925 1612 178 177
988 1603 972 226
987 1603 988 1881
987 380 971 1603
1867 1604 988 226
989 1604 921 227
988 1604 989 1881
1571 1552 997 1574
380 990 1605 974
989 1800 1731 1881
1882 1880 977 1598
1451 959 688 1877
992 1878 1002 1885
381 228 238 993
993 238 1022 384
1621 1005 1491 1883
981 1609 994 382
993 1609 981 381
1021 1753 1176 239
994 1609 995 1611
383 950 1154 1734
1599 998 1616 991
993 384 995 1609
379 985 383 984
1620 984 383 1734
1612 996 179 178
1612 986 955 996
996 388 180 179
227 1868 1800 989
1881 1731 1890 987
910 1613 1868 227
998 1599 1614 1625
1614 1605 990 385
1614 385 1013 1625
1000 1615 961 376
999 1615 1000 1884
961 1615 1882 1598
991 1616 1000 376
1001 1616 998 1628
1000 1616 1001 1884
1882 1617 1002 1880
1003 1617 999 386
1002 1617 1003 1885
1618 385 990 1890
1613 1007 1624 1868
708 1451 761 328
1623 1009 1626 1618
1620 1734 1754 1004
1627 1015 1630 1619
1005 1891 1892 955
212 765 1457 751
1006 1621 1004 387
1005 1621 1006 1891
388 1892 181 180
1007 1613 997 1715
239 1158 1634 1622
1008 1552 937 194
997 1552 1008 1715
1010 1623 1731 1800
1009 1623 1010 1887
1731 1623 1618 1890
1868 1624 1010 1800
1011 1624 1007 233
1010 1624 1011 1887
1889 1012 1625 1013
1618 1626 1013 385
1014 1626 1009 234
1013 1626 1014 1889
1001 1628 1016 1627
1015 1627 1016 1633
1001 1627 1619 1884
1018 1629 1003 386
1017 1629 1018 1733
1003 1629 1886 1885
1619 1630 1018 386
1019 1630 1015 236
1018 1630 1019 1733
1004 1754 1159 387
384 1022 1753 1021
1886 1632 228 1362
1020 1632 1017 237
228 1632 1020 238
384 1021 1738 995
1606 1754 1734 1154
1725 1141 1728 1631
1150 236 1015 1633
1438 727 1429 1434
1729 1147 1732 1023
1892 1891 182 181
182 1891 1006 183
1026 1518 78 77
1042 1636 76 75
1026 1636 1025 218
76 1636 1026 77
1029 1637 1025 389
862 1637 1028 219
1025 1637 862 218
389 1025 1636 1042
860 222 868 1640
1031 1639 1028 390
1249 1639 1030 1655
1028 1639 1249 219
390 1028 1637 1029
1032 845 864 1521
930 1570 916 1557
864 1655 1049 1521
1047 397 1049 1641
1033 220 1034 392
866 397 1072 1656
1242 1642 1034 220
1035 1642 1032 391
1034 1642 1035 1863
1920 435 1230 1663
1657 1036 354 1033
860 1640 870 221
860 221 1037 1645
1038 1900 1037 221
876 868 222 224
1039 1645 1865 1646
1672 1228 1791 872
1662 434 1227 1798
224 222 1039 394
1040 1647 874 223
1647 877 356 874
874 356 851 1514
1528 876 1040 223
394 1039 1646 1060
1040 1648 1061 1647
1061 225 879 1644
1660 1902 879 225
1041 1650 1063 395
1042 1650 1041 389
74 1650 1042 75
1232 1793 1662 1798
1086 1073 1920 1663
1043 1651 1045 396
1029 1651 1043 390
1041 1651 1029 389
1045 1651 1041 395
1218 1793 1232 1903
435 1669 1069 1682
1046 1653 1048 739
1031 1653 1046 1445
1043 1653 1031 390
1048 1653 1043 396
1229 1069 1669 1047
1641 1030 1445 1050
1521 1049 397 866
1050 1445 1046 1679
1641 1049 1655 1030
1052 1027 1035 391
1795 1239 1251 1115
1035 1027 1051 1863
866 1656 1052 391
1904 1052 1656 1073
1055 1523 848 1657
1555 686 1567 914
1657 848 1473 1036
1051 1658 1649 1863
1905 1649 1658 1906
1106 1671 1901 1093
1865 1645 1037 393
1056 1659 1075 1687
1865 393 1075 1659
1059 1648 224 394
1902 1660 873 1608
1059 394 1060 1074
1058 1659 1056 1661
1060 1646 1058 398
1074 1660 225 1059
1061 1644 877 1647
435 1682 1089 1230
398 1058 1661 1077
1670 1038 1864 1906
1059 225 1061 1648
1902 1608 1707 1057
1063 1650 74 73
1062 1664 1082 400
1063 1664 1062 395
72 1664 1063 73
1090 1684 1091 1064
1070 1229 1050 1679
1065 1665 1067 401
1045 1665 1065 396
1062 1665 1045 395
1067 1665 1062 400
1666 1233 1794 1066
1089 1693 1103 1230
1071 1667 1068 402
1048 1667 1071 739
1065 1667 1048 396
1068 1667 1065 401
1229 1070 1654 1069
1050 1229 1047 1641
1070 739 1071 1654
1064 1051 1027 1090
1904 1090 1027 1052
1047 1669 1072 397
1073 1656 1072 1920
1920 1072 1669 435
1237 1105 1698 1668
1674 1079 1586 242
1901 1671 1075 393
1075 1671 1547 1687
434 872 443 1227
1688 1076 245 1673
1907 1074 1060 398
409 1079 1674 1077
1907 398 1077 1674
403 1095 1808 1116
1114 403 1116 1675
1675 1116 1688 1080
1082 1664 72 71
1081 1677 1097 404
1082 1677 1081 400
70 1677 1082 71
915 1133 1138 1219
1083 1678 1084 405
1067 1678 1083 401
1081 1678 1067 400
1084 1678 1081 404
1690 1280 1221 430
1085 1680 1087 406
1068 1680 1085 402
1083 1680 1068 401
1087 1680 1083 405
1787 407 1676 1086
1088 1654 1071 402
1069 1654 1088 1682
1085 1683 1088 402
1101 1693 1089 1683
1088 1683 1089 1682
1676 1904 1073 1086
1658 1051 1064 1053
1091 1684 1092 1698
1092 1684 1676 407
1670 1053 1685 1108
1108 1900 1038 1670
1670 1906 1658 1053
1105 1685 1091 1698
1093 1901 1900 1108
1108 1685 1105 1093
1110 1703 46 45
1608 403 1114 1707
1106 1700 1547 1671
409 1077 1661 865
1661 1056 1701 865
1094 1687 1547 408
1056 1687 1094 1701
1080 1688 1673 241
1097 1677 70 69
1096 1689 66 65
1097 1689 1096 404
68 1689 1097 69
66 1689 68 67
1250 1219 1874 1910
1099 405 1084 1691
1691 1084 404 1096
64 1691 1096 65
1099 1691 64 63
1099 1692 1087 405
1098 1692 62 61
1087 1692 1098 406
62 1692 1099 63
1807 1795 1912 431
1101 1683 1085 406
1100 1694 60 59
1098 1694 1101 406
60 1694 1098 61
1100 1693 1101 1694
1103 1695 1663 1230
1102 1696 58 57
1086 1663 1695 1787
1808 1076 1688 1116
58 1696 1100 59
1102 1695 1103 1696
1104 1699 1092 407
1787 1697 1104 407
56 1697 1102 57
1104 1697 56 55
1668 1699 54 53
1226 362 1264 1820
54 1699 1104 55
1668 1698 1092 1699
1106 1237 52 51
52 1237 1668 53
1700 1106 51 50
1107 1700 50 49
1547 1700 1107 408
1912 1795 1115 241
1094 1702 1686 1701
1107 1702 1094 408
48 1702 1107 49
1686 1702 48 47
1586 1117 1078 1095
1703 865 1701 1686
46 1703 1686 47
1226 1820 1266 1111
1705 878 1531 1866
1112 1705 1866 240
1704 1118 1705 1112
1113 243 1112 240
1224 243 1113 1908
1057 1707 1113 240
1113 1707 1114 1908
1675 1706 1908 1114
1115 1796 1080 241
1675 1080 1796 1706
431 1912 241 1673
1808 1253 1810 1076
1117 1708 44 43
44 1708 1110 45
1553 1564 1118 1576
941 1709 939 1505
229 1122 1709 941
938 1576 1118 1704
1122 1710 943 1709
1713 1123 1712 1120
1710 1120 230 943
1119 1784 1122 229
1719 948 1718 1129
1784 1121 1710 1122
1120 1712 944 230
1710 1121 1713 1120
1125 1713 1121 1044
1123 1713 1125 1638
1123 1546 1860 1712
1862 1546 1123 1638
953 1162 1741 1222
1546 1220 247 1860
1127 248 1126 1714
1631 233 1007 1715
946 231 1128 1716
946 1584 949 232
1690 1717 1711 1716
1718 1711 1717 1573
1132 1719 1129 1130
950 1738 1622 1154
1129 1788 1222 1130
1132 1720 951 399
1131 1720 1132 1130
1875 1575 951 1720
1222 1741 1131 1130
1137 1721 1223 1873
1134 1721 1135 1136
1133 1135 1721 1137
1530 416 1024 1722
1138 249 1805 436
1219 1138 436 1874
250 1135 1133 915
1746 1168 1749 1724
250 915 1801 1252
1139 1821 22 21
1801 1139 1771 1252
22 1821 438 23
1142 1725 1008 194
1141 1725 1142 1893
1008 1725 1631 1715
1726 1875 1720 1131
1143 1726 1131 1741
1142 1726 1143 1893
1145 1727 1011 233
1144 1727 1145 1895
1011 1727 1888 1887
1631 1728 1145 233
1146 1728 1141 410
1145 1728 1146 1895
1148 1729 1014 234
1147 1729 1148 1897
1014 1729 1023 1889
1888 1730 1148 234
1149 1730 1144 411
1148 1730 1149 1897
1633 1016 235 1151
1899 1724 413 1150
1633 1151 1899 1150
1023 1732 1151 235
1152 1732 1147 412
1151 1732 1152 1899
1736 1635 1733 1019
1736 1019 236 1153
236 1150 413 1153
413 1172 1748 1153
1155 1737 1020 237
1020 1737 1022 238
1635 1735 1155 237
1735 1896 414 1156
1155 1735 1156 415
239 1176 1752 1158
1606 1154 1622 1634
1157 1737 1155 415
1022 1737 1157 1753
239 1622 1738 1021
1735 1635 1736 1896
978 1362 228 381
1762 1178 1745 1163
184 387 1159 185
1006 387 184 183
1159 1723 186 185
1143 1741 1162 1740
1161 1740 1162 1160
1143 1740 1894 1893
1164 1742 1146 410
1163 1742 1164 1739
1146 1742 1140 1895
1894 1743 1164 410
1165 1743 1161 416
1164 1743 1165 1739
1167 1744 1149 411
1166 1744 1167 1750
1149 1744 1898 1897
1140 1745 1167 411
1167 1745 1178 1750
1169 1746 1152 412
1168 1746 1169 1914
1152 1746 1724 1899
1898 1747 1169 412
1170 1747 1166 417
1169 1747 1170 1914
1171 1748 1172 1916
1153 1748 1896 1736
1724 1749 1172 413
1173 1749 1168 418
1172 1749 1173 1916
1174 1751 1156 414
1156 1751 1175 415
1903 1346 1442 208
1174 414 1171 419
1174 419 1183 420
421 1176 1753 1157
1751 1185 1759 1175
1752 1188 1197 1187
1179 417 1166 1750
421 1157 415 1175
1606 1723 1159 1754
1024 416 1161 1160
1723 1190 187 186
1136 1024 1160 1134
1722 1024 1136 1789
1722 1789 425 1207
1177 1739 1165 1755
1762 1163 1739 1177
1755 1165 416 1530
1178 1763 1179 1750
417 1195 1756 1170
1179 1196 1195 417
1170 1756 1915 1914
418 1915 1764 1182
1182 1757 1173 418
1173 1757 1917 1916
1182 1918 1181 1757
1766 1198 422 1180
423 1186 420 1183
1917 1758 1183 419
1184 1758 1181 422
1183 1758 1184 423
1751 1174 420 1185
1175 1759 1188 421
1185 420 1186 424
1752 1176 421 1188
1197 1765 1777 1187
1189 1759 1185 424
1188 1759 1189 1197
1190 1723 1606 1634
1760 1158 1752 1187
1763 1178 1762 1193
1190 1760 188 187
188 1760 1187 189
425 1252 1771 1205
1778 1194 1776 1761
1191 1177 1755 1192
1761 1196 12 11
1763 1193 1775 1209
1179 1763 1209 1196
1764 1180 1918 1182
1198 1767 1184 422
1184 1767 1200 423
1766 1194 426 1198
1198 426 1199 1767
1200 1769 1186 423
1186 1769 1203 424
1781 1204 1777 1765
1767 1199 427 1200
1200 427 1201 1769
1203 1768 1189 424
1189 1768 1765 1197
1769 1201 1770 1203
1203 1770 1202 1768
1781 1765 1768 1202
190 1777 1204 191
1187 1777 190 189
1204 1783 192 191
1205 1771 20 19
20 1771 1139 21
425 1789 250 1252
1207 1772 1530 1722
1206 1773 18 17
1530 1772 1192 1755
1773 1207 425 1205
1206 1772 1207 1773
1208 1774 16 15
16 1774 1206 17
1208 1191 1192 1774
1209 1775 14 13
14 1775 1208 15
1761 1776 1195 1196
12 1196 1209 13
1756 1195 1776 1210
1211 1779 1199 426
1199 1779 1212 427
10 1778 1761 11
1211 1778 10 9
1212 1780 1201 427
8 1779 1211 9
1212 1779 8 7
1213 1780 6 5
6 1780 1212 7
1213 1770 1201 1780
1214 1782 4 3
1202 1770 1213 1782
4 1782 1213 5
1783 2 1 192
437 1533 835 1643
1783 1204 1781 1214
1783 1214 3 2
1871 938 1704 1215
246 1216 1784 1119
1228 1672 1216 246
1121 1784 1216 1044
1872 433 1228 246
1125 1792 1652 1638
1786 1652 1793 1218
1638 1652 1786 1862
1216 1672 1909 1044
1220 1785 475 247
1785 1066 1794 1221
1862 429 1220 1546
1786 1231 429 1862
1128 1280 1690 1716
439 1218 1903 208
1695 1102 1697 1787
1234 1873 1573 1717
1690 430 1234 1717
1234 430 1805 249
1773 1205 19 18
1222 1788 1223 953
1573 1788 1129 1718
1789 1136 1135 250
244 1913 1797 432
1704 1112 243 1215
428 1215 243 1224
1224 1908 1706 244
1225 441 1245 443
1217 1797 1248 1919
1790 374 908 1585
1225 1919 1241 441
439 208 362 1226
1217 1919 1225 1791
1044 1909 1792 1125
1218 439 1231 1786
1693 1100 1696 1103
1903 1232 1799 1346
1652 1792 1662 1793
1785 1220 429 1066
1805 1794 1233 436
1794 1805 430 1221
1231 1666 1066 429
1223 1721 1134 953
432 428 1224 244
1217 433 432 1797
249 1137 1873 1234
1913 1796 1115 1251
434 1909 1672 872
872 1791 1225 443
1662 1792 1909 434
1227 1803 1236 1798
1232 1798 1236 1799
1799 1246 1442 1346
1231 439 1247 1666
1799 1236 442 1246
1106 1093 1105 1237
1874 436 1233 444
1873 1223 1788 1573
1138 1133 1137 249
431 1673 245 1238
1807 1809 1254 1681
1795 1807 1681 1239
1238 1811 1256 1809
1802 1241 1919 1248
1239 1802 1248 1251
1240 1802 1239 1681
437 1242 220 842
455 254 112 111
1802 1240 1804 1241
1245 441 1243 440
1910 1911 1822 438
442 1236 1803 1244
1250 1821 1139 1801
1243 441 1241 1804
444 1233 1666 1247
437 840 845 1242
1874 444 1911 1910
1655 864 1806 1249
245 1255 1811 1238
1809 1807 431 1238
1076 1810 1255 245
42 1078 1117 43
1253 1078 42 41
1809 1256 1813 1254
40 1810 1253 41
1255 1810 40 39
1256 1811 38 37
1812 1240 1681 1254
1811 1255 39 38
1817 1262 1816 1258
440 1244 1803 1245
1257 1813 36 35
1814 1243 1804 1259
36 1813 1256 37
1812 1254 1813 1257
1814 1259 1815 1260
1817 1258 1814 1260
1243 1814 1258 440
1815 1259 1812 1257
34 1815 1257 35
1260 1815 34 33
440 1258 1816 1244
1818 1263 1235 1261
1816 1261 442 1244
1804 1240 1812 1259
1817 1260 33 32
1262 1817 32 31
1261 1235 1246 442
1816 1262 1818 1261
30 1818 1262 31
1263 1818 30 29
1265 1442 1246 1235
1264 1819 28 27
208 1442 1265 362
1263 1819 1265 1235
1819 1263 29 28
1264 362 1265 1819
1266 1820 26 25
1911 444 1247 1111
1111 1247 439 1226
26 1820 1264 27
995 1738 950 1611
1742 1163 1745 1140
1250 1910 438 1821
1911 1111 1266 1822
24 1822 1266 25
438 1822 24 23
497 1292 498 478
1824 450 1825 447
488 259 465 1826
470 252 453 1827
1830 1278 472 1828
454 466 455 253
1287 1295 476 1829
496 260 1830 1290
1271 458 256 456
1833 256 458 1832
1282 481 1281 1833
1834 257 483 1274
1313 531 1315 1839
514 1305 510 272
1597 973 962 895
1454 749 745 1443
766 1458 753 1456
331 755 1448 754
738 1432 750 1447
765 212 763 1843
1845 209 757 1844
1848 210 1847 1846
203 1408 142 141
1588 957 1590 1848
688 979 1878 963
339 815 1490 787
1480 803 1483 1851
805 345 803 1496
1487 346 808 1485
833 347 809 1852
193 880 1532 568
850 353 832 1854
1520 1512 849 1109
930 367 686 1555
1859 216 836 1857
847 796 1522 355
1870 924 1859 1578
1126 231 947 1582
1529 875 1531 1861
475 1785 1221 1280
1649 392 1034 1863
1905 867 1523 1055
870 1525 867 1864
1644 879 1577 875
1058 1646 1865 1659
1577 1057 240 1866
1562 921 1604 1867
1563 1566 927 1513
1578 939 1579 1870
1872 246 1119 1871
194 937 1575 1875
1134 1160 1162 953
432 433 1872 428
977 1880 979 1849
1879 991 376 975
1002 1878 979 1880
987 1890 990 380
1615 999 1617 1882
1620 1004 1621 1883
998 1625 1012 1628
235 1016 1628 1012
1619 386 999 1884
1886 1362 992 1885
1629 1017 1632 1886
1888 234 1009 1887
1727 1144 1730 1888
1023 235 1012 1889
1017 1733 1635 237
1894 410 1141 1893
1740 1161 1743 1894
1140 411 1144 1895
1748 1171 414 1896
1898 412 1147 1897
1744 1166 1747 1898
1055 392 1649 1905
393 1037 1900 1901
1577 879 1902 1057
1674 242 873 1907
242 1586 1095 403
1586 1079 1708 1117
1796 1913 244 1706
1684 1090 1904 1676
1064 1091 1685 1053
1253 1808 1095 1078
433 1217 1791 1228
1227 443 1245 1803
915 1219 1250 1801
409 865 1703 1110
1251 1248 1797 1913
1760 1190 1634 1158
1915 418 1168 1914
1756 1210 1764 1915
1917 419 1171 1916
1757 1181 1758 1917
1191 1193 1762 1177
1180 422 1181 1918
1764 1210 1766 1180
1775 1193 1191 1208
1772 1206 1774 1192
426 1194 1778 1211
1766 1210 1776 1194
1824 448 1270 1276
1202 1782 1214 1781
1708 1079 409 1110
192
3.805165 0.108068 -1.394274
3.870391 0.099805 -1.394274
3.870391 0.099805 -1.394274
3.935569 0.091175 -1.394274
3.935569 0.091175 -1.394274
3.920130 0.088195 -1.350703
3.734379 0.116601 -1.394274
3.805165 0.108068 -1.394274
3.663540 0.124678 -1.394274
3.734379 0.116601 -1.394274
3.625438 0.128828 -1.394274
3.663540 0.124678 -1.394274
3.587322 0.132841 -1.394274
3.625438 0.128828 -1.394274
3.546964 0.136939 -1.394274
3.587322 0.132841 -1.394274
3.506590 0.140880 -1.394274
3.546964 0.136939 -1.394274
3.463500 0.144911 -1.394274
3.506590 0.140880 -1.394274
3.420394 0.148762 -1.394274
3.463500 0.144911 -1.394274
3.373927 0.152707 -1.394274
3.420394 0.148762 -1.394274
3.327442 0.156438 -1.394274
3.373927 0.152707 -1.394274
3.225939 0.163837 -1.394274
3.276700 0.160266 -1.394274
3.169632 0.167496 -1.394274
3.225939 0.163837 -1.394274
3.113306 0.170839 -1.394274
3.169632 0.167496 -1.394274
2.985792 0.177236 -1.394274
3.049559 0.174239 -1.394274
3.049559 0.174239 -1.394274
3.113306 0.170839 -1.394274
2.912046 0.180202 -1.394274
2.985792 0.177236 -1.394274
2.838280 0.182638 -1.394274
2.912046 0.180202 -1.394274
2.796858 0.183777 -1.394274
2.838280 0.182638 -1.394274
2.755432 0.184754 -1.394274
2.796858 0.183777 -1.394274
3.920130 0.088195 -1.350703
3.904692 0.085215 -1.307132
3.904692 0.085215 -1.307132
3.889253 0.082234 -1.263561
3.889253 0.082234 -1.263561
3.873815 0.079254 -1.219990
3.873815 0.079254 -1.219990
3.858376 0.076274 -1.176419
3.858376 0.076274 -1.176419
3.842938 0.073294 -1.132848
3.842938 0.073294 -1.132848
3.827499 0.070314 -1.089277
3.827499 0.070314 -1.089277
3.812060 0.067333 -1.045706
3.812060 0.067333 -1.045706
3.796622 0.064353 -1.002134
3.796622 0.064353 -1.002134
3.781183 0.061373 -0.958563
3.781183 0.061373 -0.958563
3.765745 0.058393 -0.914992
2.710932 0.185624 -1.394274
2.755432 0.184754 -1.394274
2.666430 0.186313 -1.394274
2.710932 0.185624 -1.394274
2.572581 0.187186 -1.394274
2.619506 0.186847 -1.394274
2.619506 0.186847 -1.394274
2.666430 0.186313 -1.394274
2.524591 0.187338 -1.394274
2.572581 0.187186 -1.394274
2.476600 0.187298 -1.394274
2.524591 0.187338 -1.394274
2.429123 0.187076 -1.394274
2.476600 0.187298 -1.394274
2.381646 0.186679 -1.394274
2.429123 0.187076 -1.394274
2.335782 0.186138 -1.394274
2.381646 0.186679 -1.394274
2.289919 0.185447 -1.394274
2.335782 0.186138 -1.394274
2.246129 0.184651 -1.394274
2.289919 0.185447 -1.394274
2.202340 0.183735 -1.394274
2.246129 0.184651 -1.394274
2.160356 0.182765 -1.394274
2.202340 0.183735 -1.394274
2.118373 0.181703 -1.394274
2.160356 0.182765 -1.394274
1.969944 0.176384 -1.394274
2.044143 0.179475 -1.394274
2.044143 0.179475 -1.394274
2.118373 0.181703 -1.394274
1.913877 0.173204 -1.394274
1.969944 0.176384 -1.394274
1.857850 0.169373 -1.394274
1.913877 0.173204 -1.394274
1.811382 0.165737 -1.394274
1.857850 0.169373 -1.394274
1.764947 0.161698 -1.394274
1.811382 0.165737 -1.394274
1.683254 0.153689 -1.394274
1.724087 0.157830 -1.394274
1.611067 0.145756 -1.394274
1.683254 0.153689 -1.394274
1.538956 0.137153 -1.394274
1.611067 0.145756 -1.394274
1.473471 0.128870 -1.394274
1.538956 0.137153 -1.394274
1.408025 0.120276 -1.394274
1.473471 0.128870 -1.394274
1.344527 0.111780 -1.394274
1.408025 0.120276 -1.394274
1.281026 0.103303 -1.394274
1.344527 0.111780 -1.394274
1.213822 0.094600 -1.394274
1.281026 0.103303 -1.394274
1.146540 0.086516 -1.394274
1.213822 0.094600 -1.394274
1.106583 0.082215 -1.394274
1.146540 0.086516 -1.394274
1.066570 0.078461 -1.394274
1.106583 0.082215 -1.394274
1.003414 0.074203 -1.394274
1.066570 0.078461 -1.394274
0.940121 0.073297 -1.394274
1.003414 0.074203 -1.394274
0.877345 0.079025 -1.394274
0.908625 0.074974 -1.394274
0.908625 0.074974 -1.394274
0.940121 0.073297 -1.394274
0.857057 0.083707 -1.394274
0.877345 0.079025 -1.394274
0.837512 0.090881 -1.394274
0.857057 0.083707 -1.394274
0.818212 0.103257 -1.394274
0.837512 0.090881 -1.394274
0.754673 0.114359 -1.307132
0.779829 0.118171 -1.350703
0.779829 0.118171 -1.350703
0.804984 0.121983 -1.394274
0.804984 0.121983 -1.394274
0.818212 0.103257 -1.394274
0.729517 0.110547 -1.263561
0.754673 0.114359 -1.307132
0.704361 0.106735 -1.219990
0.729517 0.110547 -1.263561
0.654050 0.099111 -1.132848
0.679206 0.102923 -1.176419
0.679206 0.102923 -1.176419
0.704361 0.106735 -1.219990
0.603738 0.091487 -1.045706
0.628894 0.095299 -1.089277
0.628894 0.095299 -1.089277
0.654050 0.099111 -1.132848
0.578583 0.087675 -1.002134
0.603738 0.091487 -1.045706
0.503115 0.076239 -0.871421
0.528271 0.080051 -0.914992
0.553427 0.083863 -0.958563
0.578583 0.087675 -1.002134
0.528271 0.080051 -0.914992
0.553427 0.083863 -0.958563
3.765745 0.058393 -0.914992
3.750306 0.055413 -0.871421
3.750306 0.055413 -0.871421
3.734867 0.052433 -0.827850
3.734867 0.052433 -0.827850
3.719429 0.049452 -0.784279
3.719429 0.049452 -0.784279
3.703990 0.046472 -0.740708
3.703990 0.046472 -0.740708
3.688552 0.043492 -0.697137
3.688552 0.043492 -0.697137
3.673113 0.040512 -0.653566
3.673113 0.040512 -0.653566
3.657674 0.037532 -0.609995
3.657674 0.037532 -0.609995
3.642236 0.034551 -0.566424
3.642236 0.034551 -0.566424
3.626797 0.031571 -0.522853
3.626797 0.031571 -0.522853
3.611359 0.028591 -0.479282
0.452804 0.068616 -0.784279
0.477960 0.072428 -0.827850
0.477960 0.072428 -0.827850
0.503115 0.076239 -0.871421
0.402492 0.060992 -0.697137
0.427648 0.064804 -0.740708
0.427648 0.064804 -0.740708
0.452804 0.068616 -0.784279
0.377336 0.057180 -0.653566
0.402492 0.060992 -0.697137
0.352181 0.053368 -0.609995
0.377336 0.057180 -0.653566
0.327025 0.049556 -0.566424
0.352181 0.053368 -0.609995
0.301869 0.045744 -0.522853
0.327025 0.049556 -0.566424
0.276713 0.041932 -0.479282
0.301869 0.045744 -0.522853
0.251558 0.038120 -0.435711
0.276713 0.041932 -0.479282
3.611359 0.028591 -0.479282
3.595920 0.025611 -0.435711
3.580481 0.022631 -0.392140
3.565043 0.019650 -0.348569
3.595920 0.025611 -0.435711
3.580481 0.022631 -0.392140
3.565043 0.019650 -0.348569
3.549604 0.016670 -0.304997
3.549604 0.016670 -0.304997
3.534166 0.013690 -0.261426
3.534166 0.013690 -0.261426
3.518727 0.010710 -0.217855
3.518727 0.010710 -0.217855
3.503289 0.007730 -0.174284
3.503289 0.007730 -0.174284
3.487850 0.004749 -0.130713
2.306960 0.084206 0.000000
2.252763 0.085551 0.000000
3.487850 0.004749 -0.130713
3.472411 0.001769 -0.087142
3.387736 0.002499 0.000000
3.333909 0.008963 0.000000
3.472411 0.001769 -0.087142
3.456973 -0.001211 -0.043571
3.456973 -0.001211 -0.043571
3.441534 -0.004191 0.000000
3.441534 -0.004191 0.000000
3.387736 0.002499 0.000000
3.333909 0.008963 0.000000
3.280055 0.015196 0.000000
3.280055 0.015196 0.000000
3.226174 0.021194 0.000000
3.172267 0.026952 0.000000
3.118335 0.032467 0.000000
3.226174 0.021194 0.000000
3.172267 0.026952 0.000000
3.064378 0.037734 0.000000
3.010397 0.042751 0.000000
3.118335 0.032467 0.000000
3.064378 0.037734 0.000000
2.956393 0.047513 0.000000
2.902368 0.052019 0.000000
3.010397 0.042751 0.000000
2.956393 0.047513 0.000000
2.902368 0.052019 0.000000
2.848321 0.056266 0.000000
2.848321 0.056266 0.000000
2.794254 0.060251 0.000000
2.740168 0.063973 0.000000
2.686065 0.067431 0.000000
2.794254 0.060251 0.000000
2.740168 0.063973 0.000000
2.631946 0.070623 0.000000
2.577811 0.073550 0.000000
2.686065 0.067431 0.000000
2.631946 0.070623 0.000000
2.577811 0.073550 0.000000
2.523663 0.076210 0.000000
2.523663 0.076210 0.000000
2.469502 0.078605 0.000000
2.469502 0.078605 0.000000
2.415331 0.080735 0.000000
2.415331 0.080735 0.000000
2.361149 0.082602 0.000000
2.361149 0.082602 0.000000
2.306960 0.084206 0.000000
2.198560 0.086640 0.000000
2.144353 0.087475 0.000000
2.252763 0.085551 0.000000
2.198560 0.086640 0.000000
1.007158 0.047815 0.000000
0.953277 0.041825 0.000000
1.061086 0.053376 0.000000
1.007158 0.047815 0.000000
0.201246 0.030496 -0.348569
0.226402 0.034308 -0.392140
0.226402 0.034308 -0.392140
0.251558 0.038120 -0.435711
0.176090 0.026684 -0.304997
0.201246 0.030496 -0.348569
0.150935 0.022872 -0.261426
0.176090 0.026684 -0.304997
0.125779 0.019060 -0.217855
0.150935 0.022872 -0.261426
0.100623 0.015248 -0.174284
0.125779 0.019060 -0.217855
0.469763 -0.023496 0.000000
0.416027 -0.030676 0.000000
0.050312 0.007624 -0.087142
0.075467 0.011436 -0.130713
0.075467 0.011436 -0.130713
0.100623 0.015248 -0.174284
0.025156 0.003812 -0.043571
0.050312 0.007624 -0.087142
0.899440 0.035443 0.000000
0.845646 0.028709 0.000000
0.953277 0.041825 0.000000
0.899440 0.035443 0.000000
0.791892 0.021670 0.000000
0.738171 0.014378 0.000000
0.684477 0.006890 0.000000
0.630801 -0.000727 0.000000
0.738171 0.014378 0.000000
0.684477 0.006890 0.000000
0.577133 -0.008394 0.000000
0.523459 -0.016021 0.000000
0.630801 -0.000727 0.000000
0.577133 -0.008394 0.000000
0.523459 -0.016021 0.000000
0.469763 -0.023496 0.000000
0.416027 -0.030676 0.000000
0.362230 -0.037381 0.000000
0.362230 -0.037381 0.000000
0.308347 -0.043360 0.000000
0.308347 -0.043360 0.000000
0.254355 -0.048255 0.000000
0.254355 -0.048255 0.000000
0.200239 -0.051514 0.000000
0.146038 -0.052181 0.000000
0.091966 -0.048371 0.000000
0.200239 -0.051514 0.000000
0.146038 -0.052181 0.000000
0.065287 -0.043552 0.000000
0.039444 -0.035363 0.000000
0.091966 -0.048371 0.000000
0.065287 -0.043552 0.000000
0.016136 -0.021681 0.000000
0.000000 0.000000 0.000000
0.000000 0.000000 0.000000
0.025156 0.003812 -0.043571
0.039444 -0.035363 0.000000
0.016136 -0.021681 0.000000
0.845646 0.028709 0.000000
0.791892 0.021670 0.000000
3.276700 0.160266 -1.394274
3.327442 0.156438 -1.394274
2.144353 0.087475 0.000000
2.090143 0.088060 0.000000
2.090143 0.088060 0.000000
2.035930 0.088401 0.000000
2.035930 0.088401 0.000000
1.981717 0.088502 0.000000
1.981717 0.088502 0.000000
1.927503 0.088368 0.000000
1.873291 0.088008 0.000000
1.819081 0.087426 0.000000
1.927503 0.088368 0.000000
1.873291 0.088008 0.000000
1.764873 0.086632 0.000000
1.710669 0.085635 0.000000
1.819081 0.087426 0.000000
1.764873 0.086632 0.000000
1.710669 0.085635 0.000000
1.656468 0.084445 0.000000
1.656468 0.084445 0.000000
1.602272 0.083066 0.000000
1.602272 0.083066 0.000000
1.548081 0.081510 0.000000
1.548081 0.081510 0.000000
1.493895 0.079810 0.000000
1.493895 0.079810 0.000000
1.439712 0.077973 0.000000
1.439712 0.077973 0.000000
1.385536 0.075935 0.000000
1.331374 0.073574 0.000000
1.277238 0.070675 0.000000
1.385536 0.075935 0.000000
1.331374 0.073574 0.000000
1.223139 0.067148 0.000000
1.169079 0.063064 0.000000
1.277238 0.070675 0.000000
1.223139 0.067148 0.000000
1.169079 0.063064 0.000000
1.115060 0.058469 0.000000
1.115060 0.058469 0.000000
1.061086 0.053376 0.000000
1.724087 0.157830 -1.394274
1.764947 0.161698 -1.394274
